,Sin,Cosin,Lat,Lon
0,0.9443376533321391,-0.3289778054810819,45.35966586394721,11.02059402660572
1,0.96479351960186,-0.263008487570754,45.359695521778875,11.02058676102857
2,0.9517620426509283,-0.30683711341513514,45.359737935545645,11.02057150736323
3,0.954323192528977,-0.2987762443724418,45.35976382841243,11.02055325267243
4,0.9619284786346053,-0.27330130257961377,45.359798770796054,11.020554186273253
5,0.9533796149336285,-0.3017736069125432,45.35982651779484,11.020538038357069
6,0.9462607493534521,-0.3234046911116833,45.359861712383015,11.020531323554023
7,0.957352115895862,-0.2889237376708879,45.35989717303388,11.020524854903579
8,0.9578462540985403,-0.28728131423640224,45.35992226867557,11.020506182754387
9,0.9486834805983249,-0.3162272183728778,45.35995991870886,11.02051221341657
10,0.9610246914785686,-0.27646255147582305,45.35998379660483,11.020490036580153
11,0.9579447760600085,-0.28695261981612946,45.36001851035152,11.020475082243506
12,0.9607149475318131,-0.2775370058009303,45.36004541166733,11.020464542941028
13,0.9584601365474136,-0.28522651813867733,45.36008092503552,11.020458254414738
14,0.9550592994490813,-0.29641480147899185,45.36012041035848,11.020456738085489
15,0.9571992088529696,-0.2894299130553872,45.36014867174982,11.020448829017258
16,0.9552301895686228,-0.29586362557214246,45.36018544376978,11.020424704724208
17,0.951836783441413,-0.3066051820956468,45.360217074564396,11.020419573375069
18,0.9522884510478474,-0.3051994528187945,45.360243592934,11.020417593915258
19,0.9540177061813147,-0.2997502565345737,45.36027118464928,11.020411458360003
20,0.9538781859078054,-0.3001939480556432,45.36032047905989,11.020393446245764
21,0.9524709230890905,-0.30462951378652686,45.36034620212081,11.020383108102342
22,0.9593628210798987,-0.2821754375023068,45.36037591651352,11.020374309843671
23,0.947605194755489,-0.31944388376115723,45.360406530555274,11.02036708655626
24,0.9531928827688108,-0.30236290817308303,45.360442757533335,11.020353133574234
25,0.9564498991599525,-0.2918965405703134,45.36048330437153,11.020337522044148
26,0.9568431755353606,-0.290604778748401,45.36051143720456,11.020336227093875
27,0.947737161217884,-0.31905214816181154,45.36053588874828,11.02032498074825
28,0.9530073521553089,-0.3029471682289294,45.360570467780065,11.020317888438182
29,0.9522517686349912,-0.3053138862409163,45.36060651084248,11.020303300645491
30,0.9530990255886811,-0.302658631831155,45.36064026788926,11.020293060578025
31,0.9483779197505616,-0.31714243066735376,45.360662634739754,11.020278165712437
32,0.9529494067388395,-0.30312939183802984,45.36069929425177,11.020271358272147
33,0.9530735658140576,-0.3027387952451377,45.36072957873283,11.020269384578372
34,0.953686456015231,-0.3008024993465128,45.360762239477204,11.020250886359836
35,0.9583497563649733,-0.28559717168626897,45.360810750908286,11.020234771051628
36,0.951385614027881,-0.3080022945057256,45.36082965353912,11.020230801850927
37,0.9605227487862434,-0.27820145410137426,45.360869903884414,11.020225008667726
38,0.9530640790352849,-0.3027686596274857,45.36089396788945,11.020212543685345
39,0.9668372363361352,-0.25539334062168567,45.36093702718978,11.020203467361782
40,0.9410991243095596,-0.3381308004660033,45.36095527825942,11.020194429270664
41,0.9556137839276987,-0.2946222937379071,45.36099086254066,11.020186207583993
42,0.9521447057486186,-0.305647606427527,45.36102268969902,11.020174338849536
43,0.9512244603364799,-0.30849963704609557,45.361056424303435,11.020165466056667
44,0.9496350540139671,-0.3133580447154499,45.361087924639165,11.020150527944676
45,0.9525367762677924,-0.30442353696349034,45.361120747632974,11.02014415048558
46,0.9564553002468918,-0.29187884238092343,45.361148413633956,11.020134521026232
47,0.9515947135973836,-0.3073556588929403,45.36118996514944,11.020124310128313
48,0.9607010003126187,-0.27758528058658605,45.36122674419484,11.020108729437439
49,0.9503842229610444,-0.31107849290288747,45.3612551457593,11.020093245707782
50,0.9512585072531167,-0.3083946374024235,45.361278669618684,11.020089105734113
51,0.9491463237176385,-0.31483528419364276,45.36131558349874,11.020070407389758
52,0.9587395755746626,-0.284285817843444,45.36134542981174,11.020065347592151
53,0.9555624181259379,-0.29478884827162344,45.36137839159648,11.020053886929716
54,0.9459779457926402,-0.32423097642565973,45.36141295658568,11.020053680623969
55,0.9541733642757202,-0.2992543916248412,45.361448159068345,11.020047112769028
56,0.9557529355223895,-0.2941705733759501,45.36146806440644,11.020029906077236
57,0.9447976998477718,-0.32765424819824884,45.36150175833418,11.020020164692612
58,0.9617362632469146,-0.2739769332550852,45.36153487991051,11.02000590895915
59,0.9531429285387147,-0.30252034274845463,45.36157157324535,11.019992697882078
60,0.9526500448974549,-0.30406889343843985,45.36160631462388,11.019987668518072
61,0.9574467360927267,-0.2886100267582271,45.36163622785877,11.019986460449386
62,0.9583080946718703,-0.28573693441060377,45.36167007476338,11.01996487751916
63,0.9613290802914108,-0.27540225014707154,45.361697133014324,11.019956134137587
64,0.9488191093857495,-0.31582003999815017,45.36172664576068,11.019957196243702
65,0.9509163851161474,-0.30944794153078287,45.361766008963826,11.019940359109624
66,0.9520412755529948,-0.30596962209249917,45.3617930002062,11.019929099337935
67,0.950581482373447,-0.31047519283946023,45.361827782495816,11.019908508068209
68,0.9540748511422481,-0.2995683201172934,45.361865822585806,11.019917472165474
69,0.9419288743395395,-0.33581244123088705,45.3619004047195,11.019901957712726
70,0.9569416440603647,-0.2902803642395507,45.36193141267785,11.019887847064405
71,0.9535703623853773,-0.3011703238704311,45.36196555036359,11.019875070073395
72,0.9532087784398764,-0.30231279282418516,45.36199196911102,11.01987036455307
73,0.9516566084398642,-0.30716396209961694,45.362031066861654,11.019869089368388
74,0.9513283775919551,-0.3081790356079701,45.36205549167926,11.01985408064171
75,0.9517080517719804,-0.30700453448179166,45.36209382632376,11.01983518452697
76,0.9572966314732584,-0.2891075221607913,45.36212870405406,11.019830787006983
77,0.9509680952424615,-0.3092889940345834,45.362155860089416,11.019819142683442
78,0.9496225936512545,-0.3133958034611574,45.362185713150254,11.01981471553116
79,0.9552913583539033,-0.29566606273692336,45.36221798626181,11.019799023970787
80,0.13365764532179225,0.9910275646252399,45.36225190425949,11.01978827502708
81,0.135506587489523,0.9907764453936843,45.362250737229395,11.01979875002868
82,0.1587662578615382,0.987316198269148,45.362260822916014,11.019799103562958
83,0.09098992250263535,0.9958518132749292,45.36225420843914,11.019807717362097
84,0.13550223614558962,0.990777040508885,45.36225746488489,11.019813624400678
85,0.14907818460464337,0.9888254117259446,45.362273445334424,11.019820442920878
86,0.15724112922620886,0.9875602398232053,45.36227520437096,11.01982485917798
87,0.12309834829807398,0.9923944763279802,45.36226960284021,11.019841096612028
88,0.10108978148524891,0.9948773070480925,45.36227555807185,11.01983850449016
89,0.12122661041367362,0.9926248581048187,45.36227181853223,11.01983732926623
90,-0.9539397180321466,0.2999983572634168,45.36227228339702,11.019854007952738
91,-0.9591697192134938,0.28283113291133183,45.362242972226184,11.019867068051502
92,-0.9507988919330606,0.30980875891243653,45.362211455527515,11.01986622293432
93,-0.9540977683693299,0.2994953228226855,45.36217137311129,11.019879349375621
94,-0.9527776861432861,0.3036687023508447,45.36214712503422,11.019889658825306
95,-0.948980601748636,0.3153344534058985,45.36210921975592,11.019900250008952
96,-0.9509853844862631,0.3092358298993089,45.36207632027664,11.01991709868182
97,-0.9464564463021342,0.3228315276628591,45.36204593799689,11.019917064639138
98,-0.9467638211569804,0.3219289781119948,45.36201884300306,11.019926199837347
99,-0.9572256001485555,0.28934261770475095,45.361983295441455,11.01994926844364
100,-0.9589174040125003,0.28368541076679893,45.36195270659096,11.019953168160232
101,-0.9523845309156974,0.30489950028244867,45.361916802359346,11.01996260521496
102,-0.959261299591706,0.2825203693641066,45.36188522451955,11.019979068777983
103,-0.9605262962201578,0.2781892058825892,45.361856454598,11.019979935712232
104,-0.9516272777155235,0.3072548198283341,45.36182484264191,11.019993157133221
105,-0.9576769570133763,0.2878451771449365,45.36178136764474,11.02000803455774
106,-0.9508707930570233,0.3095880083451354,45.36176087060261,11.020011612414704
107,-0.9534724043423711,0.30148030475899745,45.36171886129136,11.020023615710723
108,-0.9472082146888954,0.32061908556084984,45.361689278158345,11.020029119374756
109,-0.9584219728605374,0.28535473000830963,45.361665828370455,11.020045664477356
110,-0.9412283659211621,0.33777087379668913,45.36162939658123,11.020051425508877
111,-0.9483567622968803,0.3172056925809789,45.361595823744985,11.020066194052465
112,-0.9529788723638022,0.3030367450132342,45.36155663412677,11.020076556980065
113,-0.9446169394639474,0.32817501074543287,45.36152241422909,11.020082388941036
114,-0.9548976495195199,0.2969351426525599,45.361501291888736,11.020098228331289
115,-0.9467520136377757,0.3219637008620955,45.36146685831424,11.020099331414512
116,-0.9491576353896731,0.31480118040039856,45.36143364744521,11.020117527984649
117,-0.9490485751625908,0.31512981766544435,45.36139868766477,11.020130123917417
118,-0.9479226875687874,0.3185005155292014,45.36136672376534,11.020134860097588
119,-0.9459339416778684,0.3243593346610688,45.36133484196301,11.020149516460018
120,-0.9505284310553163,0.31063757299386513,45.36130114555028,11.02016388716534
121,-0.9553265714049091,0.29555226605076346,45.361266004556356,11.020170697384268
122,-0.963946875099831,0.2660947612886634,45.36124042275232,11.02018513205183
123,-0.9565396981135718,0.29160213636528276,45.361194709251826,11.020187574876298
124,-0.9484628450482837,0.31688835820035316,45.36117429005441,11.020185614064948
125,-0.9487048238037669,0.3161631814292481,45.3611388348992,11.020201530210082
126,-0.9534775465192779,0.3014640414437157,45.36111317163888,11.02021219779567
127,-0.9619004052998498,0.2734000919604542,45.36107473849826,11.020221334980722
128,-0.9548510519737081,0.2970849517304823,45.361040719483675,11.020230976369723
129,-0.9459314987160835,0.3243664590193383,45.36101629306356,11.020240788675567
130,-0.9517271920026559,0.3069451938094809,45.360972930464506,11.020250673658715
131,-0.9522565131877477,0.3052990879310202,45.360944748584195,11.020269331863108
132,-0.9575065845978712,0.2884114083244971,45.36090432618416,11.02027630066137
133,-0.9672547118158532,0.25380764856487426,45.36087806589028,11.02028921237536
134,-0.9568510808141273,0.29057874861186345,45.36085672681117,11.020297296893114
135,-0.9617297948621661,0.27399963809168776,45.3608146464648,11.0203066971079
136,-0.9462993796594016,0.3232916393231222,45.36078033065413,11.020313548345197
137,-0.9443593487826804,0.3289155216263774,45.36075244678501,11.020323538609452
138,-0.9375761051466787,0.347780170593414,45.360720351245504,11.020347789460125
139,-0.9504677556005175,0.3108231741098381,45.3606893757227,11.020346156969152
140,-0.945787625926118,0.324785724201415,45.36064879370231,11.020360625383633
141,-0.9551688361530678,0.29606163959890847,45.36060924764151,11.020371516842694
142,-0.9551653744162819,0.29607280779599476,45.360585917154694,11.02037773988448
143,-0.9550753091775316,0.2963632126284272,45.36055028503272,11.020384480070168
144,-0.9437643597631816,0.3306188640123124,45.36052068408377,11.020403444214432
145,-0.953601490380985,0.3010717481650583,45.36048832994508,11.0204034812103
146,-0.9624369264825666,0.2715053637458947,45.360458693363526,11.020404181777158
147,-0.9624230185156489,0.2715546601169403,45.36041807329804,11.020411225183413
148,-0.9553065402839719,0.29561700575350525,45.36038937122365,11.020436834300371
149,-0.9475673138248578,0.31955623256438503,45.36036561364302,11.020439297703872
150,-0.9549617084958859,0.2967290604349674,45.36032482789202,11.020451473159191
151,-0.9517962201107112,0.3067310799103386,45.36029608294234,11.020470545557956
152,-0.9618862029721862,0.2734500549126847,45.360256326563736,11.020482291100478
153,-0.9491999452423411,0.31467358318094757,45.36023092478085,11.020479341931818
154,-0.9538176677383646,0.30038617929283395,45.36019824905539,11.020492322916276
155,-0.9536450031240727,0.3009338931002744,45.36016567305242,11.020506544548109
156,-0.9491537274005637,0.31481296314099977,45.36013916477195,11.020515704795534
157,-0.9581654459614535,0.28621491604297805,45.36009926343819,11.020528186763016
158,-0.9567982491725509,0.29075266186286475,45.36006566718745,11.020532593519347
159,-0.9485315905399833,0.3166825251694344,45.360037152615895,11.020547465664666
160,-0.955625076885065,0.2945856622926742,45.36000679838325,11.020551833256002
161,-0.946546972298183,0.32256600755991455,45.35998166457315,11.020561676655042
162,-0.9514442898306228,0.3078209923782031,45.359943099284706,11.020575166342715
163,-0.9576160870038152,0.28804761743764085,45.359902761933725,11.020583614876898
164,-0.9565177364085011,0.291674167412812,45.35987012573502,11.020590953819871
165,-0.955689283878981,0.29437729647321714,45.35984012707702,11.020607600286203
166,-0.9592642821388478,0.28251024231457667,45.359806983220636,11.020613336107726
167,-0.9640544631935136,0.265704708269662,45.35978490281513,11.020625073338445
168,-0.9584737952979828,0.2851806159735974,45.359747419312036,11.020627111959781
169,-0.9573555144285693,0.2889124763543617,45.359704371683335,11.0206517331298
170,0.1391237395303358,0.9902750047835678,45.35968181086713,11.020654328654658
171,0.09521531790964215,0.9954567008340272,45.35968509967163,11.02066189301238
172,0.11434695609166565,0.9934408757608933,45.3596885806131,11.020672016172187
173,0.12608875593288962,0.9920189643486137,45.35969439520464,11.020693314703136
174,0.1556033031237084,0.9878196252641427,45.3596882950564,11.020696109417072
175,0.11428113487545752,0.9934484497001228,45.359685431928405,11.020706313187874
176,0.13373858964558594,0.99101664448162,45.35968476240163,11.02071097919633
177,0.14169325602894825,0.9899106127302176,45.35969983924295,11.020722702610874
178,0.09310117743483265,0.9956566530487545,45.35970245082476,11.02073059812273
179,0.12531515523292866,0.9921169849715038,45.35969870018792,11.020742035976303
180,0.9455060116068756,-0.3256046406537518,45.359699717642386,11.020750434842274
181,0.9512182538797164,-0.3085187733121331,45.35972987118408,11.02072616674903
182,0.9586960267197485,-0.2844326429082416,45.35976096322481,11.020726986986645
183,0.9564215624787665,-0.2919893745081743,45.35979371849694,11.02071907027116
184,0.9479636239237593,-0.31837865461951653,45.3598225632116,11.020706308958879
185,0.9491475710126771,-0.31483152389926766,45.359862720603445,11.020696494249794
186,0.9616188504960402,-0.2743887504448283,45.35988926482493,11.020680767365102
187,0.9505099704511767,-0.3106940554193196,45.35992690722003,11.020680591477426
188,0.9550933511241053,-0.2963050634709547,45.359960718867534,11.02067225795792
189,0.9507150254605116,-0.3100660258132434,45.35998630271942,11.020656629787508
190,0.9609524483552073,-0.2767135558662288,45.36002928237386,11.020649756387634
191,0.9599236281747421,-0.2802617135319047,45.36006097024149,11.020625832485202
192,0.9547982802494586,-0.2972545105337789,45.36008722174086,11.020631641253077
193,0.949183198709367,-0.3147240939106098,45.36011679021042,11.02061487283236
194,0.9548915888593598,-0.2969546321000018,45.36014894419913,11.020602556336991
195,0.9539164227857144,-0.3000724218246424,45.36017722439438,11.020596401847008
196,0.9499481410438892,-0.31240763327303506,45.36021290279306,11.0205849671274
197,0.9623501853569376,-0.27181265743792704,45.36024952325466,11.020567627024066
198,0.9538255315400654,-0.30036120818493145,45.36027709683049,11.020564395248831
199,0.9556811624740632,-0.29440366113929883,45.36031217228239,11.020552378046174
200,0.9544619674046745,-0.2983326210423496,45.36034220597947,11.020548332802395
201,0.952411108817847,-0.30481646904384807,45.360377876775274,11.02052583839329
202,0.9515891191218382,-0.3073729792433358,45.36041088696089,11.020521795332801
203,0.9426446460873683,-0.33379794966838866,45.36043435497645,11.02050663860841
204,0.9498733125557972,-0.31263507495845194,45.36046985986121,11.020496671845411
205,0.9524588808849046,-0.30466716302134567,45.36050626703818,11.020487463082969
206,0.9464197069861954,-0.32293921754436106,45.360542711325586,11.02048132899523
207,0.9551525536423351,-0.2961141659403112,45.36056277132464,11.020465683649904
208,0.9524602781437604,-0.30466279483768705,45.360597899223464,11.020459063469781
209,0.9461793012144244,-0.32364290499466153,45.36062684486322,11.020453270821234
210,0.9536463805896283,-0.3009295279435069,45.360664153421695,11.020443744976914
211,0.9526514070072674,-0.3040646259055364,45.36070410412642,11.020428998766574
212,0.9573106180441564,-0.2890612055947931,45.36073673673679,11.020423415969816
213,0.9495906031873913,-0.3134927213480504,45.36076329373477,11.020410527872212
214,0.9417162595178673,-0.3364082141679611,45.360797793365265,11.020393225821428
215,0.9543825623099346,-0.298586544838718,45.360832470417996,11.020385906841232
216,0.9576046198206505,-0.2880857374084103,45.36085777744505,11.020384279446334
217,0.945657035463523,-0.32516575969548406,45.36090453821754,11.020370569342441
218,0.9441947735575845,-0.32938765852190294,45.36092527686408,11.020359248620531
219,0.9479030453497859,-0.3185589688214755,45.360953001814806,11.020344661974208
220,0.9503268949132934,-0.3112535827977859,45.361003427663604,11.020336340880473
221,0.9617303385849731,-0.2739977296351795,45.36101927534777,11.020317462911112
222,0.945791895488124,-0.32477329081835155,45.361061953317005,11.020310171389948
223,0.9484476838476649,-0.3169337328275423,45.36108485109943,11.020300212451675
224,0.9519596630744176,-0.3062234476313684,45.36112267413354,11.020296518417926
225,0.9506065821231404,-0.31039833444166737,45.36115131517924,11.020290191165262
226,0.9571403766632007,-0.28962441085140994,45.361176824431624,11.020280870454856
227,0.9470960259925693,-0.3209503350194274,45.36121090982452,11.020267443348294
228,0.9540231402869015,-0.2997329608119852,45.36124829768961,11.020248305142834
229,0.9508657044893386,-0.3096036369715218,45.36127908248762,11.02024897735166
230,0.9508300675537799,-0.3097130650064257,45.36131801591528,11.02023219300795
231,0.9482821274481736,-0.31742874281067535,45.36134605061563,11.020227192823377
232,0.9535622014608772,-0.30119616190297877,45.36137911701514,11.020213734900956
233,0.9551676176127837,-0.29606557088577373,45.361413420584206,11.020195869402082
234,0.9610360984977504,-0.27642289591172114,45.361434043178384,11.0202026143145
235,0.9536590622447698,-0.3008893367974781,45.361479334360645,11.020183491947575
236,0.9656724185929461,-0.2597629303208022,45.36148729970423,11.020174037097036
237,0.9530078788592106,-0.30294551132549946,45.36152857092445,11.020160196549
238,0.9472134312751878,-0.32060367373423077,45.36157073326209,11.020148275199803
239,0.9435068112488068,-0.33135313055275123,45.36160366498394,11.020136665611101
240,0.9532937566375311,-0.3020447211190811,45.361636294946145,11.020130802589737
241,0.9630329072875479,-0.2693837773164769,45.36166659304165,11.02012679228924
242,0.9557258033527759,-0.2942587106708843,45.36170023142192,11.020102603749903
243,0.9525485446889304,-0.30438671129173955,45.361725665199046,11.020101670728243
244,0.9574087981153135,-0.28873585383770906,45.36175905459413,11.020089398739799
245,0.9593272992434728,-0.28229617943965235,45.3618016529385,11.020082178855523
246,0.9562065868435486,-0.2926926088527194,45.36182167961665,11.0200735763202
247,0.948813044737998,-0.31583825945412297,45.36185831441267,11.02005359346386
248,0.953129946059565,-0.30256124326240247,45.361884687953584,11.020045774563478
249,0.9489629762603249,-0.3153874913295486,45.36192412443969,11.020034801488578
250,0.9534089116586527,-0.30168103548261604,45.36195757969786,11.020016671199244
251,0.9544530956155278,-0.2983610032660704,45.36198791560121,11.020011965914065
252,0.9525012442037637,-0.3045346939024881,45.36201666718662,11.019994415445382
253,0.9530771620411952,-0.30272747347325685,45.362049347307654,11.019995990827198
254,0.9579617106084037,-0.2868960805034133,45.36207774095619,11.01997865571103
255,0.9511433168317205,-0.3087497220182608,45.36212362524118,11.019982321679311
256,0.9527871433159538,-0.3036390283409298,45.36214154823154,11.019960774601415
257,0.9527211617630847,-0.3038459937678925,45.362190678839625,11.019947864500345
258,0.951707211228813,-0.3070071401369609,45.362221732809445,11.019945879469047
259,0.950319976761232,-0.3112747046718244,45.36225065467411,11.019929668776397
260,0.12314629631479815,0.9923885275958947,45.36227899426196,11.01992284297308
261,0.1309265431254957,0.9913920719398596,45.3622810036287,11.019922792969474
262,0.12145768273995364,0.9925966105641509,45.36228142432482,11.019941818670306
263,0.13533988411589787,0.990799230806875,45.362273822771876,11.019936988976106
264,0.12051516088603237,0.9927114867858706,45.36227625401391,11.019941025303563
265,0.13316141144943536,0.9910943640747808,45.36227894830408,11.019945335857619
266,0.10644132978586289,0.994318984689228,45.362274774351924,11.019955109279858
267,0.10128985678722023,0.9948569570104159,45.36228182515677,11.019958881059287
268,0.1391656352549324,0.9902691179493033,45.36228534985306,11.019972201677966
269,0.14602122100238676,0.9892814579365026,45.36227846097676,11.01996788197507
270,-0.9510612358505582,0.30900246869953796,45.36228162202709,11.0199719601875
271,-0.9604042523780523,0.27861025109308957,45.36224444451432,11.019985648568182
272,-0.9529680231643,0.3030708610644156,45.36221100460558,11.019993549468044
273,-0.9447223068811346,0.3278715646121016,45.362185731714,11.019994855687708
274,-0.9528855743050967,0.30332998908984593,45.3621502755664,11.020006432277505
275,-0.9571003163368262,0.2897567677690154,45.36211846050898,11.020022864245153
276,-0.9511124551081503,0.3088447793603555,45.3620892724761,11.020033035584046
277,-0.9495458968486233,0.3136281074424668,45.36205799012824,11.020050865780528
278,-0.9643324720532153,0.264693942778702,45.36202210998936,11.020062958983829
279,-0.9533171770165746,0.3019707932982078,45.36198590722242,11.02006752547965
280,-0.9672461047006077,0.2538404478043268,45.36195890635498,11.020069775708695
281,-0.9532334735433772,0.30223491677241326,45.36191462236008,11.020080424828656
282,-0.9513810689254021,0.3080163334798324,45.361887366147855,11.020100974456746
283,-0.9428859107107836,0.33311583478288165,45.361853118359605,11.020102356214771
284,-0.9483189544102183,0.3173187052575224,45.36183338620488,11.020120406584814
285,-0.9491450713329355,0.3148390597819732,45.36179383344034,11.02012814665773
286,-0.9469671167321152,0.32133048381388357,45.36175759861761,11.02013259843378
287,-0.9485590970546818,0.3166001253865936,45.36173119896825,11.020150799372763
288,-0.9553592698808302,0.2954465526161491,45.361707268039154,11.020151091147968
289,-0.9479894102079319,0.3183018663684168,45.361662445068546,11.020155909101899
290,-0.9499510802804757,0.31239869569823286,45.36163193686577,11.020176481981768
291,-0.9542690341319595,0.2989491771135307,45.361610320867264,11.020195629633712
292,-0.9550792380594081,0.29635055091539897,45.3615669287364,11.020197986969805
293,-0.9609937134391491,0.27657021302091556,45.36153495916943,11.02020386517372
294,-0.9581612418611757,0.2862289897879836,45.36150506288482,11.020225271224216
295,-0.9561160094086356,0.29298835566026465,45.361476587001846,11.020233227568568
296,-0.9506232835383926,0.31034718106450504,45.36143569443036,11.020238161392244
297,-0.9520035879038926,0.30608686449783407,45.36141382251728,11.020245929392987
298,-0.9597398559540001,0.28089038590417287,45.36136951804365,11.020257389152597
299,-0.9563316111443756,0.29228385094972786,45.36133682390866,11.020268829651483
300,-0.9567639113679396,0.29086563548126715,45.36132098386641,11.020277802994364
301,-0.9571463853368035,0.28960455285905184,45.36128142918308,11.020288587566492
302,-0.9540132031903419,0.29976458786605115,45.361246662959054,11.020306749489771
303,-0.9537228574101254,0.30068706532450895,45.36121161233781,11.020309246098964
304,-0.958264609154714,0.28588273617265386,45.36118542687524,11.020319729568158
305,-0.9608531864018405,0.27705803395936746,45.36115636608685,11.02032868144943
306,-0.9498822753262743,0.312607842225655,45.361134070744484,11.02035291937513
307,-0.9501078805863205,0.311921488916314,45.361085800471024,11.020354209982294
308,-0.9573309023445538,0.2889940196892707,45.36105862678609,11.020361948671573
309,-0.9583633837773565,0.2855514395600473,45.361019247652806,11.020381301744262
310,-0.9531045884513056,0.30264111332247534,45.36098448550793,11.020382122539738
311,-0.9597145264861058,0.2809769165813265,45.360956877628595,11.020393187747388
312,-0.9515590650495249,0.3074660074253315,45.3609310501426,11.020404224487612
313,-0.958195093239977,0.28611564670746653,45.3608929736215,11.020414924792068
314,-0.9533663647641893,0.30181546437569196,45.36085001913246,11.020431205500616
315,-0.9567292571504985,0.29097960153979063,45.360827115287464,11.020438702998925
316,-0.9474358730734335,0.3199457241683047,45.36079417524867,11.02044822335335
317,-0.9518525367545215,0.3065562726058337,45.36075581163961,11.02045910313718
318,-0.9490272900287506,0.3151939129816528,45.36073091639691,11.020469781327716
319,-0.9579069559181668,0.28707884597021655,45.36070694223199,11.020479759814844
320,-0.9626023960657354,0.270918118789617,45.36066614337182,11.020482818200902
321,-0.9592666116706076,0.2825023322629243,45.3606376400751,11.02049348222298
322,-0.9479362278771992,0.31846021396392155,45.36060728211653,11.020518229521343
323,-0.9524525025032115,0.30468710257470694,45.36057407440798,11.020512157431838
324,-0.9490348933926271,0.31517101885047233,45.360541378399404,11.02052923016422
325,-0.9609665631462893,0.2766645342554932,45.360504743753346,11.020532530162631
326,-0.952426136628523,0.3047695100676346,45.360469097082465,11.020545088570806
327,-0.952480328466223,0.30460010486681693,45.36044389770547,11.020562293176383
328,-0.9521633380549438,0.3055895575180324,45.36041530922747,11.020576131036126
329,-0.9557244958578556,0.2942629572631389,45.36037369383238,11.02057238303638
330,-0.9475357445091613,0.31964982852720153,45.36034593411046,11.020586737041768
331,-0.9511765913724433,0.30864719669081725,45.36031358321986,11.020603720720096
332,-0.9563736971680679,0.29214611304119853,45.36028199718314,11.02060705674213
333,-0.9490261889907811,0.31519722811223194,45.360235155273166,11.020626332947975
334,-0.9501432701306252,0.31181367228760476,45.36021175216143,11.02063815545236
335,-0.9567973418872565,0.2907556475074566,45.360187419337464,11.020642987930042
336,-0.9621766745455269,0.2724262229678177,45.36014899906772,11.020653155742918
337,-0.9540244299155073,0.299728856008879,45.36011946231032,11.020659730458764
338,-0.9465417645484753,0.32258128892646387,45.36008392169647,11.020683166202286
339,-0.9552563226976447,0.29577923853133,45.36006432651486,11.02068320339364
340,-0.9554956058805466,0.29500533409239765,45.36002833354912,11.020692769298323
341,-0.9579049830425828,0.2870854288573163,45.359991141067354,11.020698672417971
342,-0.9498335839618252,0.3127557557875386,45.35995816355306,11.020718946343637
343,-0.950051250123735,0.3120939315948458,45.35992450468554,11.020721733035241
344,-0.9522739750618183,0.3052446173480597,45.35989046434534,11.020737910468956
345,-0.953911852144479,0.30008695129626933,45.359851511905966,11.020743925085235
346,-0.952671037236487,0.3040031164490849,45.35982586005351,11.020757342219863
347,-0.9544446289603714,0.2983880866400315,45.359793718677096,11.02075786847937
348,-0.9586686959838987,0.28452474644665143,45.35975795421718,11.020781232985403
349,-0.9562932591033223,0.2924093066124028,45.359731283455204,11.020788132998854
350,0.09769395022502671,0.9952165051331444,45.35969734012666,11.020796756187384
351,0.12487397524270658,0.9921726111454015,45.35969729717544,11.020809209596846
352,0.1404541963721697,0.9900871773341214,45.359698882291546,11.020804587155487
353,0.1448330525396196,0.9894561066020341,45.35969851673529,11.020814771223426
354,0.1108582362433889,0.9938362296963242,45.359701190360624,11.020838538060525
355,0.11091595577004196,0.9938297896298028,45.35970843224838,11.02083784253131
356,0.14549160620079032,0.9893594859933947,45.359711252300976,11.02085612574622
357,0.1378037073541158,0.990459559113577,45.359718951877625,11.020866950778101
358,0.14986408750269162,0.9887066072789165,45.359712537892676,11.020861007918361
359,0.0980307777703979,0.9951833834071643,45.359714425031754,11.020876888597597
