,Sin,Cosin,Lat,Lon
0,0.9491087304517618,-0.31494859545685394,45.35966892039839,11.020603491450961
1,0.9533999387867386,-0.30170939117210654,45.35970610921146,11.02058993569004
2,0.9532559015354815,-0.3021641709200093,45.35972879855295,11.020583537348882
3,0.9514321920759266,-0.3078583828347008,45.35976533625897,11.02057070172249
4,0.9483730176288189,-0.31715708952127797,45.35980357223898,11.020564298257247
5,0.9557305052272805,-0.29424343897189476,45.359825601187545,11.020550253270281
6,0.9498181527441856,-0.3128026162256685,45.359864069928726,11.020533167813838
7,0.9522357549970644,-0.3053638271065694,45.35989085159597,11.020538946842699
8,0.9514316103700031,-0.30786018058323594,45.35993013716649,11.020512666141233
9,0.9500048225768528,-0.31223522716170643,45.35997064768159,11.020518445426426
10,0.9572823157237841,-0.2891549204189848,45.35999169678433,11.020496394727045
11,0.9524929269663849,-0.30456070672200797,45.36002659241619,11.020499411137674
12,0.9563159650372628,-0.2923350389789919,45.360051914113654,11.020481051045182
13,0.9537601391068978,-0.300568789216031,45.36008673162316,11.02047257337745
14,0.9540299702813904,-0.29971122068566186,45.36011621358786,11.020461403159269
15,0.9452372293442656,-0.3263840992780993,45.36015175313352,11.020450542331021
16,0.9488109737677228,-0.3158444808096946,45.36018787754327,11.02043566316003
17,0.9588496199989863,-0.28391443469432753,45.36022268434673,11.02043532756242
18,0.9521590163483051,-0.3056030228689304,45.36025406271929,11.02043121307682
19,0.9567069976617605,-0.29105277979263505,45.36028274242629,11.020397786693376
20,0.9582768645052437,-0.28584165363711195,45.360315815779394,11.020401707868285
21,0.9524087677447437,-0.3048237837225613,45.3603538224959,11.020388775658803
22,0.9459971081199566,-0.324175062934642,45.360381110609026,11.020379324293472
23,0.9575876962709783,-0.2881419857473754,45.36040390621775,11.020370422408423
24,0.9548239174152465,-0.29717214999357255,45.36044312367153,11.02036158809996
25,0.9578548898808472,-0.2872525194517013,45.36048553049352,11.020345918351511
26,0.9543865641954933,-0.2985737531718444,45.36050496025635,11.02034908900121
27,0.9497812188187654,-0.31291474298783123,45.360552251867055,11.020333605087325
28,0.9536647381630637,-0.30087134656589526,45.36056735527585,11.020322204028359
29,0.9583704956182963,-0.28552756982179683,45.360613809997346,11.020311596347911
30,0.9431195674728187,-0.33245372828392733,45.360645131708054,11.020302588191981
31,0.9532476286541693,-0.3021902686474251,45.36067991378485,11.020287941514578
32,0.9445450996624213,-0.3283817210255567,45.360704687493524,11.020284160553402
33,0.9534748659946355,-0.3014725193388478,45.36073952767303,11.020278366795695
34,0.9455365394800935,-0.3255159788827724,45.36077152742295,11.020254620225922
35,0.957541995002817,-0.2882938220046091,45.36080772172975,11.020245905453988
36,0.9458151555169824,-0.3247055459864929,45.360833853717295,11.020238781393289
37,0.9537874842730749,-0.3004820041933275,45.360863831857536,11.020233314097235
38,0.9532877000028214,-0.302063836007111,45.3609022191589,11.020218764963476
39,0.9615173774136953,-0.2747441226514036,45.36093441618296,11.02020390196361
40,0.9642184884405148,-0.2651088579234741,45.36096904925664,11.020198605412798
41,0.9528996081676224,-0.3032858993655848,45.360990349276825,11.020189021432378
42,0.9533077456011683,-0.3020005665173796,45.361030031264896,11.02018300183241
43,0.9555748253749429,-0.29474862698517756,45.361058578453225,11.020164559143595
44,0.955324153141306,-0.29556008259717087,45.36109106251466,11.020155614553861
45,0.9565539418212309,-0.291555408775528,45.361123191393574,11.020147254129627
46,0.9569128661280276,-0.2903752169842385,45.36115345262486,11.020132735359292
47,0.9609254546901008,-0.2768072804834133,45.36118904602388,11.020120756299908
48,0.9542013498860308,-0.29916514482084405,45.361223715027776,11.020117383548198
49,0.94948485869485,-0.3138128472660427,45.36126273669099,11.020103260150256
50,0.9516537698736703,-0.3071727564176734,45.361290592437086,11.020094558852769
51,0.9480661706273518,-0.3180731615713422,45.36131463088221,11.020082038821057
52,0.9628874334970132,-0.2699032982635352,45.36135535298082,11.020078514377989
53,0.9535109659244615,-0.30135832137473895,45.36138745258725,11.020063270958582
54,0.9429550233499757,-0.33292014649018586,45.361424434140645,11.020042453300716
55,0.9598760074564611,-0.2804247676462331,45.361445750821694,11.020058767546747
56,0.9630555143616424,-0.2693029451336031,45.36148704569278,11.020037922637217
57,0.9517375499453913,-0.3069130756809554,45.361516302489825,11.020023058628027
58,0.9516387168377,-0.3072193884107837,45.3615479957451,11.020019313911195
59,0.9549132636506383,-0.296884925356756,45.3615813663457,11.02000130697149
60,0.959973523670322,-0.2800907600260776,45.36160892841363,11.019995450106197
61,0.9503390927180948,-0.31121633770055906,45.36165385385056,11.019984242040849
62,0.9476135806749962,-0.3194190065107465,45.36167499191018,11.019969702801802
63,0.9532406077771164,-0.30221241484213346,45.36170443939545,11.019962111853859
64,0.9584986224448414,-0.28509716023023,45.36174270309089,11.01995957902113
65,0.9580012961926095,-0.28676386887695593,45.36176529064789,11.019942497743914
66,0.9560622080115083,-0.2931638695544854,45.36180754955183,11.019929855292508
67,0.9474665802813655,-0.31985477837596027,45.36183506529822,11.019929910560242
68,0.9582076725845038,-0.286073515377059,45.3618647193361,11.019908577764719
69,0.9541834759753913,-0.29922214853770396,45.36190415947111,11.019902367390348
70,0.9552977230629508,-0.2956454977007796,45.361929826738844,11.019896715510052
71,0.956723586439241,-0.2909982459583496,45.36196132957359,11.01987363259418
72,0.9512094163582645,-0.3085460196330034,45.361996020874116,11.019873729924837
73,0.9535781768284163,-0.3011455805363807,45.36203164737469,11.01986348448859
74,0.9537932207567255,-0.30046379488802355,45.362067701832345,11.019852843221992
75,0.9559832082454135,-0.2934213788271169,45.3620967152164,11.019840349726781
76,0.9563856024614643,-0.2921071368597863,45.362119651609085,11.019833791304029
77,0.95220806522494,-0.3054501604526941,45.362172705693915,11.019817869872565
78,0.9538814459884489,-0.30018358882354945,45.362192149290244,11.01981005826524
79,0.957085329811269,-0.289806265391303,45.362227720463125,11.019798744038422
80,0.13779960839281769,0.9904601293978401,45.36225855357823,11.019791693634428
81,0.11688284925595747,0.9931457091231927,45.362249697994706,11.01978619218509
82,0.12015300527423259,0.9927553854417362,45.362259901020174,11.019804959103045
83,0.12846279681262143,0.9917143287434538,45.36226903620462,11.019809839743482
84,0.1634021715316324,0.9865595422166606,45.3622664224914,11.019819328335185
85,0.13363210478544907,0.9910310088844904,45.36226949410092,11.019836018238108
86,0.15456514472024063,0.9879825990560821,45.36227316069664,11.019831739725428
87,0.12493172087000251,0.9921653416242979,45.36226854762147,11.01982850159638
88,0.12221564616830016,0.9925035696820766,45.36227118872999,11.019842663461164
89,0.1567298214087004,0.9876415154706676,45.362281764718084,11.019846770587874
90,-0.9408172120519854,0.3389144043954602,45.36227877490206,11.019856152227021
91,-0.9627254663862127,0.2704804546939561,45.36224294584772,11.019863812650117
92,-0.9555207612112233,0.29492384592352716,45.36220232190608,11.019875560043827
93,-0.9522788968137421,0.30522926249493565,45.362185787472576,11.01988226127659
94,-0.9494943185117409,0.31378422381299637,45.36214586821958,11.019893670072381
95,-0.9487674144963726,0.3159753047152075,45.362109201378395,11.019912942734209
96,-0.9544019014998913,0.29852472328668483,45.362089180444734,11.019918202673777
97,-0.9579992237913328,0.28677079212361195,45.36205224072807,11.019931231141218
98,-0.952465906400238,0.30464519878897334,45.362009172646076,11.019938535992889
99,-0.9487679612939429,0.3159736628615353,45.361980905311526,11.019953918741038
100,-0.9536057830637394,0.30105815137177777,45.3619517759924,11.019967302633102
101,-0.9432040049527425,0.33221409518728556,45.36192219261507,11.019971184495285
102,-0.9464345346370858,0.3228957597217447,45.361885517372585,11.019969915758145
103,-0.9575067930347193,0.2884107163271977,45.361856370497364,11.019980708472708
104,-0.9471853643140611,0.32068658473537576,45.36182680350923,11.019999532070685
105,-0.9610676671892019,0.27631311782741225,45.36180204345007,11.019999167753385
106,-0.9625770122222569,0.2710082942296659,45.361761667814804,11.020011149727852
107,-0.9526910350027967,0.3039404412468008,45.3617288092624,11.020023891109057
108,-0.9516765764054808,0.3071020903887553,45.361697781059036,11.020024261641542
109,-0.954204650922146,0.29915461580685243,45.36166448993306,11.020052761170243
110,-0.9569647497002489,0.29020418300076223,45.36162420441154,11.020061255853859
111,-0.9498097558881513,0.3128281119395927,45.361597886810735,11.020060084156666
112,-0.953896949771061,0.3001343186266207,45.36156437637286,11.020077954935388
113,-0.9534637775188949,0.3015075869018875,45.361531624937506,11.020084192231016
114,-0.9485145101245686,0.3167336800581044,45.361495046302736,11.020102911387992
115,-0.9533711726813725,0.30180027683907873,45.36146852771838,11.020105476029247
116,-0.9627969140280712,0.27022602083815483,45.36143002084937,11.02011270493897
117,-0.9503224856381648,0.3112670449798693,45.36140712178645,11.020128746426053
118,-0.9469109102148227,0.32149607791719015,45.36135362779587,11.020143687934356
119,-0.9522464276371354,0.3053305439229979,45.36134176630816,11.020145038035952
120,-0.9450293377298664,0.326985551408392,45.36130788600226,11.020162018146141
121,-0.9458706302285731,0.3245439120843311,45.36126439831981,11.020182089796515
122,-0.962771983540553,0.27031483072408174,45.36123384197462,11.020176697830362
123,-0.9525072015964688,0.30451606017887456,45.36119997316103,11.020189841908106
124,-0.9481449973684627,0.31783810968031817,45.361166314337154,11.020199369318387
125,-0.9477639498950458,0.31897256195375356,45.36114398715549,11.02021428766701
126,-0.9499630331398305,0.3123623467509701,45.361109180088825,11.02022460852405
127,-0.9539942583753308,0.2998248738628978,45.36108405960661,11.02023089789595
128,-0.9514350529450588,0.30784954121686336,45.36104655442921,11.020241138430203
129,-0.9494857016248618,0.31381029685136835,45.361013414886166,11.020251408087114
130,-0.957096593286071,0.28976906515395534,45.36097856896257,11.0202490537944
131,-0.9567880180829829,0.29078632782996816,45.36094585748534,11.020266845694719
132,-0.9563681813328887,0.29216416914813975,45.360917674029416,11.020286071262218
133,-0.9507134487066753,0.3100708603662393,45.3608795309868,11.020290802004993
134,-0.9546444325083173,0.29774822834212267,45.36084890968711,11.020298759418715
135,-0.9599821922296194,0.28006104799135123,45.36081110397386,11.02030913758806
136,-0.948967885736564,0.3153727189226671,45.3607856433409,11.020331740266114
137,-0.9612086272456923,0.2758223611465389,45.36074586731192,11.020321916497222
138,-0.9494280366864795,0.313984718025666,45.36071549868551,11.020335802501728
139,-0.9452946162621532,0.32621785430259437,45.36069433851964,11.020353516920853
140,-0.9505001172972434,0.31072419767042053,45.360648174841565,11.020362830154689
141,-0.9514506080274869,0.30780146277125675,45.36064120100212,11.020361747200129
142,-0.9522827499571819,0.305217240885877,45.36058913438372,11.020382524641327
143,-0.9532937078006197,0.3020448752548975,45.3605513106607,11.020405273483458
144,-0.9566597348346231,0.2912080901110899,45.36052360645583,11.020396619840339
145,-0.9556758936150157,0.2944207641508004,45.360495193594446,11.02040572901289
146,-0.9490721920490369,0.3150586838657776,45.36045861875087,11.020424310674978
147,-0.9587293958401679,0.284320146229469,45.36041879297441,11.02043235012695
148,-0.9501523705669928,0.311785940519973,45.360404312094566,11.020441571944296
149,-0.9462472357490248,0.3234442283258886,45.360362733390225,11.020454763959062
150,-0.9487753299168733,0.31595153638038875,45.360329756493186,11.020457673153471
151,-0.948654887955141,0.3163129835444933,45.3602924329249,11.020467569787392
152,-0.9513998042402668,0.30795845903560115,45.36026605085553,11.020487889171811
153,-0.9465419570284773,0.32258072413692085,45.360235734529304,11.020495812886814
154,-0.9544902851266924,0.2982420084407384,45.36020685166126,11.020503953475371
155,-0.9545061017439174,0.298191384405436,45.360164853511584,11.020503789466627
156,-0.9514503200775495,0.30780235285703805,45.36013130014897,11.020530400203125
157,-0.9518351250238778,0.30661033050238057,45.36010588964538,11.020536446793958
158,-0.9519913214713146,0.3061250134231113,45.36007258950898,11.020550796271497
159,-0.9577461670976924,0.2876148108315687,45.360037806100294,11.02054905402152
160,-0.9595263691992647,0.28161879697789416,45.360011412129545,11.020562901743208
161,-0.9536442152208211,0.30093638991631483,45.35997449975212,11.020581073042006
162,-0.9427620949727136,0.3334660886546938,45.359938592577855,11.020580079395868
163,-0.9494120848413441,0.3140329491585437,45.35990963461553,11.020595340804027
164,-0.9596382197231358,0.28123742149047387,45.35986656712399,11.02060876712391
165,-0.9578331446723473,0.28732501973737373,45.35984410464613,11.02061432671047
166,-0.9485836937580735,0.3165264221771847,45.35981852345285,11.020621343935122
167,-0.9602885496894142,0.2790087836169344,45.35978079956394,11.020643814381986
168,-0.9557195693712259,0.29427895731920517,45.359743295555624,11.020641926224775
169,-0.9489485098585677,0.3154310156550933,45.35970643971494,11.020650341205673
170,0.12355657303457097,0.9923375299060057,45.359680158564395,11.020665166653338
171,0.11378571198003767,0.9935053154106404,45.35967287400705,11.020674628417048
172,0.12372617195241087,0.9923163983196098,45.359687025481755,11.020672836940848
173,0.11942227774745925,0.992843552417806,45.35968081097765,11.020686354907294
174,0.13946941796910872,0.9902263788908868,45.359670909758755,11.020698576785271
175,0.1263708281380955,0.9919830713251572,45.35969164134629,11.020713978219487
176,0.13634122521914285,0.990661935427895,45.35969217256089,11.0207093563729
177,0.14739622395770383,0.9890775263663665,45.35967767791528,11.020719279416047
178,0.16184296386205071,0.986816525524551,45.35968962386029,11.020722056570271
179,0.13297637884423727,0.9911192070934121,45.3596847739681,11.020728796977126
180,0.9676871841587298,-0.25215374995218415,45.35968872590172,11.0207347347961
181,0.9451129213211655,-0.3267438843372167,45.35971581380212,11.020725376736612
182,0.9622985904223795,-0.27199526258944556,45.359741146763824,11.020712840816188
183,0.9527720793681229,-0.3036862933629758,45.35978231912893,11.020704646937542
184,0.9509079938430322,-0.3094737262602757,45.3598198973763,11.020702698329966
185,0.9555439994490177,-0.29484854606556193,45.359840860838425,11.020679022060694
186,0.9596963361709004,-0.2810390405978324,45.35987923036947,11.020672177478998
187,0.9478691955963784,-0.3186596743227397,45.359911630441836,11.020666193944807
188,0.9471444083739727,-0.32080752747701713,45.35995397892984,11.020656086235903
189,0.9504942965221668,-0.3107420027592524,45.359986212671934,11.02064603657541
190,0.9556587235507028,-0.29447649159388145,45.36001655932627,11.020635201455946
191,0.9525941699088953,-0.30424389468908447,45.36004243644045,11.02061967929045
192,0.9576485691996266,-0.2879396080950101,45.36007001724452,11.020609746470102
193,0.9551821558662181,-0.29601866345682276,45.3601110479395,11.020605241558501
194,0.946868127930275,-0.32162205818291806,45.36013888147378,11.020593777730031
195,0.9594706424235614,-0.28180859874623837,45.36017040751394,11.02058611764242
196,0.947167851640346,-0.32073830581801643,45.36021300464556,11.020570960529632
197,0.9504802049670547,-0.3107851025480241,45.36023926090501,11.02056175045407
198,0.9437219412898283,-0.33073992430330795,45.360264648927576,11.020543415801352
199,0.9533782264864847,-0.3017779933353077,45.360300151856784,11.020542949970286
200,0.9510800768257545,-0.3089444731098407,45.360327627590515,11.020527810107001
201,0.9579984350932297,-0.28677342687027846,45.36036603527854,11.020514863545307
202,0.9598203753781395,-0.28061512255929366,45.3603954621125,11.020506963683918
203,0.9523627362999791,-0.3049675695991565,45.36042777115256,11.020492852884951
204,0.9631787231784223,-0.26886194824925314,45.360456397961215,11.020481379696188
205,0.9520577366060539,-0.3059183978915911,45.36049589606924,11.02048056277475
206,0.9636637511576115,-0.2671182784925828,45.36052765266929,11.02046495149417
207,0.9452063236344292,-0.32647359121602243,45.360558651546945,11.020459617574897
208,0.9621896489658327,-0.27238039471116055,45.360587715823726,11.020444040691945
209,0.9543715784701101,-0.2986216506023475,45.360622024993276,11.020438052508483
210,0.9583783853560097,-0.2855010866571401,45.360652477427905,11.020426839182607
211,0.9529890527382366,-0.3030047282817191,45.36068025303652,11.020419137489032
212,0.9606928390235585,-0.27761352461444516,45.36072752648002,11.020415229553755
213,0.9617392041539893,-0.2739666096319975,45.36074550893059,11.020403457267351
214,0.9568455940196852,-0.2905968155453803,45.36077448073763,11.020389049660842
215,0.9569910271517693,-0.29011751748386627,45.36082263446603,11.020379797941345
216,0.9506306098673851,-0.31032473891580636,45.360844155135446,11.020373911057966
217,0.9484611298997172,-0.31689349168033065,45.360877139330796,11.020365784810375
218,0.9532185910034403,-0.3022818515316724,45.360907540302,11.02033990191843
219,0.961215775354052,-0.27579744960841934,45.36094170635275,11.020334097133809
220,0.9532950677560705,-0.302040583021469,45.36097368352523,11.020331064215107
221,0.9596490044669599,-0.28120061917707945,45.36099953281835,11.020317130488708
222,0.9568250400025649,-0.29066448497208974,45.36104821879868,11.02030352799641
223,0.9511480207328031,-0.30873523066872544,45.36107233414884,11.020294306059643
224,0.9511919432153525,-0.30859988198669425,45.36111315208615,11.020280878974106
225,0.953231501339744,-0.3022411369313875,45.361144229823886,11.020278618012172
226,0.9542580442371591,-0.29898425545281176,45.36116799378839,11.020256043781528
227,0.9500077876523053,-0.31222620549846936,45.36120867236899,11.020250050961852
228,0.9571485803147486,-0.28959729833246245,45.36122943515212,11.02024227985941
229,0.9548192687870115,-0.29718708577769104,45.36127693462295,11.02023270183086
230,0.9517168663266944,-0.30697720819190627,45.361291703481754,11.020224408033261
231,0.9484267960525271,-0.3169962342513523,45.361332399637035,11.020210530174664
232,0.9509776804481527,-0.30925952093581743,45.36135614653608,11.020201997990101
233,0.9567696563234147,-0.2908467375419139,45.36139127594417,11.020188357267127
234,0.9577181771250467,-0.28770799989621004,45.361427502133395,11.020191935454536
235,0.9484264762904013,-0.3169971909518644,45.361463408238855,11.020173544838425
236,0.9531103798309953,-0.3026228739841319,45.361490023262036,11.02016651880914
237,0.957642968027182,-0.28795823618728067,45.36153664471338,11.020149371361592
238,0.9599392284743541,-0.28020827545963345,45.36155551543156,11.020148391087174
239,0.9533010058215688,-0.30202184076583805,45.36159072105387,11.020131078728134
240,0.9486016969581254,-0.31647246409153035,45.36161979664631,11.020124306328492
241,0.953622517409541,-0.3010051399718778,45.36165170023419,11.020110529022924
242,0.9634840915573359,-0.26776557903497433,45.36168950195113,11.02010249903618
243,0.9477527559947354,-0.3190058204866856,45.3617083992963,11.020085905995984
244,0.9571754930700357,-0.2895083340184426,45.361743419356955,11.020076797388224
245,0.9514735987483082,-0.30773038667792213,45.361779029876615,11.020059873272574
246,0.9507717712660602,-0.3098919795083419,45.361801380593626,11.020060279543666
247,0.9504956069805393,-0.31073799431465765,45.361840154869,11.02004592044565
248,0.9367534890023687,-0.3499898581986187,45.36186595330582,11.020041269272728
249,0.9570876892536394,-0.2897984732173878,45.361914349647584,11.020016058305869
250,0.9553412572601588,-0.2955047921380956,45.36194439435298,11.020013897410141
251,0.9475609810847071,-0.3195750101709885,45.36197471039557,11.020006836475064
252,0.9517487763128168,-0.30687826053185263,45.362007278029495,11.02000486818218
253,0.9648893361855775,-0.2626567511322633,45.36203449776047,11.01998149049952
254,0.9579458171773914,-0.2869491441916842,45.36207111235048,11.019970834822196
255,0.9483894625670662,-0.3171079111150512,45.36209560125744,11.019962220113564
256,0.9512735552958879,-0.30834821710968485,45.36212749199899,11.019954537342754
257,0.9486941854775583,-0.31619510186129085,45.36216570811005,11.01993667634499
258,0.9488358224457256,-0.31576982446672053,45.362193091230466,11.0199221669706
259,0.9495169203331476,-0.313715823638297,45.362223105096774,11.019933799479865
260,0.1331418836698325,0.991096987591451,45.36226405033744,11.01991472139313
261,0.12973981671401116,0.9915480724397656,45.36226970939242,11.019922211712208
262,0.0945860979551182,0.9955166849800282,45.362263293052585,11.01993133081336
263,0.13680194104670024,0.990598419605975,45.362275274688145,11.01994096130309
264,0.12592325752374026,0.9920399856934244,45.36227067685431,11.019943280150448
265,0.12038111841675402,0.9927277503569302,45.362270437249556,11.01995155746305
266,0.13485193242079488,0.9908657610001353,45.362282101557476,11.019955267663859
267,0.14596175226619237,0.9892902338926544,45.36228704365921,11.019970762755642
268,0.11107433236518291,0.9938121012996516,45.36228091576673,11.019976937831975
269,0.1248938231390274,0.9921701129048976,45.36229483742447,11.019976193435664
270,-0.9580511127595649,0.2865973924168877,45.362284332108075,11.019986738076163
271,-0.952488205998124,0.304575470835186,45.362244813099565,11.019987799361301
272,-0.9543052884863493,0.29883342578598143,45.36221299975592,11.01999966411771
273,-0.949085650720863,0.31501813851865085,45.36218254774871,11.020012271748593
274,-0.9570920132171566,0.2897841925225218,45.362151427397066,11.020029174657479
275,-0.955875900300174,0.2937707664580188,45.36212651666768,11.02003290692418
276,-0.9585358748831829,0.28497188731861073,45.362090295357014,11.020043790648671
277,-0.9542379433913876,0.29904840309250097,45.36205627419224,11.020052734804748
278,-0.9554594622010395,0.2951223747710435,45.36202360252095,11.020073714141446
279,-0.9555351789200294,0.2948771300834764,45.3619939894347,11.02007634463745
280,-0.9570142025007807,0.29004105952743064,45.36196692846451,11.020089710973755
281,-0.9586644788669351,0.28453895508135213,45.36192823259896,11.020094677385321
282,-0.9611802755336946,0.275921144396313,45.36189886964039,11.020110220654022
283,-0.9587758581055085,0.2841634281783034,45.3618697881419,11.020125868989364
284,-0.9465964010066642,0.3224209261217865,45.36183474948312,11.020130203016024
285,-0.9560034189104167,0.2933555232675776,45.36179029894502,11.020134573370623
286,-0.9505330359045819,0.31062348213555696,45.3617602064015,11.020144695226442
287,-0.9441674862961129,0.32946586746016565,45.36172855284554,11.020167334244201
288,-0.9535394148910813,0.3012682928042286,45.361699446063284,11.02017444053444
289,-0.9575650721937432,0.28821716207504244,45.361668119548916,11.020180811916251
290,-0.9541033951413688,0.2994773971098874,45.36163799878612,11.020179526617998
291,-0.9541398697487148,0.29936116808281193,45.36161182570212,11.020192511905554
292,-0.9466411029950031,0.3222896556211567,45.36157653532745,11.020204840779224
293,-0.9600533022654337,0.2798171846210232,45.36154779328884,11.02021293855161
294,-0.948537639222365,0.3166644075017945,45.36150813180164,11.020226597312664
295,-0.9465927119822147,0.3224317565348609,45.361480746876275,11.020236938199336
296,-0.9641949641905788,0.2651944023344542,45.36143786853393,11.020259068074408
297,-0.9483018886863348,0.3173697022620941,45.36141405248377,11.020259973624277
298,-0.9437378224796021,0.3306946059757536,45.361369818129745,11.020273603106345
299,-0.9507345719189154,0.3100060866469508,45.361336708211006,11.020281672934509
300,-0.9516135347064271,0.3072973813157862,45.36130964040321,11.020288593061922
301,-0.9438366401725466,0.3304124644558656,45.3612743158292,11.020300757991038
302,-0.9556293712703605,0.2945717311036744,45.361240746090274,11.020321024831008
303,-0.9549692571726534,0.29670476547421776,45.36121897328059,11.020320939743044
304,-0.9383484214963588,0.3456909600716973,45.36118191282685,11.02033683374167
305,-0.9503159871902229,0.31128688454650977,45.361148253178754,11.020343158385275
306,-0.957537510530676,0.2883087163557763,45.36112201054531,11.020357583259962
307,-0.9556921427112639,0.29436801517820027,45.361085037661894,11.020361830785033
308,-0.9618361946274615,0.273625902839194,45.36105879887254,11.020365186749402
309,-0.9569407910093485,0.29028317640263346,45.361021311854486,11.0203843071529
310,-0.9465949557614027,0.32242516918979497,45.36098606717604,11.020396940288034
311,-0.9600913710655294,0.27968653740484506,45.36095889244265,11.020393875744965
312,-0.9473384492022754,0.32023407480002497,45.36091570904505,11.020423953128358
313,-0.9575003627306238,0.2884320637008374,45.360895403941996,11.020426995385108
314,-0.9415201228509512,0.33695676023301535,45.360864625841224,11.020433260065795
315,-0.9585064676343823,0.28507078332066726,45.360826713942856,11.020436618842243
316,-0.9636274895225698,0.2672490625548189,45.3607963198914,11.020455213997717
317,-0.9510356320366928,0.30908126212465253,45.3607579969646,11.020458107329759
318,-0.9632909206857249,0.26845968435586093,45.36072658964737,11.020476448417094
319,-0.9598681971622339,0.2804515003998425,45.36069336075441,11.02048087479483
320,-0.9493064770195414,0.31435205214654927,45.36066971565282,11.020498724322364
321,-0.9520735344855663,0.30586922848197917,45.36062727085985,11.020501690559426
322,-0.9616615412361944,0.27423909295945953,45.36060348544311,11.020519458206719
323,-0.9681933018555513,0.2502033777590647,45.36057285011591,11.020526650006724
324,-0.9522621656801249,0.30528145671527185,45.360535927176116,11.0205233347694
325,-0.9536215036805546,0.3010083515752309,45.36050170823159,11.020545890232414
326,-0.9526531196188611,0.3040592601458668,45.36046630742689,11.020550053239136
327,-0.9581704845221319,0.2861980478455834,45.36044028047007,11.02057190545192
328,-0.952147760351977,0.3056380906508778,45.36040794447951,11.020579654313295
329,-0.9572562163533695,0.2892413114560764,45.36036834646434,11.02059031051475
330,-0.958649081397184,0.28459082686610854,45.360332236784366,11.020591504135163
331,-0.9526985864107076,0.30391677059853,45.360304848688045,11.020597189289584
332,-0.9403890670875729,0.3401005770388582,45.360281705774,11.020617152255392
333,-0.9505090970208538,0.31069672750223964,45.36024809758284,11.02063069669277
334,-0.9553965555598061,0.2953259582638453,45.360213955171844,11.02064362484357
335,-0.941573887013432,0.3368064953269409,45.360177219577004,11.020646818430855
336,-0.96075707426184,0.2773911394688542,45.36015451784572,11.020663404184809
337,-0.9475882552711152,0.3194941290106029,45.36011615675187,11.020669236616683
338,-0.9572204772474143,0.2893595651403845,45.36008505157841,11.020689162410028
339,-0.9626036684855872,0.27091359769876777,45.360049406819925,11.02068452767524
340,-0.9499932084211481,0.3122705620991082,45.36002346908564,11.020700846703368
341,-0.9621171448255493,0.2726363872133229,45.35999302419459,11.0207088961759
342,-0.9566192727920947,0.2913409805069036,45.359955121576604,11.02073291643514
343,-0.9618287558604953,0.27365204987328656,45.35991643836282,11.020742075220742
344,-0.9555923279499258,0.2946918776675758,45.359884759187786,11.020737162109187
345,-0.9469623460179151,0.3213445428574235,45.35984924832877,11.020749923580125
346,-0.9498319992269932,0.31276056855756795,45.359821352819004,11.020759674219711
347,-0.9517236702716738,0.30695611322241867,45.359788166635546,11.02077613111248
348,-0.9486793731862079,0.3162395403661974,45.35975545570593,11.020784156496838
349,-0.9474638085632932,0.3198629885790779,45.359724628959015,11.020790669190315
350,0.14875683667235357,0.9888738056714996,45.359694864411,11.020801618028926
351,0.1568449526956099,0.9876232382917647,45.359688934124506,11.020803520675448
352,0.15848473175516048,0.987361428151057,45.35970899808882,11.02081529336487
353,0.14400278931884028,0.9895772818069308,45.359697212486076,11.020822139624253
354,0.13977559245228152,0.9901832071665393,45.359697086851746,11.020832120238266
355,0.12932229560415243,0.9916026138830374,45.35969242596595,11.020840304424265
356,0.1469718303599423,0.9891406781043071,45.359701070532566,11.020842295990414
357,0.13842810768484323,0.9903724849786536,45.35970599868191,11.020867159961075
358,0.13889802166831808,0.9903066896555973,45.359713445915425,11.020862695432225
359,0.11848478774460304,0.9929558676361787,45.35971849090374,11.020881789650293
