,Choice,Sin,Cosin,Lat,Lon
0,0,0.9537169507482269,0.30070579950427306,45.3596665575,11.020597651
1,0,0.955040636077442,0.2964749288570535,45.359698033768936,11.02058843904443
2,0,0.955040636077442,0.2964749288570535,45.35972930388586,11.020578225073386
3,0,0.955040636077442,0.2964749288570535,45.359760967833964,11.020568481928725
4,0,0.955040636077442,0.2964749288570535,45.35979311119294,11.020559344415322
5,0,0.955040636077442,0.2964749288570535,45.35982340203324,11.020548900067539
6,0,0.955040636077442,0.2964749288570535,45.35985643147278,11.02053917535734
7,0,0.955040636077442,0.2964749288570535,45.359887415893674,11.020528670767852
8,0,0.955040636077442,0.2964749288570535,45.35991776726673,11.020519381313774
9,0,0.955040636077442,0.2964749288570535,45.35995159344189,11.020508568242079
10,0,0.955040636077442,0.2964749288570535,45.35998344113465,11.020498818034646
11,0,0.955040636077442,0.2964749288570535,45.36001423431787,11.020490215493602
12,0,0.955040636077442,0.2964749288570535,45.360046436438616,11.020480319644687
13,0,0.955040636077442,0.2964749288570535,45.36007681146934,11.02047059870559
14,0,0.955040636077442,0.2964749288570535,45.36010849351126,11.02046092531458
15,0,0.955040636077442,0.2964749288570535,45.36014026751722,11.020451442343724
16,0,0.955040636077442,0.2964749288570535,45.36017261062772,11.020440927325959
17,0,0.955040636077442,0.2964749288570535,45.36020436136566,11.020431874445737
18,0,0.955040636077442,0.2964749288570535,45.36023409275785,11.020421106882427
19,0,0.955040636077442,0.2964749288570535,45.36026686483353,11.020411018053084
20,0,0.955040636077442,0.2964749288570535,45.360298487063375,11.02040119204776
21,0,0.955040636077442,0.2964749288570535,45.36032961601556,11.020391598624121
22,0,0.955040636077442,0.2964749288570535,45.3603605146662,11.020381885950533
23,0,0.955040636077442,0.2964749288570535,45.36039365563282,11.020371947160237
24,0,0.955040636077442,0.2964749288570535,45.36042334712729,11.020362761373965
25,0,0.955040636077442,0.2964749288570535,45.36045524934715,11.020352994295049
26,0,0.955040636077442,0.2964749288570535,45.360487780414196,11.020343676925586
27,0,0.955040636077442,0.2964749288570535,45.36051931619419,11.02033336721778
28,0,0.955040636077442,0.2964749288570535,45.360551093263965,11.020323370373172
29,0,0.955040636077442,0.2964749288570535,45.36058223220544,11.02031397437054
30,0,0.955040636077442,0.2964749288570535,45.360612738342176,11.020303430743569
31,0,0.955040636077442,0.2964749288570535,45.36064436715098,11.020293660175518
32,0,0.955040636077442,0.2964749288570535,45.360676067917076,11.020284381299918
33,0,0.955040636077442,0.2964749288570535,45.36070913237055,11.020273592069161
34,0,0.955040636077442,0.2964749288570535,45.36073897511755,11.020263944904855
35,0,0.955040636077442,0.2964749288570535,45.360771727103185,11.020254565498282
36,0,0.955040636077442,0.2964749288570535,45.36080357368089,11.020245203159256
37,0,0.955040636077442,0.2964749288570535,45.36083507783307,11.020235355895576
38,0,0.955040636077442,0.2964749288570535,45.36086720534738,11.020224437686212
39,0,0.955040636077442,0.2964749288570535,45.36089816921519,11.020215371520633
40,0,0.955040636077442,0.2964749288570535,45.36092922462749,11.02020565421071
41,0,0.955040636077442,0.2964749288570535,45.36096152401673,11.020195974574607
42,0,0.955040636077442,0.2964749288570535,45.36099303610518,11.020186119938659
43,0,0.955040636077442,0.2964749288570535,45.3610233739133,11.020175978391856
44,0,0.955040636077442,0.2964749288570535,45.361055122950326,11.020166065204338
45,0,0.955040636077442,0.2964749288570535,45.36108653782452,11.020155386417867
46,0,0.955040636077442,0.2964749288570535,45.36111864662273,11.02014600136904
47,0,0.955040636077442,0.2964749288570535,45.36114982971909,11.020136734226273
48,0,0.955040636077442,0.2964749288570535,45.36118218020424,11.020127098070677
49,0,0.955040636077442,0.2964749288570535,45.361213558622474,11.02011747106435
50,0,0.955040636077442,0.2964749288570535,45.361245057828874,11.020108710854979
51,0,0.955040636077442,0.2964749288570535,45.36127655443986,11.020097861616298
52,0,0.955040636077442,0.2964749288570535,45.361308260681405,11.020087427817085
53,0,0.955040636077442,0.2964749288570535,45.361339715137746,11.020078080820271
54,0,0.955040636077442,0.2964749288570535,45.361371104655476,11.020068590045078
55,0,0.955040636077442,0.2964749288570535,45.36140337545348,11.020058172407047
56,0,0.955040636077442,0.2964749288570535,45.36143498388252,11.020048513276537
57,0,0.955040636077442,0.2964749288570535,45.36146699112097,11.020037795185559
58,0,0.955040636077442,0.2964749288570535,45.36149817392907,11.020028615184227
59,0,0.955040636077442,0.2964749288570535,45.36152914870356,11.02001910709885
60,0,0.955040636077442,0.2964749288570535,45.361561761988625,11.020009478597371
61,0,0.955040636077442,0.2964749288570535,45.361593113041096,11.019999047769621
62,0,0.955040636077442,0.2964749288570535,45.36162449657246,11.019991033155682
63,0,0.955040636077442,0.2964749288570535,45.3616559740626,11.01998019132083
64,0,0.955040636077442,0.2964749288570535,45.36168841852457,11.019971274676694
65,0,0.955040636077442,0.2964749288570535,45.361719311124574,11.019960181559833
66,0,0.955040636077442,0.2964749288570535,45.361750039528765,11.019951035806077
67,0,0.955040636077442,0.2964749288570535,45.361782447316855,11.01994088459967
68,0,0.955040636077442,0.2964749288570535,45.3618144454329,11.019932099489882
69,0,0.955040636077442,0.2964749288570535,45.361844862393085,11.019921435668383
70,0,0.955040636077442,0.2964749288570535,45.36187629434914,11.019911722775786
71,0,0.955040636077442,0.2964749288570535,45.361907761081945,11.019901159464755
72,0,0.955040636077442,0.2964749288570535,45.36193985480899,11.019891970486832
73,0,0.955040636077442,0.2964749288570535,45.36197089976062,11.019881784266115
74,0,0.955040636077442,0.2964749288570535,45.362003141294124,11.019872001220724
75,0,0.955040636077442,0.2964749288570535,45.362035633944174,11.01986201261649
76,0,0.955040636077442,0.2964749288570535,45.36206491239072,11.019852288102953
77,0,0.955040636077442,0.2964749288570535,45.36209784107933,11.019841520715358
78,0,0.955040636077442,0.2964749288570535,45.36212931907621,11.019833556251793
79,0,0.955040636077442,0.2964749288570535,45.36216012472079,11.019823977810644
80,0,0.955040636077442,0.2964749288570535,45.36219235705039,11.019812640939366
81,0,0.955040636077442,0.2964749288570535,45.36222431756043,11.01980429962998
82,0,0.955040636077442,0.2964749288570535,45.36225589,11.01979384
83,0,0.1871863868101744,0.9823244151465196,45.36225688264582,11.019796986958024
84,0,0.1871863868101744,0.9823244151465196,45.3622572217954,11.01980114063768
85,0,0.1871863868101744,0.9823244151465196,45.36225864224967,11.019805624977751
86,0,0.1871863868101744,0.9823244151465196,45.362259586578084,11.019809129426221
87,0,0.1871863868101744,0.9823244151465196,45.36225881381719,11.019813130723849
88,0,0.1871863868101744,0.9823244151465196,45.36225959084222,11.01981655704232
89,0,0.1871863868101744,0.9823244151465196,45.36226002554897,11.019820816310649
90,0,0.1871863868101744,0.9823244151465196,45.36226175820318,11.019823729264084
91,0,0.1871863868101744,0.9823244151465196,45.36226161367698,11.019827166819043
92,0,0.1871863868101744,0.9823244151465196,45.36226302386243,11.019832585607364
93,0,0.1871863868101744,0.9823244151465196,45.36226404426387,11.019835832438693
94,0,0.1871863868101744,0.9823244151465196,45.362264467972565,11.019839395859462
95,0,0.1871863868101744,0.9823244151465196,45.36226501380301,11.019842846687594
96,0,0.1871863868101744,0.9823244151465196,45.36226536690139,11.019847400442337
97,0,0.1871863868101744,0.9823244151465196,45.36226684744175,11.01985030332944
98,0,0.1871863868101744,0.9823244151465196,45.36226747,11.01985461
99,0,-0.954287848765298,0.29888911271389534,45.36223910113669,11.019863379043775
100,0,-0.954287848765298,0.29888911271389534,45.36220991993403,11.01987295218792
101,0,-0.954287848765298,0.29888911271389534,45.3621818528765,11.019881488192988
102,0,-0.954287848765298,0.29888911271389534,45.36215209906372,11.019890425327421
103,0,-0.954287848765298,0.29888911271389534,45.36212413956337,11.019899049453004
104,0,-0.954287848765298,0.29888911271389534,45.36209443578593,11.01990885271523
105,0,-0.954287848765298,0.29888911271389534,45.36206637535373,11.019917910009006
106,0,-0.954287848765298,0.29888911271389534,45.362036840252664,11.019926345669333
107,0,-0.954287848765298,0.29888911271389534,45.362008451119394,11.019936269799159
108,0,-0.954287848765298,0.29888911271389534,45.361979188768366,11.019945491488025
109,0,-0.954287848765298,0.29888911271389534,45.36195175692543,11.019953530414794
110,0,-0.954287848765298,0.29888911271389534,45.36192126686479,11.019962771256997
111,0,-0.954287848765298,0.29888911271389534,45.36189411157742,11.019970999740613
112,0,-0.954287848765298,0.29888911271389534,45.36186426398551,11.019980202794459
113,0,-0.954287848765298,0.29888911271389534,45.36183547402754,11.01999029912941
114,0,-0.954287848765298,0.29888911271389534,45.36180757620848,11.019999160027497
115,0,-0.954287848765298,0.29888911271389534,45.36177884787382,11.020007931953398
116,0,-0.954287848765298,0.29888911271389534,45.361750151618224,11.020016843353556
117,0,-0.954287848765298,0.29888911271389534,45.361721119735215,11.020026727624447
118,0,-0.954287848765298,0.29888911271389534,45.361692798102034,11.020034794843825
119,0,-0.954287848765298,0.29888911271389534,45.36166365715446,11.020043294159994
120,0,-0.954287848765298,0.29888911271389534,45.361634704672085,11.02005227189356
121,0,-0.954287848765298,0.29888911271389534,45.361605870066796,11.02006265428121
122,0,-0.954287848765298,0.29888911271389534,45.36157714106696,11.02007029629277
123,0,-0.954287848765298,0.29888911271389534,45.361548938270666,11.020081098278501
124,0,-0.954287848765298,0.29888911271389534,45.36152013622038,11.02008861847253
125,0,-0.954287848765298,0.29888911271389534,45.36149087974901,11.020096888957053
126,0,-0.954287848765298,0.29888911271389534,45.36146205146343,11.02010680712917
127,0,-0.954287848765298,0.29888911271389534,45.36143386787573,11.020115221198141
128,0,-0.954287848765298,0.29888911271389534,45.361405578405886,11.020124746473204
129,0,-0.954287848765298,0.29888911271389534,45.361376024809815,11.020133285559258
130,0,-0.954287848765298,0.29888911271389534,45.361346529530636,11.020142302973678
131,0,-0.954287848765298,0.29888911271389534,45.36131834057543,11.020151301835467
132,0,-0.954287848765298,0.29888911271389534,45.36129051477254,11.020160386811668
133,0,-0.954287848765298,0.29888911271389534,45.361261736402334,11.020169684406735
134,0,-0.954287848765298,0.29888911271389534,45.36123203150818,11.020178041111455
135,0,-0.954287848765298,0.29888911271389534,45.36120340628477,11.020188558319328
136,0,-0.954287848765298,0.29888911271389534,45.36117548782639,11.020196785059941
137,0,-0.954287848765298,0.29888911271389534,45.36114599983793,11.020205701660698
138,0,-0.954287848765298,0.29888911271389534,45.36111678452993,11.020215162496644
139,0,-0.954287848765298,0.29888911271389534,45.36108852332965,11.020223995708612
140,0,-0.954287848765298,0.29888911271389534,45.36105964696109,11.020233109766307
141,0,-0.954287848765298,0.29888911271389534,45.36103101498602,11.02024197612352
142,0,-0.954287848765298,0.29888911271389534,45.36100216336901,11.020251403899374
143,0,-0.954287848765298,0.29888911271389534,45.360972389620486,11.020260254255112
144,0,-0.954287848765298,0.29888911271389534,45.36094434281262,11.020268792106883
145,0,-0.954287848765298,0.29888911271389534,45.36091637667319,11.020277354421488
146,0,-0.954287848765298,0.29888911271389534,45.36088641153803,11.020287348899808
147,0,-0.954287848765298,0.29888911271389534,45.360858459081555,11.020295829363368
148,0,-0.954287848765298,0.29888911271389534,45.36082920105426,11.020303565659034
149,0,-0.954287848765298,0.29888911271389534,45.360800804978595,11.020314027067958
150,0,-0.954287848765298,0.29888911271389534,45.36077291791997,11.020322834578215
151,0,-0.954287848765298,0.29888911271389534,45.36074298145447,11.020332009125548
152,0,-0.954287848765298,0.29888911271389534,45.360715013531035,11.02034066936621
153,0,-0.954287848765298,0.29888911271389534,45.36068636287986,11.0203507823074
154,0,-0.954287848765298,0.29888911271389534,45.360657944411805,11.020359436356872
155,0,-0.954287848765298,0.29888911271389534,45.3606293011284,11.020368342417243
156,0,-0.954287848765298,0.29888911271389534,45.360599987564086,11.020376866877491
157,0,-0.954287848765298,0.29888911271389534,45.3605713554435,11.020384928205692
158,0,-0.954287848765298,0.29888911271389534,45.36054236033424,11.020394398622587
159,0,-0.954287848765298,0.29888911271389534,45.36051321335562,11.020403397758928
160,0,-0.954287848765298,0.29888911271389534,45.360485316155724,11.020412921751834
161,0,-0.954287848765298,0.29888911271389534,45.360456695940904,11.020421599572579
162,0,-0.954287848765298,0.29888911271389534,45.36042744257342,11.020431257012591
163,0,-0.954287848765298,0.29888911271389534,45.360399115378115,11.02043886743902
164,0,-0.954287848765298,0.29888911271389534,45.3603697752745,11.020449026568862
165,0,-0.954287848765298,0.29888911271389534,45.360341145168036,11.020457725561558
166,0,-0.954287848765298,0.29888911271389534,45.3603123850408,11.020467369639212
167,0,-0.954287848765298,0.29888911271389534,45.360284943722654,11.020475431925588
168,0,-0.954287848765298,0.29888911271389534,45.36025384981033,11.020484974780436
169,0,-0.954287848765298,0.29888911271389534,45.360227110798704,11.020494185586642
170,0,-0.954287848765298,0.29888911271389534,45.360197178258744,11.020502928883749
171,0,-0.954287848765298,0.29888911271389534,45.36016776773918,11.020512064375946
172,0,-0.954287848765298,0.29888911271389534,45.36014014043579,11.020521189733754
173,0,-0.954287848765298,0.29888911271389534,45.360110658577184,11.020530013934264
174,0,-0.954287848765298,0.29888911271389534,45.36008245416741,11.020538756368929
175,0,-0.954287848765298,0.29888911271389534,45.36005283262431,11.020547632879587
176,0,-0.954287848765298,0.29888911271389534,45.36002482330795,11.02055673910191
177,0,-0.954287848765298,0.29888911271389534,45.359996371905005,11.020566229369688
178,0,-0.954287848765298,0.29888911271389534,45.35996834340495,11.020574950299984
179,0,-0.954287848765298,0.29888911271389534,45.359938440038626,11.020584191771947
180,0,-0.954287848765298,0.29888911271389534,45.35990961977539,11.02059237115819
181,0,-0.954287848765298,0.29888911271389534,45.35988147048089,11.020602717969776
182,0,-0.954287848765298,0.29888911271389534,45.359851981036755,11.020610746204657
183,0,-0.954287848765298,0.29888911271389534,45.35982349507911,11.020620828654112
184,0,-0.954287848765298,0.29888911271389534,45.359794657133904,11.020628948453718
185,0,-0.954287848765298,0.29888911271389534,45.3597666014077,11.020638096684985
186,0,-0.954287848765298,0.29888911271389534,45.35973653561913,11.02064708021697
187,0,-0.954287848765298,0.29888911271389534,45.35970807836144,11.02065558590298
188,0,-0.954287848765298,0.29888911271389534,45.35967972,11.02066511
189,0,0.18092866714612515,0.9834962213474573,45.359680278749074,11.0206712127647
190,0,0.18092866714612515,0.9834962213474573,45.359681664351655,11.020676302666468
191,0,0.18092866714612515,0.9834962213474573,45.35968262317751,11.020681016264502
192,0,0.18092866714612515,0.9834962213474573,45.359682942660164,11.020686122294736
193,0,0.18092866714612515,0.9834962213474573,45.359685824316024,11.020692343224383
194,0,0.18092866714612515,0.9834962213474573,45.35968606322937,11.020698144581505
195,0,0.18092866714612515,0.9834962213474573,45.35968597690256,11.020703414782574
196,0,0.18092866714612515,0.9834962213474573,45.359687599030785,11.020708417118117
197,0,0.18092866714612515,0.9834962213474573,45.35968785183048,11.020713202003146
198,0,0.18092866714612515,0.9834962213474573,45.35968970042953,11.020718558580729
199,0,0.18092866714612515,0.9834962213474573,45.35969022887623,11.020724500119607
200,0,0.18092866714612515,0.9834962213474573,45.35969262179203,11.020729139893255
201,0,0.18092866714612515,0.9834962213474573,45.359692350174086,11.020734510696853
202,0,0.18092866714612515,0.9834962213474573,45.35969351,11.02074007
203,0,0.9528471844721362,0.30345056111914304,45.3597272664275,11.02072867588659
204,0,0.9528471844721362,0.30345056111914304,45.35976123552683,11.0207183879298
205,0,0.9528471844721362,0.30345056111914304,45.359794872018114,11.020708001299493
206,0,0.9528471844721362,0.30345056111914304,45.359828940243595,11.020696715478293
207,0,0.9528471844721362,0.30345056111914304,45.35986307723168,11.020685988648808
208,0,0.9528471844721362,0.30345056111914304,45.359897271283124,11.02067459965722
209,0,0.9528471844721362,0.30345056111914304,45.35993085725984,11.02066419320718
210,0,0.9528471844721362,0.30345056111914304,45.359964888319645,11.020653804655904
211,0,0.9528471844721362,0.30345056111914304,45.359999188335635,11.020641898277097
212,0,0.9528471844721362,0.30345056111914304,45.36003279786373,11.020631286949437
213,0,0.9528471844721362,0.30345056111914304,45.36006648939335,11.020620084820218
214,0,0.9528471844721362,0.30345056111914304,45.36010024247843,11.02061077001171
215,0,0.9528471844721362,0.30345056111914304,45.36013462290536,11.020598281004752
216,0,0.9528471844721362,0.30345056111914304,45.36016846293979,11.020589104092137
217,0,0.9528471844721362,0.30345056111914304,45.36020269304444,11.020578613140971
218,0,0.9528471844721362,0.30345056111914304,45.36023573361484,11.020566690676844
219,0,0.9528471844721362,0.30345056111914304,45.36026984781386,11.020556522331129
220,0,0.9528471844721362,0.30345056111914304,45.360303979223545,11.020546040382003
221,0,0.9528471844721362,0.30345056111914304,45.3603383255014,11.020534604016422
222,0,0.9528471844721362,0.30345056111914304,45.36037217029148,11.020524203003763
223,0,0.9528471844721362,0.30345056111914304,45.36040446169815,11.020513954722173
224,0,0.9528471844721362,0.30345056111914304,45.36043915549323,11.020502694068762
225,0,0.9528471844721362,0.30345056111914304,45.36047383906413,11.020491141945083
226,0,0.9528471844721362,0.30345056111914304,45.360507503829254,11.02048063276837
227,0,0.9528471844721362,0.30345056111914304,45.36054162538255,11.020469714419798
228,0,0.9528471844721362,0.30345056111914304,45.36057510215676,11.020459128036405
229,0,0.9528471844721362,0.30345056111914304,45.36060947263315,11.02044879699251
230,0,0.9528471844721362,0.30345056111914304,45.36064299942391,11.02043746608428
231,0,0.9528471844721362,0.30345056111914304,45.36067741544689,11.020426932145176
232,0,0.9528471844721362,0.30345056111914304,45.36071100681717,11.020416066296617
233,0,0.9528471844721362,0.30345056111914304,45.36074441578466,11.020405536650623
234,0,0.9528471844721362,0.30345056111914304,45.36077858200672,11.020394890046749
235,0,0.9528471844721362,0.30345056111914304,45.360812716011786,11.020383860892492
236,0,0.9528471844721362,0.30345056111914304,45.36084583248133,11.020372479015569
237,0,0.9528471844721362,0.30345056111914304,45.36087975117989,11.020363083440328
238,0,0.9528471844721362,0.30345056111914304,45.36091452779143,11.02035238542183
239,0,0.9528471844721362,0.30345056111914304,45.36094780112343,11.020340495818353
240,0,0.9528471844721362,0.30345056111914304,45.36098157291097,11.020329823534231
241,0,0.9528471844721362,0.30345056111914304,45.36101583908067,11.020318647277442
242,0,0.9528471844721362,0.30345056111914304,45.36105079887678,11.02030745714558
243,0,0.9528471844721362,0.30345056111914304,45.36108335757188,11.02029697144925
244,0,0.9528471844721362,0.30345056111914304,45.36111776007318,11.020286933783522
245,0,0.9528471844721362,0.30345056111914304,45.36115267754113,11.020275853641738
246,0,0.9528471844721362,0.30345056111914304,45.36118591818703,11.020264546276307
247,0,0.9528471844721362,0.30345056111914304,45.36121887706283,11.020253988359515
248,0,0.9528471844721362,0.30345056111914304,45.36125250200888,11.020243633210667
249,0,0.9528471844721362,0.30345056111914304,45.36128786541555,11.020232792125253
250,0,0.9528471844721362,0.30345056111914304,45.361320493602456,11.020221897934043
251,0,0.9528471844721362,0.30345056111914304,45.361355370046034,11.020211111215831
252,0,0.9528471844721362,0.30345056111914304,45.361389147035055,11.020200036795972
253,0,0.9528471844721362,0.30345056111914304,45.36142309245547,11.020188884477706
254,0,0.9528471844721362,0.30345056111914304,45.3614563948724,11.020178913804376
255,0,0.9528471844721362,0.30345056111914304,45.361490379654725,11.020167402717423
256,0,0.9528471844721362,0.30345056111914304,45.361523985107105,11.020156762483582
257,0,0.9528471844721362,0.30345056111914304,45.36155867099103,11.020146257242775
258,0,0.9528471844721362,0.30345056111914304,45.36159214954626,11.020135026671714
259,0,0.9528471844721362,0.30345056111914304,45.36162577020647,11.020124839513128
260,0,0.9528471844721362,0.30345056111914304,45.36166130795163,11.020113122370555
261,0,0.9528471844721362,0.30345056111914304,45.361695126604644,11.020101893742442
262,0,0.9528471844721362,0.30345056111914304,45.361728369736255,11.020092271827043
263,0,0.9528471844721362,0.30345056111914304,45.36176217440583,11.020081386506423
264,0,0.9528471844721362,0.30345056111914304,45.361796385220735,11.020070021535618
265,0,0.9528471844721362,0.30345056111914304,45.3618295162468,11.0200591963297
266,0,0.9528471844721362,0.30345056111914304,45.3618640160311,11.020048583522703
267,0,0.9528471844721362,0.30345056111914304,45.361897349887876,11.020038049737378
268,0,0.9528471844721362,0.30345056111914304,45.36193294180755,11.02002766739855
269,0,0.9528471844721362,0.30345056111914304,45.36196571399598,11.020016130918812
270,0,0.9528471844721362,0.30345056111914304,45.36200004203252,11.020004732854789
271,0,0.9528471844721362,0.30345056111914304,45.36203321007759,11.019994420072404
272,0,0.9528471844721362,0.30345056111914304,45.36206741563835,11.019984314259062
273,0,0.9528471844721362,0.30345056111914304,45.36210116410945,11.019974048331983
274,0,0.9528471844721362,0.30345056111914304,45.36213539769847,11.019962824618105
275,0,0.9528471844721362,0.30345056111914304,45.362168908180166,11.019951510697723
276,0,0.9528471844721362,0.30345056111914304,45.36220185758307,11.019940817120915
277,0,0.9528471844721362,0.30345056111914304,45.36223694822953,11.019930022703981
278,0,0.9528471844721362,0.30345056111914304,45.36227073,11.01991931
279,0,0.2108778085845649,0.9775124295100148,45.362271243366635,11.019923439627984
280,0,0.2108778085845649,0.9775124295100148,45.36227244858688,11.019927439141647
281,0,0.2108778085845649,0.9775124295100148,45.36227263096765,11.019931416984031
282,0,0.2108778085845649,0.9775124295100148,45.36227409209544,11.019935852305133
283,0,0.2108778085845649,0.9775124295100148,45.36227517186099,11.019939172149527
284,0,0.2108778085845649,0.9775124295100148,45.362276138859876,11.019943412027885
285,0,0.2108778085845649,0.9775124295100148,45.36227798039686,11.019947817457048
286,0,0.2108778085845649,0.9775124295100148,45.362277803137225,11.01995089460147
287,0,0.2108778085845649,0.9775124295100148,45.36227872365717,11.01995482256545
288,0,0.2108778085845649,0.9775124295100148,45.36227860073235,11.019960114704705
289,0,0.2108778085845649,0.9775124295100148,45.362280091300946,11.019963372958259
290,0,0.2108778085845649,0.9775124295100148,45.36228150644001,11.019967660404774
291,0,0.2108778085845649,0.9775124295100148,45.36228232119626,11.01997178313723
292,0,0.2108778085845649,0.9775124295100148,45.36228343201759,11.01997608567332
293,0,0.2108778085845649,0.9775124295100148,45.3622835671881,11.019980449266901
294,0,0.2108778085845649,0.9775124295100148,45.36228426497359,11.019984206380753
295,0,0.2108778085845649,0.9775124295100148,45.36228557,11.0199881
296,0,-0.9544055299292257,0.29851312272748404,45.362252923830646,11.019998799322723
297,0,-0.9544055299292257,0.29851312272748404,45.36221976020088,11.020008445554058
298,0,-0.9544055299292257,0.29851312272748404,45.362187750341846,11.0200189222481
299,0,-0.9544055299292257,0.29851312272748404,45.36215439107197,11.020029709059724
300,0,-0.9544055299292257,0.29851312272748404,45.36212135427593,11.020039274016128
301,0,-0.9544055299292257,0.29851312272748404,45.3620890371778,11.020049643729307
302,0,-0.9544055299292257,0.29851312272748404,45.36205691556686,11.020059762860681
303,0,-0.9544055299292257,0.29851312272748404,45.36202386018442,11.02007090455325
304,0,-0.9544055299292257,0.29851312272748404,45.361990643419134,11.02008028526512
305,0,-0.9544055299292257,0.29851312272748404,45.36195833023706,11.020089649529059
306,0,-0.9544055299292257,0.29851312272748404,45.361925648425164,11.020101045440185
307,0,-0.9544055299292257,0.29851312272748404,45.36189248324118,11.020110696440762
308,0,-0.9544055299292257,0.29851312272748404,45.36186124496309,11.020121388310425
309,0,-0.9544055299292257,0.29851312272748404,45.36182758851313,11.020131567316954
310,0,-0.9544055299292257,0.29851312272748404,45.36179414154658,11.020141967635958
311,0,-0.9544055299292257,0.29851312272748404,45.361762758990054,11.020150167520868
312,0,-0.9544055299292257,0.29851312272748404,45.36172927999899,11.020162719731614
313,0,-0.9544055299292257,0.29851312272748404,45.361696001034865,11.020172583359054
314,0,-0.9544055299292257,0.29851312272748404,45.36166411650944,11.02018256077435
315,0,-0.9544055299292257,0.29851312272748404,45.36163067905674,11.020193506617682
316,0,-0.9544055299292257,0.29851312272748404,45.36159832098138,11.020203484194365
317,0,-0.9544055299292257,0.29851312272748404,45.3615650096,11.020212210334234
318,0,-0.9544055299292257,0.29851312272748404,45.36153311744092,11.020224314567676
319,0,-0.9544055299292257,0.29851312272748404,45.361499688341084,11.020233576997413
320,0,-0.9544055299292257,0.29851312272748404,45.3614673218345,11.020243708484083
321,0,-0.9544055299292257,0.29851312272748404,45.36143443655972,11.020253847872791
322,0,-0.9544055299292257,0.29851312272748404,45.36140107753481,11.020263440250043
323,0,-0.9544055299292257,0.29851312272748404,45.36136929737785,11.020274728527514
324,0,-0.9544055299292257,0.29851312272748404,45.361336412665196,11.020284666539165
325,0,-0.9544055299292257,0.29851312272748404,45.36130359997608,11.020295694894413
326,0,-0.9544055299292257,0.29851312272748404,45.361270609976124,11.020305798203937
327,0,-0.9544055299292257,0.29851312272748404,45.361238681818186,11.020315284234819
328,0,-0.9544055299292257,0.29851312272748404,45.36120598973148,11.020325400793816
329,0,-0.9544055299292257,0.29851312272748404,45.36117249319954,11.020336199931165
330,0,-0.9544055299292257,0.29851312272748404,45.36114023424022,11.020346465684975
331,0,-0.9544055299292257,0.29851312272748404,45.36110733507398,11.020357468885626
332,0,-0.9544055299292257,0.29851312272748404,45.36107438362821,11.020366661920022
333,0,-0.9544055299292257,0.29851312272748404,45.36104114376576,11.020377238874126
334,0,-0.9544055299292257,0.29851312272748404,45.361009382804305,11.020387145280935
335,0,-0.9544055299292257,0.29851312272748404,45.360976557746596,11.020397467039988
336,0,-0.9544055299292257,0.29851312272748404,45.36094244173335,11.020408117747026
337,0,-0.9544055299292257,0.29851312272748404,45.36090977585957,11.020417851246885
338,0,-0.9544055299292257,0.29851312272748404,45.36087774781473,11.020429377898784
339,0,-0.9544055299292257,0.29851312272748404,45.36084481502109,11.020438338014767
340,0,-0.9544055299292257,0.29851312272748404,45.360813396438324,11.020448395964241
341,0,-0.9544055299292257,0.29851312272748404,45.36078086714326,11.020458696711673
342,0,-0.9544055299292257,0.29851312272748404,45.36074906661407,11.02046908905995
343,0,-0.9544055299292257,0.29851312272748404,45.360714724229716,11.020479502764788
344,0,-0.9544055299292257,0.29851312272748404,45.36068192500865,11.020490223744735
345,0,-0.9544055299292257,0.29851312272748404,45.36064875866449,11.02049974597055
346,0,-0.9544055299292257,0.29851312272748404,45.36061606300911,11.02051026129694
347,0,-0.9544055299292257,0.29851312272748404,45.360583821327694,11.020520724253785
348,0,-0.9544055299292257,0.29851312272748404,45.3605505009627,11.020529804105385
349,0,-0.9544055299292257,0.29851312272748404,45.36051815441111,11.020540567441474
350,0,-0.9544055299292257,0.29851312272748404,45.3604847721754,11.020550735492911
351,0,-0.9544055299292257,0.29851312272748404,45.36045267045752,11.020561116292788
352,0,-0.9544055299292257,0.29851312272748404,45.36041907713342,11.020570933623317
353,0,-0.9544055299292257,0.29851312272748404,45.360388308183595,11.020582288984615
354,0,-0.9544055299292257,0.29851312272748404,45.360354685591105,11.020591003486894
355,0,-0.9544055299292257,0.29851312272748404,45.360322842664544,11.020602063755184
356,0,-0.9544055299292257,0.29851312272748404,45.36029033723177,11.020612601637136
357,0,-0.9544055299292257,0.29851312272748404,45.36025720652025,11.020622812717363
358,0,-0.9544055299292257,0.29851312272748404,45.36022430344875,11.0206333169966
359,0,-0.9544055299292257,0.29851312272748404,45.36019135662017,11.020643042492194
360,0,-0.9544055299292257,0.29851312272748404,45.36015879557302,11.020653938197054
361,0,-0.9544055299292257,0.29851312272748404,45.36012583494678,11.020663775973201
362,0,-0.9544055299292257,0.29851312272748404,45.360092575178896,11.020673660378092
363,0,-0.9544055299292257,0.29851312272748404,45.36005983532987,11.020683826556526
364,0,-0.9544055299292257,0.29851312272748404,45.36002660283623,11.020694703979336
365,0,-0.9544055299292257,0.29851312272748404,45.35999379185132,11.02070483065879
366,0,-0.9544055299292257,0.29851312272748404,45.35996187833417,11.020715063683339
367,0,-0.9544055299292257,0.29851312272748404,45.359929603124,11.020725274037842
368,0,-0.9544055299292257,0.29851312272748404,45.35989615190388,11.020735117756049
369,0,-0.9544055299292257,0.29851312272748404,45.35986402427919,11.020746134079312
370,0,-0.9544055299292257,0.29851312272748404,45.359831769750166,11.020756018126718
371,0,-0.9544055299292257,0.29851312272748404,45.35979755120214,11.0207659753604
372,0,-0.9544055299292257,0.29851312272748404,45.35976525269876,11.020775882681955
373,0,-0.9544055299292257,0.29851312272748404,45.35973342378837,11.020787463622241
374,0,-0.9544055299292257,0.29851312272748404,45.35970006,11.02079678
375,0,0.18563850809759755,0.9826181070544641,45.359702297352214,11.020810796618335
376,0,0.18563850809759755,0.9826181070544641,45.35970530937125,11.020824637070666
377,0,0.18563850809759755,0.9826181070544641,45.35970787191849,11.020837592720559
378,0,0.18563850809759755,0.9826181070544641,45.35971057199372,11.020853227415794
379,0,0.18563850809759755,0.9826181070544641,45.3597129710974,11.020865793550156
380,0,0.18563850809759755,0.9826181070544641,45.35971575,11.02087983
381,0,0.9539872079080639,0.29984730638739515,45.35974871692554,11.020869834448963
382,0,0.9539872079080639,0.29984730638739515,45.35978047915342,11.020859303444015
383,0,0.9539872079080639,0.29984730638739515,45.35981333334952,11.020848925784065
384,0,0.9539872079080639,0.29984730638739515,45.35984583985487,11.020838825903988
385,0,0.9539872079080639,0.29984730638739515,45.35987983378835,11.02082935956184
386,0,0.9539872079080639,0.29984730638739515,45.35991306200023,11.02081880909451
387,0,0.9539872079080639,0.29984730638739515,45.359944891566414,11.020807319581722
388,0,0.9539872079080639,0.29984730638739515,45.35997739860015,11.020798002291608
389,0,0.9539872079080639,0.29984730638739515,45.36001085689215,11.02078652890569
390,0,0.9539872079080639,0.29984730638739515,45.360042606595066,11.02077658472182
391,0,0.9539872079080639,0.29984730638739515,45.36007547659238,11.020766680566867
392,0,0.9539872079080639,0.29984730638739515,45.36010931701039,11.020755489988803
393,0,0.9539872079080639,0.29984730638739515,45.36014248270438,11.020745854507762
394,0,0.9539872079080639,0.29984730638739515,45.36017509103642,11.020736736724817
395,0,0.9539872079080639,0.29984730638739515,45.36020671435664,11.020725022654483
396,0,0.9539872079080639,0.29984730638739515,45.36023984583156,11.02071444156948
397,0,0.9539872079080639,0.29984730638739515,45.36027311214874,11.020705377699262
398,0,0.9539872079080639,0.29984730638739515,45.36030529106194,11.02069529109558
399,0,0.9539872079080639,0.29984730638739515,45.36033788054009,11.020684517125167
400,0,0.9539872079080639,0.29984730638739515,45.36037159968032,11.020673744631871
401,0,0.9539872079080639,0.29984730638739515,45.36040379161531,11.020663185130704
402,0,0.9539872079080639,0.29984730638739515,45.360436430658794,11.020653257340575
403,0,0.9539872079080639,0.29984730638739515,45.36046851110915,11.020642867565188
404,0,0.9539872079080639,0.29984730638739515,45.36050194919843,11.020632577933236
405,0,0.9539872079080639,0.29984730638739515,45.36053429380319,11.020621901432838
406,0,0.9539872079080639,0.29984730638739515,45.36056635654824,11.020612309047603
407,0,0.9539872079080639,0.29984730638739515,45.360600890769824,11.020602230260202
408,0,0.9539872079080639,0.29984730638739515,45.360632753335416,11.020591160511575
409,0,0.9539872079080639,0.29984730638739515,45.36066628840572,11.020581172055593
410,0,0.9539872079080639,0.29984730638739515,45.36069754504824,11.020570810010131
411,0,0.9539872079080639,0.29984730638739515,45.360729863980055,11.020560503604482
412,0,0.9539872079080639,0.29984730638739515,45.360764456332376,11.020550491981052
413,0,0.9539872079080639,0.29984730638739515,45.360797148210324,11.020540334775864
414,0,0.9539872079080639,0.29984730638739515,45.3608283407953,11.020529462984266
415,0,0.9539872079080639,0.29984730638739515,45.36086238213432,11.020519600939387
416,0,0.9539872079080639,0.29984730638739515,45.36089475961336,11.020509161477586
417,0,0.9539872079080639,0.29984730638739515,45.3609281294403,11.020499446335371
418,0,0.9539872079080639,0.29984730638739515,45.36095998023514,11.020488669318784
419,0,0.9539872079080639,0.29984730638739515,45.36099249746781,11.020477726261824
420,0,0.9539872079080639,0.29984730638739515,45.36102628564104,11.020468217029254
421,0,0.9539872079080639,0.29984730638739515,45.361059073687635,11.020457765947825
422,0,0.9539872079080639,0.29984730638739515,45.36109185000871,11.020447430780806
423,0,0.9539872079080639,0.29984730638739515,45.36112484504766,11.020437892466413
424,0,0.9539872079080639,0.29984730638739515,45.36115723135765,11.020426263945335
425,0,0.9539872079080639,0.29984730638739515,45.36118961644602,11.020415490335369
426,0,0.9539872079080639,0.29984730638739515,45.361222342196086,11.020405715901871
427,0,0.9539872079080639,0.29984730638739515,45.36125383247425,11.020394565393334
428,0,0.9539872079080639,0.29984730638739515,45.361288112827665,11.020385899888495
429,0,0.9539872079080639,0.29984730638739515,45.36132051381489,11.020376016910346
430,0,0.9539872079080639,0.29984730638739515,45.3613547677363,11.020364878832465
431,0,0.9539872079080639,0.29984730638739515,45.36138687292732,11.020355204906743
432,0,0.9539872079080639,0.29984730638739515,45.36141895419748,11.020344659519113
433,0,0.9539872079080639,0.29984730638739515,45.361451628231606,11.020335442895274
434,0,0.9539872079080639,0.29984730638739515,45.36148348842197,11.020324459603959
435,0,0.9539872079080639,0.29984730638739515,45.36151745985566,11.02031400101815
436,0,0.9539872079080639,0.29984730638739515,45.361549783407746,11.020303456861896
437,0,0.9539872079080639,0.29984730638739515,45.36158201759204,11.020292855822628
438,0,0.9539872079080639,0.29984730638739515,45.36161590535922,11.020282873057715
439,0,0.9539872079080639,0.29984730638739515,45.36164757341806,11.020272862749902
440,0,0.9539872079080639,0.29984730638739515,45.36168122405436,11.020262491814506
441,0,0.9539872079080639,0.29984730638739515,45.361713439674155,11.02025148977183
442,0,0.9539872079080639,0.29984730638739515,45.361746413306406,11.020241326194558
443,0,0.9539872079080639,0.29984730638739515,45.36177934240325,11.020231224844064
444,0,0.9539872079080639,0.29984730638739515,45.3618121364411,11.020220568008769
445,0,0.9539872079080639,0.29984730638739515,45.3618453116236,11.020210791323002
446,0,0.9539872079080639,0.29984730638739515,45.3618786312107,11.020200030640366
447,0,0.9539872079080639,0.29984730638739515,45.361909906454066,11.02019013135046
448,0,0.9539872079080639,0.29984730638739515,45.36194276316051,11.020180113378087
449,0,0.9539872079080639,0.29984730638739515,45.36197477143475,11.02016976059465
450,0,0.9539872079080639,0.29984730638739515,45.36200839707977,11.02016047844413
451,0,0.9539872079080639,0.29984730638739515,45.3620410657565,11.020149253135033
452,0,0.9539872079080639,0.29984730638739515,45.36207406604429,11.02013825900444
453,0,0.9539872079080639,0.29984730638739515,45.36210695094545,11.02012802867934
454,0,0.9539872079080639,0.29984730638739515,45.362139853173346,11.020117892356822
455,0,0.9539872079080639,0.29984730638739515,45.3621719283708,11.020107616143626
456,0,0.9539872079080639,0.29984730638739515,45.362205640978075,11.020097917909935
457,0,0.9539872079080639,0.29984730638739515,45.3622381202255,11.020087552840284
458,0,0.9539872079080639,0.29984730638739515,45.36227031602242,11.020076642382934
459,0,0.9539872079080639,0.29984730638739515,45.36230304,11.02006662
460,0,0.05017981546841942,0.9987401995111418,45.36230276374442,11.02007077996479
461,0,0.05017981546841942,0.9987401995111418,45.36230357040398,11.020075449162587
462,0,0.05017981546841942,0.9987401995111418,45.36230473256832,11.020080068904301
463,0,0.05017981546841942,0.9987401995111418,45.362303681644114,11.020083324087711
464,0,0.05017981546841942,0.9987401995111418,45.36230360449328,11.02008782670554
465,0,0.05017981546841942,0.9987401995111418,45.36230520515165,11.020091507190415
466,0,0.05017981546841942,0.9987401995111418,45.362304623638614,11.020096212229724
467,0,0.05017981546841942,0.9987401995111418,45.36230408883979,11.020099074809563
468,0,0.05017981546841942,0.9987401995111418,45.36230645975949,11.02010472028366
469,0,0.05017981546841942,0.9987401995111418,45.36230547135159,11.020108979241275
470,0,0.05017981546841942,0.9987401995111418,45.36230558491444,11.020113078549851
471,0,0.05017981546841942,0.9987401995111418,45.3623054880541,11.020117803659256
472,0,0.05017981546841942,0.9987401995111418,45.36230583,11.02012215
473,0,-0.9547295369557065,0.2974752279843521,45.362273478602454,11.020133099525335
474,0,-0.9547295369557065,0.2974752279843521,45.36224077753825,11.020142443326808
475,0,-0.9547295369557065,0.2974752279843521,45.36220811927937,11.020151589500562
476,0,-0.9547295369557065,0.2974752279843521,45.36217652146262,11.020162470362035
477,0,-0.9547295369557065,0.2974752279843521,45.36214237704275,11.020173303435705
478,0,-0.9547295369557065,0.2974752279843521,45.36211057718264,11.020182732472362
479,0,-0.9547295369557065,0.2974752279843521,45.36207941600912,11.02019313645473
480,0,-0.9547295369557065,0.2974752279843521,45.36204631398705,11.020201991254144
481,0,-0.9547295369557065,0.2974752279843521,45.362013849398146,11.020213739420955
482,0,-0.9547295369557065,0.2974752279843521,45.36198134742506,11.020224438789752
483,0,-0.9547295369557065,0.2974752279843521,45.3619480952486,11.020233279072606
484,0,-0.9547295369557065,0.2974752279843521,45.361916555808605,11.020243653831331
485,0,-0.9547295369557065,0.2974752279843521,45.3618843392515,11.02025304159655
486,0,-0.9547295369557065,0.2974752279843521,45.36185178039096,11.020264458923277
487,0,-0.9547295369557065,0.2974752279843521,45.36181957363892,11.020273850276666
488,0,-0.9547295369557065,0.2974752279843521,45.36178720693654,11.02028382643523
489,0,-0.9547295369557065,0.2974752279843521,45.36175447253833,11.02029325630947
490,0,-0.9547295369557065,0.2974752279843521,45.36172181624091,11.02030417943229
491,0,-0.9547295369557065,0.2974752279843521,45.36168988785194,11.020313901072251
492,0,-0.9547295369557065,0.2974752279843521,45.361656637339856,11.020323716384755
493,0,-0.9547295369557065,0.2974752279843521,45.3616245199201,11.020334666595273
494,0,-0.9547295369557065,0.2974752279843521,45.361591704906104,11.020344662989269
495,0,-0.9547295369557065,0.2974752279843521,45.36155983724733,11.020354488081264
496,0,-0.9547295369557065,0.2974752279843521,45.36152818944531,11.020363802448292
497,0,-0.9547295369557065,0.2974752279843521,45.36149536045778,11.020375297884938
498,0,-0.9547295369557065,0.2974752279843521,45.36146270423713,11.020384322058357
499,0,-0.9547295369557065,0.2974752279843521,45.36143089860765,11.020395740473958
500,0,-0.9547295369557065,0.2974752279843521,45.361399273390845,11.020404476290746
501,0,-0.9547295369557065,0.2974752279843521,45.361365484406946,11.020414427531279
502,0,-0.9547295369557065,0.2974752279843521,45.36133288767035,11.020425463322818
503,0,-0.9547295369557065,0.2974752279843521,45.36130029061531,11.02043525192069
504,0,-0.9547295369557065,0.2974752279843521,45.361268290164766,11.020445936905512
505,0,-0.9547295369557065,0.2974752279843521,45.36123569947318,11.020455370854213
506,0,-0.9547295369557065,0.2974752279843521,45.36120318748004,11.02046559083554
507,0,-0.9547295369557065,0.2974752279843521,45.361171250998595,11.020477277937513
508,0,-0.9547295369557065,0.2974752279843521,45.361137878942166,11.020485340973634
509,0,-0.9547295369557065,0.2974752279843521,45.361106895250614,11.020496193679532
510,0,-0.9547295369557065,0.2974752279843521,45.36107306392447,11.020506431166302
511,0,-0.9547295369557065,0.2974752279843521,45.36104163958678,11.020516354352896
512,0,-0.9547295369557065,0.2974752279843521,45.361008522166024,11.020525632391035
513,0,-0.9547295369557065,0.2974752279843521,45.3609760249952,11.020536377190657
514,0,-0.9547295369557065,0.2974752279843521,45.36094442840283,11.020545836350374
515,0,-0.9547295369557065,0.2974752279843521,45.36091161604451,11.020556631454443
516,0,-0.9547295369557065,0.2974752279843521,45.360879422937884,11.020566049134066
517,0,-0.9547295369557065,0.2974752279843521,45.36084633863921,11.02057637858304
518,0,-0.9547295369557065,0.2974752279843521,45.36081383490933,11.020587122400356
519,0,-0.9547295369557065,0.2974752279843521,45.36078171983642,11.020597596417602
520,0,-0.9547295369557065,0.2974752279843521,45.36074930116079,11.02060696995249
521,0,-0.9547295369557065,0.2974752279843521,45.36071598425663,11.020617744703124
522,0,-0.9547295369557065,0.2974752279843521,45.36068420462085,11.02062753445082
523,0,-0.9547295369557065,0.2974752279843521,45.36065255867126,11.020637897845628
524,0,-0.9547295369557065,0.2974752279843521,45.360619443358445,11.020648358098988
525,0,-0.9547295369557065,0.2974752279843521,45.360587738252775,11.020658481303155
526,0,-0.9547295369557065,0.2974752279843521,45.36055452608555,11.020667057359988
527,0,-0.9547295369557065,0.2974752279843521,45.3605220455127,11.020677526132317
528,0,-0.9547295369557065,0.2974752279843521,45.36049047402624,11.02068777675498
529,0,-0.9547295369557065,0.2974752279843521,45.360457769973145,11.020698748155949
530,0,-0.9547295369557065,0.2974752279843521,45.360425260206455,11.02070684146739
531,0,-0.9547295369557065,0.2974752279843521,45.36039258508054,11.020717888694113
532,0,-0.9547295369557065,0.2974752279843521,45.3603601483126,11.020728176031362
533,0,-0.9547295369557065,0.2974752279843521,45.360327624105174,11.020738615579699
534,0,-0.9547295369557065,0.2974752279843521,45.36029496278304,11.02074817518215
535,0,-0.9547295369557065,0.2974752279843521,45.36026338203635,11.020758374955188
536,0,-0.9547295369557065,0.2974752279843521,45.360230219326134,11.020769342829231
537,0,-0.9547295369557065,0.2974752279843521,45.36019762930797,11.020779881832262
538,0,-0.9547295369557065,0.2974752279843521,45.36016630456035,11.020789223836973
539,0,-0.9547295369557065,0.2974752279843521,45.36013359187773,11.02079903945695
540,0,-0.9547295369557065,0.2974752279843521,45.3601010226038,11.020808916688855
541,0,-0.9547295369557065,0.2974752279843521,45.36006839295191,11.020818299919943
542,0,-0.9547295369557065,0.2974752279843521,45.36003612500786,11.020830301699844
543,0,-0.9547295369557065,0.2974752279843521,45.3600033172956,11.02083957467349
544,0,-0.9547295369557065,0.2974752279843521,45.35997188590674,11.020849203007968
545,0,-0.9547295369557065,0.2974752279843521,45.35993892808144,11.020860245917344
546,0,-0.9547295369557065,0.2974752279843521,45.359905699768994,11.020870490755854
547,0,-0.9547295369557065,0.2974752279843521,45.359873367472375,11.020879693087256
548,0,-0.9547295369557065,0.2974752279843521,45.35984211269982,11.020890929964722
549,0,-0.9547295369557065,0.2974752279843521,45.35980888877997,11.02090144188193
550,0,-0.9547295369557065,0.2974752279843521,45.35977521709826,11.020910012156827
551,0,-0.9547295369557065,0.2974752279843521,45.35974319224442,11.020920463611214
552,0,-0.9547295369557065,0.2974752279843521,45.35971167,11.02093044
553,0,0.158371280329442,0.9873796319384015,45.359712569726604,11.020934315381403
554,0,0.158371280329442,0.9873796319384015,45.35971323947732,11.020939055793663
555,0,0.158371280329442,0.9873796319384015,45.35971397557657,11.020944287368156
556,0,0.158371280329442,0.9873796319384015,45.35971414963555,11.020947666774898
557,0,0.158371280329442,0.9873796319384015,45.35971492284399,11.020952592183887
558,0,0.158371280329442,0.9873796319384015,45.35971628392916,11.020956445653358
559,0,0.158371280329442,0.9873796319384015,45.35971584150589,11.020960727313017
560,0,0.158371280329442,0.9873796319384015,45.35971669094692,11.02096490933456
561,0,0.158371280329442,0.9873796319384015,45.35971802409751,11.020969496483458
562,0,0.158371280329442,0.9873796319384015,45.35971814624228,11.020973986676202
563,0,0.158371280329442,0.9873796319384015,45.359719584716615,11.020977787859191
564,0,0.158371280329442,0.9873796319384015,45.35972019761608,11.020982832455575
565,0,0.158371280329442,0.9873796319384015,45.35972018245677,11.020986758075102
566,0,0.158371280329442,0.9873796319384015,45.35972186774077,11.020991394912501
567,0,0.158371280329442,0.9873796319384015,45.359722384088826,11.020995564550564
568,0,0.158371280329442,0.9873796319384015,45.359722864973754,11.020999547646099
569,0,0.158371280329442,0.9873796319384015,45.359723402389236,11.021003635818534
