,Sin,Cosin,Lat,Lon
0,0.9577318819388309,-0.2876623755688348,45.359667660428634,11.02060234681898
1,0.9553139177373048,-0.2955931639558028,45.35969694719541,11.020588935539308
2,0.9620714308774441,-0.27279765741191264,45.359733189696875,11.020582580124463
3,0.9471761029808965,-0.32071393786663244,45.359760279143565,11.020575560016558
4,0.9509306786874362,-0.30940401473001594,45.359800304925706,11.020554381544315
5,0.9509480459895924,-0.30935063250068867,45.35982771205216,11.02055418953798
6,0.9539745397038779,-0.2998876082747906,45.359864571550176,11.020545136238287
7,0.9591745205767689,-0.2828148494621977,45.35989813882418,11.020528093831468
8,0.9431756105355521,-0.33229470006439854,45.35993730879684,11.02052111149125
9,0.9565586759361767,-0.2915398763312293,45.359953378420585,11.020511430089858
10,0.9474722040401374,-0.31983811932182854,45.3599839205872,11.020508050146168
11,0.9509423551367538,-0.3093681257126596,45.360022433246385,11.020492045835544
12,0.9499244675955035,-0.31247960871615144,45.36005264365182,11.020479887767543
13,0.9491896809975895,-0.31470454316341595,45.360093864321684,11.02047144625009
14,0.9519249942827701,-0.30633120190367175,45.360127706801286,11.020458613509375
15,0.947096242837063,-0.32094969512981175,45.36015793326027,11.020450414773105
16,0.9573148767433306,-0.2890471012930277,45.36018472384615,11.020439938505485
17,0.9560939067955725,-0.2930604739441659,45.36022031687312,11.020426182581216
18,0.9607578171065989,-0.27738856657865885,45.36024838670506,11.020423770605134
19,0.9496971860102923,-0.3131696902385865,45.36027697038114,11.020411528723994
20,0.9559140397972378,-0.2936466388680875,45.36031801524556,11.020413454756163
21,0.9549527322160934,-0.2967579472112216,45.360345140223274,11.020387097714814
22,0.9637041998825333,-0.2669723115395422,45.3603770071423,11.020372341335142
23,0.9519527050903961,-0.3062450771377024,45.36041531469938,11.020367703255722
24,0.9550727350853944,-0.2963715079026731,45.36043961686924,11.02035810611264
25,0.9486332530686806,-0.3163778613815014,45.36048997901037,11.02035045188097
26,0.9489840374135166,-0.3153241137850725,45.36050479627219,11.02033887961371
27,0.9564177790444635,-0.29200176699406444,45.36054140071773,11.020326796938635
28,0.9540723477728926,-0.29957629281223286,45.36057542602269,11.020314951101307
29,0.9548100074526856,-0.2972168394761685,45.36060968520406,11.02030587586981
30,0.9457420554639805,-0.32491839671949213,45.36063898971644,11.020297234762035
31,0.9488334780034988,-0.3157768690385411,45.36066931323203,11.02028313417085
32,0.9521995589954552,-0.3054766764400528,45.360702905883414,11.020283579811123
33,0.9448683955676567,-0.3274503245645089,45.360741048313784,11.020266111600812
34,0.9582747112154716,-0.2858488723869741,45.36076675357485,11.020260524828275
35,0.9571979194990455,-0.28943417715725767,45.360795783400945,11.020257571430736
36,0.957616805988513,-0.28804522715774805,45.3608319243309,11.020244512022092
37,0.947902483881767,-0.3185606395190347,45.360862033438416,11.020221155787747
38,0.9637606115333665,-0.26676859570952394,45.36088938687127,11.020218845301947
39,0.9510179469284924,-0.3091356734832057,45.36093196998137,11.02021526900131
40,0.9469907001399765,-0.3212609746738577,45.36096404485709,11.02019846169533
41,0.9616187855016206,-0.2743889782232301,45.36098713378441,11.02018464983147
42,0.9534460297181947,-0.30156370540005545,45.36103166045542,11.020174356399156
43,0.9470129119459468,-0.32119549281965093,45.3610553141146,11.020162489266815
44,0.9516521433219539,-0.3071777956017187,45.36109155049187,11.02015529484618
45,0.9567507839587659,-0.2909088128508432,45.36112024649021,11.020141588164725
46,0.950054822482542,-0.3120830566975168,45.361161325064316,11.020138989779587
47,0.9525906406415813,-0.30425494467972364,45.361180363171805,11.020121501594758
48,0.9498502586536721,-0.31270511050437316,45.36121237447189,11.020117792402942
49,0.9556045320207691,-0.2946523008248314,45.36124970139239,11.020105526043539
50,0.9540300268501856,-0.2997110406178493,45.36128369504035,11.020093820499131
51,0.9569717569165866,-0.29018107530295867,45.361321022339794,11.020086363675867
52,0.9540657536183663,-0.2995972926657029,45.36135270728164,11.020071625530088
53,0.9652182282865635,-0.26144554267255654,45.36138178361053,11.0200538762708
54,0.956675799980521,-0.29115530860973543,45.361412983736585,11.020041217441545
55,0.9495241342206219,-0.31369398867778536,45.361454654967986,11.020046008701481
56,0.9494354746255249,-0.3139622262671169,45.36147685082779,11.02002419782251
57,0.9553697857423616,-0.295412546264701,45.36151218450865,11.020028921739456
58,0.9533709704597536,-0.3018009156457739,45.361547331728325,11.020010251814575
59,0.9506041364043408,-0.3104058244475406,45.361592116797,11.020005696543436
60,0.9501784753699339,-0.31170637616780944,45.361608585936175,11.019982559162354
61,0.9535164974185405,-0.30134081892547937,45.36163081285945,11.01998407098874
62,0.9535875315436763,-0.3011159572065855,45.361683785153105,11.019967069295378
63,0.9511748656228317,-0.3086525149863322,45.36170721335641,11.019962555261747
64,0.9439606187360713,-0.3300581013630986,45.36173193323084,11.01995379204008
65,0.9511289517683134,-0.30879397194263586,45.36177677017791,11.019937249526146
66,0.9471715913057762,-0.3207272620518619,45.36180546034145,11.019934192625295
67,0.955591805669445,-0.29469357125225787,45.361837050827695,11.019914517433676
68,0.9577920816244493,-0.28746187291100767,45.361872752619085,11.019915396777295
69,0.9453553521301197,-0.3260418043732082,45.36190102825879,11.019896742695131
70,0.9498870562369188,-0.31259331469748447,45.36193178326486,11.019895357742389
71,0.9475755624188733,-0.3195317722958954,45.36196633895486,11.019886661401964
72,0.9545130762059776,-0.29816905834073676,45.36199831984002,11.019870148385285
73,0.956249323205763,-0.2925529556653295,45.36202954965108,11.019862323050353
74,0.9524000501621147,-0.3048510200921121,45.36206584172149,11.019856446065292
75,0.9580619819377264,-0.28656105591227077,45.36209669680262,11.019843119679622
76,0.9537173336145945,-0.30070458520459603,45.36214010843528,11.019834832690508
77,0.9555013972595395,-0.2949865756861955,45.36216551637347,11.019819923481661
78,0.9542307438283938,-0.2990713753148406,45.362194616048,11.019810017734047
79,0.9555516236067142,-0.29482383659156924,45.36221812624816,11.019800090515574
80,0.1308957902281277,0.9913961327847481,45.362258810874145,11.019789797671354
81,0.16921577239518096,0.9855790289838265,45.36225959393209,11.019787456494821
82,0.14112929518721656,0.9899911727081002,45.36225262932759,11.019808956111257
83,0.14637845284862172,0.9892286634250161,45.36225653015368,11.019811690092757
84,0.14147396708360122,0.9899419763994394,45.36225229423158,11.019818592676572
85,0.10586869135451844,0.9943801185617509,45.36226109902013,11.019830991681095
86,0.11250052528896766,0.9936516652276624,45.362270561238454,11.019849051082344
87,0.1448319968538243,0.9894562611289768,45.3622704722399,11.019844104731572
88,0.11013168417064184,0.9939170046546835,45.36227967986162,11.019853025075282
89,0.13522462938489233,0.9908149673918529,45.36227004045354,11.019857577992852
90,-0.9582159544777891,0.2860457735821658,45.362273368042764,11.019866409403202
91,-0.95384273831083,0.30030656098676495,45.36222808707835,11.019874852735727
92,-0.9626439648732567,0.270770376690465,45.36220966668882,11.019880640401224
93,-0.9450297110486706,0.3269844724681375,45.36217634357928,11.019896542092814
94,-0.9585528048179058,0.2849149353328563,45.36213987885497,11.01990821366305
95,-0.9527104906199497,0.3038794515308574,45.36212461867402,11.01991041196526
96,-0.949911528608191,0.3125189399336465,45.36207252252296,11.019922610858963
97,-0.9589287249595227,0.2836471407356402,45.36204723929987,11.01993052299673
98,-0.9561547773884822,0.29286181327920163,45.362009445982885,11.019939212902539
99,-0.9577392424442656,0.2876378686513379,45.36198370149026,11.019950463627428
100,-0.9622024144190746,0.27233529643823895,45.36194590008229,11.01995923000322
101,-0.9615028617684812,0.2747949177314256,45.36191313707682,11.019962744538454
102,-0.9561228071757939,0.2929661714230495,45.361881039819764,11.019978892673615
103,-0.9581421958746469,0.2862927391403942,45.36185819602912,11.019987867083055
104,-0.9624674254256568,0.2713972273154387,45.36182193241075,11.019983925407075
105,-0.957630919996658,0.2879983004574063,45.361781202668425,11.019999892142984
106,-0.9574272770937429,0.2886745729655823,45.36175413490899,11.020002985191589
107,-0.9738228172665363,0.22730842608901755,45.36171930986255,11.020011089851728
108,-0.9706657602631737,0.24043290509561066,45.36167752373484,11.020001623187838
109,-0.970894003229701,0.23950957077454196,45.36164443053115,11.020018318589086
110,-0.9737984574322074,0.22741276196083043,45.36160980082431,11.020026281736836
111,-0.9751128108866205,0.22170928272130147,45.361578365843066,11.020032527788285
112,-0.9764275904702884,0.21584522364042916,45.361549681468134,11.020026217052603
113,-0.9783593872631726,0.2069128061624737,45.36150985402675,11.020028445548911
114,-0.9784496382536592,0.20648560579682942,45.361469524468944,11.020028176979134
115,-0.9786948384936324,0.2053202695934397,45.361444054736126,11.020028269282069
116,-0.9857209639860662,0.1683869981868563,45.36140567724766,11.020025302722953
117,-0.9822262622952329,0.18770074495732916,45.3613841394384,11.020035554920176
118,-0.9902309736589915,0.1394367914374315,45.36134288411116,11.020020968351448
119,-0.9911287283047976,0.13290539465693169,45.361303889632524,11.020020513950765
120,-0.9878834277440098,0.15519772288518205,45.36126104715714,11.020016420986531
121,-0.9938104166968117,0.11108940392723976,45.36122549240891,11.02001316965556
122,-0.9855604891508193,0.16932372020717512,45.36120756093916,11.020008879330833
123,-0.9931261413548668,0.11704899554286353,45.36116772439209,11.020011197498247
124,-0.9936924629391967,0.11213959647614805,45.361138096013434,11.020006836144175
125,-0.9935633688267784,0.11327767708415945,45.36109367126932,11.020004950217773
126,-0.9948564794964889,0.10129454676265677,45.36106190964534,11.019997813621359
127,-0.9929063258924274,0.11889923466028178,45.36102894170387,11.019994711637498
128,-0.9941002809371612,0.1084648857495233,45.360999770610825,11.019994833957886
129,-0.9901919824697157,0.13971341328839637,45.36095809065377,11.019995224229737
130,-0.9945031204450723,0.10470694067259419,45.36092423510244,11.019996599545694
131,-0.9958913154084731,0.09055654528514902,45.36088992385822,11.020006478861239
132,-0.9936062109413162,0.11290127359264197,45.360861441210226,11.020005935516796
133,-0.9929624682506444,0.11842945852104543,45.36082427505304,11.020019773930379
134,-0.9928743222868037,0.11916618708140389,45.36078975057315,11.020028000680782
135,-0.9916429527573833,0.12901261274239,45.36076303781474,11.020031921306794
136,-0.9902346528823298,0.13941066039228048,45.36073269988713,11.020043572891021
137,-0.9935632944363133,0.11327832956421859,45.3606893334842,11.020071114082093
138,-0.9919776546627895,0.12641334047366765,45.36066210435206,11.020089410039054
139,-0.9865411063823353,0.1635134410925228,45.360624302332404,11.020095558385247
140,-0.9885552655526121,0.1508591626259558,45.360584133859255,11.02011372311792
141,-0.9898211918362223,0.14231657736160064,45.36056944350251,11.020136377339298
142,-0.9810742433361338,0.1936319422575532,45.36053727955019,11.020153791386203
143,-0.9794860301317101,0.2015120760074261,45.36050438220354,11.020180859831065
144,-0.9820254375186076,0.18874861606482632,45.360477741584695,11.020206496474453
145,-0.976846712174148,0.2139404144021351,45.36044546771298,11.02022484593456
146,-0.9776486198955547,0.21024551366513683,45.36041222539669,11.020253090476416
147,-0.9793397225991419,0.20222192695015978,45.360379133955355,11.0202774159606
148,-0.9696172468001862,0.24462705228086845,45.360355420362005,11.020297142934215
149,-0.9730433097669412,0.23062245623051666,45.360321816601974,11.02031699831508
150,-0.9655307383796528,0.26028905709622646,45.36030084109642,11.020336134535277
151,-0.966091486404239,0.25819999980102265,45.36027116783589,11.02036411946019
152,-0.9610042982408622,0.2765334315459671,45.360236699766155,11.020382462852053
153,-0.9612414605000479,0.27570791540275896,45.360203963383285,11.020406469734418
154,-0.9609866711394773,0.27659468160517103,45.360184608101086,11.020413865459624
155,-0.9630800661247707,0.26921513002264075,45.36015367360913,11.020435045054711
156,-0.9669223200399577,0.25507102345924293,45.36012895040743,11.020457676277209
157,-0.9558963649682649,0.29370416994053317,45.3600961175522,11.020476956981645
158,-0.9636741745676262,0.2670806718416822,45.36005963150462,11.020492479838753
159,-0.9587759213122985,0.28416321491662694,45.36002508939179,11.020505609607769
160,-0.9599637387140436,0.28012429447328435,45.360004911561376,11.02052448668253
161,-0.95823710245756,0.28597492105731875,45.35996957423235,11.02054147456409
162,-0.9563926350899596,0.29208411039576143,45.359937817745234,11.02055503718256
163,-0.9595656848803898,0.2814848066948344,45.359899708484875,11.02056657572053
164,-0.9597957027257783,0.28069949951706263,45.35987677898962,11.0205888048282
165,-0.953639894719401,0.3009500809097244,45.35984033778734,11.020584350203896
166,-0.9423849294801254,0.33453048394539336,45.3598200941081,11.0205963187401
167,-0.952516931607642,0.304485623635604,45.35977322214055,11.020627133860724
168,-0.947924948862516,0.3184937853773547,45.35973987036656,11.020634537297955
169,-0.9490418243289538,0.31515014782539946,45.35972131863278,11.020663610860579
170,0.10488387616482209,0.9944844757564807,45.35968402776555,11.020661822879461
171,0.13574578449805486,0.990743701464212,45.35968633706691,11.020665652241538
172,0.11715905269256362,0.9931131639305669,45.359684222816,11.020683315675752
173,0.14513087347652637,0.9894124668528997,45.35968254626828,11.02069015936072
174,0.15230694738611736,0.9883332402473988,45.359678213030556,11.020685354740126
175,0.12066699023136122,0.9926930429233926,45.35968420300381,11.020699989538793
176,0.13692694931330612,0.9905811478883249,45.35968789510796,11.020711054071088
177,0.14008847373711808,0.9901389900039311,45.35968992041143,11.020720758694285
178,0.14422795658313428,0.9895444894191738,45.35969269486989,11.020742627976507
179,0.11049627638594091,0.9938765380593516,45.35970285815715,11.020736381950048
180,0.9532917397216177,-0.30205108670311276,45.35969345673236,11.020746726554874
181,0.9482654899395898,-0.31747844114148865,45.359726830335724,11.02073830604149
182,0.9396377712266747,-0.3421708036699907,45.35975852323506,11.020710694447466
183,0.9520842596240644,-0.3058358425301016,45.359799028851924,11.020718862498466
184,0.9602737621216014,-0.27905967422905453,45.359823278247454,11.020701111360031
185,0.9571205517432894,-0.2896899194494371,45.35985038293387,11.020687336145553
186,0.9604013629960724,-0.2786202109598052,45.35989010508529,11.020689528133502
187,0.9600396487134351,-0.2798640257306827,45.359923855400496,11.020677443476158
188,0.9603328006913145,-0.2788564360318332,45.35994896237499,11.020663394675971
189,0.9539571259621412,-0.2999429976279682,45.359981692837884,11.020651700390314
190,0.9553959954742891,-0.29532777016679657,45.3600231539186,11.02064646342847
191,0.9574330462232474,-0.2886554381952175,45.36005046292794,11.020630037964535
192,0.9553551510462212,-0.29545987099681054,45.36008211697607,11.020619955187305
193,0.9542604032680236,-0.29897672610882103,45.36011390295273,11.020619863413613
194,0.9573984642600234,-0.28877011727765184,45.360149774985416,11.02059505296384
195,0.9595569646954508,-0.2815145316044155,45.36017444077621,11.02060104967872
196,0.9497715964747847,-0.3129439479039957,45.36020259071658,11.020576667752024
197,0.9500145262130971,-0.31220570139589787,45.36024052806552,11.020563797702508
198,0.9614957566390092,-0.2748197772453415,45.36026612043473,11.020553443661559
199,0.9470702813604811,-0.32102629512826397,45.36030661913298,11.020550824443939
200,0.9582210460505973,-0.2860287169248903,45.360339276008446,11.020539877747805
201,0.9442920909213898,-0.32910856419016166,45.36036031423637,11.020529300976138
202,0.9546311086832732,-0.2977909440096269,45.36039882800417,11.020522180556059
203,0.9577119096736806,-0.28772886207190235,45.36043038465761,11.02051265553699
204,0.9540396549797395,-0.29968039096033544,45.3604617226331,11.020495821621077
205,0.9504941118418738,-0.3107425676567782,45.36049289449891,11.020489173736497
206,0.953340781469062,-0.3018962642828794,45.36053378391419,11.020481126493829
207,0.9592055753806938,-0.28270950489608965,45.36056441306855,11.02046358897689
208,0.9531630845429562,-0.3024568304147841,45.360600592514416,11.020455188966071
209,0.9546561787468221,-0.29771056477813435,45.360626765324646,11.02044466168751
210,0.9474507503385655,-0.31990166564569356,45.36065815123853,11.020427822562302
211,0.9453557113719757,-0.3260407627527357,45.360681779407216,11.020424924873153
212,0.9496819654945984,-0.3132158431725899,45.36073284096102,11.020423179816285
213,0.949521121913375,-0.313703106520107,45.360764930561885,11.02040885444761
214,0.957537374245216,-0.28830916898977926,45.36078119545157,11.020394538002598
215,0.9517064899707794,-0.30700937599281664,45.360812137955016,11.020386029152867
216,0.955993547905863,-0.293387689520812,45.36085799833594,11.02036855554043
217,0.9462577203509809,-0.3234135536370808,45.3608811983595,11.020374108713826
218,0.947334223381286,-0.3202465756422317,45.3609149740791,11.020349662525208
219,0.9580234282822523,-0.28668992110348124,45.3609441000829,11.020339444216308
220,0.9599736844103505,-0.280090209110595,45.36098107071404,11.020332291200809
221,0.9581600225807296,-0.2862330713388927,45.361008156191986,11.020326865321584
222,0.9522588759952306,-0.3052917180145902,45.36104258398544,11.020319838665143
223,0.9467180550877782,-0.3220635405798282,45.361072081797246,11.02030355534982
224,0.9601585116004255,-0.27945595824969527,45.361101517323064,11.02030152806468
225,0.9587914367500432,-0.2841108600789276,45.36113410257829,11.020276574456759
226,0.9509443216894112,-0.30936208081577415,45.36117387000842,11.020274762013894
227,0.9545157670519828,-0.2981604441389986,45.3612141991194,11.020259540945812
228,0.9524372968859812,-0.30473463127863426,45.36123707219502,11.020246099256328
229,0.9477116714021898,-0.3191278550801665,45.36126667341636,11.020240682695597
230,0.9517985272619748,-0.30672392065493675,45.3612993565045,11.020234280592863
231,0.9569286167006191,-0.2903233069173735,45.36133073521876,11.020209321367481
232,0.9536021403107657,-0.3010696895981504,45.36136660469188,11.02021889289495
233,0.9502432929872224,-0.3115087224024388,45.361398855629766,11.020199083957325
234,0.9500880356883418,-0.31198192967200566,45.36142232243506,11.020184435722008
235,0.9506365800581676,-0.31030644958703496,45.36145654900497,11.02018328076258
236,0.9588059371315004,-0.2840619209281408,45.361496876157844,11.020167701445326
237,0.9538996058783852,-0.30012587676683494,45.36152380453953,11.020147170142875
238,0.950464987237332,-0.3108316393740159,45.361558665078455,11.020145918600965
239,0.9512961066169526,-0.30827863619691104,45.36158724892271,11.020133242023682
240,0.9520394666454511,-0.30597525055050595,45.361614697918334,11.020122874073355
241,0.948052029590955,-0.3181153080071295,45.36165080733454,11.020117020430037
242,0.955551073634679,-0.29482561909646243,45.36169015449913,11.020097515456843
243,0.9565157309876512,-0.29168074391903104,45.361711969184746,11.020090572067982
244,0.952064751188755,-0.3058965667409394,45.3617552906184,11.02008131699842
245,0.9579199080125839,-0.28703562467603705,45.361781452357576,11.020074796126618
246,0.9646974912739351,-0.2633604950059441,45.36181135883036,11.020064258922675
247,0.9511373276406477,-0.30876817188403205,45.3618475260387,11.020042835418185
248,0.9572188690483775,-0.289364885115221,45.3618841726362,11.020040304072957
249,0.9550678580414156,-0.29638722397597095,45.36190909719523,11.020029774629725
250,0.95097262668012,-0.3092750609168369,45.361951349698714,11.020016233600497
251,0.9591375718805476,-0.2829401318425639,45.36197686824637,11.02001442130824
252,0.9560817193121605,-0.2931002319976962,45.36200712403242,11.020002227196015
253,0.9526219571092827,-0.3041568786552099,45.362037989761646,11.019992982748084
254,0.9464875378245878,-0.3227403611926301,45.362062000702565,11.019994951013928
255,0.9517148176641335,-0.3069835595573892,45.36210486447337,11.019974900713352
256,0.9526864154158033,-0.3039549208060093,45.3621300647835,11.019964539860775
257,0.9516667243232242,-0.30713261926390095,45.36216233912549,11.019944785720106
258,0.9514925276169433,-0.3076718542361658,45.362193374999,11.019931889306271
259,0.945356386750796,-0.3260388044841891,45.362234551716504,11.019928265467367
260,0.15164707327702584,0.9884347045538782,45.36226303484114,11.019917987749695
261,0.13402184484719484,0.9909783777175738,45.362264726803076,11.01992559110258
262,0.11765369024516736,0.9930546858918164,45.36227054879191,11.019931170230501
263,0.11025533174223774,0.9939032960114424,45.362267120876666,11.019942781252366
264,0.1242596734454235,0.9922497334619127,45.36227847272763,11.019942676967313
265,0.14718103280983624,0.9891095710693684,45.36228147843575,11.019946030733042
266,0.1460482992110663,0.9892774607245203,45.362273329533,11.019957952115805
267,0.13287395976033836,0.9911329430594101,45.36229171634794,11.01996516338751
268,0.12105892203382826,0.9926453230615694,45.362275760111096,11.019977513168332
269,0.12328630336790238,0.992371143978843,45.362286703562035,11.019985467667121
270,-0.9594381052430859,0.28191935408474034,45.36228737314489,11.01998714010464
271,-0.9621590624317259,0.27248841916768163,45.362250667795905,11.019999148918506
272,-0.956191726792442,0.29274115121329974,45.36222889029945,11.020013106943113
273,-0.9582002244795612,0.28609846173532394,45.36218534030437,11.020019763017569
274,-0.964537946373134,0.26394421760344994,45.36215948856446,11.020027795248577
275,-0.9532545236714633,0.3021685177179972,45.362122282620525,11.020034053589317
276,-0.9611074144615507,0.2761748320666333,45.36209258867795,11.020046640192035
277,-0.9561472633269175,0.29288634456465584,45.362058315150634,11.02005186135135
278,-0.9616466183653535,0.27429141690268055,45.36201961018548,11.020075653291412
279,-0.9519536935349331,0.30624200457350514,45.36199152601559,11.020078314026579
280,-0.9570753235989682,0.28983930885566617,45.361965080768584,11.020081727972636
281,-0.9594495852183538,0.281880282077922,45.3619395622151,11.020092188549135
282,-0.9544216192216459,0.29846167720886957,45.36190245737509,11.020096372830503
283,-0.9573634723926039,0.28888610511475976,45.36185625273079,11.020111018012027
284,-0.9634593092134188,0.26785473579909275,45.36182515203438,11.020122373838563
285,-0.9637101833252524,0.26695071184622915,45.3618049057616,11.020130272553175
286,-0.9584471065488661,0.28527029980021823,45.361760460280344,11.02013106414759
287,-0.9674305152051511,0.25313671849397074,45.36173673399827,11.020139271312082
288,-0.9640752750347289,0.2656291852690734,45.361699463159965,11.020147478703235
289,-0.9658397730557544,0.2591399868480523,45.36166859856601,11.020157109748475
290,-0.9694394583585477,0.2453306678291274,45.36163573520677,11.0201501271872
291,-0.9658928270937235,0.25894216838687045,45.361603770965075,11.020170534266947
292,-0.9705504575457192,0.24089792310809785,45.36156591757315,11.020168278797051
293,-0.9733227119918807,0.2294404025466535,45.3615355375657,11.020174472778557
294,-0.9671685015202427,0.25413596688994694,45.36149881592132,11.02016353011218
295,-0.9750891715490838,0.22181322667442852,45.36145867549377,11.020185193031269
296,-0.9709191619147732,0.23940756259298587,45.3614353261198,11.02018909877298
297,-0.9811426429309169,0.19328505949124822,45.36139648189922,11.020186412756871
298,-0.9834327271459805,0.1812734706961268,45.361359653918946,11.020182890551514
299,-0.9788863011027062,0.2044055026496641,45.361331926163466,11.020192922634944
300,-0.9856512244118215,0.1687947387079259,45.361289300527694,11.02018098934871
301,-0.9810585121150321,0.19371163054044901,45.361256802998504,11.020200024369874
302,-0.9827200974630882,0.18509783910715552,45.36122504274469,11.020179249018124
303,-0.9775122927864824,0.21087844235794778,45.36118819833564,11.020180251667776
304,-0.9868672654939435,0.1615332792229095,45.361155642287514,11.020186274360972
305,-0.986137964820034,0.16592743697352,45.36112872500328,11.020198828907658
306,-0.9830168457939871,0.1835153423701697,45.36108740755721,11.020203273907754
307,-0.9823260717656851,0.1871776929267965,45.36105484189808,11.020198300826069
308,-0.9855103065769718,0.169615552443056,45.36101853909076,11.020192356310222
309,-0.9875689653989668,0.15718631804586067,45.36098819429075,11.020197062509686
310,-0.9808314577591288,0.19485802901112984,45.360944358790064,11.020211695800688
311,-0.9863536671473386,0.16464034531364766,45.36092188225446,11.02020790314467
312,-0.9886319692244098,0.15035567640586667,45.360884663745196,11.020222583272957
313,-0.9840325405385305,0.1779886489675264,45.36084846091721,11.020224228814056
314,-0.9823416209110553,0.18709607111278573,45.36082131890032,11.020246545889451
315,-0.9837235413862779,0.17968860320688118,45.36078620453052,11.020254858951276
316,-0.978644389846501,0.20556059501268642,45.36075987595711,11.020268061653999
317,-0.9811680167926563,0.19315621352461274,45.36072322224421,11.020273697932193
318,-0.980212635040635,0.1979474427889758,45.36069001728426,11.020295146722292
319,-0.9795587202874221,0.20115842887850346,45.360665197991665,11.02029858260406
320,-0.978358349540483,0.20691771283392385,45.360632332959575,11.020328454179959
321,-0.9785245427207993,0.20613034539594313,45.36060205459829,11.020334238714016
322,-0.9732339986088734,0.22981641358219707,45.360568173744994,11.020343702031736
323,-0.9753301603306377,0.22075116839874867,45.36053939434429,11.020377901968294
324,-0.9749825903973289,0.22228123722463447,45.36050192066881,11.02038950208752
325,-0.974443149127707,0.2246342563325492,45.36047763408942,11.020409797013011
326,-0.9730009866924068,0.23080095297810801,45.36044952822819,11.02043078116641
327,-0.9601217419818436,0.2795822608352506,45.36041724645293,11.020448785312215
328,-0.9568622418593956,0.2905419937011024,45.36037978280176,11.02046571124765
329,-0.9683712181953655,0.24951389494539933,45.3603559413366,11.020493821401274
330,-0.9738199290938363,0.2273207990916705,45.36032573713357,11.020509249094049
331,-0.9697570511680338,0.24407224690627893,45.360301115660064,11.020533090434087
332,-0.9676775947849311,0.25219054810054,45.3602740358559,11.02054585386356
333,-0.9602234008412758,0.27923291438656483,45.36022376753739,11.020564749612369
334,-0.9589134251572953,0.28369885980226317,45.3602035112143,11.02057688623621
335,-0.9563103561473842,0.29235338671762146,45.36016913718155,11.020591022661115
336,-0.9537129891315161,0.3007183638586587,45.36014060867996,11.020609581728243
337,-0.9473290846128125,0.3202617764371059,45.36010765776263,11.020628040032163
338,-0.9486303664658483,0.31638651649346605,45.36008559499283,11.020642114203685
339,-0.9543840320047184,0.2985818471615722,45.36005715450169,11.020647135937011
340,-0.9671337144682848,0.25426831957359197,45.36001767130007,11.020672048402535
341,-0.9559996258617371,0.29336788398224256,45.35998411772558,11.020677124307307
342,-0.9493708397729299,0.31415761742928006,45.35996349885996,11.020695265911352
343,-0.949977412660213,0.31231861205411304,45.35992071995417,11.020705998300915
344,-0.9550711785590765,0.29637652384387086,45.35989240829392,11.020721317064435
345,-0.9553374628552015,0.2955170588399028,45.359856528247164,11.020723864359224
346,-0.9515478309512277,0.30750077302669293,45.35982896393236,11.020741945422174
347,-0.9522506078523443,0.3053175066137557,45.35979966960543,11.02076388222993
348,-0.9516868253237204,0.30707032827230074,45.3597654578734,11.020765464738659
349,-0.9475443564312781,0.3196242991313944,45.359731207104275,11.02078697742757
350,0.11694287116224165,0.9931386433345202,45.35970473283183,11.020795224705033
351,0.1344921882153171,0.9909146538976279,45.359704404576505,11.020797540435925
352,0.1236050785327429,0.9923314892519104,45.359702180260015,11.02081340895013
353,0.12645526015267017,0.9919723117001404,45.35970569775131,11.020818283817398
354,0.14079048210692444,0.9900394134316571,45.359707689837684,11.020830433311271
355,0.12181256868328233,0.9925531210523599,45.359710620514335,11.02083173409287
356,0.11080511287416814,0.9938421539464619,45.35971330462183,11.020839197657946
357,0.14617550894583864,0.989258672231093,45.3597032455674,11.020857313407458
358,0.10118120338483723,0.9948680133975543,45.359711935947466,11.020857654507036
359,0.09318131704922904,0.9956491561554055,45.35971036819957,11.02086142350054
360,0.9512100279459923,-0.30854413417691895,45.359711120623835,11.020873393890888
361,0.941416657106257,-0.3372457230609162,45.35973396171635,11.020869997558364
362,0.9618749260082066,-0.27348971958138973,45.35978286769845,11.020857224867443
363,0.9465390183721609,-0.32258934684683255,45.359808355051875,11.020853757646915
364,0.9574896314966225,-0.28846768549780766,45.35984204632356,11.020833096558393
365,0.9572999271623841,-0.28909660920684305,45.359874514144494,11.020826035335679
366,0.9522994273384489,-0.3051652022935486,45.35990753865934,11.020810684802587
367,0.9543077609346073,-0.2988255300672557,45.35994237611244,11.020803980486667
368,0.942493750199803,-0.33422377359235156,45.35997678565338,11.020797695848524
369,0.962384877521045,-0.27168980017439603,45.36000534272125,11.020777779263133
370,0.9442337562675638,-0.3292758927174094,45.36002754835908,11.020771251781925
371,0.9506749324382281,-0.31018893086886645,45.360065334175516,11.020759349701427
372,0.9481367654760153,-0.3178626652387467,45.36010123126276,11.020748520252058
373,0.9533571344448032,-0.30184461930469036,45.36013279917365,11.020738112414373
374,0.9532894287805913,-0.30205838007771607,45.3601667383565,11.020736559151189
375,0.9564044795363504,-0.2920453244323602,45.36020301539524,11.020716938084108
376,0.9556489875651242,-0.2945080857391747,45.360239506989124,11.020713254192186
377,0.9446511913704984,-0.32807640366582,45.36026626314851,11.020706523894797
378,0.957897830701558,-0.28710929266961965,45.3602895532049,11.020684978133376
379,0.9443310563593741,-0.32899674161789005,45.36032761495926,11.020678124940073
380,0.9436389643067727,-0.33097659289146314,45.36035836104149,11.020673137369494
381,0.9586921940078456,-0.28444556095749385,45.36038846883785,11.020660115334154
382,0.9509836898192175,-0.3092410414188683,45.36041953889353,11.020647867352114
383,0.953019959328436,-0.30290750588525583,45.36045937818301,11.02064347324654
384,0.948212257921805,-0.31763739377918415,45.36049285770491,11.020633021614735
385,0.9598163904525729,-0.28062875230202994,45.360518256615556,11.02062867873298
386,0.9554188188796436,-0.2952539255126453,45.36056214721409,11.02060492224213
387,0.9534519022104635,-0.3015451378670344,45.36058852764276,11.020600711700236
388,0.9541580985017207,-0.29930306223555503,45.36061510186613,11.020590773625612
389,0.9548426128211502,-0.29711207437746273,45.36065902759948,11.020571802785003
390,0.9556141935539122,-0.2946209651031408,45.36068506552073,11.020574784337612
391,0.9559811248913032,-0.29342816642503594,45.36071871649607,11.020554439785508
392,0.9540322009738382,-0.29970411993333346,45.36074862982363,11.020539290185964
393,0.9436808179087328,-0.3308572409833357,45.360778777283386,11.020546725828082
394,0.9510063309035987,-0.3091714064742647,45.36081550163212,11.020527640494132
395,0.9633444913617426,-0.2682673870655644,45.36085424638464,11.020521837331815
396,0.9595259015809183,-0.281620390233601,45.3608803214882,11.020513581643698
397,0.9612936197729515,-0.27552599983271303,45.36090570016987,11.020493604083116
398,0.9496906704022606,-0.3131894483390283,45.36094842266599,11.02049367711706
399,0.9523368819841292,-0.3050482965249056,45.360977707736254,11.02047819115801
400,0.9604130430662008,-0.2785799467088757,45.36099953817976,11.020464114066876
401,0.9583622442267077,-0.2855552640746589,45.3610400889049,11.020463210289396
402,0.9490593987565005,-0.31509721933389045,45.361069905596544,11.020443100525167
403,0.9546859178042061,-0.2976151850063109,45.3611069009152,11.020438645735357
404,0.9593315619486136,-0.2822816930819876,45.36114206375287,11.02043015926021
405,0.9682977420577885,-0.24979888455673385,45.36116942405384,11.020420040469077
406,0.9499399957717727,-0.312432399781336,45.361202465209026,11.02041980127008
407,0.9523690856037419,-0.3049477410742579,45.36122456862508,11.020395664938873
408,0.9514396624856009,-0.3078352946776668,45.36126704725458,11.020389466035681
409,0.9637132649899813,-0.26693958657784345,45.36131136498519,11.020380082344166
410,0.9482658212103227,-0.31747745167855995,45.361333508638374,11.020364698424537
411,0.951480465044369,-0.3077091559231725,45.36136106062715,11.020351783314391
412,0.9531942786250148,-0.3023585077297108,45.36140459715016,11.020343195179562
413,0.9518933347591813,-0.30642956652556425,45.36142687118115,11.020327844212169
414,0.9562841394255165,-0.2924391298769701,45.361467506402406,11.020324654330654
415,0.9547936717316848,-0.297269312948928,45.36149844693191,11.020323804312737
416,0.9521005833548067,-0.3057850211757218,45.36153203850908,11.02031156505084
417,0.9609314402925784,-0.27678650085802736,45.361557783394645,11.020284217157888
418,0.9499601103068008,-0.31237123559298935,45.36159933563095,11.020288911217705
419,0.9580543578862626,-0.2865865442325252,45.36162617533611,11.020278173170828
420,0.9490909793405772,-0.3150020840158745,45.36165725179937,11.020276793183516
421,0.94917556367287,-0.3147471196473282,45.3616937662387,11.02026582561398
422,0.95895609277872,-0.2835546016600172,45.36172989370278,11.020238019442251
423,0.9503556782362351,-0.3111656871252765,45.361751505923536,11.020228241237374
424,0.9534310337233431,-0.30161111374290805,45.36179555811083,11.020219352974912
425,0.9624742691638372,-0.2713729559066961,45.36182220550007,11.02021908997747
426,0.954422369579823,-0.2984592777007204,45.361856240298124,11.020216400785616
427,0.9513242900850793,-0.30819165318697356,45.36188637036912,11.020191914241087
428,0.9639766919169656,-0.2659867241815344,45.36191253815486,11.0201841876926
429,0.9518302519657765,-0.306625457916929,45.36194027808005,11.020175080031303
430,0.9533222720053277,-0.30195470802522695,45.36197851062749,11.0201695815796
431,0.9458047975048757,-0.32473571564698733,45.36201265131255,11.020155487324113
432,0.9524038303709248,-0.304839209903829,45.36205015151452,11.020144541013893
433,0.9564359718958289,-0.29194217178009974,45.36207115680854,11.020135030842738
434,0.9536179532283885,-0.30101959949561263,45.36211300989717,11.020125874020653
435,0.9540099036229442,-0.2997750886737265,45.36215236005646,11.020115992554244
436,0.9587250082977404,-0.2843349406325178,45.3621855513605,11.02009702075364
437,0.9652358440962292,-0.2613804990274521,45.36221511325836,11.020089995247243
438,0.9537987995459474,-0.30044608498815517,45.362244233106686,11.020079866892392
439,0.9401964401455397,-0.34063272587591253,45.36227302020579,11.0200747317631
440,0.10544281320809201,0.9944253683121541,45.36230798360807,11.020063363725715
441,0.15115075753199145,0.9885107225000167,45.36231494500732,11.020065737906805
442,0.14023862428462935,0.9901177345441069,45.36231628375227,11.020073217877682
443,0.12015474117272607,0.9927551753447147,45.362307506250225,11.02008046360555
444,0.12188281231550614,0.992544497774313,45.36230992783352,11.02009679015698
445,0.1589284860614883,0.9872900973463693,45.36230784553224,11.020092537622103
446,0.12775911636418455,0.9918052269401704,45.362302781891614,11.020101480874606
447,0.08598089875706151,0.9962967856261145,45.36231017732188,11.020095597119024
448,0.1253639891229214,0.9921108154995529,45.36231207216302,11.0201137126183
449,0.1254753738003857,0.9920967344819019,45.36230611292051,11.020122493936567
450,-0.9478892065507726,0.3186001445457093,45.36230392328664,11.02012444572289
451,-0.9598639157405344,0.28046615350028986,45.3622757288513,11.020129539112963
452,-0.9527848314733072,0.30364628256308623,45.36223892309036,11.020152124100782
453,-0.959138713868504,0.2829362605935691,45.36219978921323,11.020151336754978
454,-0.9478728636701149,0.31864876324538854,45.36217265270373,11.020159033872682
455,-0.950398345833447,0.3110353424243743,45.36214235951463,11.020175333943254
456,-0.9607163846035818,0.27753203122202447,45.362111766543,11.02018152835322
457,-0.9559547629929411,0.29351403903580087,45.3620772029413,11.020191575878249
458,-0.951503358915049,0.3076383558228385,45.36204570429018,11.020206968489747
459,-0.9526857911945511,0.30395687729678406,45.36201835027002,11.020215457222967
460,-0.9657776748457358,0.2593713221803138,45.36197385696467,11.020224167171808
461,-0.9619199510643652,0.273331314972012,45.36194434406391,11.020222043912359
462,-0.9628069976703773,0.2701900909303562,45.36192247492275,11.02024094873105
463,-0.9535944053267631,0.3010941881363655,45.36188418384306,11.020250307619891
464,-0.968489681771794,0.24905368156598123,45.3618448854496,11.0202599001237
465,-0.9635674350915623,0.2674655081147247,45.36181632292209,11.020266304618008
466,-0.9683711697409314,0.24951408299849587,45.36178418899155,11.020278059361504
467,-0.9608951676666085,0.27691239906324194,45.361742264000384,11.020270631415238
468,-0.9578952756537992,0.28711781707189854,45.36171441411249,11.020277822876794
469,-0.9722989639199656,0.23374072122794826,45.36168752778227,11.020291882255782
470,-0.9635171864907431,0.2676464670735678,45.361652364102085,11.0202986898282
471,-0.9644751142668749,0.2641737192831613,45.361606229458516,11.020306825550811
472,-0.975024172789669,0.22209876738924414,45.36157379452437,11.020308144431342
473,-0.9689552825686037,0.24723604183532216,45.36154906846883,11.020311663481252
474,-0.9712984334896435,0.23786414841367867,45.36151375927677,11.020314176264911
475,-0.9722754108590935,0.2338386739587377,45.361479419471856,11.020316861414237
476,-0.9737726431361641,0.2275232723912191,45.361442096962016,11.020309471164174
477,-0.9798933324985768,0.19952207127241242,45.361407364248656,11.02032662628113
478,-0.971086445860422,0.23872811871703267,45.36138194157882,11.020321917508536
479,-0.9795595329476383,0.20115447151730112,45.361353266707724,11.020330683304527
480,-0.9827395220725201,0.18499468034696204,45.361310707455225,11.020334532675594
481,-0.9859059053297377,0.1673007646006148,45.36127318903494,11.02033211824888
482,-0.9826323168075376,0.1855632775240053,45.3612374035495,11.020329353098685
483,-0.9771253740234719,0.21266406240709843,45.3612066090977,11.020322562436814
484,-0.9868868232269508,0.1614137483023589,45.36117421670658,11.020336580168571
485,-0.9845678228135761,0.17500343505238555,45.36113347633324,11.020334793678282
486,-0.9875193155209248,0.15749794117093782,45.36109908499777,11.020328888356286
487,-0.9851783739245727,0.1715330042625462,45.36106814509487,11.020338451000232
488,-0.9844809240922677,0.17549162401218665,45.3610332115167,11.020339737968879
489,-0.9843309143523657,0.17633108361895686,45.36100333908062,11.020347112328526
490,-0.9870705615027879,0.1602863269732354,45.36097583372752,11.020356926544762
491,-0.9839259848490606,0.17857675195502443,45.36094351824374,11.020359812702985
492,-0.9858698527904942,0.16751308414225188,45.360908080879966,11.02036388037329
493,-0.9779302660598258,0.20893155511831688,45.360867460457015,11.020376051343366
494,-0.9885548783627535,0.15086169979554703,45.360841569937044,11.020384268456116
495,-0.9820378632361952,0.18868395578450217,45.36079913212794,11.020394695303702
496,-0.9774304254508189,0.21125757596600186,45.36077314848312,11.020401293220926
497,-0.9823067411436824,0.18727911336739747,45.360738663371805,11.020417762252295
498,-0.9849543514111828,0.17281471475593801,45.36071051020541,11.020433154762364
499,-0.9801497250114941,0.19825871118286967,45.36067279708003,11.020449430244572
500,-0.9784774288972562,0.2063538735730807,45.360650269114416,11.020468692613859
501,-0.9768141781402327,0.21408890999820973,45.360607015951054,11.020475478779657
502,-0.9714192679929292,0.2373701872015135,45.36058049420005,11.020493616513487
503,-0.9719302314376607,0.23526926109786495,45.36055841902157,11.020520666309821
504,-0.9708399365062685,0.2397286334264317,45.36052056318451,11.02054170022912
505,-0.9661276634942142,0.2580646001124728,45.36049084837908,11.02056124334592
506,-0.9677114308238588,0.2520606804974547,45.36045830957954,11.020560088322497
507,-0.961239529211504,0.27571464865191003,45.36042636929765,11.020590357794035
508,-0.9660492237203147,0.2583580797060107,45.36040475229066,11.020592521857017
509,-0.9636827466318265,0.26704974039331847,45.36037209697594,11.020631644110603
510,-0.9643564252243441,0.264606661156752,45.36034065658868,11.02064568527688
511,-0.9688452062078377,0.24766704748127574,45.36031709466908,11.020656223029432
512,-0.9571274435954568,0.2896671481483977,45.36028257117958,11.020678578063315
513,-0.9636024857351908,0.26733920304542186,45.3602523284168,11.020696873291666
514,-0.9598666471059806,0.28045680553968194,45.36021703647701,11.020710408053109
515,-0.9581914956033446,0.286127694838206,45.360188502796234,11.020734800088793
516,-0.966012284156761,0.2584961641073949,45.36016127327308,11.020735113687483
517,-0.962887581000841,0.26990277203902285,45.360122073020385,11.020755950016786
518,-0.9621011368527862,0.2726928720494474,45.360088939226515,11.020772813105205
519,-0.9540939802662647,0.2995073902588659,45.36007388383111,11.020785723844392
520,-0.9544482485867805,0.2983765084077955,45.360035061712985,11.020803385126761
521,-0.9494603830665774,0.31388689202811265,45.35999789375607,11.020814347649512
522,-0.9568913594097705,0.2904460815485749,45.35997060885938,11.02082274362899
523,-0.9568044006950737,0.290732417887206,45.35993557685251,11.020842921296985
524,-0.9619018068487674,0.27339516085892335,45.35990577493222,11.020849123002526
525,-0.952470209324107,0.30463174547327126,45.359877303077525,11.020863855125976
526,-0.9444790261361976,0.3285717108772754,45.35985262175528,11.020873527977253
527,-0.9496049609796761,0.3134492272805723,45.359806297652234,11.020895532168295
528,-0.9516331235148636,0.3072367136742359,45.35978405759026,11.02089452387242
529,-0.9594905117977878,0.2817409408836766,45.35974375950272,11.020906037751386
530,0.1281057947215522,0.9917605080657121,45.359718671906606,11.020924631269223
531,0.1201346354358692,0.9927576085675147,45.359715279481556,11.020927289848375
532,0.12447192759932107,0.992223129764525,45.35971933562454,11.020948301817484
533,0.11853386968739041,0.992950009686758,45.35972492814934,11.020951442117038
534,0.1567152421421635,0.9876438289587613,45.35971781100693,11.02096171037989
535,0.16084260372340103,0.9869800691135951,45.35972184509328,11.020966886162562
536,0.15583546102974233,0.9877830273322414,45.35972127944552,11.020973459769563
537,0.10175645400102357,0.9948093405618674,45.35973057872524,11.02098900830876
538,0.11817843431856012,0.9929923754299494,45.35972502761239,11.02099723247245
539,0.099696073013355,0.9950179360321681,45.359723681816114,11.021002574405513
540,0.9455381145269057,-0.3255114037586149,45.35972712870959,11.021009534228048
541,0.9577114680382355,-0.2877303320611991,45.359757931183736,11.020993017217851
542,0.9443061984169366,-0.3290680835805155,45.35978622034087,11.020986978951443
543,0.9582656692600252,-0.2858791827287114,45.35982936550507,11.020981822074909
544,0.9523535415613072,-0.3049962817406722,45.35985263507406,11.02096640919282
545,0.9489042593620851,-0.3155641084858871,45.359893960526904,11.020952716228587
546,0.9514604087126649,-0.30777116605089666,45.35991918741009,11.02094563685442
547,0.954297749538611,-0.2988574998649732,45.35995941746575,11.020945978954733
548,0.9478947709663109,-0.31858358899153133,45.35998561440828,11.020931220186121
549,0.9599295692672379,-0.28024136391049603,45.3600093758952,11.020920308708519
550,0.9513595357313811,-0.3080828358947818,45.36005875753052,11.020913296704428
551,0.9533960866926389,-0.3017215634971458,45.360090685406284,11.020905007673095
552,0.9481467914623948,-0.3178327576565483,45.3601136131641,11.02089255854669
553,0.9575927056014543,-0.2881253376204295,45.360152693634404,11.020877241434576
554,0.9509007925127619,-0.3094958526355421,45.36018379497245,11.020870951341164
555,0.9563901898399536,-0.29209211693898474,45.36021270531005,11.020863951042495
556,0.9565240313979251,-0.29165352279419027,45.36025098541258,11.0208547575915
557,0.9644720889950037,-0.26418476403762126,45.36027728715575,11.020830196418078
558,0.9466001215628355,-0.3224100027251406,45.360311983709856,11.020825249909079
559,0.9532535570933826,-0.30217156697613556,45.360343653868505,11.020818120470768
560,0.9440777487879591,-0.3297229204096361,45.36037149920047,11.020810014148974
561,0.9478071095576069,-0.31884429283280963,45.360405660758694,11.020801869536104
562,0.955186044637025,-0.2960061150224356,45.36044459054685,11.020781240706997
563,0.9573039098738557,-0.28908342072873844,45.36046856115331,11.020778671588017
564,0.9481887185042827,-0.3177076550875132,45.36050996698732,11.020769664782094
565,0.9384208609013907,-0.34549426598004906,45.36054796688306,11.020759162758742
566,0.9438898546569083,-0.3302604158474952,45.360574470296086,11.02074901114507
567,0.9548741834915974,-0.29701059526766943,45.36059890286124,11.020743571762354
568,0.942257193625704,-0.3348901029600793,45.36063192289226,11.020732214848982
569,0.9491713746146474,-0.31475975221133434,45.360668507786684,11.02071148636313
570,0.958744988348738,-0.2842675628983693,45.360694412743364,11.020710694370091
571,0.9551377280102225,-0.29616198360267354,45.360724068582634,11.020685465540977
572,0.9453828943191533,-0.32596193509172294,45.36076679213007,11.020675586838196
573,0.9534674779346823,-0.30149588474948724,45.360796243890626,11.020683892834121
574,0.9511145160294187,-0.3088384325146803,45.360830663739875,11.020666290331253
575,0.944138164227858,-0.32954988521990153,45.360864129775536,11.02064935647908
576,0.9515301831605136,-0.30755537799641774,45.360904637600385,11.020648700320704
577,0.9643203368837002,-0.26473814963564835,45.36092588803102,11.020639419238199
578,0.9561337435859742,-0.29293047703554237,45.36095921658846,11.020626373267097
579,0.952699006755209,-0.30391545292669503,45.360987980831894,11.02061583052942
580,0.9561853503892648,-0.29276197789494274,45.361022679306174,11.020604977157253
581,0.9491973310212959,-0.3146814687617438,45.36105863834541,11.02059179136301
582,0.9548556067926365,-0.2970703118399176,45.36108358114896,11.020575443151468
583,0.9511645423549688,-0.3086843264026579,45.361120070726784,11.020571757200619
584,0.951112429589944,-0.3088448579457229,45.361162548833796,11.020565585648557
585,0.9546245073702916,-0.2978121050730277,45.361182351549665,11.020559677077285
586,0.954669597794221,-0.29766753106010774,45.36121704028548,11.020539536281955
587,0.953621139561564,-0.3010095051344793,45.36125493035669,11.020527296808915
588,0.9579894548648273,-0.2868034246095936,45.361283822913194,11.02052544168949
589,0.9538930793232315,-0.3001466195365911,45.361318091385144,11.020512522811286
590,0.9476856413580331,-0.31920514589181276,45.36134693005943,11.020505752209369
591,0.9631394511609356,-0.2690025977893368,45.361377360454895,11.020493771584915
592,0.9545073933504861,-0.29818724996092727,45.361408987880516,11.020478768235469
593,0.9527746954659311,-0.30367808561007886,45.361444845998584,11.020470771216921
594,0.9472229548395881,-0.3205755352876444,45.3614829693571,11.020467435683456
595,0.9546452035424084,-0.297745756230838,45.36150748470651,11.020452737883607
596,0.9582765314494845,-0.2858427701956884,45.361542548762756,11.020443997987764
597,0.9533839367037668,-0.3017599530011032,45.36157738291713,11.020422356395452
598,0.9506640318222108,-0.31022233736392774,45.361610551618334,11.020419658439565
599,0.959969966374152,-0.2801029518937804,45.361635852348925,11.020413111713477
600,0.9528813890899385,-0.303343136276444,45.36166473879268,11.020400796299196
601,0.9535992758313994,-0.30107876234273095,45.36170680487721,11.020381415140472
602,0.961013732181233,-0.2765006447715764,45.36174296740763,11.020388179998966
603,0.9521329904551766,-0.30568409917246686,45.361767813812556,11.020375056233052
604,0.9434179975044231,-0.33160591367577313,45.36180584247501,11.02036120438694
605,0.9417026468304369,-0.33644631808440006,45.36184060520778,11.020360464144487
606,0.9532942338952912,-0.3020432148252791,45.36186133209167,11.020333664585584
607,0.9557712025765441,-0.29411121761229486,45.3618965144642,11.020337354859635
608,0.9572989477888318,-0.2890998522351671,45.36193332650241,11.020320363792539
609,0.9493749500237155,-0.314145196155325,45.361966996044956,11.02032696006665
610,0.9613657050297713,-0.27527437438419644,45.362003682926314,11.020301873536177
611,0.9517075529655258,-0.30700608076774466,45.362022550040145,11.020297324506096
612,0.9587075250235425,-0.2843938843632781,45.3620597528247,11.020282105396038
613,0.9539101919297817,-0.30009222871058683,45.36209089809908,11.02027006284909
614,0.9599577581989436,-0.28014478841066925,45.36212318438398,11.020264896816997
615,0.9531350607254221,-0.302545130544099,45.362164919693676,11.020254981487774
616,0.9492378788314277,-0.31455913496767457,45.362190143568924,11.020242898385716
617,0.9443322732974581,-0.32899324857640305,45.36222076450267,11.020226250350898
618,0.9617547197072567,-0.2739121375930906,45.362263423141734,11.020223626830436
619,0.9510622526664813,-0.30899933908174976,45.36228921811261,11.020206942636495
620,0.13641541423760428,0.9906517222305642,45.3623229663975,11.020199027815513
621,0.15336116510001138,0.9881702044886636,45.362316201134945,11.02020012805125
622,0.15209968885960726,0.9883651575449282,45.362321869118915,11.02020238447438
623,0.13561884184534156,0.9907610861032685,45.362326305467214,11.020217899640732
624,0.14499446368940874,0.9894324663661592,45.362320200276486,11.02023444589229
625,0.1238256763341181,0.9923039866292981,45.36232524094886,11.020233463012284
626,0.11706581203181925,0.9931241592335426,45.362324810255835,11.020225866395412
627,0.13698601667873014,0.9905729812762383,45.36231569481775,11.020245299184362
628,0.13093766772824844,0.9913906027242173,45.36232186163753,11.020244412630808
629,0.13688554939441086,0.9905868696722112,45.36231284029112,11.020244862549768
630,-0.9626156099494008,0.27087116399082256,45.36231820475477,11.020256760641814
631,-0.9504983052502521,0.3107297406370984,45.362289841661756,11.020279067859732
632,-0.9565004732289472,0.29173077436705264,45.36225615330686,11.020278657259555
633,-0.9550693023875476,0.2963825697252845,45.3622245819868,11.020285996253508
634,-0.9533050553716692,0.3020090584780838,45.36219379358793,11.020297801741808
635,-0.9529350376446221,0.3031745603266257,45.36214922663244,11.020311406920982
636,-0.9567052863847133,0.29105840479797807,45.36212592802979,11.020320073886475
637,-0.9468606279422329,0.3216441376006104,45.36209342950284,11.020326120275639
638,-0.9558468701383833,0.29386520863596033,45.36205636904327,11.020328216313484
639,-0.9450790833356509,0.3268417449492121,45.3620310053035,11.020348503386835
640,-0.9537353396194644,0.3006474712365711,45.361994672469194,11.020356022319985
641,-0.9627250485246728,0.2704819419908962,45.361956132429476,11.02036395657141
642,-0.9639671372572076,0.2660213493089303,45.361932374365885,11.020361921146218
643,-0.9624884086392204,0.2713228026450064,45.36190413052415,11.02038615214237
644,-0.9596721835988442,0.28112150402739794,45.36186460468855,11.02040010753988
645,-0.9664815361377938,0.2567361297221926,45.361827530233,11.02039377173571
646,-0.9604978876365202,0.27828727575256207,45.361800029518314,11.020406697115408
647,-0.9711575388700846,0.23843874411638766,45.361757705047225,11.0204105831404
648,-0.9714772365239972,0.23713282968770416,45.36173464606099,11.020421010828297
649,-0.9593935154249774,0.2820710594167782,45.36169715728254,11.02042019539884
650,-0.9620545633515378,0.2728571368582501,45.36166113008378,11.020416309624032
651,-0.9655647243483572,0.26016295488420543,45.36164060325093,11.020430851911659
652,-0.9745974450383472,0.22396388129501116,45.36159483849068,11.020431834671681
653,-0.9830182338478616,0.18350790697577848,45.361559938075494,11.020428043955702
654,-0.9869449450324134,0.1610579879266053,45.36152532141168,11.020426764792191
655,-0.9860204673233616,0.16662424199203338,45.361496927033954,11.020430342094047
656,-0.9847114052079261,0.1741937095690646,45.36146148739608,11.02042371443885
657,-0.9820847166730344,0.18843993546285667,45.361420107591066,11.02042640326567
658,-0.9909260499252718,0.13440819759039188,45.36138891530705,11.020419706970484
659,-0.9866656578038653,0.16276019080372778,45.36135193958805,11.020430442595217
660,-0.987733797374751,0.15614719185324577,45.36131845745013,11.020426683242553
661,-0.9872165165382627,0.15938490980660028,45.36129347710516,11.020426390894155
662,-0.9897360503719962,0.1429074896359227,45.361242967633395,11.020408904613317
663,-0.9911416272137078,0.13280916686796682,45.36122014448877,11.020405602994893
664,-0.9876408924257752,0.1567337475096485,45.361180638043734,11.020412202164183
665,-0.9926990952914326,0.12061718869038168,45.3611428248852,11.020409048881206
666,-0.9925390857216545,0.12192687691736422,45.3611087161351,11.020398929183765
667,-0.9927767651265507,0.1199762252484282,45.361071692234276,11.020398252537863
668,-0.9951636350699568,0.09823105127377006,45.3610500652506,11.02040275360995
669,-0.9893304188148976,0.14568912933894357,45.36100999202062,11.020403699865195
670,-0.9948227630037898,0.10162514555711781,45.36097781080302,11.020409496835915
671,-0.995287115272601,0.09697194528493373,45.3609495131035,11.020415323131871
672,-0.99522235619703,0.09763432657437618,45.36091005995792,11.02042068390493
673,-0.9898629783682187,0.14202564576864116,45.36087722210145,11.020422781330177
674,-0.995053419762138,0.09934128960142581,45.36084270900066,11.020441257530083
675,-0.9932903902451681,0.1156468791044601,45.36081523511452,11.020452209004322
676,-0.9918079953562234,0.12773762306959321,45.36078132785806,11.020450498253263
677,-0.9886293574761815,0.15037284840100756,45.36074655983167,11.020471733388462
678,-0.9882634836859175,0.1527589172944551,45.36071777896659,11.020490529754603
679,-0.9889279385549528,0.1483965375116669,45.36068454603991,11.020509554102937
680,-0.9841674429123898,0.17724120376280456,45.360653937973794,11.020525700975604
681,-0.9857929799671631,0.16796487920830472,45.36062625133091,11.020547733317072
682,-0.9861692689188981,0.16574128345094352,45.36060053102312,11.02056256907141
683,-0.97960203162161,0.20094740516566567,45.360570657776826,11.020596491425014
684,-0.9773960656127155,0.21141648688024375,45.3605362454739,11.020615178877309
685,-0.9774574420258899,0.21113253900856718,45.36050241936213,11.020641790078608
686,-0.9748854869953114,0.22270672923356988,45.36047292597627,11.020657992192696
687,-0.9647662418722704,0.26310852997129464,45.360438639523615,11.020672414185738
688,-0.9743670988199596,0.2249639009645212,45.360410791603975,11.020709781121147
689,-0.9672650458858211,0.25376826241179284,45.36039086778248,11.020732403928463
690,-0.9681838002018038,0.2502401427165385,45.36035726905471,11.020758303645186
691,-0.9697555222874049,0.2440783214320405,45.36032877850653,11.020777708244134
692,-0.9676251897900475,0.2523915451907503,45.360296959086796,11.020792045395337
693,-0.9710327233260956,0.23894654261969603,45.36026486231464,11.020816703871382
694,-0.9653401238875028,0.2609951057258752,45.36024891102312,11.020848431496962
695,-0.961853180778212,0.2735661869216227,45.36020893702954,11.020864739409044
696,-0.9572105137575032,0.2893925229719951,45.36018091648555,11.02087668155986
697,-0.9621065875524863,0.27267364043506287,45.36014462343896,11.020899023416133
698,-0.9518451093429323,0.30657933364781986,45.360131603204294,11.020911450411361
699,-0.9567549854120777,0.2908949946099707,45.360088259792484,11.020931472184198
700,-0.9573540234154783,0.28891741700734475,45.360056827706636,11.020949107145611
701,-0.9579629418430284,0.28689196931153454,45.360031385816356,11.020973482518961
702,-0.9575876871060901,0.28814201620521934,45.359994048211774,11.020971736151115
703,-0.9606475821942817,0.2777700898662072,45.359965677005015,11.020995337413448
704,-0.9591003298578494,0.28306634781719375,45.35993280929753,11.021007559064927
705,-0.9482200117610914,0.3176142460529687,45.35990830594067,11.0210306167603
706,-0.9505208545638688,0.3106607555504437,45.359867413319996,11.021028289605484
707,-0.9460419794582812,0.32404409129415873,45.35983861589554,11.021043629970585
708,-0.9474163301314517,0.32000358966776005,45.35979360243613,11.02105923452411
709,-0.9552947197130532,0.29565520203162154,45.3597761272468,11.021067718877555
710,0.152281140138311,0.9883372169245556,45.35975032897127,11.021087624279161
711,0.11872601820764554,0.9929270530107224,45.359749606986334,11.021095194065222
712,0.18173907736277015,0.9833467891640919,45.35975347183167,11.0211009989673
713,0.11346003679538408,0.9935425607644547,45.35975184183068,11.021106639890503
714,0.13224705541944612,0.9912167857400751,45.35975293330395,11.02111042054881
715,0.12746264441697505,0.9918433718477085,45.35975367441859,11.021121755557603
716,0.09746218532370317,0.9952392287444904,45.35974353030871,11.02112335443314
717,0.11648159102680013,0.9931928508360626,45.35974099008327,11.021141409391648
718,0.13274178695017952,0.9911506535321828,45.359754449196316,11.021138248080483
719,0.10341591959159585,0.9946381993343231,45.35975200075667,11.02115737740107
720,0.9553758949289757,-0.29539278831525106,45.359754094834805,11.021160490197135
721,0.9564855665469211,-0.2917796445734612,45.35978780918371,11.021143355431278
722,0.9519656104706418,-0.3062049582898002,45.359818788298625,11.021135744757158
723,0.9506549907728572,-0.31025004193175976,45.359851465083885,11.021131765190594
724,0.9547821508899333,-0.2973063139961755,45.359886211842365,11.021123603402813
725,0.9555374294250463,-0.2948698373312786,45.35991912314384,11.021105504287078
726,0.9516753815407308,-0.3071057931223449,45.35994069515831,11.021097163389628
727,0.9528400658018253,-0.3034729131286237,45.359982218474784,11.021095130141603
728,0.9569475384233126,-0.29026093210344844,45.36001243026826,11.021073097409467
729,0.9548306619179243,-0.29715047881734685,45.360044014002305,11.02106691662164
730,0.9522169743941712,-0.30542238568187896,45.360079234844854,11.021056203813004
731,0.9479505166373451,-0.3184176785402948,45.36011466390961,11.021053552524148
732,0.9541474437107333,-0.2993370268781877,45.360150520836186,11.021036397786098
733,0.9568838926884341,-0.29047067995484394,45.36016994236735,11.021026674179101
734,0.9597991895023404,-0.28068757690829554,45.360213418827435,11.021022630094972
735,0.9511114103219425,-0.3088479968453828,45.36023707619358,11.02100287608864
736,0.9528061287063526,-0.3035794477556301,45.36027246360464,11.02099228951805
737,0.9505123602739471,-0.3106867441112511,45.36030466690292,11.02098631186063
738,0.9411156256362382,-0.3380848697935356,45.360329818107104,11.020978458201965
739,0.9528536918486105,-0.30343012693283006,45.36036499054432,11.020963496177945
740,0.9589156390115385,-0.28369137677957834,45.3603975102468,11.020956217846633
741,0.9612731623831458,-0.2755973644320756,45.36042795979977,11.02094311700611
742,0.952432520421982,-0.30474955954460503,45.360463665275766,11.020924476918404
743,0.9457457200407314,-0.3249077300167518,45.36050222987978,11.020926930566983
744,0.9510340984011318,-0.3090859810446704,45.360529690654126,11.020914390246086
745,0.9573422761561065,-0.28895633975437396,45.36056184399028,11.020898066955086
746,0.9518986973562477,-0.3064129076450254,45.36059018902385,11.02090453592237
747,0.9470218085705151,-0.3211692608140303,45.36062813052704,11.020887639615317
748,0.9518236857830332,-0.3066458399887428,45.360668803264716,11.020880155891815
749,0.9509602104987821,-0.309313236134686,45.360700608096465,11.02085862194614
750,0.9589401511319589,-0.283608509299379,45.36072303151542,11.020854495589871
751,0.9624519921782819,-0.2714519529346886,45.36076685750844,11.020847393998677
752,0.9537142000158205,-0.30071452357374356,45.36079815294376,11.020834620245001
753,0.9399437942082742,-0.34132925999590696,45.36082452138834,11.02082097360109
754,0.9486127157217261,-0.3164394342856964,45.360851777561116,11.020810942188053
755,0.9542960362145909,-0.2988629707158787,45.36088857707331,11.020798800342442
756,0.9514259210046213,-0.30787776282237095,45.36091443492442,11.020789417490752
757,0.945628259328445,-0.3252494352945985,45.360949872800695,11.020778301632111
758,0.954399919603271,-0.2985310594582578,45.36098855347285,11.020773649373307
759,0.9462560244094153,-0.32341851565562546,45.36101208770297,11.020768581044894
760,0.9486316165112888,-0.3163827684232805,45.36104651354804,11.020753547495234
761,0.9605702030683434,-0.27803756037133104,45.36108632446934,11.020734485214446
762,0.9598234481888787,-0.2806046120554881,45.36111612414364,11.020726390482762
763,0.965552641719926,-0.2602077940179196,45.36115303191809,11.020719422274134
764,0.959469579795115,-0.2818122166404169,45.361169878563025,11.020710389804023
765,0.9538853145970069,-0.3001712954234121,45.36121107129325,11.020697387748289
766,0.9524347587801847,-0.30474256392458754,45.36123713575858,11.020684871665917
767,0.951972686966996,-0.30618295718220145,45.361276771213696,11.02068360859104
768,0.9571568823702313,-0.28956985777407696,45.361303375731595,11.02067345601234
769,0.957858887099742,-0.2872391902301004,45.36133623588225,11.020658968089146
770,0.944948360970595,-0.32721949070766887,45.36136746548069,11.020653546221919
771,0.946951466286251,-0.32137660228821757,45.36140078850523,11.020644394578605
772,0.9526664140360037,-0.30401760404256467,45.36143667951715,11.020637964304461
773,0.9457699097886222,-0.3248373096465698,45.36147233166473,11.020619509831727
774,0.9554211354174003,-0.29524642927176215,45.36150340392517,11.0206206761419
775,0.958933249936653,-0.2836318426515766,45.36154229877137,11.020602603699064
776,0.9491015357012198,-0.3149702762636282,45.36156403093909,11.020581508554212
777,0.9533468743628485,-0.3018770232107559,45.361598884783454,11.020580745685162
778,0.9474919749175674,-0.31977954510382256,45.361638247475334,11.020561349962804
779,0.9459971229519457,-0.3241750196524115,45.36166429716815,11.020555679230545
780,0.9488355114490518,-0.3157707589584831,45.36169082774331,11.020540097616632
781,0.9539131310693514,-0.3000828858390069,45.36172474803581,11.02053985796363
782,0.9558293051799741,-0.29392233559082886,45.36175833128153,11.020532038219189
783,0.9527440469224597,-0.30377422710594437,45.36179798448878,11.020514205774989
784,0.9620432830412112,-0.2728969064597251,45.36182638591024,11.020503850165229
785,0.9569256842666185,-0.29033297227642596,45.36185945614134,11.020494447355606
786,0.9571446753827575,-0.28961020421669487,45.36188514499888,11.020488920854529
787,0.9558339207630676,-0.29390732539135817,45.36192017258098,11.020471205114362
788,0.9547984501077819,-0.29725396493869954,45.36194918065056,11.020472501630294
789,0.9545933126305676,-0.2979120801192853,45.36197994123722,11.020456494107108
790,0.9451619037451553,-0.3266021673364001,45.36201687295883,11.02044223951491
791,0.9477047868621419,-0.3191482993195832,45.36205427987732,11.020435763085674
792,0.943831347433316,-0.3304275829924177,45.36207636270021,11.0204166551067
793,0.9512770805506584,-0.30833734126604945,45.36212043325169,11.02041186782823
794,0.9482207593517686,-0.3176120141530469,45.36215185502359,11.020398501740223
795,0.954649089388728,-0.2977332969778029,45.36218062258711,11.020402311852761
796,0.9553354103319587,-0.29552369408537826,45.36221407213619,11.02037719059789
797,0.9539105002029402,-0.3000912487937235,45.362245948758506,11.020371194397654
798,0.9605915851505636,-0.27796367845084974,45.362275367998805,11.020357117251166
799,0.957209675986562,-0.2893952940144342,45.36230703467154,11.020349553071396
800,0.13754919156646098,0.9904949368368386,45.36234115868247,11.020341637076047
801,0.14737702363988,0.9890803874827618,45.3623457525688,11.020346703132862
802,0.12977476700441268,0.9915434987175048,45.36234437155341,11.0203521011839
803,0.1579106290478759,0.987453408133115,45.362343258176935,11.020360050936748
804,0.14156973362475622,0.9899282855446729,45.36234273748748,11.02036027121957
805,0.17870122740520294,0.9839033851572389,45.36235407548633,11.020360833940968
806,0.1361087730361102,0.9906938991952079,45.36235085886501,11.020370749019703
807,0.16153665468878864,0.9868667129820293,45.36234616186276,11.02037333877019
808,0.11322683913916776,0.9935691636210099,45.3623456981497,11.020387878253283
809,0.1561961943796535,0.9877260495002212,45.362365764283375,11.02039421417763
810,-0.9558563576845927,0.29383434699494204,45.36235551814371,11.02039379376568
811,-0.9515880391654475,0.30737632263604603,45.36231836815466,11.020392757831406
812,-0.9677292454432452,0.2519922766948367,45.362290482998226,11.02040901058979
813,-0.9616854825503499,0.2741551251607395,45.36225282231024,11.020421773514142
814,-0.9581880651069286,0.2861391827182019,45.362229078171715,11.020431093258692
815,-0.9437701975315025,0.3306021994048873,45.362195626063304,11.02044380797006
816,-0.953374447159103,0.30178993274142646,45.362157245983944,11.02044297498495
817,-0.9588186936060393,0.2840188599223793,45.362134127257576,11.020463067055244
818,-0.95754747948873,0.28827560515031486,45.36209273892386,11.020468341468062
819,-0.9557855791723155,0.2940644940251056,45.3620671310037,11.020480769735133
820,-0.9614682199332828,0.27491610003476435,45.36202834398291,11.020487541338198
821,-0.9640945127681412,0.2655593539123796,45.361994445949605,11.02050169945626
822,-0.9558467649141279,0.29386555089563665,45.361954161749345,11.020506952392465
823,-0.957695101011975,0.287784804146541,45.36193000019126,11.020509678664412
824,-0.9622143221360799,0.27229322113523924,45.36189936497941,11.02051108915186
825,-0.9676914525318537,0.25213736870363146,45.36186931889188,11.020517667313847
826,-0.9599493972308192,0.2801734369211096,45.361822840081096,11.020536422197678
827,-0.9667587572768114,0.25569025250993677,45.361802853612794,11.020544907123373
828,-0.9639425720927911,0.2661103487411459,45.36177581711597,11.020539346469148
829,-0.9617090214908418,0.2740725414614306,45.36173948097509,11.020550666682086
830,-0.9645362618675566,0.263950373257096,45.361707030122695,11.020557720846616
831,-0.9691035524785269,0.24665422066832593,45.36166860576301,11.020568470822969
832,-0.9712213785046983,0.23817857572719203,45.36162976558607,11.02057632973032
833,-0.9641688190243822,0.2652894427245986,45.36159368210969,11.020582275131344
834,-0.9677043360098924,0.25208791733768865,45.36156978117794,11.020585947308994
835,-0.9770437785769392,0.21303862265818596,45.36152910106502,11.020590836431186
836,-0.9727181064514325,0.23199027001479935,45.36149303420242,11.020580631713353
837,-0.9716066032288602,0.23660221588581187,45.36146272517706,11.020579927802203
838,-0.9703419081419768,0.24173659487836627,45.36142597414928,11.020589258133752
839,-0.9827432775529416,0.1849747291510442,45.36138541933668,11.02059337705667
840,-0.9801730445006152,0.19814338958036198,45.36136354080577,11.020597719381266
841,-0.9799697583405861,0.1991463600920021,45.3613215386381,11.02059638227591
842,-0.9811741943095156,0.19312483118717005,45.36129714715773,11.020598827348358
843,-0.9811539951109274,0.19322742527360445,45.361251077711344,11.020599951422493
844,-0.9847463160196553,0.17399624445865822,45.3612223968302,11.020594849720567
845,-0.9798050504132975,0.19995515293334043,45.361197075696694,11.02059991996383
846,-0.9877128319446601,0.1562797543249271,45.361150531036046,11.020595524269266
847,-0.9838242311601604,0.17913649037010657,45.36111468259089,11.020609303584866
848,-0.9833750803771758,0.1815859336324901,45.361091328287046,11.0206078459829
849,-0.978903485551118,0.20432319001002375,45.361055333028595,11.020605771033166
850,-0.9826016441372891,0.18572562811495974,45.36101638378311,11.020625792245612
851,-0.9824575742029957,0.18648623244402032,45.36099122598804,11.02061650743587
852,-0.9838218809946006,0.17914939708591268,45.3609540351522,11.020633004581404
853,-0.9844313394885708,0.17576955889100476,45.36091729286056,11.020643372720311
854,-0.9809395646549413,0.1943130734010822,45.360886526330646,11.020647176954702
855,-0.9790319083246073,0.2037069524642637,45.360843631255946,11.02065968167513
856,-0.9877923745889392,0.15577620069813228,45.360824759814854,11.020665489824184
857,-0.9803465437823109,0.1972831824917614,45.36078907311911,11.020687243631786
858,-0.9796473718605662,0.20072624842477788,45.36076321954861,11.020701821389663
859,-0.9779762681091522,0.20871612064068185,45.360726647608125,11.020695131630985
860,-0.9754769498437588,0.22010161363224223,45.360695622747144,11.02072220389876
861,-0.9721081166404217,0.23453317369151025,45.36066111854796,11.020736679988353
862,-0.9740755108557736,0.22622311807386924,45.3606263292233,11.020751739993157
863,-0.9712396213249277,0.2381041746139934,45.36059951220613,11.020780650439423
864,-0.97694205257588,0.21350462737099302,45.36057497630747,11.02080183702815
865,-0.9716045106370006,0.2366108089454802,45.36054355616633,11.020808337262098
866,-0.9611200162633305,0.2761309731594325,45.36050604925124,11.020830797761281
867,-0.9781522079007654,0.20789001462037027,45.36047867077491,11.020844341104741
868,-0.9764833585441722,0.21559278857673694,45.360448359113505,11.020870669323061
869,-0.9618498973225849,0.27357773122191964,45.36042215146228,11.020879617277656
870,-0.9680780750490579,0.2506488392339186,45.36038674433476,11.020896384465832
871,-0.9610099912525413,0.27651364652181376,45.3603580533825,11.020916506329257
872,-0.9570954972406858,0.2897726853269721,45.36031491411188,11.020932858871417
873,-0.9575543222167175,0.28825287510115594,45.36029295831843,11.02095221289566
874,-0.9597361638114253,0.28090300082506936,45.360258715796505,11.020966109262714
875,-0.9686250642685204,0.24852662809205123,45.36023363311082,11.020979391239365
876,-0.947195609737229,0.32065632208724487,45.3602048626346,11.021008253245414
877,-0.9571257589553483,0.2896727145316735,45.36017419952652,11.02101499874378
878,-0.9576224275773159,0.28802653732065825,45.360138935242375,11.021022018059819
879,-0.9555587968266805,0.29480058651085933,45.36010999262035,11.02104517744863
880,-0.9537504828824815,0.3005994284782212,45.360077890640184,11.021059409097724
881,-0.9611657146984083,0.2759718624938021,45.36004428649993,11.021078886600044
882,-0.9550406760858148,0.29647479997724885,45.36001635513595,11.021090673174264
883,-0.9548043616447125,0.2972349760445984,45.359980628007506,11.021100353835044
884,-0.9535090094262338,0.3013645117511389,45.35995255095591,11.021109987719834
885,-0.9457698161974203,0.32483758213897895,45.35991477360822,11.021123962498786
886,-0.9472367067527798,0.3205348988490149,45.35988882025463,11.021132343200854
887,-0.9552050959757281,0.2959446310072207,45.359842423647905,11.021151279327107
888,-0.9438652162263765,0.33033082447439804,45.35981467035031,11.021156098762674
889,-0.9470769013966481,0.32100676447845083,45.3597886571092,11.021172660204247
890,0.15498442004210738,0.9879169142919922,45.35976187348889,11.021182218613408
891,0.1347857929392518,0.9908747600084166,45.359769480268554,11.0211875771448
892,0.13914093357359444,0.9902725890401434,45.35975917497661,11.021197350070285
893,0.12311186039328985,0.9923928001706296,45.359768300006664,11.021204892495083
894,0.11614607228913605,0.9932321430017289,45.35975566493152,11.021206721860624
895,0.11893270394888066,0.9929023174166771,45.35976971563968,11.021214080013477
896,0.1459523109287196,0.98929162683941,45.359772871948024,11.021218102880338
897,0.12557198943411715,0.9920845102457542,45.359773304960235,11.021224745425643
898,0.13992933796437193,0.9901614920692748,45.35978057208394,11.021234927285326
899,0.1285947753156206,0.9916972238347374,45.359770127123824,11.021244889323974
