,Sin,Cosin,Lat,Lon
0,0.95473169790914,-0.297468292440607,45.359664345086465,11.020586067134788
1,0.9484821460726753,-0.3168305834059777,45.35970163568173,11.020570290538545
2,0.9500058297977879,-0.3122321625813337,45.359727090098694,11.020555413146417
3,0.9515944295531394,-0.3073565383124869,45.359754458790924,11.020558961805623
4,0.9515070957341497,-0.30762679786969727,45.359798600917635,11.020542065927787
5,0.9633823327557891,-0.2681314620368414,45.3598238550654,11.020539836822369
6,0.9533916811593808,-0.3017354839857082,45.359855405940586,11.020526399836092
7,0.9522599512581386,-0.3052883640590443,45.35989470997004,11.020522537747581
8,0.9491736929817006,-0.314752760991036,45.35992077046096,11.020499454609924
9,0.9500559499935717,-0.3120796242656864,45.35996238169246,11.020508288702702
10,0.9429248295090653,-0.3330056544494403,45.35999412756567,11.020495425634707
11,0.9246892650818005,-0.38072268522177627,45.360021175587875,11.02048039430786
12,0.9387400610500655,-0.3446260259755774,45.36005604428458,11.020474987167741
13,0.9550396121864678,-0.2964782271174752,45.3600872342867,11.020467522840745
14,0.9453305541393483,-0.3261136970606918,45.36011546583147,11.020459928682222
15,0.9462367900501306,-0.32347478596580753,45.360157808087585,11.020449676294936
16,0.9439547385693157,-0.33007491806033196,45.36018960514583,11.020443761373771
17,0.9326150860945335,-0.36087269388093896,45.360224628402705,11.020446158434483
18,0.9396012534962455,-0.3422710686404627,45.36025536333812,11.020435417222025
19,0.9329324554161728,-0.36005143192487227,45.360292155586414,11.02042099821429
20,0.9389756682637883,-0.34398356706181793,45.36032049600269,11.020419726692285
21,0.9306026987290674,-0.36603089639834596,45.36035968249664,11.020423352709246
22,0.9216539755807329,-0.3880128210461993,45.36038865487449,11.020418800828233
23,0.9223982295059512,-0.3862402182635653,45.36042655245988,11.020408986135157
24,0.9268963556029982,-0.3753173936415421,45.360453829830455,11.020405561956299
25,0.9239482866929299,-0.3825174028945602,45.360487283192,11.020408721975597
26,0.9245205872241044,-0.381132108065953,45.36052618783852,11.020405727614667
27,0.9173635262177839,-0.39805045002521133,45.3605647111247,11.020411976242634
28,0.9203007601173333,-0.39121159354939683,45.360595610327294,11.020404042650574
29,0.9185162042330373,-0.3953833362211075,45.36062906669793,11.020401948992031
30,0.905554146803969,-0.42423070045216665,45.36066613447812,11.02040749049752
31,0.9040321998407721,-0.42746436301878343,45.36070159758409,11.020402452326923
32,0.8981498621627102,-0.4396894643917508,45.360722186167244,11.020398956092984
33,0.9005511859488525,-0.4347499988339451,45.36076273894561,11.020411090322407
34,0.9102363618273122,-0.41408907931431665,45.36080413882859,11.020410941678085
35,0.897858689676211,-0.4402837418902922,45.360841265561504,11.020405696514764
36,0.9089557940023338,-0.4168925095868081,45.3608706146159,11.02041440430782
37,0.9049386863742884,-0.4255419766640857,45.3608977006395,11.020418270472856
38,0.8998549584668983,-0.4361892407230338,45.36094026687065,11.020418697447997
39,0.8928999537380803,-0.4502551194762077,45.360974231449724,11.02040089015363
40,0.901668435459777,-0.4324280662671167,45.36100917705167,11.020401195847482
41,0.8988619388455577,-0.43823191907345693,45.361043964235144,11.020398582841088
42,0.9007018099478401,-0.4344378546543625,45.361072087909506,11.020388477502806
43,0.8875614253046913,-0.46068939244474133,45.361117514617945,11.020383440843986
44,0.8974581795242792,-0.4410995533946579,45.3611465695945,11.02037273873438
45,0.9051561634163563,-0.4250791924211092,45.36117115705817,11.020358226660987
46,0.9049779670371015,-0.4254584341359269,45.36119657347813,11.020346869043403
47,0.9061005545948574,-0.4230623889722316,45.36124094787077,11.020342181506132
48,0.8955355722615,-0.44498993113807384,45.3612695508698,11.020328825874024
49,0.9010783862192128,-0.43365624852938445,45.361311666718294,11.020310196413696
50,0.9107644382126804,-0.41292631072279806,45.36134805301491,11.02028406031624
51,0.919039250216151,-0.39416602664630424,45.361365007657454,11.020274319994218
52,0.9191313360091665,-0.3939512497327614,45.36139344837482,11.020250673643737
53,0.9327872322261709,-0.36042749533829904,45.36141450107642,11.020233486609897
54,0.92962464402897,-0.36850783060066805,45.36144912975963,11.020215819282697
55,0.9258208410184177,-0.3779626573299932,45.361491419303675,11.020195485190449
56,0.9324796161032997,-0.36122259834047316,45.361518513554024,11.020176269419652
57,0.9357557453579444,-0.3526488126019963,45.36154690314258,11.02015368718919
58,0.9400347879922696,-0.341078579456888,45.36157708828518,11.020140200015975
59,0.9373664217882766,-0.3483449315030187,45.36160399280506,11.020109233673185
60,0.9392336132754587,-0.34327863273662396,45.36163333123734,11.02009832133225
61,0.9298762368658561,-0.3678725106775368,45.36166884325699,11.020073423214342
62,0.9410823591047147,-0.3381774584177734,45.361693488074266,11.020062456916232
63,0.9445927399153017,-0.3282446582951553,45.361724772611424,11.020044472011367
64,0.9450832587764297,-0.32682967120585,45.36175469572366,11.02001329469885
65,0.9520163225324743,-0.30604725391962584,45.361772663976396,11.019996399656565
66,0.9439775421753124,-0.3300096966282298,45.36181866182718,11.01998204187076
67,0.9439706327358464,-0.3300294600975583,45.361841160916136,11.019972497374326
68,0.9506845008122853,-0.31015960393851427,45.361885304498095,11.019953665489396
69,0.9483796512919429,-0.31713725264524306,45.36191424674617,11.019942215567093
70,0.9516555934667897,-0.3071671066754582,45.36194539983939,11.019924327177623
71,0.9433971854184259,-0.33166511807030913,45.36198089147102,11.019913201518696
72,0.9508811908999956,-0.3095560705148683,45.362003605748804,11.019900294399317
73,0.9540287136093516,-0.29971522084953545,45.36203905550554,11.019883283831453
74,0.9586014000949128,-0.2847513928606372,45.36205859871775,11.019867581072507
75,0.9541516419649568,-0.29932364446461096,45.36209687442655,11.01985938001625
76,0.9477852936986196,-0.31890913603818444,45.36212871766003,11.019849031274399
77,0.9580309902472643,-0.28666465028992677,45.362160764623695,11.01982962007415
78,0.9485380810101404,-0.3166630841661218,45.36219323609528,11.019821308716626
79,0.9421832835353494,-0.33509798600789503,45.36223087457857,11.0198113463321
80,0.10984048252999823,0.9939492282795823,45.36225732498045,11.01979730566514
81,0.11667316314690958,0.9931703645403918,45.36226478282065,11.01980682799165
82,0.14737025020636865,0.9890813967283544,45.36225436321437,11.019804375598891
83,0.09992728961765089,0.9949947420914697,45.36226639297826,11.019809913154292
84,0.14549019354929182,0.9893596937317538,45.3622646966908,11.019825113895022
85,0.10348801818829093,0.9946307003563986,45.36226199235223,11.019833743533747
86,0.12179817940328265,0.9925548868924307,45.36225218091966,11.019831462017413
87,0.10277607074391713,0.9947045185794832,45.362258694741094,11.0198406994039
88,0.11758816437875938,0.9930624469780508,45.36226248133692,11.019845024164553
89,0.11361434268747517,0.993524927284511,45.36225090917241,11.019851098272875
90,-0.9554306407361187,0.29521566818610706,45.3622603189287,11.019855854079113
91,-0.9578059390509881,0.28741569741170186,45.36222413244952,11.01987425020306
92,-0.9577728965008588,0.2875257879362389,45.36220223424795,11.019865736011486
93,-0.9529986259661772,0.3029746175945738,45.36216852257367,11.019893392168056
94,-0.9609750963053293,0.2766348934624175,45.362128822654604,11.019900960188293
95,-0.9557692783130821,0.29411747080527245,45.36210744827989,11.019909031923717
96,-0.9509872421840349,0.3092301169084341,45.36206737087697,11.019920616352499
97,-0.9615232839287136,0.2747234508791385,45.362040498254885,11.01993115899866
98,-0.9558853220077559,0.29374010820813845,45.36200287770577,11.019939013763098
99,-0.9623621212562145,0.27177039494992694,45.361970454103556,11.019950563762729
100,-0.9556765237303414,0.29441871881843756,45.36194553000638,11.019965208759675
101,-0.9587224575015517,0.28434354130555745,45.36189969584214,11.019981943972454
102,-0.9548573350849485,0.297064756634762,45.36187527025326,11.019988581195634
103,-0.9658366597700042,0.2591515900864226,45.36185027192675,11.019997990162935
104,-0.9629438151637632,0.2697020742186763,45.36181363712661,11.020005098833343
105,-0.9738385058459629,0.227241203419852,45.361772052151146,11.020029293431298
106,-0.9628206604922618,0.27014139951004323,45.36176322433725,11.020045399023
107,-0.9630094875423206,0.26946748765570394,45.361712705414746,11.020053172120265
108,-0.9668770886322247,0.2552424249181023,45.36168849874383,11.020068598886828
109,-0.9721544707656441,0.23434095879800984,45.36165967293256,11.020079191772762
110,-0.9732054156435683,0.22993742401364187,45.36162716633331,11.020101679184055
111,-0.9719165055471538,0.2353259574399078,45.36159738640605,11.020109429812749
112,-0.9701606014933968,0.24246320815738326,45.36157384832818,11.020131969874654
113,-0.976900364700589,0.21369529112232713,45.36154012500273,11.020162118285645
114,-0.9851317634604632,0.171800490748071,45.36151617542574,11.020170018708003
115,-0.9858615062043776,0.16756219915134754,45.36148823688519,11.020185925037428
116,-0.98398143680198,0.17827095116454303,45.36146071551749,11.020212081503175
117,-0.9887979149155163,0.14926045510692865,45.36143213474209,11.020238433221751
118,-0.9887463914516531,0.14960138164914893,45.36140716579692,11.020251541492277
119,-0.9882111339344968,0.15309720692388884,45.361378238342226,11.020286519767053
120,-0.9862179361817563,0.16545145013990378,45.36135555996722,11.02030525451958
121,-0.991062113684942,0.1334012249506545,45.36132735925831,11.020332255107308
122,-0.9953256866831814,0.0965752423173424,45.36129546222432,11.020339432753795
123,-0.9944881951084252,0.1048486041394291,45.3612623316038,11.020367546317996
124,-0.9979337105038022,0.06425192168420653,45.36124954500155,11.020395014043899
125,-0.9936302668176994,0.11268936446616165,45.36122191059537,11.020410437342738
126,-0.9927710240897327,0.12002372152130357,45.36119646538804,11.02043579787222
127,-0.9969261417891296,0.07834709833452859,45.36116528914846,11.020463700398887
128,-0.9941970270945513,0.10757449194096187,45.36113903868737,11.020483008296479
129,-0.9964884530616978,0.0837302986660416,45.36110830894329,11.020495043235458
130,-0.99595046362442,0.08990369295141826,45.361080821137584,11.020515587322967
131,-0.9936766191009084,0.1122799031536286,45.36105584858501,11.020532930270486
132,-0.9945903945287996,0.10387467020908764,45.36102593160469,11.020546837290363
133,-0.9939295466578014,0.11001843609421709,45.36098965242577,11.020560477921743
134,-0.9946134708885579,0.10365347812309926,45.36096032288218,11.020565506064827
135,-0.9923166734543587,0.12372396527947062,45.3609189998259,11.020580476450622
136,-0.9903378188841614,0.13867589728486357,45.36088780287088,11.020595474170241
137,-0.9918274023804781,0.1275868484099877,45.36085954647331,11.02059757444327
138,-0.9858161618223266,0.1678287671702812,45.36081981488297,11.020586485923657
139,-0.9886515837717629,0.15022664845354447,45.36078739286045,11.020601845392022
140,-0.9886261931804704,0.1503936506555085,45.36075445005075,11.020600752162943
141,-0.9901159939555788,0.1402509127006172,45.36071614055774,11.020598775540028
142,-0.9833467916474791,0.1817390639257543,45.36067811351955,11.020596820833342
143,-0.9822334420848952,0.18766316966858154,45.36064247558909,11.020602439296363
144,-0.9809541904739429,0.19423922413254027,45.36060319252574,11.020602235098936
145,-0.9842075327456153,0.1770184523906716,45.360561981541494,11.020598283963109
146,-0.9774221895170536,0.21129567775912725,45.360516804330075,11.020606447464345
147,-0.979948793301779,0.19924949813333867,45.36048297136024,11.02058732878816
148,-0.9787413176861851,0.2050985934956896,45.360450759179066,11.020595743137342
149,-0.9717581059056941,0.235979201639843,45.360405266820386,11.020587059017942
150,-0.9747099262941803,0.22347384541282123,45.36036970900002,11.020583663851149
151,-0.9685752683324508,0.24872062555148272,45.36033360133195,11.020585555113382
152,-0.9610089388468057,0.27651730408156455,45.36029849257273,11.02057968441599
153,-0.9677943029336215,0.2517423031777253,45.36025955000836,11.02057800408962
154,-0.9646770729817019,0.26343527642184933,45.36022292662299,11.020582492080822
155,-0.9635834234029454,0.2674079021701863,45.36018391754443,11.020585339209603
156,-0.958198011370321,0.28610587377046665,45.36014819908059,11.020582522488315
157,-0.9554661528659364,0.2951007128550643,45.36012292139082,11.02058951074358
158,-0.9608170884433218,0.2771831931328052,45.360078155858844,11.020587179324075
159,-0.9598640560923459,0.2804656731615294,45.36004601351121,11.02059469286854
160,-0.9671191617328913,0.25432366584545324,45.360014070849324,11.020608088845027
161,-0.9530580235982703,0.30278772044942437,45.35998464848526,11.02060662860184
162,-0.9541897047456618,0.29920228501364554,45.35995444639355,11.020612568330415
163,-0.9544390040917091,0.29840607813586234,45.3599137916182,11.020609845253782
164,-0.956359242339506,0.29219342838572904,45.359878429862235,11.020627508515588
165,-0.9520759568449564,0.3058616883458285,45.35984173018645,11.020631030381573
166,-0.9546653829565579,0.29768104841324505,45.35981125325475,11.020638438702901
167,-0.964711127705294,0.26331053925276116,45.35978532543058,11.02064232298029
168,-0.948943444802976,0.31544625305345003,45.35974814360731,11.020657381546602
169,-0.9504826996864238,0.31077747279493645,45.35971582898295,11.020661941271111
170,0.12159547877236207,0.9925797396391486,45.359680600612464,11.02066115331912
171,0.10797384026074237,0.9941537355054034,45.35968667632562,11.020662158910113
172,0.14009535508767673,0.990138016380978,45.35968499593639,11.02067483000846
173,0.0976714881217151,0.9952187098362297,45.359678813591906,11.02067805128004
174,0.12184307591907621,0.9925493765302451,45.35969501436066,11.020694163706752
175,0.11784430483556838,0.9930320839820945,45.35969252973272,11.02069121630989
176,0.14123600390921268,0.9899759548593879,45.3596842389675,11.020714935366945
177,0.16525688052870174,0.9862505581432754,45.35969892636381,11.020714914650313
178,0.118604792200818,0.9929415407097242,45.3597069578864,11.020711968273222
179,0.12989273425725567,0.9915280518407807,45.359684028035424,11.020731459460752
180,0.9497385343405826,-0.31304427225011155,45.35969601014168,11.020737237272249
181,0.9462616067945682,-0.3234021822847862,45.35972221356848,11.020728541887687
182,0.9519540503789744,-0.3062408953210936,45.35976027787047,11.020720103723654
183,0.9575322718722191,-0.2883261145356534,45.35978137561611,11.020712319325884
184,0.9581787610330386,-0.2861703372210182,45.359826159024394,11.020702411386091
185,0.9608250876413078,-0.2771554635201573,45.35985784383832,11.02068108890453
186,0.9554765479888665,-0.29506705380858633,45.35988635504261,11.020680969855514
187,0.9498782068081032,-0.31262020445105976,45.35991281487491,11.020665448744177
188,0.955119683109889,-0.2962201730741261,45.35994751185787,11.020652679768014
189,0.9429755501738275,-0.3328620010971022,45.359987449473984,11.02064910371494
190,0.9401468468922474,-0.34076957945005193,45.360025764772374,11.020646480377788
191,0.9524063134450409,-0.30483145196981637,45.360045978652266,11.02063182387512
192,0.9418909542009587,-0.3359187854145812,45.36009017768993,11.020627074570644
193,0.940682534828404,-0.3392880320152899,45.36011635329302,11.020611318124493
194,0.9451020144134545,-0.3267754310709884,45.36015008915179,11.020619065961052
195,0.9439920722659448,-0.3299681310354793,45.36017832017548,11.020612875666052
196,0.938948643731479,-0.34405732725058485,45.360216953141766,11.020597238530192
197,0.9368052408379501,-0.3498513123293239,45.36024765278845,11.0205908876691
198,0.944521469570272,-0.32844968187047113,45.36027488887736,11.020587814624399
199,0.9319958673414772,-0.36246889971197194,45.360315272243575,11.020579113848223
200,0.9226326062936198,-0.38568001478407254,45.3603445426871,11.020580336504255
201,0.9173025869087137,-0.3981908638461984,45.36039034710798,11.020575955280108
202,0.9355375600649126,-0.35322722673626117,45.36041148073258,11.0205736980062
203,0.9134310329722638,-0.4069935478643649,45.360458906649434,11.020570419217002
204,0.9189537346391351,-0.39436535546721907,45.36048730649602,11.020575390870844
205,0.8980285804668876,-0.4399371189893241,45.3605256279785,11.020576043195978
206,0.9032686440995884,-0.4290754672391456,45.3605567576336,11.02057735357793
207,0.8943362902671045,-0.4473953507930915,45.36059383427377,11.020578594367409
208,0.8975556437423982,-0.4409011979867703,45.3606298922256,11.020578545080385
209,0.896353751351657,-0.44333954531240705,45.36065658713079,11.02058176667223
210,0.9090638612410137,-0.4166568086394114,45.36069625718899,11.020576376377013
211,0.889022337309014,-0.45786382666205216,45.36072705355382,11.020587025865357
212,0.8743838326841,-0.48523490511366124,45.360768011667616,11.02059615144689
213,0.8779834590183774,-0.47869097097200947,45.36079271999689,11.020588552136703
214,0.877380252043486,-0.4797956787259644,45.36083059878614,11.020601396216872
215,0.8674272536576317,-0.4975640256409004,45.360860861413066,11.020601531469525
216,0.8657836035657402,-0.5004185765903592,45.36090227385594,11.020603959103866
217,0.8669920775328404,-0.49832192154799826,45.36093629358444,11.02060666044879
218,0.8657139591964674,-0.5005390502771757,45.360971995454165,11.020604892235522
219,0.8693351570241536,-0.494223011161753,45.36099424256482,11.020598781480029
220,0.8706516397980582,-0.49190011396314226,45.36103765189183,11.02060433668493
221,0.8661612855040538,-0.4997645720676536,45.361070991595014,11.02059819849482
222,0.8853870688152004,-0.4648545346394157,45.361106803136686,11.020597899768612
223,0.869857416899283,-0.49330322750343625,45.36113049289322,11.020580852775419
224,0.8743774583379975,-0.48524639138316467,45.36116432182233,11.020565762378766
225,0.8850829490991644,-0.4654333176878574,45.3612023546208,11.020564848922987
226,0.8865925775614876,-0.4625511878839763,45.36123520032117,11.020551314211149
227,0.8874856223812191,-0.4608354045281462,45.36125807159635,11.020533415524294
228,0.8969914159277744,-0.44204796091814114,45.3612960420724,11.020517259875387
229,0.8876262168280831,-0.4605645440103536,45.361332444245576,11.020501777991308
230,0.909590661222341,-0.4155055102126859,45.36136171064017,11.020493939798529
231,0.8853577715172725,-0.4649103315844564,45.36138284749568,11.020452388223688
232,0.9074114383775329,-0.42024335985428346,45.361423390599676,11.020434264764027
233,0.9140461107507188,-0.4056102900833319,45.3614497499646,11.020417554245578
234,0.9026611098428134,-0.4303520893144825,45.361482710508845,11.020406408949396
235,0.9188865578946913,-0.39452185455364325,45.36151310584242,11.02037162571633
236,0.9245831600832048,-0.38098028832284064,45.361536950207494,11.020348809801662
237,0.9273082322818089,-0.3742986005081861,45.36156855908311,11.020319236690055
238,0.9213038249476413,-0.3888434931136768,45.36160463849875,11.02029759229462
239,0.9283792963200381,-0.3716340702415628,45.36162459191014,11.020277257865935
240,0.9271314076890923,-0.37473637783973157,45.36165307227821,11.020251798755694
241,0.9246726109870828,-0.3807631317372142,45.36169482489175,11.02022658934394
242,0.9294268275562225,-0.369006466364447,45.361713032981264,11.020210962033891
243,0.9459996283789276,-0.32416770830378977,45.36175151941479,11.020186253994718
244,0.939403869794566,-0.342812440577926,45.361776110173786,11.02016867159038
245,0.9438115408411213,-0.33048415298635503,45.361806232106005,11.020143650167126
246,0.953602994010597,-0.30106698559294953,45.361834756232895,11.020122543330377
247,0.9384234659676141,-0.34548719009730344,45.361865435587994,11.020117418972594
248,0.9468801778263606,-0.3215865806272391,45.36188901930253,11.02009235929215
249,0.953099207439358,-0.30265805916655786,45.36192298964278,11.020079833847003
250,0.9557779449945671,-0.294089305929274,45.36195286038932,11.020060904926032
251,0.9559098664252763,-0.29366022418913046,45.36197362180878,11.020043842268109
252,0.9466173832762889,-0.3223593176552395,45.3620054738984,11.020035480084942
253,0.9516687099643865,-0.30712646658131004,45.3620406673238,11.020015651983828
254,0.9584177508800916,-0.28536891000588455,45.362075368226805,11.019985536246057
255,0.9546167869566787,-0.2978368514145069,45.362113101552914,11.019994231361007
256,0.9440119856293213,-0.32991115620449407,45.36213308991009,11.019974968575978
257,0.9436822991935021,-0.3308530159887704,45.36216814563262,11.019959677005732
258,0.9508475583653264,-0.30965936244637776,45.362203022673754,11.019956742960893
259,0.9542135919557194,-0.29912609536274787,45.362226426350794,11.019936174962831
260,0.1014141883991164,0.994844290525582,45.362261553244316,11.019920040172797
261,0.14236471852996452,0.9898142688999204,45.36226505030292,11.019928232277515
262,0.13121879676804057,0.9913534321193161,45.362268378934026,11.019931788374707
263,0.12160459947924764,0.992578622269033,45.362271695539064,11.019939536953899
264,0.1233592579189492,0.9923620778151925,45.36226464261992,11.01995351685938
265,0.14578106914635117,0.9893168753632714,45.36226552517559,11.019951890822227
266,0.12868046197961067,0.9916861089602466,45.36227184826667,11.019967678448102
267,0.144764853368427,0.9894660869525634,45.3622823425937,11.019975157062438
268,0.15642666210526396,0.9876895764270298,45.362278063690795,11.019971109269141
269,0.12762967878515133,0.9918218918198968,45.362282594712354,11.019986000811079
270,-0.9683925570562938,0.24943106349846006,45.362284792255686,11.01998853922017
271,-0.9561931243679674,0.2927365862194625,45.362252651115085,11.020002018042758
272,-0.9556948578058317,0.2943592002358532,45.362225057379,11.020009622105032
273,-0.9547678607502453,0.29735220207424085,45.362179416386226,11.020018203409494
274,-0.9580633700722075,0.2865564149096724,45.362143932044795,11.020027938280627
275,-0.9494834773026909,0.3138170268312261,45.36211898422207,11.020039533374423
276,-0.9544328708779342,0.2984256942485093,45.36209087878185,11.02005566913435
277,-0.9541516258190915,0.2993236959326547,45.36204937929761,11.020061164834297
278,-0.9574600187645324,0.2885659586081167,45.36202545779813,11.020070964565996
279,-0.9559853387094557,0.2934144375666735,45.361993939279316,11.020079962113847
280,-0.9539620224854324,0.2999274239803746,45.361964656209295,11.020098691904924
281,-0.9574255434639924,0.28868032271472666,45.36193254245109,11.020097223815418
282,-0.9532535946559008,0.3021714484785145,45.36189731193554,11.020101721781232
283,-0.9547211996034499,0.2975019849139657,45.36186239860985,11.020116698111446
284,-0.9484765336349336,0.31684738462524953,45.361829274156364,11.020135614331464
285,-0.9588062486586911,0.28406086941542674,45.36181129689146,11.020150852972066
286,-0.9666490446218783,0.2561047139972436,45.36177537878668,11.02015837200862
287,-0.9646951603376089,0.26336903314777704,45.361740802993815,11.02017312635634
288,-0.9509566976021543,0.30932403606186976,45.36170437302385,11.02017893328616
289,-0.9658495616448701,0.25910350107710284,45.36168378258222,11.020179011338836
290,-0.96324674548815,0.2686181440381255,45.36164784987426,11.020201255158472
291,-0.9636141924212016,0.26729700365779535,45.36160927950565,11.02021883996876
292,-0.9535393245822155,0.30126857863921414,45.361580172831886,11.020237655406051
293,-0.9628866913790626,0.2699059457757124,45.36154608712542,11.020240648720447
294,-0.9630129662369925,0.26945505536068354,45.36152399781391,11.02026045600433
295,-0.9666230048483287,0.25620297909662926,45.36149526076919,11.020270604093351
296,-0.9767491432352176,0.21438542671848865,45.36145658198351,11.020293492852796
297,-0.965999479174162,0.25854401218215783,45.36143138071024,11.020301323956645
298,-0.9693406998905255,0.24572058834323623,45.361389019116146,11.0203186004543
299,-0.9701657998933456,0.242442407011036,45.36136477299542,11.0203376963225
300,-0.9697058250042893,0.24427569046622452,45.36133834380837,11.0203423753215
301,-0.9762303004112756,0.21673578513690522,45.36131057765193,11.020352265476026
302,-0.9722032999943919,0.2341382998998976,45.36127804054663,11.020383581507062
303,-0.9753802674288364,0.22052966673545663,45.36124441027289,11.020395711363635
304,-0.9729014678840007,0.23122009815142994,45.36121593895582,11.020401363104623
305,-0.967422815231976,0.2531661441990971,45.3611775856019,11.020422549395953
306,-0.9797126800577032,0.20040724671067311,45.36115398225633,11.020441597104014
307,-0.9719803229694565,0.2350622295482434,45.361122434412486,11.020462545317528
308,-0.9760872285275766,0.21737921313997446,45.36109101158333,11.020461492512217
309,-0.975419096781367,0.22035785811770445,45.361067886657885,11.020476775953979
310,-0.9757010939096104,0.21910585419743953,45.361019804783524,11.020493440923579
311,-0.9720914181862371,0.2346023757097744,45.360989784154285,11.02050704303211
312,-0.9625976936117926,0.2709348265787501,45.360965873306135,11.020512056759218
313,-0.9782728897031548,0.2073213767845446,45.36093646569364,11.020529089424565
314,-0.9725263831953368,0.23279268456933278,45.360907600761266,11.02054051480258
315,-0.9709410560654164,0.2393187532279367,45.360871385375276,11.020536846158599
316,-0.9727177482714201,0.23199177183205894,45.36083734008018,11.020558872157153
317,-0.975491459499466,0.2200372978465278,45.360804385011484,11.020573289207757
318,-0.9708194354248868,0.23981164233894892,45.360771838309724,11.020563694937332
319,-0.9658213556500191,0.259208620555643,45.3607405345083,11.020576063941293
320,-0.9688680133746855,0.2475778113228047,45.36070061324644,11.020589306731647
321,-0.9660250252974931,0.2584485451670752,45.3606738101211,11.020594153605707
322,-0.9654590134316843,0.2605549719032796,45.36063731388143,11.020595512086775
323,-0.9663520116853609,0.25722322895037314,45.36060596852729,11.020600003447006
324,-0.9584108786333944,0.28539198958128636,45.360565454963954,11.020615744446747
325,-0.9636634022809192,0.2671195371071971,45.360539937941724,11.020614447895952
326,-0.9621450685889449,0.27253782671397125,45.36050497761412,11.020622881356392
327,-0.9601750042827047,0.27939928623872295,45.36047034182716,11.020616041879258
328,-0.970936208006737,0.23933842144858045,45.36043677370691,11.020633130025622
329,-0.9581043583231655,0.2864193404121923,45.36040455130927,11.020638903526779
330,-0.9689030179328604,0.24744078451337656,45.36036830535496,11.020642330331123
331,-0.9644732002395073,0.26418070713010655,45.360330052941755,11.02064581125647
332,-0.9523839211575656,0.304901404917294,45.36030212665271,11.020656278424536
333,-0.9648077855531786,0.2629561502151486,45.36026403439202,11.020661979628995
334,-0.959992129142471,0.280026984386336,45.36023260281921,11.020672167388064
335,-0.9638446072147823,0.2664649566884587,45.36020093615435,11.020674414991099
336,-0.9554755820779973,0.29507018157162584,45.36016029864423,11.020674521032706
337,-0.9584376171493609,0.2853021802108337,45.36012623533536,11.02069879425685
338,-0.9501727632684217,0.31172378790020466,45.360104211994255,11.020696055020005
339,-0.9597770000466818,0.2807634416753575,45.36006170506235,11.020712758020746
340,-0.9525314386910884,0.30444023765771383,45.36002734748369,11.020704662881815
341,-0.9573609235380693,0.2888945518391353,45.36000111299216,11.02071393533391
342,-0.9567346293016873,0.29096193753644667,45.35996738143814,11.020727396912768
343,-0.964708336003085,0.2633207672139795,45.35993335852902,11.020737828716651
344,-0.9588159338019964,0.2840281765730395,45.35989731188429,11.020739104884438
345,-0.9558872385392427,0.2937338713832996,45.35986651415212,11.020744925020384
346,-0.9508157048351552,0.3097571555893858,45.35983626601726,11.020766079005448
347,-0.9559003444997093,0.29369121775316526,45.35979274833538,11.020775956438124
348,-0.9471171385906055,0.32088802686909906,45.359773797739585,11.020783364432042
349,-0.9517464819426577,0.3068853761745163,45.359743713617725,11.020793428092517
350,0.12694360059042745,0.9919099365714299,45.35970487897718,11.02079853333608
351,0.1146493056814689,0.9934060281208068,45.359698173487274,11.020795025737831
352,0.12863241424592622,0.9916923424153604,45.359714701345915,11.020811905427642
353,0.15155379278324405,0.9884490112762587,45.3597132754492,11.020822677951118
354,0.14123615800298178,0.9899759328754193,45.35970743669468,11.020818225889766
355,0.13851213084532613,0.9903607371098105,45.359710118948534,11.020848760009553
356,0.12594776162897886,0.9920368749903654,45.35971355103048,11.02084993529086
357,0.132073252334704,0.9912399588483778,45.35970729274963,11.02085297915852
358,0.12076455109157154,0.9926811790296274,45.35971375518243,11.020859866285612
359,0.1123724879044829,0.9936661531732661,45.35970547429386,11.020886225198495
360,0.951259819866706,-0.30839058855153473,45.35971655234412,11.020882424454955
361,0.9539830672430204,-0.29986047991290693,45.3597518461029,11.020871675029234
362,0.9477232429173229,-0.31909348917562236,45.35978745019494,11.020866056694805
363,0.9523674321184974,-0.3049529049542229,45.35981080737297,11.020850325882854
364,0.9534899888211211,-0.3014246858137175,45.35984937621943,11.020842795887907
365,0.9559015657897885,-0.29368724269302315,45.35988149644296,11.020831892467077
366,0.9526602692135855,-0.3040368587225879,45.35990856429982,11.020823235546484
367,0.9595508987662379,-0.2815352068159596,45.35995607107852,11.020820231517535
368,0.9482237676970261,-0.3176030326908992,45.35997290414397,11.020806353275882
369,0.9581209130680011,-0.28636395712753376,45.36001071319319,11.020795233338928
370,0.9467250745453112,-0.32204290587928663,45.36004980595003,11.020785434610676
371,0.9477031904124005,-0.3191530399074358,45.36007810052525,11.02077492710454
372,0.952041726142715,-0.30596822005430513,45.360113652467085,11.020762177609267
373,0.9525776210207644,-0.3042957047518434,45.36014262180711,11.020766216383585
374,0.9434239571586104,-0.33158895798742827,45.36016450396085,11.020741664386275
375,0.9558442082892972,-0.29387386661594583,45.36021201572168,11.020739953249615
376,0.9566629379599608,-0.29119756718388984,45.36024400326835,11.020731755663894
377,0.9450028719222162,-0.32706203090356323,45.36026708046106,11.020713074168192
378,0.9429290935823239,-0.33299358023243786,45.36030795145721,11.020716632684502
379,0.9419868321536833,-0.3356498295084753,45.3603422854347,11.020709730825205
380,0.945018700803899,-0.3270162918432517,45.36036661922657,11.020697424060348
381,0.9403655749001807,-0.3401655266817209,45.360404991363126,11.020700727347432
382,0.9298077958995025,-0.3680454627957112,45.36043708105678,11.020697262956729
383,0.9352894299387197,-0.35388371288447956,45.360479116082494,11.020691695859973
384,0.9278940471520862,-0.3728439851462298,45.360501900755544,11.020681857476639
385,0.9348387782302096,-0.3550724696692903,45.36053952652396,11.02067471263475
386,0.9313182659196416,-0.36420638045541126,45.36057455168616,11.020679953670502
387,0.92718176985176,-0.3746117532253332,45.360609502721516,11.02067308698826
388,0.9162629008591006,-0.400577453820439,45.360647208490796,11.02067380140461
389,0.9253907056226436,-0.3790145669327576,45.36067878097988,11.020669856567936
390,0.9180096890067405,-0.3965579540114504,45.36070805165408,11.020669238095826
391,0.9246731222349028,-0.3807618901838214,45.36074663735596,11.020672163293282
392,0.9109115968466177,-0.41260157868135344,45.36078339493321,11.020665922375425
393,0.9034658116339739,-0.42866015351157244,45.36082246835173,11.020665754613056
394,0.9194685639637789,-0.39316352816911476,45.36085726216863,11.020666046626157
395,0.912819340776104,-0.40836362607984417,45.36088104615677,11.02066029300924
396,0.8997124775623752,-0.43648305547703986,45.3609324028997,11.020657632528755
397,0.9077763289306295,-0.41945457040450684,45.360947202813634,11.02066135677392
398,0.9091144933449956,-0.4165463215418808,45.36098753931687,11.020653334660262
399,0.904365211314412,-0.4267593754848731,45.3610225297035,11.020645367835225
400,0.9044047805202141,-0.4266755125059128,45.36106052250888,11.02064851625626
401,0.9066739729438581,-0.42183208363779084,45.36109004398299,11.020634635675394
402,0.9175959333248344,-0.39751440621155615,45.36111777455365,11.020630220470284
403,0.9073479151791437,-0.4203804952897571,45.36115259643952,11.020616244509764
404,0.9143510550060748,-0.40492239776193895,45.36119324257777,11.020601889652765
405,0.9080168129122655,-0.41893372682161995,45.361217399231144,11.020589227880233
406,0.9071529975664716,-0.42080094938838375,45.36125051528046,11.02059335137716
407,0.8934443274401728,-0.44917394599974003,45.36129103139963,11.020578987794515
408,0.9156338473576694,-0.4020132554692596,45.36131629661672,11.020562593812421
409,0.9259930917895766,-0.377540453405964,45.361339028276156,11.020546160974867
410,0.9282343555112654,-0.37199594251629375,45.361380847523606,11.020528285194816
411,0.9247252900001068,-0.38063517708459144,45.36140790946123,11.020510326124192
412,0.9394796445419802,-0.3426047248525252,45.36143768287004,11.020503921943192
413,0.9246628364234,-0.38078686812629536,45.36146309112228,11.020484789125348
414,0.9242355900533243,-0.3818226997950533,45.3614984358977,11.020464970805438
415,0.927103251290239,-0.3748060317645221,45.36153608327099,11.02043715059486
416,0.93352237458867,-0.3585191433415107,45.361566122086934,11.020430081279894
417,0.9445091000350716,-0.3284852507357661,45.361587349785786,11.02040403666586
418,0.9380484418831633,-0.3465041423714437,45.36162617690036,11.020383809728216
419,0.942601111632485,-0.33392086539957894,45.361660251213756,11.02036074074392
420,0.9533378232261014,-0.30190560578849585,45.361690480159005,11.020353384864162
421,0.9465995442398317,-0.32241169774830253,45.36170536577265,11.020320422874226
422,0.9484554478390451,-0.3169104975611197,45.36174452639196,11.02030902868017
423,0.9420518948205162,-0.335467177925166,45.36177069482018,11.020295462231338
424,0.9406428882248928,-0.3393979328633745,45.36180820199028,11.020275425977506
425,0.9546604017318808,-0.297697022768324,45.36183555936318,11.020271080506989
426,0.9496362297631223,-0.31335448157204066,45.36186866993875,11.020243513274423
427,0.9430767760352394,-0.33257509603543495,45.361889311494096,11.020234309373034
428,0.9578521697397813,-0.2872615897136148,45.36193200130813,11.020222567549915
429,0.9512632671756945,-0.3083799547996323,45.36196061372881,11.020204276337372
430,0.9540354291314003,-0.299693843717326,45.361992526958666,11.020180181083557
431,0.9502807042585646,-0.3113945778491437,45.36202536608713,11.020175051745932
432,0.9495101058943386,-0.31373644800137895,45.36205728657475,11.020157573345282
433,0.9564493479573213,-0.2918983466757132,45.36208889852045,11.020148855588484
434,0.9548646761523177,-0.2970411591623782,45.362118416518335,11.020131179233116
435,0.956168848866947,-0.2928158678358423,45.36214648095978,11.020117686383207
436,0.9572434024520472,-0.2892837162061288,45.36218681257385,11.020109241278293
437,0.9467650250858581,-0.3219254374450306,45.36221132415834,11.02010149588319
438,0.9656604309376668,-0.25980749050264046,45.362244368403914,11.020085010589781
439,0.9430078502352012,-0.332770483058195,45.36227361593039,11.020076158227422
440,0.12375087575726779,0.9923133178332886,45.36230842645001,11.020062681985655
441,0.13357885511418674,0.9910381876932811,45.362307836962,11.020071345313454
442,0.15615180630255762,0.9877330678824358,45.36230853356038,11.02007426097753
443,0.13140500403237285,0.9913287673195266,45.36231021589552,11.020080297652889
444,0.14796840210407242,0.9889920889363916,45.3623085732386,11.020089440710116
445,0.10476659358889215,0.9944968380381005,45.36230955142376,11.020097193849052
446,0.1141907368102368,0.9934588444554385,45.362300677667584,11.020106869512317
447,0.11113866849135098,0.9938049086042842,45.36231063873805,11.020111685740389
448,0.1022648835316858,0.9947572033397148,45.36231459663075,11.02011281544736
449,0.11600538888873081,0.993248584065829,45.3622989924631,11.020115918744699
450,-0.94755471730819,0.31959358208042316,45.36230598435625,11.020127256726864
451,-0.9468060614676891,0.3218047264538581,45.362276515887714,11.020130440949215
452,-0.9564896719093718,0.29176618640737345,45.36224309992836,11.020142426118067
453,-0.9479260597281775,0.31849047911705586,45.36221150708609,11.020149665426054
454,-0.9450456338992504,0.32693844963228763,45.36217622605748,11.020168458287944
455,-0.9503231393674094,0.3112650490865804,45.36214151440769,11.020182590615262
456,-0.9460570559680802,0.3240000723040179,45.36211383972007,11.0201907910422
457,-0.9637849822692439,0.2666805353832055,45.36207395370093,11.020193816550544
458,-0.9530543723537516,0.30279921290749184,45.362039788735935,11.020207508984512
459,-0.961443785947512,0.27500153901917485,45.362010241757595,11.020212814039803
460,-0.963024444329064,0.26941403011851006,45.361983522124405,11.020231487274689
461,-0.9604553180011505,0.27843416120028974,45.36194609991642,11.020243096423325
462,-0.958994176588328,0.2834257738274251,45.361918615417196,11.020248000850302
463,-0.9534058220171013,0.30169079956786093,45.3618769061075,11.020250426272586
464,-0.9585039563910552,0.28507922685228065,45.36184275930926,11.020265131368001
465,-0.9559564859716568,0.2935084273555384,45.361818177501426,11.020282230287123
466,-0.9524937622525123,0.30455809440902193,45.36178701859567,11.020285273526628
467,-0.952452978554543,0.3046856144332698,45.36175347209235,11.020296359791494
468,-0.9541145617309732,0.29944181921186785,45.36171735042649,11.02030958073756
469,-0.9519146623537209,0.3063633065430675,45.36168566819129,11.020313034612027
470,-0.9546496285372236,0.29773156825190883,45.36166340432146,11.020323835938322
471,-0.9504977033930643,0.31073158166576875,45.36162578808013,11.020336081481865
472,-0.9562054937055214,0.29269618003551073,45.361577727451944,11.020352929514058
473,-0.9506754698959682,0.3101872836498623,45.36155848189912,11.020350197250567
474,-0.9555969267770366,0.29467696471608185,45.361533705722245,11.020367310303657
475,-0.9623928209163454,0.2716616613522768,45.36149220889378,11.020380311729454
476,-0.9623796688375356,0.27170824979774777,45.361450498896225,11.020388481229714
477,-0.9538569636147028,0.30026137441192713,45.36143676551943,11.020395390062037
478,-0.9586569120900484,0.28456444771259304,45.36139618540301,11.02040513450925
479,-0.9446592003275696,0.3280533420596059,45.361363124958146,11.020412262998478
480,-0.9521056181098821,0.30576934438167497,45.361333938414255,11.02042714030701
481,-0.9568911802755145,0.2904466717160534,45.361292285249036,11.020431066372673
482,-0.9526986435800143,0.30391659138783583,45.36127052372113,11.02045334673861
483,-0.9597123205197808,0.28098445124692817,45.36123506939204,11.020461572721747
484,-0.9542950378053792,0.29886615870658556,45.36120227434375,11.02047675470733
485,-0.9517137697553909,0.3069868082800674,45.361162960009054,11.020472024765526
486,-0.9612948943924371,0.27552155272325457,45.36113187036214,11.020500319695998
487,-0.9551353839043667,0.29616954335964063,45.36110957186325,11.020503365718136
488,-0.9568698943225545,0.29051679011572357,45.361082242514456,11.020507877912738
489,-0.9499154231882992,0.31250710198169,45.36103811299214,11.020519198337348
490,-0.9600033427956317,0.27998853873187896,45.36101150201665,11.020527732920293
491,-0.9563016715959044,0.2923817930427253,45.36095899821133,11.020538528831773
492,-0.9484888179320197,0.3168106094465905,45.36093432706182,11.020548964746745
493,-0.9533176724926935,0.30196922908321905,45.360915006245754,11.02055362134575
494,-0.9565665100167915,0.29151417103512395,45.36087711755788,11.020569975775064
495,-0.9552475271186315,0.2958076434674051,45.36083463681081,11.02058253821943
496,-0.9547039333772913,0.29755738874027043,45.36080578020541,11.020594472412611
497,-0.9444695259741722,0.32859901781064765,45.36078009450845,11.020604338654651
498,-0.9576436686437614,0.2879559061844674,45.36074736887891,11.020614510946446
499,-0.9623822617042634,0.27169906580072467,45.36071180674295,11.020625556769533
500,-0.9609876548471722,0.2765912638376929,45.36066630159336,11.020632942588756
501,-0.963355182694226,0.2682289916772129,45.36064798768813,11.02063854009159
502,-0.9509246292769191,0.30942260653441894,45.3606149580092,11.02065678637206
503,-0.9603016820148637,0.2789635809911818,45.36058134757418,11.02066799740167
504,-0.9512548236785316,0.3084059993390622,45.36054929686053,11.020668426321572
505,-0.9525927271572908,0.304248411938395,45.36051165821043,11.020671082321858
506,-0.9485482206388695,0.3166327101277356,45.3604830892021,11.020685942774334
507,-0.9468794349565643,0.3215887679262718,45.360454597106894,11.020701161796717
508,-0.9485658983057857,0.3165797475697674,45.36041165728265,11.020706956328407
509,-0.9463670939330623,0.3230933665686909,45.36038121280251,11.020721138831336
510,-0.9597877598199054,0.2807266572662588,45.36035515751961,11.02072658008402
511,-0.9494718471824145,0.3138522126861841,45.36031345896992,11.020737319523645
512,-0.9483842366663487,0.3171235400325669,45.36028912294615,11.02075554167776
513,-0.9596976762562894,0.28103446441366997,45.360246530140145,11.020750353965049
514,-0.9533066098610148,0.30200415161930944,45.36022695604056,11.02076126148522
515,-0.9584256109089639,0.28534251059696514,45.3601872650855,11.020776065770919
516,-0.9573370851842659,0.28897353742322773,45.360161323351306,11.020783843327626
517,-0.956271279333966,0.29248117943036933,45.36012852258858,11.020801476398931
518,-0.9612173246476312,0.2757920499166907,45.3600787876619,11.020807891600684
519,-0.9505940735692606,0.31043663974311925,45.360056411756595,11.020810168414515
520,-0.9562517757233114,0.292544939156386,45.36002540877513,11.020825150861006
521,-0.9445600254056529,0.32833878602089084,45.35998956713362,11.020826584277636
522,-0.9514474285651311,0.3078112906909032,45.35995982911909,11.020840453492355
523,-0.9524895576354547,0.3045712438747554,45.3599245535767,11.020856858970896
524,-0.9539344757894453,0.30001502612421954,45.359902440415304,11.020863341906521
525,-0.9525149953378687,0.3044916807673079,45.35986102586115,11.020865672054164
526,-0.9624427693126059,0.2714846511276137,45.35983001870633,11.02088192436904
527,-0.9541202653521713,0.29942364509888364,45.359789865503586,11.020892529067318
528,-0.9533071469880599,0.3020024561183,45.35976130185244,11.020901917366961
529,-0.9551012706574229,0.2962795348797755,45.35973411005409,11.020913303701157
530,0.12129275679201007,0.9926167775883069,45.35969791968104,11.020923615151206
531,0.12756256013697645,0.9918305264768272,45.3597085061425,11.020932068761683
532,0.11311784659674702,0.9935815783222406,45.3596995657648,11.020934067308506
533,0.15347610628159902,0.9881523591029064,45.35970693780755,11.020940704410403
534,0.14086779377427577,0.9900284160958048,45.359710917482595,11.020952564385068
535,0.14795160712230543,0.9889946015777472,45.35971968216607,11.020970587962754
536,0.11618870090605954,0.9932271571910236,45.35971471493031,11.020976021950203
537,0.13847461132152045,0.9903659838763414,45.35971446933586,11.020993447121176
538,0.14162468154934194,0.9899204258808116,45.359722705091706,11.020992625719114
539,0.10848445658256715,0.9940981453961099,45.35972746638585,11.021001090313675
540,0.9546473106415315,-0.2977390002752262,45.35973056693113,11.021006392913337
541,0.9564993034669554,-0.2917346096492993,45.35976382766192,11.02099735147258
542,0.9531023298304891,-0.3026482262820874,45.35979492323606,11.020983721871893
543,0.9497550578925068,-0.3129941373374286,45.359820721368294,11.020981491765811
544,0.9454924465723382,-0.32564402877168513,45.35985752819955,11.020969212609042
545,0.9461340655508008,-0.32377512258404445,45.35988580892386,11.020953522508847
546,0.9489465443638481,-0.31543692862426753,45.35993333882158,11.020947211731793
547,0.957620952528346,-0.288031441475932,45.35995896252191,11.020942789659793
548,0.9606214441424379,-0.2778604704769951,45.35998409699397,11.020921639835622
549,0.9597935244708894,-0.2807069475159963,45.36001652112835,11.020913754053351
550,0.9586281597350266,-0.28466129235116683,45.3600600322225,11.020905880703191
551,0.9554074110683883,-0.29529083777794346,45.36008198291915,11.020889698357166
552,0.9566097793099924,-0.2913721505712027,45.36012975084981,11.020885950881743
553,0.954544512130865,-0.2980684055059325,45.36014996610968,11.020878924311255
554,0.960726403704678,-0.2774973463380795,45.360187161347625,11.020870964999311
555,0.9512718992480299,-0.30835332607423926,45.3602286743683,11.02086296360738
556,0.9495730875665523,-0.31354577236716935,45.360239744527746,11.020852844450125
557,0.9580200759746005,-0.2867011231746761,45.360270289919406,11.020836427160306
558,0.9487194181404932,-0.316119385111328,45.36030974526397,11.020819868742748
559,0.9447591683543219,-0.32776533344826125,45.36033584967981,11.020817831755345
560,0.954015742517759,-0.29975650623178957,45.360381695615644,11.020795463462347
561,0.9526721954487043,-0.303999486872833,45.36041167069413,11.020797084329372
562,0.9543140618406011,-0.29880540720223503,45.360444330499234,11.020780249098596
563,0.9510779779897289,-0.3089509342645992,45.36046951850646,11.020783103809046
564,0.9587048203464633,-0.28440300182040196,45.36050618776166,11.020766600490827
565,0.9502060063957378,-0.3116224404779973,45.36053926823925,11.020749497486289
566,0.9494637729672588,-0.3138766379053682,45.36057679263839,11.020748390909365
567,0.9479963672257338,-0.3182811457293876,45.3606017292532,11.020738043375248
568,0.9541285793806806,-0.29939715097008557,45.3606302390026,11.020731446602122
569,0.9447892001074155,-0.3276787563458912,45.36067549935965,11.020710769582006
570,0.9500160516797831,-0.3122010594965297,45.36069383067775,11.020713404049301
571,0.9411676665062989,-0.3379399702951518,45.36073540365728,11.020702931655794
572,0.9495357388984061,-0.31365886015647304,45.36078001910114,11.020694616619156
573,0.9514828148222002,-0.3077018899812329,45.36080514087758,11.020680991693196
574,0.939155922221104,-0.34349112616926175,45.36083834288017,11.020669199314352
575,0.952486547501121,-0.30458065734612033,45.360866605743915,11.020656993594313
576,0.9538099267173878,-0.30041075828833297,45.36090388193371,11.020652144292734
577,0.944463384716985,-0.32861666867177686,45.3609250280026,11.020638759077682
578,0.9551985813932792,-0.29596565696760674,45.36096283136071,11.02063092151621
579,0.952000752145564,-0.3060956842464139,45.360998100486434,11.020610323583117
580,0.9530327163647081,-0.30286736624883476,45.36103359636499,11.020611577913058
581,0.947069731450583,-0.32102791743105535,45.36105362773638,11.020601302533889
582,0.9541905125588486,-0.2991997087944471,45.36109560272205,11.02059115981762
583,0.9501434722934328,-0.3118130562663769,45.36112523493133,11.020574540350191
584,0.9472536857386812,-0.32048471859744565,45.36115754510122,11.02056821014581
585,0.9522682743475619,-0.30526240133877697,45.361185469611016,11.020564710489422
586,0.9582904100039964,-0.28579623876876425,45.361231871827016,11.020554034892521
587,0.939501417015426,-0.34254501518195624,45.36125641479761,11.020537976744505
588,0.9470829356690456,-0.32098896081407924,45.3612911097034,11.020533684616652
589,0.9506953061028998,-0.31012648218737093,45.361312193833065,11.020515751570706
590,0.9526468089242008,-0.30407903157984617,45.36134522559589,11.020512149395293
591,0.9496086497350946,-0.31343805185122353,45.36138352440252,11.02050183870582
592,0.9461388336593897,-0.3237611889057269,45.3614165063823,11.020486570937305
593,0.961200989813084,-0.275848975315022,45.36146230395325,11.020478114433335
594,0.9489168559322909,-0.3155262279551035,45.3614907479268,11.020469345187214
595,0.9504313053944969,-0.31093461326477057,45.36151180829107,11.020458142507215
596,0.9558768496299931,-0.29376767749607785,45.361543962831306,11.020443621926411
597,0.9530745748116999,-0.30273561872944116,45.36157253057251,11.020431267587115
598,0.9503959376285541,-0.31104270082922914,45.361613103729965,11.020424342778192
599,0.9405289114603654,-0.3397136539899157,45.36164036703821,11.020416491394277
600,0.9605039934914265,-0.27826620076290587,45.36168302343144,11.020402749178192
601,0.9536729324756651,-0.3008453720157011,45.36171474995958,11.020384590100187
602,0.9505012359955239,-0.3107207755702558,45.361740380203976,11.020379320579941
603,0.9516738840844482,-0.3071104334789366,45.361767938400575,11.020372366734263
604,0.9408292260219145,-0.33888105208613434,45.36180190455136,11.020357662385763
605,0.9571626374838336,-0.28955083388757724,45.3618344425,11.020356899268325
606,0.957946553134699,-0.2869466872736979,45.36186514468453,11.020347659080775
607,0.9519830021319713,-0.3061508838004541,45.36189626365391,11.02033235937163
608,0.949535314099915,-0.31366014614097193,45.3619404768476,11.02032231782686
609,0.9576688270846961,-0.2878722244854866,45.36197519524351,11.020313767066048
610,0.9529744452399274,-0.30305066691834326,45.361998005510856,11.020296489137488
611,0.9558978345977347,-0.29369938680794316,45.362023521601735,11.020288754634072
612,0.951562582018537,-0.3074551227451171,45.362062070428486,11.020279607711538
613,0.9430731735738673,-0.3325853112891704,45.36209938782499,11.020269027140623
614,0.9397639216304912,-0.3418241822950507,45.36212481094097,11.02025406053305
615,0.9514193917569235,-0.30789793924105063,45.362151962812426,11.020253268394471
616,0.9538284448613795,-0.30035195649990726,45.3621913830105,11.020236534221644
617,0.9508707228903358,-0.3095882238555113,45.362227908788604,11.020217278152346
618,0.9471378307455581,-0.3208269464533778,45.36225898304065,11.020206383950677
619,0.9608250139890189,-0.2771557188531415,45.36229121567461,11.02020645930483
620,0.15003585745316253,0.9886805558309996,45.36232172371251,11.020195433923968
621,0.15865480881382185,0.9873341134794491,45.36231436449045,11.020202751234867
622,0.12904967470641085,0.9916381302966166,45.362326832590625,11.020209116279027
623,0.1257617299230007,0.9920604756196943,45.3623355688327,11.020217818391062
624,0.1313352842176659,0.9913380064939833,45.362334240525364,11.020226351031106
625,0.13661077700485352,0.9906248006213706,45.36232668409832,11.020224225409766
626,0.13002290196693247,0.9915109908438219,45.36232444542327,11.020226169676743
627,0.1474951872731734,0.9890627734028066,45.36233561372804,11.020235365835836
628,0.12049030876276051,0.99271450351763,45.36233390373915,11.020237506786362
629,0.11324017826434135,0.9935676434076646,45.36232510904882,11.020244198767545
630,-0.9557431238953423,0.29420244921953365,45.36233173206336,11.020251463316233
631,-0.9533307300743344,0.30192800316621243,45.36229779683887,11.020264892941038
632,-0.9528000857203052,0.30359841345333016,45.36226547802898,11.020266055098103
633,-0.9461665939902214,0.3236800525471773,45.36223366521147,11.020287975570037
634,-0.9526374073013895,0.3041084842783684,45.36220233988542,11.020293501683154
635,-0.9522406190709338,0.3053486587352314,45.362166218753714,11.020309333940812
636,-0.9545687746622172,0.29799069522364807,45.36213736181736,11.02031418327065
637,-0.9640547406938865,0.2657037014150222,45.36210383368372,11.020325358250247
638,-0.9622093752965726,0.2723107013897537,45.36207160570551,11.02033339484082
639,-0.9537385616608487,0.30063724985619383,45.36204054655839,11.020349200020185
640,-0.9645153881306592,0.26402663891956807,45.36201113907692,11.020367069494254
641,-0.9684299821362029,0.24928571900466676,45.361970890262135,11.020367372341452
642,-0.9589892060103875,0.28344259163994145,45.3619449786284,11.020388083398927
643,-0.960940700402951,0.27675435011772787,45.361910329483,11.020394025587118
644,-0.9625715515267572,0.27102768897544643,45.3618686230615,11.020412516803356
645,-0.962846761842906,0.2700483534640238,45.36185466350321,11.02042729297045
646,-0.9685945548436239,0.24864550735390745,45.36182500719643,11.020434572557214
647,-0.9636862756022009,0.2670370053306449,45.36179421911243,11.020441926643842
648,-0.9611948230668,0.275870462553683,45.36175347811464,11.020469846294688
649,-0.9720279654458275,0.2348651408601225,45.361726318258974,11.02047661068238
650,-0.974947987745744,0.22243295886744083,45.3617096879266,11.020492886593502
651,-0.9686981462331402,0.24824161916261686,45.36166912081442,11.020510720359262
652,-0.9747695623865841,0.22321357540406736,45.36163174392939,11.020528883180136
653,-0.9694915427220899,0.24512476127544128,45.36160260291037,11.020547576524368
654,-0.9729261496937669,0.23111622020546685,45.36157899119163,11.020563781845853
655,-0.9809586567779031,0.19421666687617747,45.36153861144549,11.020570502438213
656,-0.9767904350259003,0.2141972129648573,45.36151975056367,11.020607450419758
657,-0.9816969686669793,0.19044963037523582,45.36149801175991,11.02062092698166
658,-0.9810331435089756,0.19384006638695117,45.36146727939147,11.020633999579134
659,-0.9823029589865049,0.18729895025428445,45.36143456149443,11.020655763442994
660,-0.9838115211558097,0.17920628013853668,45.36140724798089,11.020678092915281
661,-0.9795180074779489,0.20135658178075247,45.36137473760328,11.020696352594706
662,-0.9859052585743132,0.16730457589533124,45.36135834792136,11.020715612741588
663,-0.9933539095592266,0.11510000157862635,45.361333937891544,11.020736293940148
664,-0.9860612813917178,0.16638253916839796,45.361292499141925,11.020767890999414
665,-0.9896532264091668,0.143479933990529,45.36126670918631,11.020784035254154
666,-0.9907765442187446,0.13550586491352348,45.361235272237636,11.020800155556888
667,-0.9851002008219136,0.17198137788907683,45.36121881352261,11.02082791438284
668,-0.9890981622168463,0.14725768400751518,45.36118774785023,11.02083873517073
669,-0.9890553393540756,0.1475450293815224,45.361153569739066,11.020853180059426
670,-0.982424340783785,0.18666122959936104,45.36112429794238,11.020877724302382
671,-0.9894998753966092,0.14453372129055153,45.36108531246797,11.020874636245358
672,-0.9878752593876128,0.15524970817961897,45.361061454577346,11.02089338750476
673,-0.9887671038310517,0.14946442513706823,45.36103413433277,11.020912013557977
674,-0.9865287231206769,0.16358813666610075,45.36100493714324,11.0209260483066
675,-0.9874933020612207,0.15766096024135756,45.360967479400585,11.02093108975535
676,-0.9870381993551525,0.16048549159889275,45.36092241739831,11.020933592603088
677,-0.9848118355545465,0.17362502282702433,45.36089313704264,11.020946830049947
678,-0.9792883457640639,0.2024705802102699,45.36085778773142,11.020955861469478
679,-0.9825940262164126,0.185765927025975,45.36082459915341,11.020958691820852
680,-0.9794110916399126,0.20187598562660866,45.36077908535221,11.020976985599619
681,-0.9812314389836801,0.19283377077165803,45.360757218183394,11.020969228375145
682,-0.9837773354164976,0.17939385251679044,45.360714453977025,11.020970157253274
683,-0.9728952533801885,0.2312462452674612,45.36068437886903,11.020973879458515
684,-0.976141404973296,0.21713580427179582,45.36064208079351,11.020975351802047
685,-0.9750105328539062,0.22215863886858422,45.36061687319671,11.02097811868831
686,-0.9664859016800446,0.25671969510287157,45.360580307617056,11.020977077862632
687,-0.968714719269222,0.24817693823389864,45.36053534765565,11.020983003762442
688,-0.9726501134300732,0.23227517483464663,45.360505845448856,11.020976799109373
689,-0.9628258872677931,0.2701227698787849,45.36046586677148,11.020981595613138
690,-0.973742272952094,0.22765321404735223,45.36042756318831,11.02097570868236
691,-0.9711834571007568,0.2383331547515418,45.36039659426769,11.020984439880156
692,-0.9598697874498568,0.280446057453063,45.36035778600211,11.02097924377512
693,-0.9545410775558195,0.29807940428445384,45.360325410851225,11.020978909643114
694,-0.9592133785963325,0.2826830280045284,45.36028703646669,11.020988398401038
695,-0.9580662116438765,0.2865469143200651,45.36024875335463,11.020991984381089
696,-0.9563091760859324,0.29235724676129576,45.36021692682957,11.0209876790575
697,-0.9555442792952792,0.2948476391393789,45.360182818036016,11.021003325158953
698,-0.960410331969999,0.2785892931274932,45.360148216476006,11.021004478994625
699,-0.9545267201976296,0.298125377029122,45.3601049458257,11.02101323340497
700,-0.9644067190796212,0.26442329737389014,45.36007456459525,11.021014038406847
701,-0.9604775496895903,0.2783574618045663,45.36004159339733,11.021011460104997
702,-0.9633080437813926,0.2683982354376917,45.36000836062137,11.021027162282724
703,-0.9549934421764896,0.29662691280445175,45.35998391781416,11.021025459530566
704,-0.953124660528732,0.30257789326384926,45.3599405209499,11.021042977335878
705,-0.954952503054462,0.29675868464127175,45.3599122570348,11.021050933995614
706,-0.9477164760194973,0.3191135864879238,45.359881494374754,11.021052194916388
707,-0.9544064594982002,0.29851015069526576,45.35984733455026,11.021075489175027
708,-0.9504575807729145,0.31085428604299253,45.35981913704073,11.02107242020353
709,-0.9624870270492806,0.27132770363867653,45.3597861216221,11.021087917777866
710,0.1552623346688352,0.9878732749868187,45.35974611407539,11.021088021761006
711,0.11868509402584031,0.9929319455310507,45.35974370123974,11.02109528368427
712,0.12669488832026013,0.9919417348178857,45.359743111746475,11.021101785945426
713,0.14182162601674259,0.9898922296866297,45.35974811697035,11.021113110239522
714,0.1285027714544353,0.9917091497654588,45.359753546816,11.021112069763856
715,0.12056759677442365,0.9927051196644651,45.35975160748449,11.021121153108007
716,0.12457181846587638,0.992210593595989,45.35976020459681,11.02113767265898
717,0.09905580077306078,0.9950818802154965,45.35975235478944,11.021133132811089
718,0.11428653317192114,0.9934478286933559,45.35975607389905,11.0211519247491
719,0.13671590201617545,0.9906102978143845,45.35976071964729,11.02114854898409
