,Sin,Cosin,Lat,Lon
0,0.9512394184542724,-0.3084535115358192,45.35966441123075,11.020596641456782
1,0.9481071297499942,-0.31795105050499156,45.35969683650817,11.020583767592855
2,0.9553205862557932,-0.29557161141741545,45.35973243369932,11.020586670587926
3,0.9502162187622747,-0.3115912989817348,45.35976335610917,11.020571669832433
4,0.9445751412090259,-0.32829529787974254,45.359796204764734,11.020552490010738
5,0.9477789249337587,-0.3189280631293027,45.3598301708355,11.02055255505747
6,0.9539602646216615,-0.29993301505997905,45.35985634359457,11.020539588254842
7,0.9547803510838626,-0.29731209390836416,45.35987721247335,11.020533710193872
8,0.9550056711786343,-0.29658753853903935,45.35992144861696,11.020519040757026
9,0.9541476545281244,-0.29933635488940996,45.35995478466472,11.020509675903293
10,0.946687152708073,-0.32215436501385747,45.35998465525471,11.020506753010531
11,0.947915153342589,-0.3185229380492022,45.360018919992946,11.020501169673365
12,0.939028629948126,-0.34383896250678964,45.360041808601906,11.020484326220068
13,0.9410524185496763,-0.3382607655963147,45.360075473714396,11.020474686463672
14,0.941961266349734,-0.3357215701988859,45.36011567177095,11.020470518243501
15,0.9443577626368356,-0.3289200756225593,45.36014987143173,11.020464842029465
16,0.9374693775650831,-0.348067760827882,45.3601822999485,11.020459619081295
17,0.9415150280162375,-0.3369709958135617,45.36022082162436,11.020453733766969
18,0.9343444275527135,-0.3563712820938188,45.36025070252302,11.020441331027069
19,0.9325529896222029,-0.36103313081584576,45.360284435708806,11.020446321854598
20,0.9293557120865109,-0.36918553656958764,45.36031437504839,11.020439731171733
21,0.9184217622029691,-0.3956026626705043,45.360344059084504,11.020451101874498
22,0.9153237060582173,-0.40271890088230305,45.360381431481734,11.020433062776776
23,0.9216824245022042,-0.38794523887236804,45.360418030587596,11.020442041233903
24,0.9009306769216203,-0.43396303457961827,45.36045121507638,11.020433651977182
25,0.9079041773143814,-0.4191777723294692,45.3604873415944,11.020427439032554
26,0.9140304334513832,-0.4056456171643871,45.36051843397426,11.020441519687655
27,0.9078702638213381,-0.41925121832735807,45.36055862350239,11.02044055617161
28,0.9019113608116404,-0.4319211701675376,45.36058279457769,11.020450652910215
29,0.8870727621106514,-0.4616296293798522,45.36062254538396,11.020447088814565
30,0.9023397123406803,-0.4310255717854085,45.36065205171664,11.020443785570187
31,0.8839995440832865,-0.46748776033233375,45.36068772542336,11.02046563792391
32,0.8846047068138443,-0.4663416265816216,45.36072792626471,11.020456603669839
33,0.8843823897868418,-0.466763096907751,45.36075182720986,11.020465997268627
34,0.8723209442129526,-0.4889337074567705,45.36078993681757,11.020474009416718
35,0.8756077016619144,-0.4830229319507926,45.360821348821815,11.020480521233601
36,0.8725698631864288,-0.48848933853137155,45.36086187734755,11.02047349191264
37,0.882323384055522,-0.4706436507048744,45.3608949301645,11.02047382331852
38,0.8718312305236026,-0.48980639591955205,45.36093072256091,11.020471191104896
39,0.8754765251909917,-0.4832606479318452,45.36096285549672,11.020480883130649
40,0.8720307800692525,-0.4894510380128036,45.36099163818085,11.020474493433861
41,0.8648714241490224,-0.501993445864029,45.36103628411103,11.020468450397619
42,0.8686671670461033,-0.49539615753061433,45.361060641390594,11.020472010934713
43,0.8696429409189698,-0.49368122843572376,45.36109945131435,11.020460364441794
44,0.8769495401615651,-0.48058246327807214,45.36113226199351,11.02044665764072
45,0.8686141778501656,-0.49548906147127086,45.361155066650824,11.02044372950555
46,0.8748310212353618,-0.48442820343606535,45.36119841609183,11.020433901519398
47,0.8886631260149631,-0.458560626811018,45.3612128829571,11.02042366988427
48,0.8985777674855764,-0.43881430671827176,45.36125912212697,11.02039963502275
49,0.8995539585149679,-0.4368096561662202,45.36128701382691,11.020388891242249
50,0.8846786285814163,-0.46620137723016697,45.36132501591774,11.02036893738395
51,0.9033867879476757,-0.4288266682024116,45.36135026821097,11.020345678659934
52,0.901664377919624,-0.4324365266612171,45.36137798586084,11.02031888027029
53,0.8928177270765224,-0.4504181459687346,45.36141210625983,11.020311626772266
54,0.9061549751520311,-0.4229458133227255,45.36144852362118,11.020290184723722
55,0.9142494493577003,-0.405151754715615,45.361469060116214,11.020263850571764
56,0.9180161701576129,-0.3965429501695228,45.361506402703256,11.02024523860989
57,0.9213066125893628,-0.3888368881666372,45.36153367318094,11.020204356926168
58,0.9189365187632497,-0.394405469641687,45.361555203682784,11.020187747214704
59,0.9351177393482937,-0.3543371467347682,45.36159146845293,11.020166438418757
60,0.9310844165724903,-0.3648037955063864,45.36161272941193,11.020151057181105
61,0.9374022998055472,-0.3482483715960074,45.36165418970893,11.020121723907062
62,0.9288649237342252,-0.37041861920833824,45.36167943282549,11.02010728679088
63,0.9327870080977831,-0.36042807538257365,45.361708418644845,11.020077232224313
64,0.9409788601481458,-0.3384653375964757,45.36174116984914,11.020056587312764
65,0.9383469328310768,-0.34569500089892896,45.36176169220033,11.020027864889029
66,0.9420097017502693,-0.3355856400508946,45.361802342379,11.020015166334876
67,0.9449068913376331,-0.3273392226767981,45.361821742894634,11.019987235325654
68,0.9483234274651982,-0.3173053370503861,45.36185706541228,11.019986020999879
69,0.9448146844722903,-0.3276052685863378,45.36188280049111,11.019966967707273
70,0.9496293145648681,-0.3133754376447824,45.36191280248033,11.019943146994407
71,0.9442599645956462,-0.3292007279181334,45.3619316938599,11.019926824802344
72,0.9527194985797649,-0.30385120869583726,45.36197907218,11.019913943819274
73,0.9518708453559961,-0.3064994188595819,45.362003303598726,11.019899597610014
74,0.9548452575904013,-0.2971035746286473,45.362047361359494,11.01988934683364
75,0.9444335700168685,-0.32870234532962,45.362060597557345,11.019868010339481
76,0.9474851613851155,-0.3197997325749688,45.36209714254923,11.019862654141647
77,0.9547661378968295,-0.2973577339259436,45.36212784457908,11.019841291176979
78,0.9568271740575276,-0.29065745988205055,45.36216613352219,11.019826932323868
79,0.9557343734177773,-0.2942308744298066,45.362195621877376,11.019819709118954
80,0.9545690702843777,-0.29798974824047025,45.36222105024409,11.019807490614326
81,0.12717317122775532,0.9918805293581864,45.36225069800679,11.019790342669332
82,0.15225077902689224,0.9883418944301129,45.36225609107423,11.019799437983044
83,0.13233869349397376,0.9912045551773399,45.362252948914346,11.019800288230368
84,0.14086471277472817,0.9900288544759154,45.36225822512395,11.01981925986454
85,0.1295063835241142,0.9915785882251114,45.362257584929914,11.019822423678306
86,0.09961541644199146,0.995026014135856,45.36226757448832,11.019839615370193
87,0.11749482816425338,0.9930734944376738,45.362264681811766,11.019843749395724
88,-0.9510746377783732,0.30896121661907056,45.362263918759346,11.019856145433454
89,-0.9561088172245524,0.29301182506081125,45.36223451743583,11.01986704480698
90,-0.9446609845220739,0.3280482042654493,45.36219996199505,11.019872929529097
91,-0.9625968388780536,0.27093786332290015,45.36217234169202,11.019886227555087
92,-0.9579199270900998,0.2870355610089068,45.36212683476339,11.019889398443995
93,-0.9469199452357866,0.32146946560234124,45.36210254832667,11.019901316356398
94,-0.9433680064073158,0.3317481039690906,45.36206395430622,11.019919280507752
95,-0.9484924641411575,0.3167996929724445,45.36203790778915,11.019926909696293
96,-0.9591218859430571,0.28299330010626256,45.362007911219585,11.019928671838485
97,-0.9589989712092925,0.28340955033223336,45.361982856224905,11.019944189628484
98,-0.9521192159034682,0.3057270002917063,45.361949161905144,11.019960742766312
99,-0.9496063021799914,0.3134451640399686,45.36191058096223,11.01996072641837
100,-0.9533964027898387,0.30172056467432845,45.361881250626965,11.019969683913505
101,-0.9510956152766482,0.3088966341699663,45.361858053004326,11.019992709331987
102,-0.9534539012778674,0.30153881696726,45.36181732170603,11.019994316662583
103,-0.9564137321138622,0.29201502191502676,45.36179029427219,11.020000628761284
104,-0.9502947067327355,0.31135184334727184,45.361750763150695,11.020013402444237
105,-0.9530785567626099,0.3027230824355826,45.36172463910549,11.020031808140674
106,-0.9478252580362635,0.3187903389823638,45.361689901053666,11.020036001491738
107,-0.9554064224575893,0.2952940363888006,45.36165640138812,11.020049940452132
108,-0.9503810919158888,0.31108805847985044,45.36162814307717,11.020051687523846
109,-0.9512292225846625,0.3084849527950735,45.3616001148526,11.02007167176452
110,-0.9546621050355497,0.29769156052715534,45.36156024583007,11.020075850302497
111,-0.9547034784189146,0.2975588484566122,45.36154085843005,11.020087070587461
112,-0.9593831574173985,0.28210628717528274,45.36150419410863,11.020094496413725
113,-0.9419840680451503,0.3356575867593486,45.36146500192513,11.02010893016459
114,-0.9609103621087859,0.27685966840975934,45.361435633281275,11.020109286130792
115,-0.9514078325605506,0.30793365542342926,45.36140457157907,11.020123544653465
116,-0.9601554502694074,0.2794664761969697,45.3613741190168,11.020133335514588
117,-0.958992788590682,0.28343047018813533,45.36134358546846,11.020146354338703
118,-0.9555001866985171,0.2949904968284555,45.361310799467056,11.020148434071869
119,-0.9543579310864335,0.29866526308297425,45.36127355441994,11.020159385071265
120,-0.948781395813204,0.31593332043130284,45.36124422457169,11.020182362177701
121,-0.9445065458185522,0.3284925949026965,45.36120453234275,11.020195006908864
122,-0.9584362383569092,0.2853068120537221,45.36117439994015,11.020200974490109
123,-0.9546744282084473,0.29765203867078455,45.36115364612021,11.020200807797012
124,-0.9573143149653353,0.2890489618774834,45.361117057804805,11.02022072159355
125,-0.9467649514745924,0.32192565393163797,45.36107648741355,11.020225878221963
126,-0.946192944535647,0.32360301560857285,45.3610679177488,11.02024447530314
127,-0.9509856151908476,0.30923512041824286,45.36102723060355,11.020244354274466
128,-0.9467233246382541,0.3220480501196846,45.3609906933975,11.020257447802669
129,-0.9504479733320704,0.31088365989379363,45.36095773436194,11.02026785994649
130,-0.953083044666899,0.30270895257404223,45.360912526024016,11.020273932988108
131,-0.9590051153638459,0.28338875896191884,45.360893483795024,11.020294247638294
132,-0.9456968445318104,0.325049962686626,45.360861795531804,11.020296575829942
133,-0.9475172203640083,0.31970473426845464,45.360831587658,11.020306489059017
134,-0.9576051197516586,0.28808407561927407,45.36079743957713,11.020317876886612
135,-0.9532798033189425,0.3020887561366665,45.36076621453373,11.020332034372625
136,-0.9539744082724806,0.2998880263717952,45.36074065205631,11.020335242401003
137,-0.9550820911048337,0.2963413559576493,45.36069946679358,11.020347370742176
138,-0.9579339044896953,0.28698891028945234,45.360675953008055,11.020347617666086
139,-0.9535536053215793,0.3012233752188198,45.36063913393969,11.020364252753579
140,-0.9467559253354275,0.32195219807023884,45.360600708589445,11.020369608779385
141,-0.9526943148108008,0.3039301606079574,45.36057463791937,11.020394892505113
142,-0.9576118666761696,0.28806164757041497,45.36054559570385,11.020393655223563
143,-0.95450112566025,0.2982073123069177,45.36051546725824,11.020395828905233
144,-0.9539580647880223,0.29994001171216134,45.36049260533554,11.020419482551963
145,-0.9550915849399272,0.29631075643138194,45.360442679336565,11.020427594797347
146,-0.950259315459534,0.311459842327029,45.36042373519,11.020432703161804
147,-0.960336974524446,0.2788420616787102,45.36038294008244,11.020445806149246
148,-0.947922864120863,0.31849999007362606,45.36035777865943,11.020449407406993
149,-0.9567077418783736,0.2910503334991788,45.36032004171199,11.020461037748552
150,-0.9594784246463003,0.2817821013447337,45.360290750184184,11.020476857709816
151,-0.9511378302541597,0.3087666236162993,45.36026434972809,11.02047245775238
152,-0.946241481328305,0.3234610625927253,45.360225949695064,11.02050121868881
153,-0.9602900081748926,0.2790037637729367,45.36019177174198,11.020503376641479
154,-0.9549923397417256,0.29663046208139954,45.360167597510994,11.020509017924075
155,-0.9555470641277057,0.29483861388380284,45.36012289101556,11.020530161509786
156,-0.9544021223399652,0.29852401724646893,45.36009766765477,11.020536689856693
157,-0.9584576213107507,0.2852349700708831,45.36006973038295,11.020541807908616
158,-0.9584899703316049,0.2851262470796386,45.36003896341066,11.02055235207492
159,-0.9472959555091833,0.32035975508160097,45.35999448724698,11.020567407047738
160,-0.9537398960162041,0.30063301672803705,45.35996035948596,11.020567691856478
161,-0.9432263272707072,0.3321507120922862,45.35994111850935,11.020586330379109
162,-0.9604214841129052,0.27855084428944854,45.359903715704476,11.020603993197419
163,-0.9543858890360919,0.2985759113002731,45.359883091569515,11.020605227208303
164,-0.9520041622465104,0.3060850781487393,45.35984507316247,11.020616198256329
165,-0.9582647668299125,0.2858822076527561,45.35980991927338,11.020622299143552
166,-0.9634337947987609,0.26794649286687633,45.35977161899686,11.020647036489802
167,-0.9512562559274721,0.30840158164128734,45.35974986208443,11.020643352488994
168,-0.9497351489857705,0.31305454282117723,45.359715897732386,11.02066509191846
169,0.10930334758152511,0.99400843970636,45.35968336822583,11.020666257890875
170,0.13436412061335942,0.9909320274831158,45.35968865958952,11.020677518045817
171,0.13936455040366996,0.9902411434043644,45.359687160611664,11.020679500703778
172,0.10213415588634459,0.9947706339661339,45.359697711386154,11.020693479455367
173,0.1311748468430936,0.9913592484844689,45.35968265129375,11.020706343770357
174,0.12024030871395135,0.9927448152271426,45.35968272596664,11.020716388795424
175,0.12253850905727728,0.9924637594381064,45.359689000740524,11.02073119572614
176,0.9558165736314549,-0.2939637351297361,45.359687947553674,11.020738126368471
177,0.957873390036181,-0.2871908227304528,45.359724326762375,11.020729233920319
178,0.9570366812045775,-0.289966878848133,45.35974102369387,11.020708108451489
179,0.959322429447521,-0.28231272794350953,45.359788137477416,11.020706917330171
180,0.9544569611690548,-0.29834863712766213,45.35981573752432,11.020700455018277
181,0.9403360655882536,-0.34024709220506744,45.359850359534306,11.020689183358725
182,0.9604010327968009,-0.27862134915120573,45.35988682964135,11.020687155941562
183,0.9530072437150962,-0.3029475093585609,45.35991459991833,11.020662469056672
184,0.9465476819812596,-0.3225639250379747,45.35995392809064,11.02065519292101
185,0.9512731712997966,-0.3083494017591536,45.35997127335876,11.020651313449411
186,0.9551004930268387,-0.29628204167632144,45.3600028435312,11.020635053985766
187,0.9585552581942184,-0.2849066811926589,45.360043663773546,11.020625454537464
188,0.9651540590427392,-0.2616823309154147,45.36006873414602,11.020617457935739
189,0.9589375050521179,-0.28361745609961897,45.36009512699942,11.02060452840349
190,0.9573798396551131,-0.28883185873783046,45.36013310565006,11.020591574117049
191,0.9505997199708573,-0.3104193492540816,45.36016308487822,11.02058930963373
192,0.9475537564622694,-0.3195964308534159,45.36020489960625,11.020564210679108
193,0.9588624772174087,-0.28387100905956275,45.36023296300642,11.020561969877335
194,0.9582644750418235,-0.2858831857119588,45.36025852910851,11.020553199475193
195,0.9569163215691907,-0.29036382955610895,45.36028481865241,11.020548727661964
196,0.95568663283929,-0.2943859028763097,45.36032492880577,11.0205398225416
197,0.9566710753995618,-0.2911708321481497,45.3603606119881,11.020517276261776
198,0.9519963278630397,-0.3061094440478568,45.3603945530717,11.020514680920986
199,0.9484071859509378,-0.3170549000356617,45.36042197152475,11.020511473262385
200,0.9491472689529641,-0.31483243454118515,45.36045381703121,11.020501996230673
201,0.951972277464508,-0.30618423038921816,45.36048941118401,11.02049104907791
202,0.9562361513056212,-0.29259600635725197,45.36051533115061,11.020473919477743
203,0.9616162697845652,-0.27439779460778907,45.36054869795351,11.020467872229377
204,0.9574656119723784,-0.28854739972898535,45.36058512627896,11.020454638883763
205,0.9534519202726938,-0.30154508075628234,45.36061595642965,11.020446679009032
206,0.9496746573314486,-0.3132380009232527,45.36064531107926,11.020441258801316
207,0.941294449214949,-0.3375866701709737,45.360685125631896,11.020437090224128
208,0.9532129448899659,-0.30229965546490273,45.36071228717394,11.020415873789702
209,0.9553788562176966,-0.29538321057935224,45.36073525357333,11.020406884022742
210,0.9532246721844041,-0.30226267440578114,45.36077834507669,11.020406848628774
211,0.9476540426705398,-0.31929894364088135,45.3608081905737,11.020381832889944
212,0.9565301408704889,-0.2916334850566421,45.36083569500746,11.020383896117066
213,0.953515771263647,-0.30134311664860125,45.360863393752254,11.020371635674515
214,0.9578168099167325,-0.28737946802256753,45.36090129478781,11.020357449556368
215,0.961788726761083,-0.2737927045691593,45.36094126628733,11.02035298706645
216,0.9571323030457949,-0.28965109091155294,45.360978049982414,11.020329364237728
217,0.9622191610261444,-0.2722761211603815,45.36098683329306,11.020320959918626
218,0.9578299236624447,-0.28733575714970716,45.361039183201754,11.020313032332195
219,0.9601843393241977,-0.27936720372397705,45.36106334676188,11.020311591417604
220,0.950403228663368,-0.31102042207264435,45.36109455113527,11.020291411476048
221,0.954878107297106,-0.29699798013571854,45.36113257531372,11.020292532195787
222,0.9613499392721718,-0.27532942861487125,45.36115416313299,11.020274488344146
223,0.951547224433215,-0.30750264986410225,45.36119577945101,11.020262290152315
224,0.951012871407397,-0.3091512872647593,45.361229623676536,11.020254578188085
225,0.9625205019626268,-0.27120892924388174,45.36125256296895,11.02023644098301
226,0.9448380507668731,-0.3275378723492227,45.36127905285942,11.02023751538619
227,0.9646048284213515,-0.263699687118159,45.36132109911764,11.020222288820882
228,0.952138743379628,-0.3056661796068757,45.36134697440103,11.020211293019594
229,0.9522735234838391,-0.30524602613576185,45.36138088021162,11.020202535776033
230,0.9580085793783858,-0.28673953657876877,45.361413627338706,11.02019091607792
231,0.9564889043433259,-0.29176870268776944,45.361447544656635,11.020186754228131
232,0.9368093459967987,-0.3498403196503377,45.36146609677305,11.0201722890115
233,0.9522309448386441,-0.30537882652813897,45.36150827726825,11.020160708254524
234,0.9560413746534423,-0.29323180242046787,45.36154137451034,11.020149597555982
235,0.9584711643534173,-0.28518945826065284,45.361573542912126,11.020143415169457
236,0.9514042853693434,-0.3079446147943637,45.36161119095425,11.020138551382521
237,0.9499227331291936,-0.31248488136926356,45.361641843386245,11.020118078711766
238,0.9462199573836653,-0.32352402113112827,45.36166861476844,11.020120688616617
239,0.9535502373113648,-0.3012340367943835,45.36170093715355,11.020102608085349
240,0.9517592345960011,-0.3068458234378206,45.36173589070465,11.02009802005406
241,0.948754536882127,-0.3160139692253821,45.36175824389622,11.02007578126455
242,0.9486081167704125,-0.31645322055130287,45.36179331532774,11.020061833345462
243,0.9458461544979522,-0.32461523689043936,45.36182850281579,11.020061674690096
244,0.9589703846188697,-0.28350626346508984,45.36185962083633,11.020049674316443
245,0.9469882165496873,-0.3212682955351218,45.361877476159066,11.020033438018213
246,0.9510388620188113,-0.3090713233704552,45.36193133858929,11.020032080600984
247,0.9518611368824029,-0.306529568056557,45.361967476590934,11.020009176982931
248,0.9583262776298348,-0.2856759450918904,45.36198312128184,11.020011543725477
249,0.9423649029997837,-0.33458689393669966,45.36202180492304,11.020004872779753
250,0.9609454301179404,-0.2767379271719842,45.36204425096003,11.019979702686184
251,0.9502734477273179,-0.31141672168404255,45.36208207985305,11.019972918149847
252,0.9477971452337627,-0.3188739115806275,45.36211033881713,11.019970498844652
253,0.9553276119687223,-0.29554890256967337,45.36214746644597,11.01996540114959
254,0.9496690496961865,-0.31325500163467807,45.36217409263963,11.019944665870772
255,0.9521057349296413,-0.30576898062767516,45.36220269036934,11.019936270478942
256,0.9509729787624652,-0.30927397831638515,45.36224428031694,11.019924079495892
257,0.11366501055956016,0.9935191318613321,45.362273565933315,11.019919062871228
258,0.15699448618350834,0.9875994791958814,45.362278541814284,11.019933798138254
259,0.11582047210779114,0.99327016377254,45.3622715614581,11.019938745744657
260,0.1485085649540746,0.988911121453936,45.362284505988065,11.019950376411996
261,0.16284354328933986,0.986651904376094,45.36227871755193,11.01997229348803
262,0.13465028823182476,0.9908931828805194,45.36229103002436,11.019974363843458
263,0.12083215945618556,0.9926729518029365,45.3622921816523,11.019992843268472
264,-0.9533139348236676,0.3019810286607688,45.362287137530316,11.01999068523658
265,-0.9563064212336886,0.29236625781237985,45.36225969551925,11.019992474353916
266,-0.9632594768123549,0.26857248617680174,45.36221942295125,11.020015733488982
267,-0.9612174338152526,0.2757916694347757,45.362194101542066,11.020016866276924
268,-0.9593345655131554,0.2822714852968418,45.362156079425596,11.020031553510089
269,-0.9583765589103538,0.28550721765158427,45.3621193435469,11.020037720149407
270,-0.9553411619576052,0.29550510024277543,45.362094346287606,11.020052541878247
271,-0.9560155521597719,0.29331597983854624,45.362073041598066,11.020067257765831
272,-0.9643346248531681,0.2646860995770265,45.36203340642579,11.020075911355315
273,-0.949036907062415,0.3151649552748611,45.3619980203099,11.020089019617867
274,-0.9518833215337742,0.3064606698841294,45.36196729761517,11.020088882856388
275,-0.9550813058741616,0.2963438866751028,45.361926102889484,11.020110668535624
276,-0.9508143102568053,0.3097614362874688,45.36190622071275,11.020118605745626
277,-0.9534926321639811,0.3014163240586069,45.36187346952993,11.02011409299467
278,-0.95235973864559,0.30497693061427383,45.36183792027482,11.020124308255967
279,-0.9513446959041311,0.30812865750377133,45.361806435546605,11.020140618858262
280,-0.9549576750548018,0.2967420409276847,45.36177945268526,11.020153100787724
281,-0.9494549754149036,0.31390324888392723,45.361743788875174,11.020159301718497
282,-0.9511540739646402,0.3087165813176671,45.361708849877175,11.020172375057005
283,-0.9510085225352327,0.3091646649689348,45.36168355625824,11.020193575906015
284,-0.9558050327787326,0.29400125733548454,45.36164953880397,11.02019110297102
285,-0.9527126104629219,0.3038728054053617,45.36161391775951,11.020196612450032
286,-0.9567424922437039,0.2909360815287547,45.361576319971235,11.020205387544635
287,-0.941074681197587,0.3381988237839689,45.36155557171815,11.020216517924643
288,-0.952768377220094,0.3036979080754241,45.36151698864467,11.020234579686905
289,-0.955730840914695,0.2942423486252276,45.361492678750466,11.020243572931058
290,-0.9561965683092739,0.2927253367127076,45.36144863011074,11.020259187213991
291,-0.956258587056333,0.2925226737896149,45.361416804757226,11.020266747187081
292,-0.9564401787960686,0.29192838913772035,45.36139044931889,11.020275113348848
293,-0.9566168847598271,0.2913488215050881,45.36135250720498,11.02027158067678
294,-0.9501346163503476,0.31184004042582125,45.36132931668469,11.020292948630868
295,-0.9483313067880744,0.3172817873210233,45.36128789258571,11.020296912187705
296,-0.9579677874231,0.2868757889046935,45.36126653106649,11.020309067549805
297,-0.9490709816855574,0.31506232990062844,45.361236581050285,11.020324403240055
298,-0.9530530529618058,0.3028033656354921,45.36119984210622,11.020332825978652
299,-0.9515903285469842,0.30736923498594104,45.36116651381579,11.020341986636
300,-0.9538236906881358,0.3003670539224691,45.361129759561834,11.020339469102172
301,-0.9535083076639193,0.30136673209876474,45.361102008865664,11.020364140269413
302,-0.9508207926995415,0.3097415376894348,45.361072359761884,11.020370088205006
303,-0.9519321595048216,0.3063089350647268,45.36104046287961,11.020385318613119
304,-0.9548944506815985,0.2969454294268363,45.36100991576852,11.020387746150826
305,-0.9455973651711024,0.3253392429164808,45.36097425886086,11.020410564807824
306,-0.9569151086030437,0.29036782694924196,45.360945572439874,11.020416130413533
307,-0.9524411528964449,0.30472257919178014,45.36090066458014,11.020424265314064
308,-0.9549554334750955,0.2967492545506937,45.360871722949625,11.020434924992525
309,-0.9541163383433718,0.2994361583146504,45.360852178511344,11.020439131731486
310,-0.9568348532116921,0.29063217935968405,45.36081075303165,11.020448314600731
311,-0.9527630948897413,0.3037144794311292,45.36077273153054,11.020460527552155
312,-0.9519676267570513,0.3061986897531529,45.360751431841805,11.020477306319746
313,-0.9594632241967135,0.2818338542724191,45.36072302723463,11.020480081858192
314,-0.9532975816634727,0.30203264855736156,45.36069506356271,11.020494681778715
315,-0.9532487316740664,0.3021867891913603,45.36065059830768,11.020506192724167
316,-0.9540420618857722,0.29967272841008474,45.360620904835244,11.020504722866134
317,-0.9638638715693966,0.26639526475381253,45.36058650416606,11.02051965922248
318,-0.9517129996886495,0.3069891956138399,45.360545849008005,11.020530006368798
319,-0.956372205829095,0.2921509950652079,45.36052582110896,11.0205321297252
320,-0.9604807252452305,0.2783465042575458,45.36049259661156,11.020550152983834
321,-0.9501597927812703,0.3117633207769213,45.360467528215885,11.020563715954633
322,-0.9604635987390113,0.2784055953053162,45.36042943920008,11.020570094922139
323,-0.9543725396372191,0.29861857876964815,45.36039644034676,11.020586235869416
324,-0.9556214966742718,0.29459727611440123,45.360367429298954,11.020595416573359
325,-0.9550891498879414,0.2963186051639848,45.360338045608565,11.020606159936772
326,-0.9611865011890668,0.27589945620084155,45.36030046946649,11.020616838131394
327,-0.9507014622523923,0.3101076098246594,45.36027267156513,11.020610053219233
328,-0.9499014283639708,0.31254963828500565,45.36024039400089,11.020632107078358
329,-0.9501608812714739,0.3117600033702464,45.36019517058426,11.020636173919844
330,-0.9406083330371867,0.33949368745383873,45.36015948226546,11.020643092319832
331,-0.9557825305370398,0.29407440269464563,45.3601369097116,11.020656524589906
332,-0.948467601935296,0.3168741202419487,45.36011436746497,11.02067843787309
333,-0.9461852729096398,0.3236254460466767,45.360077308108714,11.020684262920296
334,-0.9572490889840812,0.28926489873323136,45.360043546903476,11.020698413676637
335,-0.9532670703317359,0.30212893377025224,45.36001686563662,11.020700511168652
336,-0.9483003481886446,0.31737430523798754,45.35998591044978,11.020719497736161
337,-0.9501898037497605,0.31167184160586536,45.359953352092425,11.020729209632293
338,-0.9571054529007487,0.2897398005584543,45.3599167288859,11.020732715026982
339,-0.9390091662891502,0.34389211335091,45.35988370403864,11.02073955853742
340,-0.9530806334578158,0.30271654419216765,45.359856477318665,11.020760604510837
341,-0.9577567273091334,0.2875796433930926,45.35981788681532,11.020764814225096
342,-0.9542378570898463,0.299048678473218,45.359791582481655,11.020774774939582
343,-0.9519349618338848,0.3063002259847684,45.35975904394408,11.020794985354334
344,-0.9468917516720717,0.32155250055845574,45.359725271259606,11.020793723557585
345,0.1409465821233234,0.990017202369612,45.35969208417931,11.020803580223719
346,0.14664746161962094,0.9891888201958824,45.35969515110693,11.02081975920764
347,0.11760960332341319,0.9930599081657205,45.359692051782055,11.020820976768174
348,0.14837358524454602,0.988931382453646,45.359691337134635,11.020831211917015
349,0.12407025804964071,0.9922734356353069,45.35970972624831,11.020843381678448
350,0.13173624645422669,0.9912848033588285,45.35971078929346,11.0208498976616
351,0.11694080301885004,0.9931388868578788,45.35970303451062,11.020866120292224
352,0.9444224967629643,-0.32873415947845874,45.35971116896037,11.020875424380979
353,0.9495024991353269,-0.31375946859938497,45.35975304645039,11.020863020280476
354,0.960863358656753,-0.2770227535616238,45.3597767110644,11.020850365290181
355,0.9538021117695265,-0.3004355697716098,45.35980900242827,11.020843325455132
356,0.9460543063862555,-0.3240081007753063,45.359837323257835,11.020838296298551
357,0.9529317098834865,-0.30318501991116686,45.3598726239494,11.020827811632028
358,0.9553859188563372,-0.2953603664187739,45.35990365040689,11.020823653009268
359,0.9532798522045849,-0.30208860187171055,45.35993374629043,11.020808841466563
360,0.9556502171417252,-0.2945040958577207,45.35996581506707,11.02079712092137
361,0.9466904959818835,-0.3221445402572817,45.36000580032468,11.020795970232532
362,0.9563832825167602,-0.29211473246391867,45.36003101413196,11.020775104270127
363,0.9607057342933288,-0.2775688961247565,45.36006152584104,11.0207755945368
364,0.9467980235470129,-0.3218283744598509,45.360094693710046,11.020765977622135
365,0.939736215287094,-0.3419003446589206,45.36013495486953,11.020750610122265
366,0.941391914971209,-0.3373147824018983,45.36015887921882,11.0207445317444
367,0.9495680798596021,-0.31356093779638483,45.3601943302912,11.020736654258807
368,0.9473291410939829,-0.32026160936668113,45.36023029618548,11.020725404455437
369,0.9425105140895158,-0.3341764965264862,45.36025875113737,11.020725591677301
370,0.9472419065115889,-0.32051953224146934,45.360288208587136,11.020714679637893
371,0.9368593907762256,-0.349706279489516,45.3603232215262,11.02071096745067
372,0.9412779425042972,-0.3376326923668337,45.360358590705324,11.020701859878738
373,0.9458112155815609,-0.3247170221594952,45.36038718315801,11.020699265081936
374,0.92946270003213,-0.3689161005553737,45.360419057744814,11.020690729361993
375,0.9304847570122211,-0.36633061156270835,45.36045511016647,11.020679982598544
376,0.9291637448978506,-0.3696684124555437,45.36049293001788,11.020686496585748
377,0.9226317159898243,-0.3856821445823909,45.3605300811195,11.020679052757147
378,0.9354566017713689,-0.35344157395864256,45.36055453708714,11.020677809718554
379,0.9254943657873063,-0.37876137460933346,45.3605921367701,11.020676005552945
380,0.9143809908188666,-0.40485479326433543,45.360622069988324,11.020674503600192
381,0.9272804867945992,-0.37436733138719663,45.36066334885288,11.020667586211701
382,0.918674534959374,-0.3950153146615683,45.3606945223348,11.020679850597475
383,0.9133591262331817,-0.4071548925489645,45.36073471497905,11.020665558923106
384,0.9177147520540184,-0.3972400204692768,45.360762389546956,11.020675144750788
385,0.907701471843259,-0.419616536868581,45.36080045091273,11.020658274573776
386,0.9189741946133756,-0.39431767603633716,45.36083225807091,11.020663173093562
387,0.9087324053130077,-0.41737922269087074,45.360862277584026,11.020653384849663
388,0.9148856843936101,-0.40371299767487767,45.36089835689996,11.02065816242562
389,0.9141955572208865,-0.40527334375405544,45.36092833399625,11.020657998177573
390,0.9057251693079372,-0.4238654476152881,45.36097212065273,11.0206499051407
391,0.9104610740079001,-0.413594768724631,45.3609941663921,11.020641524191738
392,0.9070290142022833,-0.42106812678619365,45.36101997708094,11.020639681051446
393,0.9121359053932245,-0.40988789942188164,45.361060346842144,11.020634445211519
394,0.9093393847896925,-0.4160551445064747,45.36109101031726,11.020622231763197
395,0.9227291945109362,-0.38544887287057783,45.36112445219239,11.020620684845392
396,0.910716912865507,-0.41303111822321625,45.3611603987033,11.02060233579447
397,0.91579887313581,-0.4016371795080487,45.36118908981832,11.020595077558397
398,0.9187754646016865,-0.39478050312288115,45.36122538226093,11.020589047266304
399,0.9269961162619419,-0.3750709272061435,45.361258598236724,11.020576738606492
400,0.9183987715311217,-0.39565603300104807,45.36129079721075,11.020567376259354
401,0.9120537259332552,-0.4100707268402204,45.36131571213512,11.020550592037111
402,0.9285762568379964,-0.37114166464671605,45.361344006291795,11.020539468815574
403,0.9171439770359009,-0.39855605049575016,45.361394026784524,11.020524325111884
404,0.9226511588954607,-0.3856356298228462,45.36141264086017,11.02050623239913
405,0.9167592134263255,-0.39944028915213964,45.36144805537947,11.0204950757924
406,0.9389114525977768,-0.34415880662963255,45.361471227872016,11.020473960169133
407,0.9284773292487044,-0.3713890804415136,45.36150904089762,11.020460265933862
408,0.939094312880176,-0.3436595284814756,45.36153706487405,11.02043678891746
409,0.9288644305811162,-0.3704198558409344,45.36157546252108,11.020417419524069
410,0.9495262146672313,-0.313687691278633,45.36159561327475,11.020399373065018
411,0.9453646766158855,-0.32601476685411396,45.36162266162247,11.0203826542551
412,0.9403280129384145,-0.3402693463762097,45.3616481437439,11.020366712017369
413,0.9535361033159955,-0.3012787740166028,45.36168348980993,11.020354673407812
414,0.9481745830563918,-0.31774983878176494,45.3617105476951,11.020326904727012
415,0.9509157036715076,-0.309450035564583,45.361746762822314,11.02030948968129
416,0.9481314006840096,-0.3178786671624538,45.36177677593119,11.020300592591003
417,0.9383026737583223,-0.3458151130560713,45.3618146493322,11.020283336292065
418,0.9445946734878176,-0.3282390939824861,45.361839780224095,11.020271403483447
419,0.9500598829909958,-0.3120676508886101,45.3618587990273,11.020251798204164
420,0.9585668551578722,-0.2848676608405152,45.36190040998005,11.020237941198776
421,0.9521890613598863,-0.30550939662566623,45.36192870292039,11.020220231990068
422,0.9584431092802825,-0.28528372942238456,45.361955973599976,11.020210334582298
423,0.946369596771344,-0.32308603545626,45.361989497164366,11.020204956921166
424,0.9495052027681129,-0.31375128671654057,45.362019218601986,11.0201879866093
425,0.9562587942391998,-0.2925219965065734,45.36204866234202,11.020176828440905
426,0.9541090070817688,-0.2994595174734661,45.3620875495373,11.020158596752374
427,0.9570542348522283,-0.2899089366532461,45.36211228677229,11.020142022832175
428,0.9541040047024415,-0.2994754551056957,45.36215097300419,11.020126514365572
429,0.9397010658667173,-0.3419969397654829,45.36218181257054,11.020129550122537
430,0.9499831287394215,-0.3123012249583081,45.36220937910279,11.020113649594363
431,0.9577885640681781,-0.28747359277021867,45.36224378112172,11.020100974985173
432,0.952371070246658,-0.30494154285245434,45.36227501552851,11.020089300098395
433,0.13369728605040226,0.9910222175626321,45.36230383022443,11.020078331446541
434,0.14753686609523617,0.9890565571001471,45.36230574277431,11.020090242998398
435,0.1523115549377127,0.9883325301903485,45.362306398703716,11.020086668540854
436,0.11369800025961761,0.993515357071527,45.36231102655874,11.020097570221457
437,0.14204026795380814,0.9898608802653079,45.36230106018422,11.020112977818231
438,0.12019958448622431,0.9927497468593679,45.3623172753651,11.020113559359018
439,0.13060106526446905,0.9914350012743074,45.36230932251151,11.020122659697822
440,-0.9536343529487492,0.3009676409118103,45.36230974824021,11.02012773335405
441,-0.9510962713135129,0.30889461421904496,45.3622768710185,11.020138342132917
442,-0.9557131794287346,0.2942997089129029,45.36224469930141,11.020153170522194
443,-0.9631289145085703,0.2690403204680352,45.36220922818708,11.020154588401672
444,-0.9476739330241937,0.3192399045646645,45.36217245063803,11.020166909969902
445,-0.9673195168118992,0.25356054976039516,45.362146479764256,11.020177400404995
446,-0.9507529526103023,0.30994971060285287,45.36211648785614,11.020197872454974
447,-0.9629135689815477,0.26981004182798374,45.36209026843272,11.020190453009608
448,-0.964486689872417,0.2641314541264405,45.3620555511628,11.020196633098628
449,-0.9528317543357687,0.30349900811933694,45.36202367156467,11.020213138222998
450,-0.9483550141669381,0.3172109189552382,45.3619864023078,11.020220914000273
451,-0.9479431924456336,0.31843948231332814,45.36196162993214,11.020230086799533
452,-0.9634504431801784,0.2678866244065164,45.36192392796314,11.020252831093014
453,-0.9573509132820427,0.2889277225155779,45.361890514622004,11.020251804249014
454,-0.956340712648598,0.2922540698275589,45.36186446754294,11.020253916295056
455,-0.9569717643488901,0.29018105079238427,45.361833973811514,11.020275786228874
456,-0.950222599546795,0.3115718397264606,45.36179986982108,11.020283806180064
457,-0.9566569924516198,0.2912170990745932,45.36176142080066,11.020292733486366
458,-0.9600051026802795,0.2799825045030956,45.361745491167305,11.02031081810528
459,-0.9509818068073134,0.3092468320314659,45.361705741438456,11.02032382874087
460,-0.9561237379433132,0.2929631337579979,45.36166390537609,11.020319309134955
461,-0.9498745668771164,0.31263126395165697,45.36163577791501,11.020333402511177
462,-0.9604797554937929,0.27834985052373157,45.361609405423216,11.020348271393141
463,-0.9501304555033895,0.31185271768083334,45.36157999184512,11.020348886184612
464,-0.950370934379758,0.3111190882703051,45.361538225076536,11.020364516082132
465,-0.9543105026580495,0.2988167741552352,45.3615102004638,11.020375136553072
466,-0.9433805955381799,0.3317123030007014,45.36147906132181,11.020368843386523
467,-0.9456225659175544,0.3252659878122834,45.36144059032645,11.020387762105429
468,-0.9584125179700769,0.2853864842599543,45.361415314293794,11.020404120588864
469,-0.9483863468830455,0.3171172291847793,45.36137916188682,11.020410057893194
470,-0.9498986372481923,0.31255812092157687,45.361343946184256,11.020429319402796
471,-0.9572675358875153,0.2892038463365321,45.3613198301191,11.02042594011386
472,-0.964429418845989,0.26434049266880766,45.36129245345172,11.020437598297164
473,-0.9487932237274687,0.3158977977271092,45.36125882697828,11.020444889588143
474,-0.9439765867023967,0.3300124297018106,45.36122842709846,11.020450524746414
475,-0.9556389498014526,0.2945406552963052,45.3611833146986,11.020478920053879
476,-0.9608427903928691,0.2770940853754281,45.36115555188883,11.02048423279879
477,-0.9452308734439984,0.32640250594671605,45.36112830153909,11.020490656160916
478,-0.9528616675518922,0.3034050799018158,45.361093447290635,11.020505080452565
479,-0.9558808400740786,0.29375469286340566,45.36107117078084,11.02050839683387
480,-0.949683731245051,0.3132104893014883,45.36102625018129,11.020529703239852
481,-0.9541933529520381,0.2991906502251487,45.36099343147967,11.020525371158573
482,-0.953482569084184,0.3014481554971339,45.360961786899765,11.020549815383298
483,-0.955163273020859,0.2960795870573989,45.360939843478626,11.020551574789915
484,-0.9586208800220741,0.28468580643527724,45.36090126591861,11.020557920202911
485,-0.9654031965183351,0.26076170760328465,45.360868806953334,11.020566673186527
486,-0.957672722715158,0.2878592645153808,45.36084109981012,11.020568605929691
487,-0.9563452314960252,0.292239282429337,45.36080584125954,11.020580354994864
488,-0.9499772351436373,0.3123191520045649,45.36077029051255,11.02060130140529
489,-0.9565645227580003,0.29152069189126045,45.3607509316168,11.020606199738642
490,-0.9485914717998357,0.31650311156230587,45.360715692084646,11.020610427317301
491,-0.9639015293031138,0.26625897507336443,45.360680451172925,11.020627679829483
492,-0.952304332363622,0.305149895234254,45.360644824582536,11.020645800376265
493,-0.962867583439335,0.26997410387238113,45.360614030043976,11.020650267782514
494,-0.9437919317101499,0.33054014830096484,45.36059282890284,11.020652441277184
495,-0.9501764481153633,0.31171255580562096,45.36055361385494,11.020677998861382
496,-0.9511316878542648,0.3087855442851842,45.36051272585326,11.020672775036216
497,-0.9526327220023909,0.3041231608580896,45.360485225872644,11.020692968468113
498,-0.9581638524836164,0.2862202504955837,45.36045561088581,11.020701448280752
499,-0.9550641955999984,0.2963990254419335,45.36042687405199,11.020704869203161
500,-0.9661727164033599,0.25789587448765566,45.36039164986892,11.020710372978808
501,-0.957495427030527,0.288448448107506,45.36036129040928,11.020718602219867
502,-0.9564026938924979,0.2920511720832036,45.36032868696784,11.02073249435859
503,-0.9546754779830063,0.29764867165488657,45.360292567553685,11.02074959180919
504,-0.954207434210024,0.299145737890953,45.360257189606045,11.020759728648398
505,-0.9548329538842621,0.2971431139647266,45.36022982491593,11.020763075457678
506,-0.9523814429426137,0.30490914571154626,45.360207896594574,11.020777889554804
507,-0.9532173827139929,0.30228566173718047,45.360171514210535,11.020781604400481
508,-0.956247658795271,0.2925583959632045,45.36013955869493,11.020798448048463
509,-0.9519337191417516,0.30630408805785253,45.36010224595472,11.020800808703896
510,-0.9526293389410119,0.30413375772644957,45.36008094398137,11.02080622279661
511,-0.9579145075276628,0.2870536470209624,45.3600384698957,11.020827647200955
512,-0.951067963499935,0.30898176128063964,45.36001260188547,11.020834217241447
513,-0.9585470738657585,0.28493421553648485,45.35997960069091,11.020843137714323
514,-0.9590790694314951,0.2831383735533163,45.359939099426335,11.020858068403989
515,-0.9564906535335361,0.2917629683544315,45.35991584521461,11.020864353626184
516,-0.9570091120090946,0.2900578554901836,45.35988857001921,11.020870075454694
517,-0.9537208914435198,0.3006933009299973,45.359849097209334,11.020878060875877
518,-0.9619662661438604,0.27316826829124846,45.359812224770614,11.020889740898394
519,-0.9564265434017508,0.2919730588197804,45.35978434395198,11.020901301815579
520,-0.9523512934664923,0.30500330134721354,45.35975277307701,11.020915947355478
521,0.12891803388161896,0.9916552528676978,45.359720352780045,11.020920939212356
522,0.10626946309259472,0.9943373679058892,45.35972538114279,11.02093613896229
523,0.11216507654633606,0.9936895871464864,45.35972344023505,11.020953872497087
524,0.11587002954706482,0.9932643838640155,45.3597180202508,11.020961732723906
525,0.11855475300692542,0.9929475165080313,45.359720245173385,11.020974270070273
526,0.12999597962154008,0.9915145209638818,45.35971122296866,11.020979633716319
527,0.1394722608801574,0.9902259784740942,45.359714634736655,11.021000166811046
528,0.9526539783145345,-0.30405656973907097,45.35971916610879,11.021010331274633
529,0.9502294315879491,-0.3115510027973641,45.359753800583604,11.021004773131798
530,0.9568573005550534,-0.2905582667460976,45.359783252123606,11.020995470248105
531,0.9560502306970674,-0.29320292697052686,45.35981164212452,11.020985146385605
532,0.94747532965786,-0.3198288600012975,45.35984944373052,11.020969806960213
533,0.9468288888727441,-0.3217375563965215,45.35988320991467,11.02095894892301
534,0.9552019656878413,-0.2959547342856403,45.35991412822308,11.020957107190378
535,0.9495998397664073,-0.31346474174237465,45.35993927108343,11.020933915977388
536,0.948966266240938,-0.3153775920016086,45.35997607721643,11.020931973309644
537,0.9575549143860107,-0.28825090795208214,45.36000818215621,11.020921548548765
538,0.9505399550902917,-0.310602308067642,45.36003914182635,11.020918836439527
539,0.9522357449580156,-0.30536385841198216,45.36007387870792,11.020900114804212
540,0.9517935232208647,-0.30673944831862315,45.36011740539699,11.020881689258607
541,0.9578042252121379,-0.28742140867683486,45.36013762545152,11.020886096967814
542,0.9558692507386747,-0.2937924020329401,45.36017106598995,11.020873704923291
543,0.9464277557588425,-0.3229156284995831,45.36020256822117,11.020868236665871
544,0.9430481005444434,-0.33265639939661046,45.3602255572355,11.02085810031312
545,0.9359282218106524,-0.35219080569820427,45.36028341300629,11.020843612787006
546,0.9405016735117937,-0.3397890553292078,45.360306919122834,11.020838963711263
547,0.9435447308288384,-0.33124513720979337,45.360335954496534,11.020830563274252
548,0.9268421059095137,-0.3754513426706821,45.360370679256185,11.020828062709972
549,0.9495927211574001,-0.31348630580120107,45.36040037751695,11.020829265780355
550,0.9376274666413538,-0.3476416744288822,45.3604317811302,11.020814833511821
551,0.9406886617802663,-0.33927104444389555,45.360465547188525,11.020809118181583
552,0.9390049459230371,-0.34390363698581944,45.36050249006268,11.020793431326808
553,0.9363513317266883,-0.35106435816479203,45.36053627668859,11.020799359605942
554,0.9524012536995302,-0.3048472600361748,45.36056573267359,11.020786897922557
555,0.9332181241611821,-0.3593103571247071,45.360603213682744,11.020783759329909
556,0.9326491925562095,-0.3607845390593262,45.36063845540406,11.020782337669878
557,0.9271240962748283,-0.374754466426463,45.360670419085196,11.020777012313603
558,0.9302339164439923,-0.36696711119291264,45.36070477634319,11.020769146995045
559,0.930244417596959,-0.3669404904472859,45.36074062292596,11.020767818668654
560,0.9347727889683548,-0.355246158324511,45.36075876479037,11.020761576250754
561,0.9369453742386957,-0.34947584421918265,45.360806776962235,11.02075975515978
562,0.9200225623292125,-0.39186539118068375,45.36083294784016,11.02074601631499
563,0.9265366345066305,-0.37620455196226255,45.360869405685214,11.02075178577919
564,0.9273439429765548,-0.37421011667871357,45.360899773710976,11.020734692062534
565,0.9272158607511324,-0.37452736558432786,45.360940215548766,11.020736690592221
566,0.9265792872263289,-0.3760994874805713,45.360967219471476,11.02073684374712
567,0.9260296628035154,-0.377450743287131,45.36099856109457,11.020733357393372
568,0.9236570238109926,-0.38322017478809695,45.36103775441749,11.020711349496342
569,0.9243067644507418,-0.38165037035302474,45.36106998636897,11.02070784308227
570,0.9213773070994762,-0.38866934270934916,45.3611055776225,11.020707262397481
571,0.9273108283827985,-0.3742921687185131,45.36113884108572,11.020695070146536
572,0.9280247639955953,-0.3725185061321378,45.36116830820618,11.020686947302101
573,0.9183263254470453,-0.39582415286453576,45.361196317661225,11.020676316693647
574,0.9279625827381852,-0.3726733758103426,45.36122075194725,11.020659839852511
575,0.924316283449621,-0.381627315780566,45.36125883229184,11.020645349561383
576,0.9297996209911443,-0.36806611471952194,45.36129617226547,11.020644337195458
577,0.9342858669624142,-0.3565247800564358,45.36132619439948,11.020624699273755
578,0.9326215695496016,-0.3608559380290666,45.361365665863275,11.02062143475632
579,0.9378855719688529,-0.34694474184321855,45.36139050313227,11.020594260251325
580,0.9314848433016175,-0.3637801351082285,45.361419990291964,11.02058761621909
581,0.9341632788822595,-0.35684586082501485,45.36144676177558,11.020577768721916
582,0.9371939185957732,-0.34880877131617455,45.36148331365929,11.020565332908433
583,0.9354786766694665,-0.3533831426323897,45.36150374712686,11.020534643198404
584,0.9434376963227719,-0.33154986526491204,45.36154405089481,11.02053394960391
585,0.9396494123285293,-0.3421388342627152,45.36158759467751,11.020518725861272
586,0.9527865317662294,-0.3036409473125782,45.36159618178746,11.020495996854502
587,0.9422910177739425,-0.33479491905127157,45.361628521647155,11.020483446488218
588,0.9337494612773577,-0.35792728809668084,45.36167113312444,11.020468832150613
589,0.943729706738972,-0.3307177658039764,45.36168515438119,11.020451010515592
590,0.9563890471804323,-0.2920958582953633,45.36172908347797,11.020438223581404
591,0.9460650371517692,-0.3239767668815492,45.361758104744304,11.020427032154783
592,0.9523812014298797,-0.3049099000737413,45.361795694993106,11.020413333433824
593,0.9512784926258177,-0.30833298472195947,45.36182313969522,11.020391788176783
594,0.9509810287802973,-0.30924922457456105,45.36185318204886,11.020387012411398
595,0.956640470220867,-0.2912713695775789,45.36188436806729,11.020368560655665
596,0.9471098934188791,-0.3209094105632919,45.36191277679881,11.020351888179649
597,0.9497615789325309,-0.31297434908245414,45.36193535764255,11.020333103480278
598,0.9580713018024876,-0.2865298948844376,45.36197331879568,11.020330518047533
599,0.9421699830903124,-0.3351353800534949,45.362011786264375,11.020320971906747
600,0.9513369329452872,-0.3081526245454581,45.36203857151172,11.020299859330661
601,0.9524799713705066,-0.3046012214979431,45.36207756107622,11.02029509845164
602,0.9488007422773117,-0.31587521500431504,45.36210037065608,11.020268553778992
603,0.9538768879316101,-0.300198072395388,45.36213909552686,11.020275724701243
604,0.9550912897475482,-0.2963117079164522,45.36217015301292,11.020257114353274
605,0.9653052650084236,-0.26112400377410167,45.36219462798329,11.020244927350703
606,0.9615443099542305,-0.2746498497990539,45.36223025512295,11.020233232364737
607,0.9631801360641628,-0.2688568866356616,45.362260287902295,11.020225982357562
608,0.9427655654120327,-0.33345627700394287,45.36229050244662,11.020209466615404
609,0.13984974733042332,0.9901727365321753,45.362326703437624,11.0201993258145
610,0.14613582309002413,0.9892645355059491,45.362318722147236,11.020198079887845
611,0.13132164566885648,0.9913398132723327,45.36232541170838,11.020220197850817
612,0.14402781778738874,0.9895736393535363,45.362338141522216,11.020228169160644
613,0.12263087727063417,0.9924523504631518,45.36233204903663,11.02023628599328
614,0.13018696713017355,0.9914894621676255,45.36233464404343,11.02024674625028
615,0.13160057967538977,0.9913028232730408,45.36233374541331,11.02024994151873
616,-0.9488899889445056,0.315607016526718,45.362326564862016,11.020256375389451
617,-0.9487820785495044,0.3159312700941173,45.36229741425477,11.020260074317187
618,-0.957968941223112,0.2868719359781813,45.362257977553114,11.020274538562768
619,-0.9579546865029868,0.28691953333114906,45.36222535081127,11.020287499600034
620,-0.9527806487776095,0.30365940676178244,45.36220170162179,11.02030280136351
621,-0.961299240081212,0.2755063901605266,45.36216898191091,11.020305812744533
622,-0.959310285890022,0.28235398949829676,45.36213716016112,11.020309176975168
623,-0.9488344729053498,0.3157738795822525,45.36210872832376,11.020320452930143
624,-0.9539034507373276,0.3001136562561236,45.362068500548716,11.020337886579723
625,-0.9507182471101628,0.3100561475148967,45.36203643654328,11.020338651228135
626,-0.9521992264515684,0.305477713008715,45.362001635008134,11.020354479402656
627,-0.9546979681978046,0.29757652716399463,45.361972479557785,11.020374739965531
628,-0.9539014812771561,0.300119916062309,45.3619549193648,11.020381656615045
629,-0.9524277103052582,0.3047645921735056,45.36191219291182,11.020387180122524
630,-0.951239661405293,0.3084527622984491,45.3618804280331,11.020399656214032
631,-0.9489588161904565,0.3154000082029285,45.36184326048815,11.020402753716354
632,-0.9554340084298082,0.29520476882284485,45.36181496133456,11.020419802921483
633,-0.9568068250314126,0.2907244392432599,45.36178540207543,11.020438787995642
634,-0.9551408907693327,0.29615178334827835,45.36175179617647,11.020449626534779
635,-0.9534024723058588,0.30170138514941564,45.36172501296611,11.020445923818196
636,-0.9593892018830101,0.2820857304265511,45.36169056075556,11.020460894675669
637,-0.945277927820456,0.32626620906165676,45.361663518741445,11.020476993272391
638,-0.9542695675325293,0.29894747445208397,45.36162584209714,11.02048237036591
639,-0.9612895472998648,0.27554020804960727,45.36160158172607,11.020490169557196
640,-0.9470318940183787,0.32113952063232926,45.36155648593793,11.020502113853436
641,-0.9551269883077155,0.2961966174793919,45.361530746911896,11.020512878126407
642,-0.9462044606305229,0.3235693413828034,45.36150245307427,11.02053181723972
643,-0.9548279775539645,0.29715910431990106,45.36146322483798,11.020533624873515
644,-0.9494920107493255,0.31379120689274037,45.36143441705464,11.02054674738489
645,-0.9509100207035196,0.3094674983348524,45.36140152241202,11.020551568135945
646,-0.9512984721884645,0.30827133634493686,45.36136941537367,11.020556196738616
647,-0.9542810851139466,0.2989107067231761,45.361341767829025,11.020568086000964
648,-0.9597252119637102,0.2809404163184991,45.361310687816825,11.020572184033751
649,-0.957502409110243,0.2884252703007851,45.361276138032046,11.020596188860907
650,-0.9556917983715733,0.2943691331055418,45.3612495885121,11.020603351874684
651,-0.9574562501853058,0.28857846243455715,45.36120734643354,11.020601848590413
652,-0.9517097748925757,0.30699919279034416,45.361179087699036,11.020625155612526
653,-0.9518221200852501,0.3066506998466164,45.361138650859935,11.02064099991468
654,-0.9513002467321323,0.30826586020411684,45.36112288519033,11.020645292456313
655,-0.9532568975825936,0.302161028610919,45.361083515693124,11.020658741492415
656,-0.9507255188161516,0.3100338495580109,45.36105376869624,11.020665534278217
657,-0.9560473012619176,0.29321247884393337,45.36102003749728,11.020675569868112
658,-0.9595946509267786,0.2813860442749671,45.360983121129365,11.02068441185082
659,-0.9503166213567458,0.31128494851678823,45.3609586826252,11.020695242745129
660,-0.9525616541074955,0.30434568359678127,45.36092375335719,11.02071245969643
661,-0.9580947815273922,0.2864513739013632,45.360891306527236,11.02072023613363
662,-0.9501733900402122,0.3117218774155752,45.36085049850123,11.020720992556907
663,-0.9628852135047173,0.26991121802173207,45.36083299333133,11.020731555928629
664,-0.9498983981011998,0.3125588477147538,45.36079834609701,11.020742256792495
665,-0.9531371151606817,0.30253865819622705,45.360768930546726,11.020754619062005
666,-0.9450674216253366,0.326875463414491,45.3607271436203,11.020765084671647
667,-0.9542281797926914,0.29907955612098797,45.3606954486028,11.020776685568569
668,-0.9530248564936485,0.3028920977926968,45.36066324605237,11.02079022401465
669,-0.9591187935603128,0.28300378060974735,45.36063679489559,11.02080048927657
670,-0.9456060477824986,0.32531400584229864,45.36060501705458,11.020809042277172
671,-0.9509867910808915,0.3092315041997967,45.36058004097377,11.020824436624268
672,-0.9517423214007682,0.3068982790024683,45.36054942931349,11.020833172457593
673,-0.9551172267641898,0.2962280930942968,45.360510026711,11.020842152014605
674,-0.945353817523286,0.3260462539182895,45.36047088053729,11.020841338487589
675,-0.9546066531335395,0.29786933006468136,45.36043396022422,11.020859574344051
676,-0.956916634036543,0.290362799793935,45.36041688003962,11.020856717586724
677,-0.9570452537034531,0.2899385837788638,45.3603834502029,11.020879456284236
678,-0.9560727647468334,0.2931294398543858,45.360349733369624,11.020886711617225
679,-0.9548648454517862,0.29704061493394546,45.360312929571236,11.020893214621239
680,-0.9585793674596571,0.2848255541215426,45.36028985188871,11.020906273454225
681,-0.9587187422430894,0.28435606775982236,45.360257637627754,11.020923033521246
682,-0.956164689214672,0.29282945053223325,45.3602201946505,11.02093114412155
683,-0.9582480151527668,0.2859383525443603,45.36019297440117,11.02093720338623
684,-0.9508618457742802,0.309615487743635,45.36015875434594,11.020953136059225
685,-0.9509457384571915,0.30935772579670057,45.36012386461543,11.020958626273117
686,-0.9559398687742389,0.29356254408199106,45.36010735947244,11.020966057566545
687,-0.9602193354741142,0.27924689395166175,45.3600715475036,11.020980191349055
688,-0.9529940167600073,0.3029891153484344,45.36003853949894,11.020994937158989
689,-0.9495997046219062,0.31346515114441104,45.360002495587096,11.021005834924756
690,-0.9483806563359776,0.3171342471063957,45.35996854630676,11.021013078053397
691,-0.9541959410798906,0.29918239591704243,45.35993010198847,11.021013550700818
692,-0.9545337432050637,0.2981028900948959,45.35990332820485,11.021037134969633
693,-0.9569252555993806,0.290334385142477,45.359875477995566,11.02103839734424
694,-0.9472356075654239,0.3205381471216214,45.359834235410624,11.021049202541287
695,-0.9584438118193508,0.285281369151918,45.359801510886705,11.021061836562767
696,-0.958013188555104,0.28672413667928764,45.359777371604395,11.021079266626632
697,0.11633516185938535,0.9932100130965005,45.35974519476924,11.02108190496772
698,0.1345654410302769,0.9909047088798837,45.359752291917694,11.021095749139999
699,0.11735793044115338,0.9930896818326981,45.35973966922528,11.02110340137794
700,0.14870833407057674,0.9888811007284717,45.35974636556837,11.021114277587564
701,0.1359834413405679,0.9907111101028273,45.359764739717406,11.021120611403004
702,0.14421795562845577,0.9895459470253762,45.35975430313278,11.021129974507948
703,0.1614719566851035,0.9868773009874551,45.359766339248246,11.02113711768889
704,0.9525020529470379,-0.3045321643631064,45.359766064525715,11.021154575989133
705,0.9471497296583259,-0.3207918166165716,45.35979466509931,11.021145390170721
706,0.9507279317720084,-0.31002645007889146,45.35982390115147,11.021129786086009
707,0.9590935908600393,-0.283089180243957,45.35987330733212,11.02113000249848
708,0.9556154355962145,-0.29461693646200493,45.35989460096636,11.021122949941144
709,0.9542833561601984,-0.29890345624570464,45.35993034514164,11.02111057383323
710,0.958333145407919,-0.2856529054859488,45.35995653284697,11.021092378901201
711,0.9575048658040262,-0.2884171145435267,45.359986434151836,11.02108972133883
712,0.9565422448769527,-0.2915937821109357,45.360018243293794,11.02107106067969
713,0.957149510286491,-0.2895942246632874,45.36005828724827,11.021065697469268
714,0.9543011481286506,-0.2988466474303152,45.36008977401476,11.021061624780291
715,0.9462745676254303,-0.32336425693837123,45.36011670173439,11.021052264120858
716,0.9539223635840371,-0.30005353564696435,45.360148320604836,11.021036292345482
717,0.9504968374203178,-0.31073423057972566,45.360187596899266,11.021030596489954
718,0.9478796086604271,-0.31862869846540126,45.36021188200128,11.02101742215281
719,0.944591498790583,-0.32824822986965224,45.36024141988444,11.021011604651113
720,0.9592458115053514,-0.2825729518362294,45.360282979610716,11.02099394142318
721,0.9511096268083449,-0.3088534892023902,45.36030007396979,11.020988113313043
722,0.9607607548452637,-0.27737839128014113,45.360342794181406,11.020973886304844
723,0.9466441833117738,-0.3222806078590285,45.36037932751059,11.020962834142951
724,0.9560602249930628,-0.2931703364704797,45.36040102346696,11.02095933138233
725,0.9384443471458523,-0.3454304666788888,45.36043798012858,11.020960861513505
726,0.9491823441582925,-0.31472667115795705,45.360471991713354,11.02094537585227
727,0.9471416279117423,-0.3208157363295866,45.36050575909429,11.020941308974473
728,0.9367195723853727,-0.3500806231572443,45.36052843012356,11.02092666172036
729,0.9448357936289772,-0.32754438337040814,45.36055794999371,11.020932245479957
730,0.9501964338267299,-0.3116516278522622,45.36058749836949,11.0209127100454
731,0.9373813188327482,-0.34830484220489605,45.36064516476961,11.020906563291184
732,0.9419453261808097,-0.3357662914679315,45.360661179439646,11.020895194307155
733,0.9466887749294738,-0.3221495978928611,45.36070120532698,11.020886322978564
734,0.9419599847495126,-0.335725166066975,45.3607344810751,11.020884230352717
735,0.9437934178388359,-0.3305359049242437,45.36076314816209,11.020883964998097
736,0.9411799829118488,-0.3379056669635062,45.36079982030641,11.020868862268006
737,0.9338210268458235,-0.3577405342152492,45.360827070666545,11.020871171044488
738,0.9387809051331238,-0.3445147488242451,45.360862364830076,11.020857869200885
739,0.9371326621994209,-0.34897331336224846,45.3609045824723,11.02085774039383
740,0.941986366849296,-0.3356511353623929,45.36092841669655,11.02085766399126
741,0.9421283991780203,-0.3352522624267596,45.36095808866059,11.02083783225849
742,0.9458045069773283,-0.32473656181799576,45.36100293552306,11.020832981115841
743,0.9354305753866633,-0.3535104505269626,45.361029700068265,11.020828210190404
744,0.9384822838414502,-0.3453273851227786,45.36106416991917,11.020823973938054
745,0.9361690779754565,-0.3515500781433332,45.36108822856014,11.020805374523425
746,0.9360637483559999,-0.35183044071500585,45.36112695964196,11.020800834846328
747,0.9388288819745524,-0.34438398680892823,45.361164039855694,11.020783614220726
748,0.9387474440323126,-0.3446059145209208,45.36118877012515,11.020780030425202
749,0.9291384468155798,-0.3697319930018663,45.36121595466419,11.020770962317387
750,0.9441744191508704,-0.3294459989453756,45.36125214030248,11.02075985790071
751,0.9383527049843301,-0.3456793326894026,45.36128820577179,11.020739118751047
752,0.942320046119401,-0.33471320661355736,45.36131734149458,11.020724810071671
753,0.9381928850221474,-0.34611285803018044,45.361347575519964,11.020720949861445
754,0.9381860450494811,-0.3461313982787648,45.36137386381634,11.020715853719931
755,0.941714132532522,-0.33641416823391906,45.36141502522417,11.020700295404769
756,0.9417562829726471,-0.33629615442574345,45.36144455404824,11.02068650785475
757,0.9508823437427678,-0.30955252923899795,45.36147488478254,11.020680562732336
758,0.9367458069582427,-0.350010418625147,45.36149659221246,11.020665721933431
759,0.9562658062509682,-0.2924990731526951,45.361535869033716,11.02064930328695
760,0.9373908675244492,-0.3482791430472984,45.36156341611579,11.02063322500748
761,0.9428410636274173,-0.33324274746484805,45.3615965070957,11.020619598732862
762,0.9485679838423556,-0.316573498621171,45.36162789650235,11.020618001464536
763,0.9493150853333872,-0.31432605485142945,45.36165175204363,11.020598033169096
764,0.9533992685992265,-0.30171150895260856,45.36168825243707,11.020587156131388
765,0.9554347843326596,-0.2952022575916455,45.36171477987885,11.020574346410392
766,0.9490527596416682,-0.3151172153604654,45.361743475151115,11.020559192373764
767,0.9507521770106507,-0.30995208970017973,45.36177586930245,11.020551318258834
768,0.941112767285167,-0.3380928263847891,45.36181861181475,11.020524838673259
769,0.9474119900549545,-0.32001643879668257,45.361836317696465,11.020517386874122
770,0.9495004840182507,-0.31376556670404027,45.36187130982788,11.020502142729464
771,0.9531564464526164,-0.3024777489102637,45.36189872308326,11.02048813311252
772,0.9519415280469573,-0.306279818433445,45.36194214025255,11.0204756855141
773,0.9498200306059694,-0.3127969140827246,45.36196152685174,11.020469935816779
774,0.9609429289863987,-0.2767466119594621,45.36199215626353,11.020468112285505
775,0.9602566598726527,-0.2791185181427714,45.362024434494124,11.020452952519848
776,0.949613337187462,-0.31342385013858093,45.36205827622034,11.020435642272325
777,0.9472875114425339,-0.3203847228957887,45.362087801648016,11.020421021506001
778,0.9585000181706848,-0.2850924677482677,45.362129048304794,11.020418871822965
779,0.9563206442705903,-0.2923197313591456,45.36214926558642,11.020408505530979
780,0.9588189330290732,-0.28401805165339367,45.36218837600524,11.020397734203343
781,0.9574943959398188,-0.2884518707580894,45.36222057166872,11.020385211662298
782,0.9592852102718976,-0.28243917106803923,45.36224850312387,11.02036908449575
783,0.9511881480388772,-0.3086115795468002,45.362279852074785,11.020364184226985
784,0.9584010179722651,-0.28542510182134656,45.36232178453579,11.020342562780264
785,0.10870852666568719,0.9940736674060809,45.362344992929884,11.020338317788783
786,0.1370771794798542,0.9905603701268529,45.362347561443784,11.020340600144522
787,0.11739879197885966,0.9930848521863096,45.362350682630904,11.020347436440739
788,0.11936004985475696,0.9928510354019227,45.36234324669312,11.020358196087967
789,0.14401735980932767,0.9895751614069296,45.36233974650062,11.020376220373572
790,0.10973365938636813,0.9939610274038296,45.3623555859031,11.020383332500751
791,0.11170879735692249,0.9937409846600219,45.36234786678137,11.020388458189812
792,-0.955150923632723,0.2961194236850329,45.36235527199213,11.020391261710031
793,-0.9476736877757742,0.31924063259156776,45.36232951795018,11.020404656495852
794,-0.9526129851465276,0.3041849774893914,45.36229409029066,11.020418986532126
795,-0.9577488384589375,0.2876059151522373,45.36225236625079,11.020424687051179
796,-0.9556526889515443,0.2944960748459697,45.36222797626199,11.020430334428642
797,-0.9558152138402122,0.2939681564244491,45.36219825312016,11.020443903220588
798,-0.9637983605415957,0.26663218151103274,45.362162781827166,11.02044687880173
799,-0.9540771921266529,0.2995608643727045,45.362127858813764,11.020468350466452
800,-0.9507651378622446,0.30991233054815204,45.36210191014288,11.020470418610726
801,-0.9599201421390999,0.2802736532670351,45.362057052820006,11.020485105732677
802,-0.9473622735858509,0.3201635872272915,45.36203829269652,11.020493561935082
803,-0.944130514138157,0.329571801392685,45.36200055408415,11.020499965075022
804,-0.956894752852858,0.2904349014196949,45.3619697741367,11.020510987151308
805,-0.9545955631647817,0.2979048686848091,45.3619282794612,11.020519040833527
806,-0.9499296092483396,0.3124639778811261,45.3619021340728,11.020536311845706
807,-0.9576666008250282,0.2878796305128867,45.3618693646344,11.020537724738327
808,-0.9523151057853357,0.3051162717605615,45.36183164743915,11.020545347750295
809,-0.9555549710786534,0.2948129869033483,45.36181453040647,11.020564204258735
810,-0.9584347134649839,0.2853119346001744,45.36177729507958,11.020571686793794
811,-0.9558409810448341,0.2938843632370548,45.36175188937029,11.020594096134074
812,-0.9535027464359033,0.30138432696341305,45.3617189026522,11.02058789190099
813,-0.947923427415965,0.3184983135841849,45.361680539328994,11.020595092379708
814,-0.9596078037300692,0.281341186143005,45.361656461764284,11.020610999114883
815,-0.9518741321698656,0.30648921107579813,45.36162076307212,11.020628586188684
816,-0.9530596280998054,0.3027826700560331,45.361586474959424,11.020631719836647
817,-0.9442858934910031,0.3291263455785602,45.36155037339901,11.02063565855887
818,-0.9687808460747744,0.24791868077787946,45.361529067884724,11.020643762967898
819,-0.9455378002357007,0.32551231670311975,45.36149265955942,11.020655329204667
820,-0.9433202568046775,0.331883854837739,45.36146103114875,11.020664300997547
821,-0.946364441876004,0.3231011345580815,45.361421046367774,11.02066863078452
822,-0.9512406375354457,0.30844975198751384,45.36139480053437,11.02069139417775
823,-0.9565905846834355,0.2914351613910084,45.36136262910945,11.02069913526372
824,-0.9556968369814094,0.29435277437749646,45.361327663246634,11.020714828980319
825,-0.9568445401763892,0.29060028550336,45.361302855714825,11.020715900779704
826,-0.9632325003392793,0.26866922095792867,45.36126609874315,11.020735985016456
827,-0.9546599776955323,0.29769838257263953,45.3612236050175,11.020742693507081
828,-0.9516226884025569,0.30726903345031387,45.36120412652301,11.020753123340139
829,-0.9546783398422761,0.2976394923997747,45.36117590741133,11.020754737353792
830,-0.9568646153863235,0.29053417668422965,45.36113386523096,11.020768783186778
831,-0.9567207458460159,0.2910075848974442,45.361102268851205,11.020777084552304
832,-0.956015774252878,0.29331525596134667,45.36107069855713,11.020782873059272
833,-0.9602684457881439,0.27907796764277665,45.36104299524985,11.020797168499554
834,-0.9475719445462194,0.3195425009429834,45.36101097986652,11.020809000705535
835,-0.9568085723558957,0.29071868853975086,45.36097198160759,11.020824030053424
836,-0.9505568493317423,0.31055060165536846,45.36095271249048,11.020831044269777
837,-0.9501653419311508,0.31174640814748666,45.360907545613344,11.020836010731909
838,-0.9562252015291768,0.2926317890463804,45.36087598053035,11.020848416093262
839,-0.9589460337836103,0.2835886180555962,45.36085936184272,11.020860806669
840,-0.9482714993094831,0.31746049139592947,45.360816958344394,11.020866439376038
841,-0.9500383724413567,0.3121331300726952,45.36078342526165,11.020878820854954
842,-0.9583618227359448,0.28555667865108214,45.36075580323816,11.020885957020315
843,-0.9554281040313395,0.2952238778064536,45.360716152975776,11.020900107020113
844,-0.9469098658649665,0.32149915385206107,45.36069360815529,11.020905016638839
845,-0.9553905056448359,0.2953455293782264,45.36065571674489,11.02091750753772
846,-0.9568409318828197,0.2906121660798413,45.36063183903133,11.020923841876765
847,-0.9494274401289049,0.31398652189269965,45.360594425930685,11.020937969348545
848,-0.9493615330738681,0.31418574047788184,45.360564191853854,11.020954717514813
849,-0.9436581142264221,0.3309219899834899,45.360529582254394,11.020951334684169
850,-0.9528138405352539,0.30355524255802235,45.360497141281535,11.020974312468875
851,-0.9516725962071303,0.3071144243248441,45.360463227201194,11.020980373127585
852,-0.9619076630480812,0.2733745558192626,45.36042684057908,11.020983895105237
853,-0.9447168376733868,0.3278873230492387,45.3604004489497,11.02099412792568
854,-0.9524452546540031,0.30470975843755177,45.36036884810785,11.02100265772915
855,-0.9490444177865427,0.31514233779072315,45.36033317311405,11.02102316566063
856,-0.9516658776539082,0.30713524270134906,45.36030779883462,11.021025331143974
857,-0.957165507328561,0.28954134692727146,45.360279907428186,11.021036538857063
858,-0.9550407874201386,0.2964744413333493,45.360235701169444,11.021041294513367
859,-0.9486519810665276,0.3163217014663279,45.360203380129036,11.021067615572207
860,-0.9558133666877661,0.293974162233687,45.360178023596966,11.021069367820253
861,-0.9547151793197568,0.297521304071565,45.36014163531315,11.021079232459337
862,-0.95467311904902,0.29765623757149084,45.36011261886558,11.021082171425801
863,-0.9544120139319856,0.2984923912971508,45.36007699089177,11.021094984356619
864,-0.9559896338765422,0.29340044294546447,45.36004899340295,11.021111223141126
865,-0.9538180829885229,0.300384860743845,45.36001998223024,11.021120786463959
866,-0.9529524057880602,0.3031199635503218,45.35998329598689,11.021125115441848
867,-0.9646278113066963,0.2636156020679596,45.35995424307742,11.021133573676757
868,-0.9513577965750758,0.3080882063562587,45.359919670374936,11.021132411419693
869,-0.9524983368030806,0.30454378730712134,45.359887525540834,11.021153334581799
870,-0.953436354708307,0.30159429291771317,45.35985329108459,11.021159474579346
871,-0.9441929864523075,0.32939278124189775,45.35982063074035,11.021171580896052
872,-0.9534668681031078,0.30149781330824077,45.35978845107367,11.021188044876615
873,0.11771396104661834,0.9930475433606969,45.3597578957413,11.021195375012839
874,0.11626612036865308,0.9932180975266318,45.359757579901846,11.021199353352163
875,0.11041545036102901,0.9938855207324288,45.35976006484835,11.021212458993475
876,0.12843705941025096,0.9917176623263537,45.35976752849811,11.021216510582711
877,0.1323269591733939,0.991206121790984,45.35977473683886,11.021224819115744
878,0.11549962529456254,0.9933075236586179,45.35977589963496,11.021225747705017
879,0.13204312919746108,0.9912439720027267,45.359772040167535,11.021237030364126
