,Sin,Cosin,Lat,Lon
0,0.9537169507482269,0.30070579950427306,45.3596665575,11.020597651
1,0.955040636077442,0.2964749288570535,45.3596951212679,11.020588031451812
2,0.955040636077442,0.2964749288570535,45.359725754209805,11.020574559958783
3,0.955040636077442,0.2964749288570535,45.35976578954187,11.020560349166345
4,0.955040636077442,0.2964749288570535,45.35979012401592,11.020560450837648
5,0.955040636077442,0.2964749288570535,45.359822766392185,11.020552232543276
6,0.955040636077442,0.2964749288570535,45.359849205022286,11.020537367985337
7,0.955040636077442,0.2964749288570535,45.35988417875236,11.02053211360726
8,0.955040636077442,0.2964749288570535,45.35992062637872,11.020517034679306
9,0.955040636077442,0.2964749288570535,45.35995434033173,11.020513323636479
10,0.955040636077442,0.2964749288570535,45.3599793149484,11.020508221654822
11,0.955040636077442,0.2964749288570535,45.360010779767315,11.02049479702861
12,0.955040636077442,0.2964749288570535,45.36005191386948,11.020474233272227
13,0.955040636077442,0.2964749288570535,45.36008061609906,11.020469029213647
14,0.955040636077442,0.2964749288570535,45.360113190048,11.020459783372736
15,0.955040636077442,0.2964749288570535,45.36014598976126,11.020450604335986
16,0.955040636077442,0.2964749288570535,45.3601642806487,11.02044351319605
17,0.955040636077442,0.2964749288570535,45.3601998809808,11.020435180747416
18,0.955040636077442,0.2964749288570535,45.36023531768573,11.020425672879606
19,0.955040636077442,0.2964749288570535,45.36027656780584,11.020409051953367
20,0.955040636077442,0.2964749288570535,45.36029820816643,11.020399518338145
21,0.955040636077442,0.2964749288570535,45.36034351096416,11.020390667282296
22,0.955040636077442,0.2964749288570535,45.360360803348904,11.020374888619532
23,0.955040636077442,0.2964749288570535,45.36039641141866,11.020366196678292
24,0.955040636077442,0.2964749288570535,45.36042083148659,11.020367212753248
25,0.955040636077442,0.2964749288570535,45.36046237934822,11.02035366419094
26,0.955040636077442,0.2964749288570535,45.36048632800748,11.020341189618014
27,0.955040636077442,0.2964749288570535,45.36052311116308,11.020323572539015
28,0.955040636077442,0.2964749288570535,45.360552946655375,11.02032763606315
29,0.955040636077442,0.2964749288570535,45.3605854103069,11.020314339704152
30,0.955040636077442,0.2964749288570535,45.36061510511236,11.02030317878502
31,0.955040636077442,0.2964749288570535,45.36064165044405,11.020293681561762
32,0.955040636077442,0.2964749288570535,45.360671036605886,11.020287790587593
33,0.955040636077442,0.2964749288570535,45.36070048113645,11.02026817503846
34,0.955040636077442,0.2964749288570535,45.36073509989679,11.020269153437662
35,0.955040636077442,0.2964749288570535,45.36076512955307,11.020254882480659
36,0.955040636077442,0.2964749288570535,45.360802941552,11.020239876308434
37,0.955040636077442,0.2964749288570535,45.36082141272534,11.020239303519938
38,0.955040636077442,0.2964749288570535,45.36085718352152,11.020229033716378
39,0.955040636077442,0.2964749288570535,45.360890060207794,11.02021952604319
40,0.955040636077442,0.2964749288570535,45.360933348052704,11.020206256537687
41,0.955040636077442,0.2964749288570535,45.360956089962905,11.020198968831899
42,0.955040636077442,0.2964749288570535,45.36099027883247,11.020178232406245
43,0.955040636077442,0.2964749288570535,45.36102337352095,11.020178432963707
44,0.955040636077442,0.2964749288570535,45.36105562431059,11.020172636184325
45,0.955040636077442,0.2964749288570535,45.361084930234234,11.020152824177563
46,0.955040636077442,0.2964749288570535,45.36111190107803,11.020141907756795
47,0.955040636077442,0.2964749288570535,45.361145108611154,11.020136836168367
48,0.955040636077442,0.2964749288570535,45.36117993333213,11.020132731533673
49,0.955040636077442,0.2964749288570535,45.36121196881755,11.020118534317477
50,0.955040636077442,0.2964749288570535,45.36123609189988,11.020106096184612
51,0.955040636077442,0.2964749288570535,45.361272022827954,11.02008503867771
52,0.955040636077442,0.2964749288570535,45.3613066663903,11.020099003802217
53,0.955040636077442,0.2964749288570535,45.36134340345408,11.020074074659684
54,0.955040636077442,0.2964749288570535,45.36136921871639,11.020073879653006
55,0.955040636077442,0.2964749288570535,45.36139905874531,11.020060763185505
56,0.955040636077442,0.2964749288570535,45.3614297751827,11.02003906278587
57,0.955040636077442,0.2964749288570535,45.361457907963285,11.02003356971078
58,0.955040636077442,0.2964749288570535,45.361504013888236,11.020025973558631
59,0.955040636077442,0.2964749288570535,45.36153011748624,11.020014312028392
60,0.955040636077442,0.2964749288570535,45.361565265981966,11.020010305188228
61,0.955040636077442,0.2964749288570535,45.3615857080764,11.019998513219347
62,0.955040636077442,0.2964749288570535,45.361625591411155,11.019983879866489
63,0.955040636077442,0.2964749288570535,45.3616642724373,11.019978954713359
64,0.955040636077442,0.2964749288570535,45.36169727104359,11.01997355216505
65,0.955040636077442,0.2964749288570535,45.361711893914475,11.019966425810795
66,0.955040636077442,0.2964749288570535,45.36174664493981,11.019946477090466
67,0.955040636077442,0.2964749288570535,45.36178653676236,11.01994365668207
68,0.955040636077442,0.2964749288570535,45.3618117097019,11.019931640991109
69,0.955040636077442,0.2964749288570535,45.361843851414086,11.019923547284195
70,0.955040636077442,0.2964749288570535,45.36187685225798,11.019915604268514
71,0.955040636077442,0.2964749288570535,45.36190717574404,11.019897449224544
72,0.955040636077442,0.2964749288570535,45.36194230394555,11.019893048938302
73,0.955040636077442,0.2964749288570535,45.36196854228811,11.01988393048567
74,0.955040636077442,0.2964749288570535,45.36199597473072,11.01987110295457
75,0.955040636077442,0.2964749288570535,45.36204420754151,11.019864076809187
76,0.955040636077442,0.2964749288570535,45.36206332380336,11.019857750197408
77,0.955040636077442,0.2964749288570535,45.3621025016793,11.01984121025686
78,0.955040636077442,0.2964749288570535,45.36212538551898,11.019826108278563
79,0.955040636077442,0.2964749288570535,45.36217183481248,11.019816644705365
80,0.955040636077442,0.2964749288570535,45.36219051251288,11.019810860266551
81,0.955040636077442,0.2964749288570535,45.36222266668728,11.019805066613607
82,0.955040636077442,0.2964749288570535,45.36225589,11.01979384
83,0.1871863868101744,0.9823244151465196,45.3622565984528,11.01979313440534
84,0.1871863868101744,0.9823244151465196,45.36225601111208,11.019801380535199
85,0.1871863868101744,0.9823244151465196,45.36226704886189,11.019809901342711
86,0.1871863868101744,0.9823244151465196,45.36225988989326,11.019813608232276
87,0.1871863868101744,0.9823244151465196,45.36225167234333,11.019819033253658
88,0.1871863868101744,0.9823244151465196,45.36226166342607,11.019821232289427
89,0.1871863868101744,0.9823244151465196,45.362254311609895,11.019821486962796
90,0.1871863868101744,0.9823244151465196,45.362268664739936,11.019825235757644
91,0.1871863868101744,0.9823244151465196,45.3622660254507,11.01983357934548
92,0.1871863868101744,0.9823244151465196,45.36225802235597,11.019836224062605
93,0.1871863868101744,0.9823244151465196,45.3622707451036,11.019833113250936
94,0.1871863868101744,0.9823244151465196,45.362260395545114,11.019853075469634
95,0.1871863868101744,0.9823244151465196,45.36225986843503,11.019848617995086
96,0.1871863868101744,0.9823244151465196,45.36226750028158,11.019850820516801
97,0.1871863868101744,0.9823244151465196,45.36226747,11.01985461
98,-0.954287848765298,0.29888911271389534,45.362237127670674,11.019876799796386
99,-0.954287848765298,0.29888911271389534,45.3621989357502,11.019874694392662
100,-0.954287848765298,0.29888911271389534,45.36216237867161,11.01989147582347
101,-0.954287848765298,0.29888911271389534,45.36212668805844,11.01990127342831
102,-0.954287848765298,0.29888911271389534,45.36209172004989,11.019903471996551
103,-0.954287848765298,0.29888911271389534,45.362068157531205,11.01992423698561
104,-0.954287848765298,0.29888911271389534,45.362019008517926,11.019927628394552
105,-0.954287848765298,0.29888911271389534,45.36199199379637,11.019944267055312
106,-0.954287848765298,0.29888911271389534,45.36195820775126,11.019952777461958
107,-0.954287848765298,0.29888911271389534,45.36191727881621,11.019961706003551
108,-0.954287848765298,0.29888911271389534,45.361888039683635,11.019971021174412
109,-0.954287848765298,0.29888911271389534,45.36183986896369,11.019989364298821
110,-0.954287848765298,0.29888911271389534,45.36181663129477,11.019997073060264
111,-0.954287848765298,0.29888911271389534,45.361779788084164,11.02000055857055
112,-0.954287848765298,0.29888911271389534,45.36173107672339,11.020018214885608
113,-0.954287848765298,0.29888911271389534,45.36171074793882,11.020027232960595
114,-0.954287848765298,0.29888911271389534,45.361681929358994,11.020039553150243
115,-0.954287848765298,0.29888911271389534,45.361638104970496,11.020051996737534
116,-0.954287848765298,0.29888911271389534,45.36160568975112,11.020061595608798
117,-0.954287848765298,0.29888911271389534,45.361567596094595,11.020067806922652
118,-0.954287848765298,0.29888911271389534,45.36154151222627,11.020083718182727
119,-0.954287848765298,0.29888911271389534,45.36149783624435,11.02009571893796
120,-0.954287848765298,0.29888911271389534,45.36146964045792,11.020104122682714
121,-0.954287848765298,0.29888911271389534,45.361431473527944,11.020118003007298
122,-0.954287848765298,0.29888911271389534,45.36139535754707,11.020121635582807
123,-0.954287848765298,0.29888911271389534,45.36135059342721,11.020141751287364
124,-0.954287848765298,0.29888911271389534,45.36131842400311,11.02014598752782
125,-0.954287848765298,0.29888911271389534,45.36128866098702,11.020152275987847
126,-0.954287848765298,0.29888911271389534,45.36125038876351,11.020176842320108
127,-0.954287848765298,0.29888911271389534,45.36123079263586,11.020180174771212
128,-0.954287848765298,0.29888911271389534,45.36118035408424,11.020200519670404
129,-0.954287848765298,0.29888911271389534,45.36114678098221,11.02020359672023
130,-0.954287848765298,0.29888911271389534,45.36111678886359,11.020210331585567
131,-0.954287848765298,0.29888911271389534,45.36108104637282,11.02023196731386
132,-0.954287848765298,0.29888911271389534,45.361048344392124,11.020245649889471
133,-0.954287848765298,0.29888911271389534,45.361012165810514,11.020245060006092
134,-0.954287848765298,0.29888911271389534,45.36096628878677,11.020249015040976
135,-0.954287848765298,0.29888911271389534,45.3609385491664,11.0202633423533
136,-0.954287848765298,0.29888911271389534,45.3608999933944,11.020272803705256
137,-0.954287848765298,0.29888911271389534,45.36086826380122,11.020305922236165
138,-0.954287848765298,0.29888911271389534,45.36082756510769,11.020304458772246
139,-0.954287848765298,0.29888911271389534,45.360801256900665,11.020317471938117
140,-0.954287848765298,0.29888911271389534,45.360761612436775,11.020330359253514
141,-0.954287848765298,0.29888911271389534,45.36073400076273,11.020335980371076
142,-0.954287848765298,0.29888911271389534,45.36068618737924,11.02035157685924
143,-0.954287848765298,0.29888911271389534,45.36066461865781,11.02035608290668
144,-0.954287848765298,0.29888911271389534,45.36062099090138,11.020380637663566
145,-0.954287848765298,0.29888911271389534,45.360581435368715,11.02037525838136
146,-0.954287848765298,0.29888911271389534,45.360547580055,11.020398117072494
147,-0.954287848765298,0.29888911271389534,45.36052248451675,11.020399076969518
148,-0.954287848765298,0.29888911271389534,45.36048486882146,11.020416091365702
149,-0.954287848765298,0.29888911271389534,45.36044947371841,11.02042038657809
150,-0.954287848765298,0.29888911271389534,45.36041391662548,11.020429000333314
151,-0.954287848765298,0.29888911271389534,45.36037233600502,11.020447077679686
152,-0.954287848765298,0.29888911271389534,45.36033931314853,11.0204562482335
153,-0.954287848765298,0.29888911271389534,45.36031502196014,11.02047249110388
154,-0.954287848765298,0.29888911271389534,45.36027183104734,11.020476393738056
155,-0.954287848765298,0.29888911271389534,45.3602400749722,11.020492559286064
156,-0.954287848765298,0.29888911271389534,45.36021011583729,11.020502856452818
157,-0.954287848765298,0.29888911271389534,45.36016898779768,11.020511567665862
158,-0.954287848765298,0.29888911271389534,45.360131678998826,11.020516532657757
159,-0.954287848765298,0.29888911271389534,45.360097852409986,11.02052670406265
160,-0.954287848765298,0.29888911271389534,45.36005780317055,11.020545996262427
161,-0.954287848765298,0.29888911271389534,45.360030060374406,11.020554191342201
162,-0.954287848765298,0.29888911271389534,45.35999625007705,11.020555985001074
163,-0.954287848765298,0.29888911271389534,45.35995952956104,11.020578108978755
164,-0.954287848765298,0.29888911271389534,45.359922925947366,11.020585942648749
165,-0.954287848765298,0.29888911271389534,45.3598903589804,11.020604157168341
166,-0.954287848765298,0.29888911271389534,45.35986200180306,11.020617038469098
167,-0.954287848765298,0.29888911271389534,45.359820600756265,11.02062005708848
168,-0.954287848765298,0.29888911271389534,45.359788450921656,11.020633212317955
169,-0.954287848765298,0.29888911271389534,45.359736475859464,11.02064928066982
170,-0.954287848765298,0.29888911271389534,45.35970559463677,11.02065323860348
171,-0.954287848765298,0.29888911271389534,45.35967972,11.02066511
172,0.18092866714612515,0.9834962213474573,45.35967655991828,11.020674443486508
173,0.18092866714612515,0.9834962213474573,45.35968312920906,11.020674822363514
174,0.18092866714612515,0.9834962213474573,45.35969252633177,11.020678543713325
175,0.18092866714612515,0.9834962213474573,45.359674977016006,11.020676955642605
176,0.18092866714612515,0.9834962213474573,45.35968394595209,11.020693970682142
177,0.18092866714612515,0.9834962213474573,45.35968691633062,11.020686099347953
178,0.18092866714612515,0.9834962213474573,45.35968442118033,11.020699257529795
179,0.18092866714612515,0.9834962213474573,45.35968463592964,11.020700012172261
180,0.18092866714612515,0.9834962213474573,45.35968347362516,11.02069908218897
181,0.18092866714612515,0.9834962213474573,45.35968402064502,11.020706650150808
182,0.18092866714612515,0.9834962213474573,45.35968305387923,11.020712474797623
183,0.18092866714612515,0.9834962213474573,45.35969352478946,11.020717963688222
184,0.18092866714612515,0.9834962213474573,45.35968580762203,11.02071878162815
185,0.18092866714612515,0.9834962213474573,45.359691248406456,11.020723761922712
186,0.18092866714612515,0.9834962213474573,45.359681154901715,11.020730449605606
187,0.18092866714612515,0.9834962213474573,45.35968198036097,11.020738075599386
188,0.18092866714612515,0.9834962213474573,45.35969351,11.02074007
189,0.9528471844721362,0.30345056111914304,45.35972776033862,11.020737473552995
190,0.9528471844721362,0.30345056111914304,45.35976763546475,11.020706979945462
191,0.9528471844721362,0.30345056111914304,45.35979392747778,11.020705144491377
192,0.9528471844721362,0.30345056111914304,45.35982924575063,11.020695448286316
193,0.9528471844721362,0.30345056111914304,45.359863693799774,11.020679913989005
194,0.9528471844721362,0.30345056111914304,45.359905262909905,11.020673956516811
195,0.9528471844721362,0.30345056111914304,45.35992814353911,11.020667628473392
196,0.9528471844721362,0.30345056111914304,45.359959014130695,11.02064691546226
197,0.9528471844721362,0.30345056111914304,45.35999176959074,11.020646231859548
198,0.9528471844721362,0.30345056111914304,45.36003354521787,11.020632208096076
199,0.9528471844721362,0.30345056111914304,45.36006183908751,11.02062538522854
200,0.9528471844721362,0.30345056111914304,45.36009417464362,11.020615080461475
201,0.9528471844721362,0.30345056111914304,45.36011905762497,11.020598648979156
202,0.9528471844721362,0.30345056111914304,45.360159846582214,11.02058875200608
203,0.9528471844721362,0.30345056111914304,45.36019423115585,11.020585214489167
204,0.9528471844721362,0.30345056111914304,45.36022882444404,11.020573438308471
205,0.9528471844721362,0.30345056111914304,45.36025810885629,11.020553306391134
206,0.9528471844721362,0.30345056111914304,45.36028976609793,11.020542447207529
207,0.9528471844721362,0.30345056111914304,45.360337078653735,11.020549846676444
208,0.9528471844721362,0.30345056111914304,45.360359375470175,11.020532423567763
209,0.9528471844721362,0.30345056111914304,45.360393751235065,11.020511591473063
210,0.9528471844721362,0.30345056111914304,45.36043753716915,11.020511261075129
211,0.9528471844721362,0.30345056111914304,45.36046342260755,11.02048856348582
212,0.9528471844721362,0.30345056111914304,45.360497534312216,11.02048532089959
213,0.9528471844721362,0.30345056111914304,45.360531536023046,11.02048075742639
214,0.9528471844721362,0.30345056111914304,45.360560340310094,11.02046525253424
215,0.9528471844721362,0.30345056111914304,45.36059901080911,11.020450852773031
216,0.9528471844721362,0.30345056111914304,45.360637701813914,11.020444696903517
217,0.9528471844721362,0.30345056111914304,45.36066207245182,11.02043378699383
218,0.9528471844721362,0.30345056111914304,45.360689352345965,11.020411137379764
219,0.9528471844721362,0.30345056111914304,45.36073221572251,11.02040753087567
220,0.9528471844721362,0.30345056111914304,45.360761814226606,11.02040687104536
221,0.9528471844721362,0.30345056111914304,45.36079024614552,11.020386129284766
222,0.9528471844721362,0.30345056111914304,45.360838618231035,11.020380283921
223,0.9528471844721362,0.30345056111914304,45.36085614460235,11.020371360483358
224,0.9528471844721362,0.30345056111914304,45.36089503011848,11.02035418330647
225,0.9528471844721362,0.30345056111914304,45.360933263361254,11.020345438901593
226,0.9528471844721362,0.30345056111914304,45.36096502724327,11.02033609267727
227,0.9528471844721362,0.30345056111914304,45.361003826649885,11.0203197055519
228,0.9528471844721362,0.30345056111914304,45.361034743357116,11.020316420536867
229,0.9528471844721362,0.30345056111914304,45.36106691377084,11.020304063086614
230,0.9528471844721362,0.30345056111914304,45.3610952654388,11.020298550225018
231,0.9528471844721362,0.30345056111914304,45.36114004597605,11.020279253432287
232,0.9528471844721362,0.30345056111914304,45.3611617625628,11.020266814959301
233,0.9528471844721362,0.30345056111914304,45.36120782198317,11.020264647776598
234,0.9528471844721362,0.30345056111914304,45.361228548371585,11.020240414564382
235,0.9528471844721362,0.30345056111914304,45.36126296058089,11.020245795993663
236,0.9528471844721362,0.30345056111914304,45.36129701180862,11.020232702687252
237,0.9528471844721362,0.30345056111914304,45.3613336821176,11.020217011672493
238,0.9528471844721362,0.30345056111914304,45.361372288414195,11.020208017841364
239,0.9528471844721362,0.30345056111914304,45.361402870054704,11.020205622323878
240,0.9528471844721362,0.30345056111914304,45.36142830655578,11.020184413538114
241,0.9528471844721362,0.30345056111914304,45.36146886166524,11.020173038156589
242,0.9528471844721362,0.30345056111914304,45.36150160981387,11.020161072060676
243,0.9528471844721362,0.30345056111914304,45.36152793276436,11.020157316125816
244,0.9528471844721362,0.30345056111914304,45.36157498367605,11.020145671552802
245,0.9528471844721362,0.30345056111914304,45.36159919722978,11.020135103644215
246,0.9528471844721362,0.30345056111914304,45.361628192719294,11.020120926016812
247,0.9528471844721362,0.30345056111914304,45.36166803349272,11.020109944038955
248,0.9528471844721362,0.30345056111914304,45.3617027686168,11.02009658320988
249,0.9528471844721362,0.30345056111914304,45.36172842511909,11.0200914120881
250,0.9528471844721362,0.30345056111914304,45.36176801603631,11.020079026390377
251,0.9528471844721362,0.30345056111914304,45.3618017896522,11.02006337457605
252,0.9528471844721362,0.30345056111914304,45.36183748804699,11.020061893986897
253,0.9528471844721362,0.30345056111914304,45.36187692301163,11.020050033554803
254,0.9528471844721362,0.30345056111914304,45.36189919716955,11.020033526836254
255,0.9528471844721362,0.30345056111914304,45.361938088322205,11.02003071331052
256,0.9528471844721362,0.30345056111914304,45.36196379520547,11.020011857612635
257,0.9528471844721362,0.30345056111914304,45.362003752121915,11.020002950507122
258,0.9528471844721362,0.30345056111914304,45.362038111570286,11.01999183489771
259,0.9528471844721362,0.30345056111914304,45.3620716958892,11.019976411116925
260,0.9528471844721362,0.30345056111914304,45.36210033128718,11.01998111005406
261,0.9528471844721362,0.30345056111914304,45.36213950893122,11.019952881393277
262,0.9528471844721362,0.30345056111914304,45.36217049396719,11.019955204637377
263,0.9528471844721362,0.30345056111914304,45.362195496793554,11.01994120557197
264,0.9528471844721362,0.30345056111914304,45.36224373727623,11.01993418880231
265,0.9528471844721362,0.30345056111914304,45.36227073,11.01991931
266,0.2108778085845649,0.9775124295100148,45.36227784684156,11.019930336458819
267,0.2108778085845649,0.9775124295100148,45.36226874686969,11.019932005890013
268,0.2108778085845649,0.9775124295100148,45.362269701431806,11.019924132786672
269,0.2108778085845649,0.9775124295100148,45.362286346783634,11.019938160546658
270,0.2108778085845649,0.9775124295100148,45.362279490437956,11.019930867229323
271,0.2108778085845649,0.9775124295100148,45.36227776953885,11.019943097701965
272,0.2108778085845649,0.9775124295100148,45.362279523361124,11.019945476467756
273,0.2108778085845649,0.9775124295100148,45.36228372399567,11.019956907209721
274,0.2108778085845649,0.9775124295100148,45.36226847804934,11.019960518005453
275,0.2108778085845649,0.9775124295100148,45.36228144453699,11.019952755385034
276,0.2108778085845649,0.9775124295100148,45.36227159001014,11.01995662340623
277,0.2108778085845649,0.9775124295100148,45.362278870873695,11.019965115211464
278,0.2108778085845649,0.9775124295100148,45.3622802661433,11.019964242861754
279,0.2108778085845649,0.9775124295100148,45.36228432125588,11.019979062904463
280,0.2108778085845649,0.9775124295100148,45.36227503389256,11.019980972118425
281,0.2108778085845649,0.9775124295100148,45.36229074211505,11.019979554697194
282,0.2108778085845649,0.9775124295100148,45.36228557,11.0199881
283,-0.9544055299292257,0.29851312272748404,45.362247402158225,11.020006764979225
284,-0.9544055299292257,0.29851312272748404,45.362217464370794,11.020016158979303
285,-0.9544055299292257,0.29851312272748404,45.36218923714526,11.02002571307727
286,-0.9544055299292257,0.29851312272748404,45.362156217779756,11.020028277727844
287,-0.9544055299292257,0.29851312272748404,45.36212592155118,11.02003620500795
288,-0.9544055299292257,0.29851312272748404,45.36210368410739,11.020052228018425
289,-0.9544055299292257,0.29851312272748404,45.36206439479506,11.020061303750644
290,-0.9544055299292257,0.29851312272748404,45.362036437391176,11.020066150377081
291,-0.9544055299292257,0.29851312272748404,45.36199765406366,11.0200835624251
292,-0.9544055299292257,0.29851312272748404,45.3619694631925,11.020074740731111
293,-0.9544055299292257,0.29851312272748404,45.36193884062549,11.020099300150104
294,-0.9544055299292257,0.29851312272748404,45.3619103076843,11.020105464243732
295,-0.9544055299292257,0.29851312272748404,45.36187954354203,11.020116221955078
296,-0.9544055299292257,0.29851312272748404,45.36184969150464,11.020116105970695
297,-0.9544055299292257,0.29851312272748404,45.361818567830774,11.020137512309542
298,-0.9544055299292257,0.29851312272748404,45.361772583533615,11.020134781028666
299,-0.9544055299292257,0.29851312272748404,45.36174765636214,11.020152346120382
300,-0.9544055299292257,0.29851312272748404,45.361718016780344,11.020165914367048
301,-0.9544055299292257,0.29851312272748404,45.36169313816905,11.020184153394345
302,-0.9544055299292257,0.29851312272748404,45.36165962143232,11.020193059187216
303,-0.9544055299292257,0.29851312272748404,45.36162588828869,11.020190309172548
304,-0.9544055299292257,0.29851312272748404,45.36158597629486,11.020205054035298
305,-0.9544055299292257,0.29851312272748404,45.36155939522157,11.020216287933053
306,-0.9544055299292257,0.29851312272748404,45.36153150045089,11.020218580885047
307,-0.9544055299292257,0.29851312272748404,45.361496486867246,11.020237737341011
308,-0.9544055299292257,0.29851312272748404,45.36146520737597,11.020246559605203
309,-0.9544055299292257,0.29851312272748404,45.36142639195251,11.020253744799442
310,-0.9544055299292257,0.29851312272748404,45.36140232288398,11.020266586950456
311,-0.9544055299292257,0.29851312272748404,45.361377172357656,11.020271701895112
312,-0.9544055299292257,0.29851312272748404,45.36134187860812,11.020292721833721
313,-0.9544055299292257,0.29851312272748404,45.36131481413219,11.020291587370282
314,-0.9544055299292257,0.29851312272748404,45.36127153406429,11.020303752096716
315,-0.9544055299292257,0.29851312272748404,45.3612511691593,11.020309280487295
316,-0.9544055299292257,0.29851312272748404,45.36121170817174,11.020329908510949
317,-0.9544055299292257,0.29851312272748404,45.36118593917979,11.020330782053078
318,-0.9544055299292257,0.29851312272748404,45.36115774029001,11.020341047345646
319,-0.9544055299292257,0.29851312272748404,45.361126686259965,11.0203563340575
320,-0.9544055299292257,0.29851312272748404,45.36108325448375,11.020360953161974
321,-0.9544055299292257,0.29851312272748404,45.361046822795466,11.02037190183269
322,-0.9544055299292257,0.29851312272748404,45.36102248805298,11.020377385324228
323,-0.9544055299292257,0.29851312272748404,45.3609927563566,11.020398510652537
324,-0.9544055299292257,0.29851312272748404,45.36095636731283,11.020403819786154
325,-0.9544055299292257,0.29851312272748404,45.36093260680865,11.02041219324782
326,-0.9544055299292257,0.29851312272748404,45.36089299561516,11.020418703410574
327,-0.9544055299292257,0.29851312272748404,45.360867853674534,11.02043307850641
328,-0.9544055299292257,0.29851312272748404,45.36083136722064,11.02043953550422
329,-0.9544055299292257,0.29851312272748404,45.360808443899,11.020455689851797
330,-0.9544055299292257,0.29851312272748404,45.36076763759961,11.020456673644873
331,-0.9544055299292257,0.29851312272748404,45.36074805952919,11.020467670895751
332,-0.9544055299292257,0.29851312272748404,45.36070377992116,11.020482668371372
333,-0.9544055299292257,0.29851312272748404,45.36067226568597,11.020497276373614
334,-0.9544055299292257,0.29851312272748404,45.360648776146654,11.020496232875896
335,-0.9544055299292257,0.29851312272748404,45.360615664689206,11.020504263283872
336,-0.9544055299292257,0.29851312272748404,45.36058373200352,11.02052538694627
337,-0.9544055299292257,0.29851312272748404,45.36054855399052,11.02052657952337
338,-0.9544055299292257,0.29851312272748404,45.36051715545255,11.020540899457645
339,-0.9544055299292257,0.29851312272748404,45.36048915483204,11.020552129161931
340,-0.9544055299292257,0.29851312272748404,45.36045659698578,11.020562975367847
341,-0.9544055299292257,0.29851312272748404,45.36041589091574,11.020564650577898
342,-0.9544055299292257,0.29851312272748404,45.360390135462985,11.02057804725671
343,-0.9544055299292257,0.29851312272748404,45.36036853415541,11.020591830165493
344,-0.9544055299292257,0.29851312272748404,45.36033605783386,11.020602000261169
345,-0.9544055299292257,0.29851312272748404,45.36029389758683,11.020600183941932
346,-0.9544055299292257,0.29851312272748404,45.36026260778336,11.02062980990467
347,-0.9544055299292257,0.29851312272748404,45.360234627156366,11.020632590658753
348,-0.9544055299292257,0.29851312272748404,45.36019765408495,11.020639885907855
349,-0.9544055299292257,0.29851312272748404,45.36016233239564,11.020648482059363
350,-0.9544055299292257,0.29851312272748404,45.36014005925543,11.02065242191174
351,-0.9544055299292257,0.29851312272748404,45.360116168355844,11.020656055935232
352,-0.9544055299292257,0.29851312272748404,45.360069250322304,11.020680486138678
353,-0.9544055299292257,0.29851312272748404,45.36005476010522,11.020690974378406
354,-0.9544055299292257,0.29851312272748404,45.360016194009184,11.020707464881912
355,-0.9544055299292257,0.29851312272748404,45.35998805993743,11.02070346729492
356,-0.9544055299292257,0.29851312272748404,45.35994617722696,11.0207237701989
357,-0.9544055299292257,0.29851312272748404,45.35992481910176,11.020726071026724
358,-0.9544055299292257,0.29851312272748404,45.359884328148944,11.020738285820773
359,-0.9544055299292257,0.29851312272748404,45.359860951925135,11.02075618210119
360,-0.9544055299292257,0.29851312272748404,45.35982017970972,11.02076513390752
361,-0.9544055299292257,0.29851312272748404,45.359802302424974,11.020770911573008
362,-0.9544055299292257,0.29851312272748404,45.35975855932461,11.020782444782794
363,-0.9544055299292257,0.29851312272748404,45.35974444265545,11.020786501686853
364,-0.9544055299292257,0.29851312272748404,45.35970006,11.02079678
365,0.18563850809759755,0.9826181070544641,45.359706153773374,11.020804542035533
366,0.18563850809759755,0.9826181070544641,45.359706366621744,11.020802187336443
367,0.18563850809759755,0.9826181070544641,45.35969357071109,11.020817542433731
368,0.18563850809759755,0.9826181070544641,45.35970811399796,11.020815429197569
369,0.18563850809759755,0.9826181070544641,45.35970916417894,11.020819681947607
370,0.18563850809759755,0.9826181070544641,45.35970724870093,11.020830909768469
371,0.18563850809759755,0.9826181070544641,45.35971007783855,11.020826288836417
372,0.18563850809759755,0.9826181070544641,45.35970640493742,11.020833063053452
373,0.18563850809759755,0.9826181070544641,45.35970829547785,11.020841869800796
374,0.18563850809759755,0.9826181070544641,45.35971035858777,11.020841268834921
375,0.18563850809759755,0.9826181070544641,45.35970372946914,11.020861081891276
376,0.18563850809759755,0.9826181070544641,45.35971359275585,11.020865066372417
377,0.18563850809759755,0.9826181070544641,45.3597063321994,11.0208718448967
378,0.18563850809759755,0.9826181070544641,45.35971184087144,11.020875369333996
379,0.18563850809759755,0.9826181070544641,45.35971724477157,11.020877614137412
380,0.18563850809759755,0.9826181070544641,45.35971575,11.02087983
381,0.9539872079080639,0.29984730638739515,45.3597523980506,11.020863007304063
382,0.9539872079080639,0.29984730638739515,45.359783274276694,11.020854404162009
383,0.9539872079080639,0.29984730638739515,45.35981507606163,11.020842009635478
384,0.9539872079080639,0.29984730638739515,45.35984500909622,11.020842521835842
385,0.9539872079080639,0.29984730638739515,45.35988935258928,11.020829250437048
386,0.9539872079080639,0.29984730638739515,45.35991251892319,11.020813502352269
387,0.9539872079080639,0.29984730638739515,45.3599467448171,11.020801315610006
388,0.9539872079080639,0.29984730638739515,45.35998701702867,11.020800832506703
389,0.9539872079080639,0.29984730638739515,45.36001825222153,11.020787448648282
390,0.9539872079080639,0.29984730638739515,45.36005688616622,11.020768396021776
391,0.9539872079080639,0.29984730638739515,45.360094535291154,11.020760886297131
392,0.9539872079080639,0.29984730638739515,45.36011583341967,11.020757805783694
393,0.9539872079080639,0.29984730638739515,45.36015562178104,11.02075122459014
394,0.9539872079080639,0.29984730638739515,45.36017999792141,11.020732988716162
395,0.9539872079080639,0.29984730638739515,45.36021796892459,11.020712905605809
396,0.9539872079080639,0.29984730638739515,45.36025141300725,11.020702493390319
397,0.9539872079080639,0.29984730638739515,45.36028707178963,11.02070762650988
398,0.9539872079080639,0.29984730638739515,45.36031831023885,11.020689667096995
399,0.9539872079080639,0.29984730638739515,45.36035052785501,11.020690969049992
400,0.9539872079080639,0.29984730638739515,45.36039200695849,11.020674573991242
401,0.9539872079080639,0.29984730638739515,45.36042285387274,11.020651138421924
402,0.9539872079080639,0.29984730638739515,45.36045681134857,11.02065538072575
403,0.9539872079080639,0.29984730638739515,45.36049294207429,11.02063120397852
404,0.9539872079080639,0.29984730638739515,45.36052200628355,11.020628083064112
405,0.9539872079080639,0.29984730638739515,45.36054653063765,11.020615510844094
406,0.9539872079080639,0.29984730638739515,45.36059290100955,11.02060246707575
407,0.9539872079080639,0.29984730638739515,45.36063108458205,11.020590482994045
408,0.9539872079080639,0.29984730638739515,45.36066414211038,11.02058906818375
409,0.9539872079080639,0.29984730638739515,45.36069414508207,11.02057129120683
410,0.9539872079080639,0.29984730638739515,45.36072262085595,11.020560253553707
411,0.9539872079080639,0.29984730638739515,45.36076693826263,11.0205489438293
412,0.9539872079080639,0.29984730638739515,45.36079850505597,11.020537390242094
413,0.9539872079080639,0.29984730638739515,45.360813418807496,11.020524585027847
414,0.9539872079080639,0.29984730638739515,45.3608593954112,11.020511840627602
415,0.9539872079080639,0.29984730638739515,45.36088488063125,11.020502493566289
416,0.9539872079080639,0.29984730638739515,45.360922287761525,11.020486749125093
417,0.9539872079080639,0.29984730638739515,45.3609657329156,11.020487194199813
418,0.9539872079080639,0.29984730638739515,45.360987632265534,11.020474584140768
419,0.9539872079080639,0.29984730638739515,45.36101977273082,11.020461970205858
420,0.9539872079080639,0.29984730638739515,45.36105685065072,11.020458464778669
421,0.9539872079080639,0.29984730638739515,45.361103058476516,11.02044576518026
422,0.9539872079080639,0.29984730638739515,45.36112516743733,11.020432026990047
423,0.9539872079080639,0.29984730638739515,45.36115750031034,11.020414827936527
424,0.9539872079080639,0.29984730638739515,45.36119841682841,11.02041412439406
425,0.9539872079080639,0.29984730638739515,45.361223877242814,11.020396197266377
426,0.9539872079080639,0.29984730638739515,45.36125964375535,11.020395700902451
427,0.9539872079080639,0.29984730638739515,45.36129007346851,11.020379241390163
428,0.9539872079080639,0.29984730638739515,45.36132608437353,11.020374169424974
429,0.9539872079080639,0.29984730638739515,45.36136343441743,11.020367174430367
430,0.9539872079080639,0.29984730638739515,45.361397309687206,11.020349568197965
431,0.9539872079080639,0.29984730638739515,45.36143329279093,11.020338280821509
432,0.9539872079080639,0.29984730638739515,45.36145892777331,11.020327035198354
433,0.9539872079080639,0.29984730638739515,45.36150113431158,11.020320032622731
434,0.9539872079080639,0.29984730638739515,45.36153843555784,11.020302466600516
435,0.9539872079080639,0.29984730638739515,45.361555742659206,11.020292429427977
436,0.9539872079080639,0.29984730638739515,45.3615991218063,11.020293938334213
437,0.9539872079080639,0.29984730638739515,45.36163864398467,11.020277911428462
438,0.9539872079080639,0.29984730638739515,45.36165730607073,11.020262183622732
439,0.9539872079080639,0.29984730638739515,45.36170158926874,11.020259758595593
440,0.9539872079080639,0.29984730638739515,45.361735556243715,11.020249501996531
441,0.9539872079080639,0.29984730638739515,45.361759995745814,11.020235774876666
442,0.9539872079080639,0.29984730638739515,45.36180066576564,11.020233938002113
443,0.9539872079080639,0.29984730638739515,45.36182760206732,11.020215826504137
444,0.9539872079080639,0.29984730638739515,45.36186147180897,11.020206370430143
445,0.9539872079080639,0.29984730638739515,45.36190819576716,11.020194012965693
446,0.9539872079080639,0.29984730638739515,45.36192631341291,11.020180357842069
447,0.9539872079080639,0.29984730638739515,45.361966805551006,11.020166420037564
448,0.9539872079080639,0.29984730638739515,45.36200023097345,11.020165224943776
449,0.9539872079080639,0.29984730638739515,45.362029515955,11.020152324422645
450,0.9539872079080639,0.29984730638739515,45.362066812445796,11.020138252060052
451,0.9539872079080639,0.29984730638739515,45.36210604141054,11.020128136410936
452,0.9539872079080639,0.29984730638739515,45.362133791179694,11.020120123791598
453,0.9539872079080639,0.29984730638739515,45.36217777930668,11.020110889630711
454,0.9539872079080639,0.29984730638739515,45.362198553158905,11.020102117424859
455,0.9539872079080639,0.29984730638739515,45.362234758127634,11.020080784739065
456,0.9539872079080639,0.29984730638739515,45.362272438328205,11.020079115991296
457,0.9539872079080639,0.29984730638739515,45.36230304,11.02006662
458,0.05017981546841942,0.9987401995111418,45.36230945352248,11.020070869859735
459,0.05017981546841942,0.9987401995111418,45.36230642990336,11.020078732266269
460,0.05017981546841942,0.9987401995111418,45.362302893731496,11.020079036383505
461,0.05017981546841942,0.9987401995111418,45.36230285297535,11.020087214341448
462,0.05017981546841942,0.9987401995111418,45.36230321205981,11.02007382754842
463,0.05017981546841942,0.9987401995111418,45.36229637409141,11.020085609584381
464,0.05017981546841942,0.9987401995111418,45.36230102618562,11.020085855102321
465,0.05017981546841942,0.9987401995111418,45.36230400778079,11.02010125120904
466,0.05017981546841942,0.9987401995111418,45.36230705761645,11.020100860414079
467,0.05017981546841942,0.9987401995111418,45.36230804444152,11.020102067718474
468,0.05017981546841942,0.9987401995111418,45.36229227885114,11.020102934948492
469,0.05017981546841942,0.9987401995111418,45.36230736949032,11.020096123923631
470,0.05017981546841942,0.9987401995111418,45.36230440812797,11.020104312176972
471,0.05017981546841942,0.9987401995111418,45.36230471393147,11.020120453018027
472,0.05017981546841942,0.9987401995111418,45.36229539682533,11.020119455493965
473,0.05017981546841942,0.9987401995111418,45.36230583,11.02012215
474,-0.9547295369557065,0.2974752279843521,45.362270682476726,11.020126241671363
475,-0.9547295369557065,0.2974752279843521,45.36224211409455,11.020132421339298
476,-0.9547295369557065,0.2974752279843521,45.362210766016446,11.020143985502255
477,-0.9547295369557065,0.2974752279843521,45.36217855251704,11.02015859147001
478,-0.9547295369557065,0.2974752279843521,45.362153264120664,11.020169801905483
479,-0.9547295369557065,0.2974752279843521,45.36211015665746,11.020187522381335
480,-0.9547295369557065,0.2974752279843521,45.362081775675286,11.020196830228455
481,-0.9547295369557065,0.2974752279843521,45.36205138025221,11.02020418442195
482,-0.9547295369557065,0.2974752279843521,45.36201831149542,11.020212376199837
483,-0.9547295369557065,0.2974752279843521,45.36199083188726,11.020213072220109
484,-0.9547295369557065,0.2974752279843521,45.36196136826192,11.020231491167284
485,-0.9547295369557065,0.2974752279843521,45.361929142241166,11.020242178141672
486,-0.9547295369557065,0.2974752279843521,45.361893313885034,11.020254516504725
487,-0.9547295369557065,0.2974752279843521,45.3618565939797,11.020263225402317
488,-0.9547295369557065,0.2974752279843521,45.36182863104629,11.02027138531619
489,-0.9547295369557065,0.2974752279843521,45.36179216583252,11.020275758515009
490,-0.9547295369557065,0.2974752279843521,45.3617646334462,11.020289094452437
491,-0.9547295369557065,0.2974752279843521,45.36173330989704,11.020297650111639
492,-0.9547295369557065,0.2974752279843521,45.36170617276501,11.020310837495076
493,-0.9547295369557065,0.2974752279843521,45.36166959615093,11.020316747886374
494,-0.9547295369557065,0.2974752279843521,45.361652220751466,11.020324190941302
495,-0.9547295369557065,0.2974752279843521,45.36160922972849,11.020337361378939
496,-0.9547295369557065,0.2974752279843521,45.36159001212441,11.020348819151758
497,-0.9547295369557065,0.2974752279843521,45.361544762915564,11.020352403191577
498,-0.9547295369557065,0.2974752279843521,45.3615234928435,11.020366985466225
499,-0.9547295369557065,0.2974752279843521,45.36148791089135,11.020377319221717
500,-0.9547295369557065,0.2974752279843521,45.361454847122154,11.02039446267092
501,-0.9547295369557065,0.2974752279843521,45.361414512936356,11.02040201836268
502,-0.9547295369557065,0.2974752279843521,45.36138878042965,11.020409867574276
503,-0.9547295369557065,0.2974752279843521,45.36135917420604,11.020416928899596
504,-0.9547295369557065,0.2974752279843521,45.36133304525313,11.02042811489636
505,-0.9547295369557065,0.2974752279843521,45.36129188569259,11.020444710024618
506,-0.9547295369557065,0.2974752279843521,45.36126330254616,11.020444339124875
507,-0.9547295369557065,0.2974752279843521,45.36123031126944,11.0204626937925
508,-0.9547295369557065,0.2974752279843521,45.36119994715269,11.020467756640194
509,-0.9547295369557065,0.2974752279843521,45.36115593616104,11.020471249075108
510,-0.9547295369557065,0.2974752279843521,45.361142619258814,11.02048427875864
511,-0.9547295369557065,0.2974752279843521,45.36111085754325,11.020490179097283
512,-0.9547295369557065,0.2974752279843521,45.361072900810285,11.020507193898446
513,-0.9547295369557065,0.2974752279843521,45.36104876968854,11.020514040229676
514,-0.9547295369557065,0.2974752279843521,45.36101340997472,11.020533366876487
515,-0.9547295369557065,0.2974752279843521,45.360977441204476,11.020540042117362
516,-0.9547295369557065,0.2974752279843521,45.360945389155894,11.0205405752109
517,-0.9547295369557065,0.2974752279843521,45.36091258332231,11.020555473467502
518,-0.9547295369557065,0.2974752279843521,45.360889693568154,11.020562329743411
519,-0.9547295369557065,0.2974752279843521,45.36084843455339,11.020572785178638
520,-0.9547295369557065,0.2974752279843521,45.360822900754236,11.020581855880954
521,-0.9547295369557065,0.2974752279843521,45.360793565396634,11.020588333258969
522,-0.9547295369557065,0.2974752279843521,45.36075013060841,11.020610163366724
523,-0.9547295369557065,0.2974752279843521,45.36073221038612,11.020619598358012
524,-0.9547295369557065,0.2974752279843521,45.360694017891085,11.020626602265548
525,-0.9547295369557065,0.2974752279843521,45.36066346643771,11.020638196642015
526,-0.9547295369557065,0.2974752279843521,45.36063743699233,11.020643473459819
527,-0.9547295369557065,0.2974752279843521,45.36059713845188,11.02065481449094
528,-0.9547295369557065,0.2974752279843521,45.360556450412226,11.020666027717855
529,-0.9547295369557065,0.2974752279843521,45.36053067450288,11.020668570403322
530,-0.9547295369557065,0.2974752279843521,45.36050207949232,11.020680211635893
531,-0.9547295369557065,0.2974752279843521,45.36046509738062,11.020696614636622
532,-0.9547295369557065,0.2974752279843521,45.36043333609887,11.0206915968127
533,-0.9547295369557065,0.2974752279843521,45.360403122691054,11.020712227681818
534,-0.9547295369557065,0.2974752279843521,45.36037664089605,11.020714331651586
535,-0.9547295369557065,0.2974752279843521,45.36034184416249,11.020720475648675
536,-0.9547295369557065,0.2974752279843521,45.36031070062291,11.020744935726416
537,-0.9547295369557065,0.2974752279843521,45.36028699709921,11.02075048913361
538,-0.9547295369557065,0.2974752279843521,45.36024116167819,11.020773227491302
539,-0.9547295369557065,0.2974752279843521,45.36020977100587,11.020767384415699
540,-0.9547295369557065,0.2974752279843521,45.36019209992874,11.020782254716556
541,-0.9547295369557065,0.2974752279843521,45.36015568052842,11.020794131129492
542,-0.9547295369557065,0.2974752279843521,45.36011621792546,11.020805348090388
543,-0.9547295369557065,0.2974752279843521,45.36009402542965,11.020813377729676
544,-0.9547295369557065,0.2974752279843521,45.36006078065548,11.020825458859331
545,-0.9547295369557065,0.2974752279843521,45.36003086094036,11.020840361388245
546,-0.9547295369557065,0.2974752279843521,45.35999249993323,11.020837896306395
547,-0.9547295369557065,0.2974752279843521,45.35996801362776,11.020852995999599
548,-0.9547295369557065,0.2974752279843521,45.35993625314134,11.02086274063304
549,-0.9547295369557065,0.2974752279843521,45.3599020237481,11.020873338443254
550,-0.9547295369557065,0.2974752279843521,45.35986666423794,11.020881395704034
551,-0.9547295369557065,0.2974752279843521,45.359838986583455,11.020891612342359
552,-0.9547295369557065,0.2974752279843521,45.35980128898881,11.02089632856871
553,-0.9547295369557065,0.2974752279843521,45.3597747903901,11.020898974571832
554,-0.9547295369557065,0.2974752279843521,45.359738443648475,11.020926056501395
555,-0.9547295369557065,0.2974752279843521,45.35971167,11.02093044
556,0.158371280329442,0.9873796319384015,45.359709124970706,11.020945327379518
557,0.158371280329442,0.9873796319384015,45.35971246246928,11.020946925444198
558,0.158371280329442,0.9873796319384015,45.35971743140192,11.020958969007514
559,0.158371280329442,0.9873796319384015,45.35971876173136,11.020966707815932
560,0.158371280329442,0.9873796319384015,45.35972750634476,11.02097555251
561,0.158371280329442,0.9873796319384015,45.35971350130733,11.020986848811448
562,0.158371280329442,0.9873796319384015,45.35971713040365,11.020988976666173
563,0.158371280329442,0.9873796319384015,45.35972149517241,11.021000717197799
564,0.158371280329442,0.9873796319384015,45.35972416,11.02100831
565,0.9551369713188397,0.29616442396053255,45.35975853953115,11.020994229370853
566,0.9551369713188397,0.29616442396053255,45.35977830034397,11.020985035969082
567,0.9551369713188397,0.29616442396053255,45.35981097025569,11.02097467142321
568,0.9551369713188397,0.29616442396053255,45.35984349505368,11.020977863452595
569,0.9551369713188397,0.29616442396053255,45.35986063709362,11.02095817555654
570,0.9551369713188397,0.29616442396053255,45.35990149090684,11.020949628319645
571,0.9551369713188397,0.29616442396053255,45.359929632634824,11.02095134070655
572,0.9551369713188397,0.29616442396053255,45.35996724869684,11.020935826806443
573,0.9551369713188397,0.29616442396053255,45.359982604150346,11.020925576012019
574,0.9551369713188397,0.29616442396053255,45.36002930305452,11.02091962535138
575,0.9551369713188397,0.29616442396053255,45.36005013039186,11.02090907798376
576,0.9551369713188397,0.29616442396053255,45.360078890848946,11.020900586088844
577,0.9551369713188397,0.29616442396053255,45.360104730301806,11.020879311890116
578,0.9551369713188397,0.29616442396053255,45.36013822758392,11.020870938235305
579,0.9551369713188397,0.29616442396053255,45.36016504445436,11.02086833148545
580,0.9551369713188397,0.29616442396053255,45.3601856682635,11.020865137124911
581,0.9551369713188397,0.29616442396053255,45.360232380515285,11.020858882560688
582,0.9551369713188397,0.29616442396053255,45.36024519835216,11.020843315287054
583,0.9551369713188397,0.29616442396053255,45.360285524519796,11.020833855160575
584,0.9551369713188397,0.29616442396053255,45.36031233028363,11.020824084977633
585,0.9551369713188397,0.29616442396053255,45.36033877865817,11.020811359762819
586,0.9551369713188397,0.29616442396053255,45.3603792139023,11.020801806681627
587,0.9551369713188397,0.29616442396053255,45.360410843607475,11.020804293067345
588,0.9551369713188397,0.29616442396053255,45.360436165657745,11.020791723339883
589,0.9551369713188397,0.29616442396053255,45.36046352128707,11.020777510982718
590,0.9551369713188397,0.29616442396053255,45.36049528512328,11.020772355124043
591,0.9551369713188397,0.29616442396053255,45.36052457083597,11.020756449059794
592,0.9551369713188397,0.29616442396053255,45.36055410638456,11.02075457980582
593,0.9551369713188397,0.29616442396053255,45.36058079774797,11.020735671944704
594,0.9551369713188397,0.29616442396053255,45.36061083049466,11.02073071844282
595,0.9551369713188397,0.29616442396053255,45.36064052749123,11.020722763699734
596,0.9551369713188397,0.29616442396053255,45.36067606762978,11.020716252060144
597,0.9551369713188397,0.29616442396053255,45.360692999009096,11.020704062683398
598,0.9551369713188397,0.29616442396053255,45.360730042087795,11.020689634161105
599,0.9551369713188397,0.29616442396053255,45.360761385195886,11.02069580830102
600,0.9551369713188397,0.29616442396053255,45.36078686275344,11.020671766623956
601,0.9551369713188397,0.29616442396053255,45.36081310431145,11.020671935376207
602,0.9551369713188397,0.29616442396053255,45.3608422117038,11.020667493590343
603,0.9551369713188397,0.29616442396053255,45.36087091071866,11.020652823563179
604,0.9551369713188397,0.29616442396053255,45.360899761799146,11.020639187673
605,0.9551369713188397,0.29616442396053255,45.36093768353032,11.020639856226191
606,0.9551369713188397,0.29616442396053255,45.36096402345924,11.020622183013563
607,0.9551369713188397,0.29616442396053255,45.3609888083654,11.02061510663394
608,0.9551369713188397,0.29616442396053255,45.36102626323749,11.02059965948855
609,0.9551369713188397,0.29616442396053255,45.361060037903556,11.020601556481045
610,0.9551369713188397,0.29616442396053255,45.36107704374843,11.020591159848001
611,0.9551369713188397,0.29616442396053255,45.361111198010306,11.020580523350244
612,0.9551369713188397,0.29616442396053255,45.361142434391624,11.02056789195832
613,0.9551369713188397,0.29616442396053255,45.36117565740695,11.0205652750623
614,0.9551369713188397,0.29616442396053255,45.36119848738177,11.020553369722899
615,0.9551369713188397,0.29616442396053255,45.361230344688806,11.020548096680473
616,0.9551369713188397,0.29616442396053255,45.361257311019706,11.020529702303207
617,0.9551369713188397,0.29616442396053255,45.36128786052093,11.02053107830266
618,0.9551369713188397,0.29616442396053255,45.36131837843158,11.020514461307139
619,0.9551369713188397,0.29616442396053255,45.36135244551232,11.020502958136378
620,0.9551369713188397,0.29616442396053255,45.361376552009446,11.020499839049963
621,0.9551369713188397,0.29616442396053255,45.36140378874743,11.020478641452678
622,0.9551369713188397,0.29616442396053255,45.361432543678305,11.020473075743752
623,0.9551369713188397,0.29616442396053255,45.36147007301879,11.020483020726795
624,0.9551369713188397,0.29616442396053255,45.36148652187267,11.020458345784354
625,0.9551369713188397,0.29616442396053255,45.36151707515943,11.020450125611813
626,0.9551369713188397,0.29616442396053255,45.36156173843108,11.020447868804725
627,0.9551369713188397,0.29616442396053255,45.36158074288772,11.02042919065033
628,0.9551369713188397,0.29616442396053255,45.361617819892295,11.020419151003372
629,0.9551369713188397,0.29616442396053255,45.361655908365826,11.020420808339976
630,0.9551369713188397,0.29616442396053255,45.36168311638983,11.020406366158992
631,0.9551369713188397,0.29616442396053255,45.36169523001492,11.020403458033217
632,0.9551369713188397,0.29616442396053255,45.36174016876589,11.020385014469845
633,0.9551369713188397,0.29616442396053255,45.361758250433894,11.020374891037001
634,0.9551369713188397,0.29616442396053255,45.36178725093799,11.020374584763502
635,0.9551369713188397,0.29616442396053255,45.36181378789907,11.020358754579721
636,0.9551369713188397,0.29616442396053255,45.361856126630954,11.020343947130504
637,0.9551369713188397,0.29616442396053255,45.36188074218795,11.020342643849167
638,0.9551369713188397,0.29616442396053255,45.36190231540787,11.020330366780609
639,0.9551369713188397,0.29616442396053255,45.361939619872956,11.020324400684583
640,0.9551369713188397,0.29616442396053255,45.36196288697679,11.020317331212183
641,0.9551369713188397,0.29616442396053255,45.36199940713434,11.020300770074977
642,0.9551369713188397,0.29616442396053255,45.36202520629163,11.020297397005212
643,0.9551369713188397,0.29616442396053255,45.362055529112,11.020295881430316
644,0.9551369713188397,0.29616442396053255,45.362094756747666,11.020267830075877
645,0.9551369713188397,0.29616442396053255,45.3621113441922,11.0202658335983
646,0.9551369713188397,0.29616442396053255,45.362147217515336,11.020263236778526
647,0.9551369713188397,0.29616442396053255,45.362183266617954,11.020249930762297
648,0.9551369713188397,0.29616442396053255,45.362204024896286,11.020244706214468
649,0.9551369713188397,0.29616442396053255,45.36223835533553,11.020229435291649
650,0.9551369713188397,0.29616442396053255,45.36226322722636,11.020217013874351
651,0.9551369713188397,0.29616442396053255,45.3622961620712,11.020216173117992
652,0.9551369713188397,0.29616442396053255,45.36232427,11.02020208
653,0.096011835949402,0.9953801923675321,45.36232368190004,11.020206874268395
654,0.096011835949402,0.9953801923675321,45.362329205409374,11.020204480590667
655,0.096011835949402,0.9953801923675321,45.36231411744427,11.02020961154629
656,0.096011835949402,0.9953801923675321,45.362326611499846,11.020214998751305
657,0.096011835949402,0.9953801923675321,45.3623222989902,11.020214877030831
658,0.096011835949402,0.9953801923675321,45.362334895680554,11.020221224254122
659,0.096011835949402,0.9953801923675321,45.36233141103023,11.020218073252819
660,0.096011835949402,0.9953801923675321,45.362338605460025,11.020233074262066
661,0.096011835949402,0.9953801923675321,45.362333848741144,11.020238489497924
662,0.096011835949402,0.9953801923675321,45.36232269598613,11.02023496926822
663,0.096011835949402,0.9953801923675321,45.36232666754879,11.020255620597588
664,0.096011835949402,0.9953801923675321,45.362324097854675,11.020238144881091
665,0.096011835949402,0.9953801923675321,45.36232491106615,11.020257875151087
666,0.096011835949402,0.9953801923675321,45.36232928,11.02025402
667,-0.9517694449728636,0.30681415159025344,45.36229114222942,11.020257554712707
668,-0.9517694449728636,0.30681415159025344,45.362256348556066,11.020276629976093
669,-0.9517694449728636,0.30681415159025344,45.36222677880837,11.020276433476898
670,-0.9517694449728636,0.30681415159025344,45.362200675213195,11.020301120484422
671,-0.9517694449728636,0.30681415159025344,45.362168538512016,11.020299792921458
672,-0.9517694449728636,0.30681415159025344,45.36212805157114,11.0203167489355
673,-0.9517694449728636,0.30681415159025344,45.36210127543566,11.020334022633405
674,-0.9517694449728636,0.30681415159025344,45.36206961256289,11.020332849130613
675,-0.9517694449728636,0.30681415159025344,45.36203207857021,11.02034650154453
676,-0.9517694449728636,0.30681415159025344,45.361984732417326,11.02036070887137
677,-0.9517694449728636,0.30681415159025344,45.361974079720945,11.020363970350743
678,-0.9517694449728636,0.30681415159025344,45.36193377323687,11.020382119025513
679,-0.9517694449728636,0.30681415159025344,45.36190634335934,11.020393591454575
680,-0.9517694449728636,0.30681415159025344,45.36187751778529,11.020400374008048
681,-0.9517694449728636,0.30681415159025344,45.361842620543506,11.020422509422707
682,-0.9517694449728636,0.30681415159025344,45.36180624084166,11.020423290924485
683,-0.9517694449728636,0.30681415159025344,45.36177917059364,11.020448041812637
684,-0.9517694449728636,0.30681415159025344,45.36174395856491,11.020443827722387
685,-0.9517694449728636,0.30681415159025344,45.361714289543336,11.020455988607173
686,-0.9517694449728636,0.30681415159025344,45.361677453029415,11.020457250784178
687,-0.9517694449728636,0.30681415159025344,45.36163346300359,11.02047343461042
688,-0.9517694449728636,0.30681415159025344,45.361610368992935,11.020491701836066
689,-0.9517694449728636,0.30681415159025344,45.36157618637716,11.0205009935243
690,-0.9517694449728636,0.30681415159025344,45.36154945494997,11.020512112484788
691,-0.9517694449728636,0.30681415159025344,45.36151211780697,11.02051847356289
692,-0.9517694449728636,0.30681415159025344,45.36148194621912,11.020531859820883
693,-0.9517694449728636,0.30681415159025344,45.36144652686572,11.020542124149223
694,-0.9517694449728636,0.30681415159025344,45.361413724358165,11.020553944214925
695,-0.9517694449728636,0.30681415159025344,45.3613857001149,11.020553901638536
696,-0.9517694449728636,0.30681415159025344,45.36135604015687,11.020569670643122
697,-0.9517694449728636,0.30681415159025344,45.36131760863308,11.02057754466762
698,-0.9517694449728636,0.30681415159025344,45.36128667411155,11.020593574500593
699,-0.9517694449728636,0.30681415159025344,45.3612486486413,11.020600933787819
700,-0.9517694449728636,0.30681415159025344,45.36121680254798,11.02061856566519
701,-0.9517694449728636,0.30681415159025344,45.36118353716185,11.020623062106688
702,-0.9517694449728636,0.30681415159025344,45.36115104693381,11.020632058886234
703,-0.9517694449728636,0.30681415159025344,45.36111751376744,11.020641543019833
704,-0.9517694449728636,0.30681415159025344,45.361089344545334,11.020654826866918
705,-0.9517694449728636,0.30681415159025344,45.3610621507313,11.020667259094276
706,-0.9517694449728636,0.30681415159025344,45.36101585309679,11.02068122259455
707,-0.9517694449728636,0.30681415159025344,45.36099479895703,11.020689099301338
708,-0.9517694449728636,0.30681415159025344,45.36095584882322,11.0206901329418
709,-0.9517694449728636,0.30681415159025344,45.360918227912215,11.020705437539764
710,-0.9517694449728636,0.30681415159025344,45.36089409402727,11.020720951966476
711,-0.9517694449728636,0.30681415159025344,45.36085449705089,11.020728641041723
712,-0.9517694449728636,0.30681415159025344,45.360832856955334,11.02073377190125
713,-0.9517694449728636,0.30681415159025344,45.36079560076681,11.020743711178262
714,-0.9517694449728636,0.30681415159025344,45.360754266501274,11.020758263690432
715,-0.9517694449728636,0.30681415159025344,45.36072473731727,11.020764230899262
716,-0.9517694449728636,0.30681415159025344,45.360700687964105,11.020784232276881
717,-0.9517694449728636,0.30681415159025344,45.36067279242339,11.020785076827812
718,-0.9517694449728636,0.30681415159025344,45.36062551028553,11.020795077566044
719,-0.9517694449728636,0.30681415159025344,45.36059591177754,11.020823049597166
720,-0.9517694449728636,0.30681415159025344,45.36056327896845,11.020830928608449
721,-0.9517694449728636,0.30681415159025344,45.36053237358953,11.020837005744475
722,-0.9517694449728636,0.30681415159025344,45.36050408090612,11.020849638074722
723,-0.9517694449728636,0.30681415159025344,45.36046425583212,11.020857929579801
724,-0.9517694449728636,0.30681415159025344,45.36043382239799,11.020861389350296
725,-0.9517694449728636,0.30681415159025344,45.3603914285131,11.020870064996398
726,-0.9517694449728636,0.30681415159025344,45.36036996963282,11.020878678253348
727,-0.9517694449728636,0.30681415159025344,45.360345207260856,11.020897323360192
728,-0.9517694449728636,0.30681415159025344,45.36029879767787,11.020910719189997
729,-0.9517694449728636,0.30681415159025344,45.360268252121585,11.020924441105134
730,-0.9517694449728636,0.30681415159025344,45.3602366952119,11.020927230074745
731,-0.9517694449728636,0.30681415159025344,45.3602179436287,11.020928794426744
732,-0.9517694449728636,0.30681415159025344,45.36017002157976,11.020951792343283
733,-0.9517694449728636,0.30681415159025344,45.36014412200354,11.020951860719542
734,-0.9517694449728636,0.30681415159025344,45.360114317080985,11.020971233246604
735,-0.9517694449728636,0.30681415159025344,45.36007544347246,11.020981992581948
736,-0.9517694449728636,0.30681415159025344,45.36004251372181,11.020990790339617
737,-0.9517694449728636,0.30681415159025344,45.360012956525146,11.02099599095664
738,-0.9517694449728636,0.30681415159025344,45.35997676586841,11.021008476540993
739,-0.9517694449728636,0.30681415159025344,45.35994169719247,11.021015671003793
740,-0.9517694449728636,0.30681415159025344,45.359904529814884,11.02102917382932
741,-0.9517694449728636,0.30681415159025344,45.35988159147456,11.021040256860102
742,-0.9517694449728636,0.30681415159025344,45.35984892449032,11.02105135357586
743,-0.9517694449728636,0.30681415159025344,45.35981409187388,11.021069706473961
744,-0.9517694449728636,0.30681415159025344,45.35977489875746,11.021070430079522
745,-0.9517694449728636,0.30681415159025344,45.35974926,11.02108572
746,0.08350296661483732,0.9965075286050383,45.35974794302742,11.021104837351594
747,0.08350296661483732,0.9965075286050383,45.359749216693174,11.021105805119905
748,0.08350296661483732,0.9965075286050383,45.359742355170724,11.021103225544776
749,0.08350296661483732,0.9965075286050383,45.35975128144346,11.021113051860922
750,0.08350296661483732,0.9965075286050383,45.35974756816636,11.02112540752307
751,0.08350296661483732,0.9965075286050383,45.35975121298174,11.021125873228632
752,0.08350296661483732,0.9965075286050383,45.35975460545549,11.021133721613909
753,0.08350296661483732,0.9965075286050383,45.35975266352727,11.021139695848087
754,0.08350296661483732,0.9965075286050383,45.35974965858801,11.02114241069775
755,0.08350296661483732,0.9965075286050383,45.359755,11.02115422
756,0.9533506941210361,0.3018649599058138,45.35978183921127,11.02113561402151
757,0.9533506941210361,0.3018649599058138,45.35980814792852,11.021128561434383
758,0.9533506941210361,0.3018649599058138,45.35984868090428,11.021128728798038
759,0.9533506941210361,0.3018649599058138,45.35987397673037,11.021125133191202
760,0.9533506941210361,0.3018649599058138,45.359916405961556,11.021114376914573
761,0.9533506941210361,0.3018649599058138,45.35993606284657,11.021105926119532
762,0.9533506941210361,0.3018649599058138,45.35996729615659,11.021079618134182
763,0.9533506941210361,0.3018649599058138,45.360004054111485,11.02108148657912
764,0.9533506941210361,0.3018649599058138,45.36002846055421,11.021064134395765
765,0.9533506941210361,0.3018649599058138,45.36005552141514,11.021060713735169
766,0.9533506941210361,0.3018649599058138,45.36008733494118,11.021039559410928
767,0.9533506941210361,0.3018649599058138,45.36012071615356,11.021038093677324
768,0.9533506941210361,0.3018649599058138,45.360154916027774,11.021027478165726
769,0.9533506941210361,0.3018649599058138,45.36018293190264,11.021020249697909
770,0.9533506941210361,0.3018649599058138,45.3602104849321,11.021014164591396
771,0.9533506941210361,0.3018649599058138,45.36024176745101,11.020997826857128
772,0.9533506941210361,0.3018649599058138,45.360274336696015,11.02098778610359
773,0.9533506941210361,0.3018649599058138,45.36031381647283,11.020979406272994
774,0.9533506941210361,0.3018649599058138,45.36032800434623,11.020974723608292
775,0.9533506941210361,0.3018649599058138,45.36036775877816,11.02095860124306
776,0.9533506941210361,0.3018649599058138,45.36039027094496,11.020952920886701
777,0.9533506941210361,0.3018649599058138,45.36043019337093,11.020948435924021
778,0.9533506941210361,0.3018649599058138,45.36044973810616,11.020934721063279
779,0.9533506941210361,0.3018649599058138,45.36048469509567,11.020922532532515
780,0.9533506941210361,0.3018649599058138,45.360520997882205,11.02091622753912
781,0.9533506941210361,0.3018649599058138,45.36055129986329,11.020904850815311
782,0.9533506941210361,0.3018649599058138,45.36058028016798,11.020901608485868
783,0.9533506941210361,0.3018649599058138,45.36060730323377,11.020882141212732
784,0.9533506941210361,0.3018649599058138,45.36063742910129,11.020874818438836
785,0.9533506941210361,0.3018649599058138,45.36067844601969,11.020865105099528
786,0.9533506941210361,0.3018649599058138,45.360706912263204,11.020857105460314
787,0.9533506941210361,0.3018649599058138,45.360723236044755,11.020849187405458
788,0.9533506941210361,0.3018649599058138,45.36076194559414,11.020825475975695
789,0.9533506941210361,0.3018649599058138,45.36078833402107,11.020836746209298
790,0.9533506941210361,0.3018649599058138,45.36082151919332,11.0208206186983
791,0.9533506941210361,0.3018649599058138,45.36084550025652,11.02079895558649
792,0.9533506941210361,0.3018649599058138,45.36088084883788,11.020795371534437
793,0.9533506941210361,0.3018649599058138,45.360915270633996,11.020790170222151
794,0.9533506941210361,0.3018649599058138,45.360948889628894,11.020785666990447
795,0.9533506941210361,0.3018649599058138,45.360980210558445,11.02077014708522
796,0.9533506941210361,0.3018649599058138,45.361002975230036,11.020755554797624
797,0.9533506941210361,0.3018649599058138,45.36102623892138,11.020756361923544
798,0.9533506941210361,0.3018649599058138,45.36106557412856,11.020736902945982
799,0.9533506941210361,0.3018649599058138,45.36108986121602,11.020727206760542
800,0.9533506941210361,0.3018649599058138,45.36112624310778,11.020719269961154
801,0.9533506941210361,0.3018649599058138,45.361154838530986,11.020709298559206
802,0.9533506941210361,0.3018649599058138,45.3611820928471,11.020698733787023
803,0.9533506941210361,0.3018649599058138,45.36122059022297,11.02069393050012
804,0.9533506941210361,0.3018649599058138,45.361240052902424,11.020675223906178
805,0.9533506941210361,0.3018649599058138,45.36127265633964,11.020665531418153
806,0.9533506941210361,0.3018649599058138,45.36130431254687,11.020658204041974
807,0.9533506941210361,0.3018649599058138,45.36133690579896,11.020659029055622
808,0.9533506941210361,0.3018649599058138,45.36137726106327,11.020639572985612
809,0.9533506941210361,0.3018649599058138,45.3613904285157,11.020626904051518
810,0.9533506941210361,0.3018649599058138,45.361429555811874,11.020612523805344
811,0.9533506941210361,0.3018649599058138,45.36145547774652,11.020624045746457
812,0.9533506941210361,0.3018649599058138,45.361483543557824,11.020603644673084
813,0.9533506941210361,0.3018649599058138,45.36152426325886,11.020604860547957
814,0.9533506941210361,0.3018649599058138,45.3615505853687,11.020579755693618
815,0.9533506941210361,0.3018649599058138,45.361580432941146,11.020570386796761
816,0.9533506941210361,0.3018649599058138,45.36161149719935,11.020569149258913
817,0.9533506941210361,0.3018649599058138,45.36164395209082,11.020550265554556
818,0.9533506941210361,0.3018649599058138,45.36167301659528,11.020554527531454
819,0.9533506941210361,0.3018649599058138,45.361702049688,11.020543093273501
820,0.9533506941210361,0.3018649599058138,45.36172891016587,11.020530085136091
821,0.9533506941210361,0.3018649599058138,45.361758777307394,11.020527847974993
822,0.9533506941210361,0.3018649599058138,45.36179812631384,11.020506545601316
823,0.9533506941210361,0.3018649599058138,45.36182429200409,11.020493507662378
824,0.9533506941210361,0.3018649599058138,45.36184578519961,11.020493333956551
825,0.9533506941210361,0.3018649599058138,45.361884469638696,11.020473260251933
826,0.9533506941210361,0.3018649599058138,45.36191850738555,11.020470798644041
827,0.9533506941210361,0.3018649599058138,45.36194785688356,11.020452710606579
828,0.9533506941210361,0.3018649599058138,45.36197327639825,11.020446842362697
829,0.9533506941210361,0.3018649599058138,45.36200951612178,11.020444870957443
830,0.9533506941210361,0.3018649599058138,45.36203897135075,11.020432043138435
831,0.9533506941210361,0.3018649599058138,45.36206459073904,11.02042651443777
832,0.9533506941210361,0.3018649599058138,45.36210445693899,11.02041361904683
833,0.9533506941210361,0.3018649599058138,45.36212537660396,11.020400955379808
834,0.9533506941210361,0.3018649599058138,45.36215463900057,11.020395707332991
835,0.9533506941210361,0.3018649599058138,45.36219018717885,11.020386277363768
836,0.9533506941210361,0.3018649599058138,45.36221169792548,11.020375245536073
837,0.9533506941210361,0.3018649599058138,45.362252387812866,11.02036492037363
838,0.9533506941210361,0.3018649599058138,45.3622733547907,11.020349886317769
839,0.9533506941210361,0.3018649599058138,45.36231388633765,11.020349281769764
840,0.9533506941210361,0.3018649599058138,45.36234141,11.02033527
841,0.21419411244230444,0.9767911149242982,45.36233766035747,11.0203426617736
842,0.21419411244230444,0.9767911149242982,45.36234248945805,11.020345673867329
843,0.21419411244230444,0.9767911149242982,45.362351725900055,11.020342199695804
844,0.21419411244230444,0.9767911149242982,45.36233622360474,11.020346996047143
845,0.21419411244230444,0.9767911149242982,45.36234996684182,11.020351393013485
846,0.21419411244230444,0.9767911149242982,45.36233983243977,11.020348244210604
847,0.21419411244230444,0.9767911149242982,45.36234425274577,11.020363058949036
848,0.21419411244230444,0.9767911149242982,45.3623517427214,11.02037751937492
849,0.21419411244230444,0.9767911149242982,45.362354559485176,11.020364942791874
850,0.21419411244230444,0.9767911149242982,45.362350936583645,11.02038092168037
851,0.21419411244230444,0.9767911149242982,45.36236015693439,11.020375395841372
852,0.21419411244230444,0.9767911149242982,45.362356605415506,11.02038324349908
853,0.21419411244230444,0.9767911149242982,45.3623531,11.02038858
854,-0.9554868306864682,0.2950337546531385,45.362327183890315,11.020399661204603
855,-0.9554868306864682,0.2950337546531385,45.36229418201357,11.02040096493977
856,-0.9554868306864682,0.2950337546531385,45.362264434740624,11.020415909082546
857,-0.9554868306864682,0.2950337546531385,45.362228246223914,11.020435774074688
858,-0.9554868306864682,0.2950337546531385,45.3621952728814,11.020425193543256
859,-0.9554868306864682,0.2950337546531385,45.36217199923283,11.020453529967932
860,-0.9554868306864682,0.2950337546531385,45.36214381907692,11.020457268055866
861,-0.9554868306864682,0.2950337546531385,45.36211554221444,11.020473317142324
862,-0.9554868306864682,0.2950337546531385,45.362078078352994,11.020472599869333
863,-0.9554868306864682,0.2950337546531385,45.36205177501959,11.020483282151414
864,-0.9554868306864682,0.2950337546531385,45.36201348109654,11.020485341076848
865,-0.9554868306864682,0.2950337546531385,45.361987029357245,11.020500712855117
866,-0.9554868306864682,0.2950337546531385,45.36195740415722,11.020502286957974
867,-0.9554868306864682,0.2950337546531385,45.36193346667417,11.020524473611403
868,-0.9554868306864682,0.2950337546531385,45.361898018412944,11.020535077712937
869,-0.9554868306864682,0.2950337546531385,45.361866881111055,11.020543119748053
870,-0.9554868306864682,0.2950337546531385,45.36182946459367,11.020554014430292
871,-0.9554868306864682,0.2950337546531385,45.361793191538354,11.020552165007674
872,-0.9554868306864682,0.2950337546531385,45.36176874222627,11.0205695514662
873,-0.9554868306864682,0.2950337546531385,45.36174351987232,11.020583175366204
874,-0.9554868306864682,0.2950337546531385,45.36171878014645,11.020591152720481
875,-0.9554868306864682,0.2950337546531385,45.361686694813464,11.020595802522983
876,-0.9554868306864682,0.2950337546531385,45.361660550971536,11.02059696873123
877,-0.9554868306864682,0.2950337546531385,45.36161711527564,11.020621876573156
878,-0.9554868306864682,0.2950337546531385,45.361596311477825,11.020622337103758
879,-0.9554868306864682,0.2950337546531385,45.36155058156003,11.020641599484897
880,-0.9554868306864682,0.2950337546531385,45.36153401517334,11.020642914182021
881,-0.9554868306864682,0.2950337546531385,45.36149495571307,11.020655999052666
882,-0.9554868306864682,0.2950337546531385,45.36146606555173,11.020662972788784
883,-0.9554868306864682,0.2950337546531385,45.3614338109387,11.020672276646689
884,-0.9554868306864682,0.2950337546531385,45.361411187172564,11.020681597698832
885,-0.9554868306864682,0.2950337546531385,45.361368080636694,11.020697105696938
886,-0.9554868306864682,0.2950337546531385,45.36134507060113,11.020702387547235
887,-0.9554868306864682,0.2950337546531385,45.3613139922947,11.020710652384775
888,-0.9554868306864682,0.2950337546531385,45.36128170427642,11.020726622958172
889,-0.9554868306864682,0.2950337546531385,45.36125205031275,11.02073360554436
890,-0.9554868306864682,0.2950337546531385,45.36122096623643,11.020740057404488
891,-0.9554868306864682,0.2950337546531385,45.36118522975553,11.020740061252283
892,-0.9554868306864682,0.2950337546531385,45.36116394816397,11.020752901633353
893,-0.9554868306864682,0.2950337546531385,45.361136865770774,11.020764057821868
894,-0.9554868306864682,0.2950337546531385,45.36111223667542,11.020766903916524
895,-0.9554868306864682,0.2950337546531385,45.36108078634707,11.020785620667993
896,-0.9554868306864682,0.2950337546531385,45.36103375825797,11.020796192399505
897,-0.9554868306864682,0.2950337546531385,45.36100641856177,11.020806170972627
898,-0.9554868306864682,0.2950337546531385,45.36098347408603,11.020814818004862
899,-0.9554868306864682,0.2950337546531385,45.36095575686698,11.020825492756776
900,-0.9554868306864682,0.2950337546531385,45.36091876514432,11.02083714132621
901,-0.9554868306864682,0.2950337546531385,45.36088948167797,11.02085021063662
902,-0.9554868306864682,0.2950337546531385,45.360861274112104,11.020844155869641
903,-0.9554868306864682,0.2950337546531385,45.36082524429695,11.020861117225667
904,-0.9554868306864682,0.2950337546531385,45.36080305408321,11.020861318322538
905,-0.9554868306864682,0.2950337546531385,45.360764024091516,11.020881461675287
906,-0.9554868306864682,0.2950337546531385,45.36073389548037,11.02087663418623
907,-0.9554868306864682,0.2950337546531385,45.36071007166467,11.020906643483569
908,-0.9554868306864682,0.2950337546531385,45.360672414091844,11.020910786607182
909,-0.9554868306864682,0.2950337546531385,45.3606374367352,11.020909279754601
910,-0.9554868306864682,0.2950337546531385,45.36060565236953,11.020925214643567
911,-0.9554868306864682,0.2950337546531385,45.36057741339173,11.020932650269746
912,-0.9554868306864682,0.2950337546531385,45.36055355369719,11.02094285321194
913,-0.9554868306864682,0.2950337546531385,45.36051887857135,11.02095919315188
914,-0.9554868306864682,0.2950337546531385,45.360486501981605,11.0209731759202
915,-0.9554868306864682,0.2950337546531385,45.360462490592035,11.020972845670578
916,-0.9554868306864682,0.2950337546531385,45.36042009097694,11.020978177231916
917,-0.9554868306864682,0.2950337546531385,45.36039886458732,11.021000031481172
918,-0.9554868306864682,0.2950337546531385,45.360369681639575,11.02099484609176
919,-0.9554868306864682,0.2950337546531385,45.36033500007416,11.021016111634697
920,-0.9554868306864682,0.2950337546531385,45.3603037899886,11.021018045479765
921,-0.9554868306864682,0.2950337546531385,45.360276719259176,11.021034372629407
922,-0.9554868306864682,0.2950337546531385,45.36024564724156,11.021043247727135
923,-0.9554868306864682,0.2950337546531385,45.36022083330138,11.021054408731729
924,-0.9554868306864682,0.2950337546531385,45.36018903105155,11.021061173011988
925,-0.9554868306864682,0.2950337546531385,45.36015239883756,11.021067123926526
926,-0.9554868306864682,0.2950337546531385,45.360119516053224,11.021081656793154
927,-0.9554868306864682,0.2950337546531385,45.36010136877517,11.021095811478505
928,-0.9554868306864682,0.2950337546531385,45.360057789678685,11.021095643931215
929,-0.9554868306864682,0.2950337546531385,45.36003109428891,11.021102977362665
930,-0.9554868306864682,0.2950337546531385,45.35999913204605,11.021123038980155
931,-0.9554868306864682,0.2950337546531385,45.35997152472941,11.021119529247333
932,-0.9554868306864682,0.2950337546531385,45.35994032097292,11.021147461779846
933,-0.9554868306864682,0.2950337546531385,45.35991197596235,11.021144302864252
934,-0.9554868306864682,0.2950337546531385,45.35989041338942,11.021151614570746
935,-0.9554868306864682,0.2950337546531385,45.359847778152684,11.021164979028846
936,-0.9554868306864682,0.2950337546531385,45.35981754908095,11.02116345722677
937,-0.9554868306864682,0.2950337546531385,45.359786001783164,11.021182798711683
938,-0.9554868306864682,0.2950337546531385,45.35975891,11.02118961
939,0.18848834669738865,0.9820754264104591,45.35975506243649,11.02120041876537
940,0.18848834669738865,0.9820754264104591,45.359751050614086,11.021200043525859
941,0.18848834669738865,0.9820754264104591,45.35975155793518,11.021195764900025
942,0.18848834669738865,0.9820754264104591,45.35976069521958,11.021206410905348
943,0.18848834669738865,0.9820754264104591,45.35975593155021,11.02121620909785
944,0.18848834669738865,0.9820754264104591,45.359758575204694,11.021213600478466
945,0.18848834669738865,0.9820754264104591,45.35977541063954,11.02121157703559
946,0.18848834669738865,0.9820754264104591,45.35976064375201,11.021213356184317
947,0.18848834669738865,0.9820754264104591,45.35975512149924,11.021226328941472
948,0.18848834669738865,0.9820754264104591,45.359770179080186,11.021229390652884
949,0.18848834669738865,0.9820754264104591,45.35977874364016,11.021244195899033
950,0.18848834669738865,0.9820754264104591,45.35976017831542,11.021245927019377
