,Sin,Cosin,Lat,Lon
0,0.9488026220440244,-0.3158695686551398,45.35966925056854,11.020594868908509
1,0.9602863032706337,-0.279016515193672,45.359704806954696,11.020579860294607
2,0.9626548222200195,-0.27073177363682804,45.35972689374313,11.020572557721929
3,0.9515039507210586,-0.3076365254033032,45.35976164168352,11.02056626173955
4,0.9496211958285528,-0.3134000389807722,45.35978938514162,11.020553589275087
5,0.9550071898524681,-0.296582648396854,45.35983501726521,11.02054447326037
6,0.956299436599275,-0.29238910301156795,45.35985916797439,11.0205382408181
7,0.9602031121950723,-0.2793026733328872,45.35989188338284,11.020520807179524
8,0.9589269102660597,-0.28365327561582687,45.35992802553616,11.020505472211704
9,0.9576550551362697,-0.28791803585733944,45.35996320753074,11.020502445943206
10,0.9558472833458155,-0.2938638646047253,45.359996469723086,11.020496693481832
11,0.9570862584972909,-0.2898031983875557,45.360028415863574,11.02049197544903
12,0.9546760388045484,-0.2976468728753189,45.36005733181042,11.020471031425195
13,0.9545423990195698,-0.2980751725219065,45.36008964031708,11.02046080170427
14,0.9533757465778813,-0.3017858277604626,45.360128909140876,11.020460974293838
15,0.9627100260027311,-0.2705354058784556,45.36015509377301,11.020447195799536
16,0.9458964510836647,-0.3244686484505525,45.36019122917608,11.020435530335083
17,0.9544489563533093,-0.2983742443912993,45.36021441157364,11.020416541739703
18,0.9559595520398154,-0.2934984409904682,45.360249484764026,11.020418946687775
19,0.9531618264137317,-0.3024607952572352,45.36029176191486,11.020402059721212
20,0.9600214502340816,-0.2799264458575695,45.360319092549396,11.020392754242884
21,0.9624219500205722,-0.27155844696602455,45.36033879740988,11.0203782319687
22,0.9567651657814111,-0.29086150922263465,45.36038750571079,11.020377993535684
23,0.959806384135912,-0.28066297399540613,45.360409460864005,11.020376841698644
24,0.9563058375328245,-0.2923681670439568,45.36044956589436,11.020351499154273
25,0.9628348186319338,-0.27009093289114927,45.36047703384642,11.02034459303708
26,0.9472066060818969,-0.3206238378455573,45.36051373727555,11.020340792773668
27,0.9571280114141459,-0.28966527193711455,45.36053937993624,11.020320473524848
28,0.9595492823737931,-0.2815407158759433,45.36057570930389,11.020311956090834
29,0.9474218903500989,-0.3199871273745947,45.36060449818668,11.020304825457979
30,0.9554146000047111,-0.2952675771191918,45.36064526648165,11.020291187971772
31,0.9515275841712321,-0.3075634187631209,45.36067272051936,11.020283256140953
32,0.9419519221063302,-0.33574778694756907,45.360702256619895,11.020279028534183
33,0.9477234814096691,-0.319092780840834,45.36074321800229,11.020263715347593
34,0.9532306920867697,-0.30224368920422146,45.36077708623209,11.020251146997555
35,0.9492961616242815,-0.31438320172268425,45.36080486693846,11.020244302971241
36,0.9524575092955134,-0.30467145088863656,45.36083396709572,11.020237627182157
37,0.9507249615756121,-0.31003555834299207,45.36087779047403,11.020231237897438
38,0.9455957203947691,-0.3253440234138283,45.360900951444016,11.020209956556556
39,0.9665537267856285,-0.2564642143395696,45.36092495190907,11.020197644579403
40,0.9541628858937385,-0.2992877999233054,45.36096910916634,11.020192483601885
41,0.9470637962657557,-0.32104542638495154,45.36099577537747,11.020188634478746
42,0.9531690081298277,-0.3024381621766679,45.36103583140818,11.020184983463254
43,0.9546757883770206,-0.29764767609829285,45.36106828082242,11.020165064631087
44,0.9561986922056548,-0.29271839884810025,45.36109689501988,11.020156202019045
45,0.9552269158329875,-0.2958741950021978,45.36111295308754,11.020147372077705
46,0.9537263357583783,-0.3006760324350729,45.36116140414774,11.020139204782046
47,0.9516008121024323,-0.3073367768523503,45.36119245792485,11.020124142377815
48,0.9528709071646752,-0.30337606082083846,45.36122969431777,11.020118352643767
49,0.9577188616360055,-0.28770572129631633,45.3612664597731,11.020105870796002
50,0.953790065866544,-0.3004738095979308,45.36129140129361,11.020092242261368
51,0.9424429354347232,-0.3343670340347298,45.361327046324185,11.02008612905424
52,0.9541298329943004,-0.29939315588414583,45.36136119080664,11.020068359928256
53,0.9567832802054532,-0.2908019166362101,45.361382089213045,11.020062847505717
54,0.9536061615516559,-0.30105695250353753,45.36141138968086,11.020054302397373
55,0.9570958615530366,-0.28977148203032427,45.36145592659021,11.020047354863136
56,0.9459863373742018,-0.32420649207155455,45.361490090465445,11.020032073347
57,0.9553252926593763,-0.29555639936444794,45.36151631897433,11.020027523353349
58,0.9530990330409579,-0.3026586083632697,45.36155969835352,11.020003753289325
59,0.9579638081807065,-0.28688907650156126,45.36158724185549,11.020009815029596
60,0.9596025759285401,-0.2813590166874174,45.36161638081034,11.019994327789053
61,0.9475562001020014,-0.3195891857498559,45.36163656987702,11.01998354488869
62,0.9493710963845177,-0.3141568419590109,45.361685344018824,11.01997111124731
63,0.9563162634454515,-0.2923340627941428,45.36171066345269,11.019954383417792
64,0.96074968812308,-0.27741672042507554,45.3617406190284,11.019952884054236
65,0.9523614051524804,-0.3049717265190221,45.361773379928664,11.019945357352976
66,0.9551658956319536,-0.29607112628827525,45.36181168965898,11.019935178333599
67,0.9476296422712915,-0.3193713529557464,45.361838565787664,11.019925899403656
68,0.9606895280778549,-0.27762498201989755,45.3618766910281,11.019918485374365
69,0.9568417590018127,-0.2906094427755523,45.36191213076896,11.019899712247735
70,0.958304577679558,-0.28574872947819707,45.36193661949441,11.019898260948182
71,0.9536851436138484,-0.3008066602491266,45.361973195166456,11.019892117103014
72,0.9532650118051818,-0.3021354286873137,45.3620119333676,11.01987328976103
73,0.9517643142429764,-0.3068300671928959,45.36203312613739,11.019856413082485
74,0.9509343454951079,-0.3093927448370287,45.362065438926734,11.019855115841485
75,0.9515638073063408,-0.3074513304974644,45.36209927085192,11.019833172995371
76,0.9550698510946865,-0.29638080155430674,45.36213110706157,11.019840466693907
77,0.955121566845568,-0.2962140991689407,45.36217145619638,11.019834621198578
78,0.9521761929468785,-0.30554950103901146,45.36220949844502,11.01980898175468
79,0.9596417066295801,-0.28122552319636057,45.36223704722771,11.019798341526057
80,0.12110527674715606,0.9926396687338235,45.36226478503151,11.019793591256736
81,0.12805679738052428,0.991766835826165,45.36225773874889,11.019798966512525
82,0.13520273167240643,0.9908179557054461,45.36226162618278,11.0197958617471
83,0.13666332259278502,0.9906175529728415,45.362270503272775,11.019809762914655
84,0.16030806819771207,0.9870670307890532,45.362279016282265,11.019811659179426
85,0.13100277608659203,0.9913820013786846,45.36226137190807,11.019820458778913
86,0.14568602382645396,0.9893308761287287,45.362272299424234,11.019836447943797
87,0.13828057223084597,0.9903930953634066,45.36227177514377,11.019828907610478
88,0.1292817792069239,0.991607897086894,45.36225901705791,11.01983946162358
89,0.131117857061067,0.9913667876016997,45.36227260753849,11.019849077860295
90,-0.9461771709511688,0.3236491328133642,45.36226417680703,11.019854167989141
91,-0.955236843179932,0.29584214275798854,45.36223484081097,11.019873172329099
92,-0.9485166247197341,0.3167273474619504,45.362195466482824,11.019875528895078
93,-0.9431566046516301,0.33234864089087046,45.36217446032192,11.019880920734915
94,-0.9436614455855077,0.330912490117055,45.362134834227234,11.01989470099608
95,-0.9500480786014003,0.3121035859226668,45.36210771021433,11.01990386164858
96,-0.9581749232094978,0.28618318701921164,45.36207123146342,11.019917070446208
97,-0.9569644670065868,0.2902051151975088,45.36203769632585,11.019921690962049
98,-0.9544879640918996,0.2982494365521928,45.36200858429856,11.019938792519422
99,-0.9547310689846178,0.2974703109815986,45.361972361452985,11.01994735089508
100,-0.9464686551565561,0.3227957323233071,45.36193692917417,11.019948886182933
101,-0.9497762166397253,0.3129299255512799,45.361895026929936,11.019965868687542
102,-0.9425247940669567,0.3341362185831415,45.361881542846845,11.01997600258176
103,-0.951030347661685,0.30909752154699405,45.36184287386753,11.01998622047981
104,-0.957000937754424,0.29008482403799285,45.361807211692266,11.019999371159049
105,-0.9448513857031701,0.32749940295334795,45.36177513137625,11.02000663567536
106,-0.9522992497471042,0.30516575648506555,45.36174137891197,11.020017679551128
107,-0.9467305241931004,0.32202688484202263,45.36171512349679,11.020028674703662
108,-0.9564318431958895,0.2919556975311724,45.361679683766795,11.020038131566976
109,-0.960994442441316,0.2765676799571926,45.361655347745426,11.020042438257338
110,-0.9518959993125976,0.306421289228851,45.3616120118871,11.020062812617537
111,-0.9519733546405704,0.30618088126853826,45.361576256967396,11.02007222462664
112,-0.9454248194300567,0.32584031488697734,45.361553519845216,11.020071469042037
113,-0.9518213920512861,0.3066529596034448,45.36152392696786,11.02009813852307
114,-0.9425284637679572,0.3341258669831094,45.36149427961196,11.020101718936145
115,-0.9494376433291911,0.31395566793659213,45.36145471028588,11.02010621887057
116,-0.9556010078228295,0.2946637301195931,45.36142257305694,11.02012733169627
117,-0.9564620397595167,0.2918567568158474,45.361393697715435,11.020121879986874
118,-0.9533066152760387,0.30200413452623937,45.36135842352419,11.020139329276105
119,-0.9661696668674022,0.2579072988989124,45.36132489053053,11.020142922476992
120,-0.9478867280001966,0.31860751855705055,45.36129301877213,11.020164946938111
121,-0.9512280350064689,0.30848861472951,45.36125869355635,11.020172378957353
122,-0.9594436103926041,0.2819006180851772,45.36123509647679,11.020187514050336
123,-0.9553604145472048,0.29544285118478164,45.36119079538673,11.020201171570639
124,-0.956891191878748,0.2904466334886136,45.36116781769689,11.02019836917734
125,-0.9531288897796105,0.30256457074067206,45.36112770731357,11.02021637744082
126,-0.9642722505379557,0.2649132439921907,45.3610917294051,11.020221452755049
127,-0.9507280382057505,0.3100261236887064,45.36107019026635,11.020222180882179
128,-0.9628738538495029,0.26995173934058336,45.361029995225024,11.020243655110038
129,-0.9567355503036981,0.29095890910071814,45.360992898777,11.020252772984607
130,-0.9412524707857679,0.3377036959224567,45.36097992679257,11.02025331093784
131,-0.9613481195345562,0.2753357823955554,45.36093524446115,11.020268845225395
132,-0.9515386297458018,0.3075292443028499,45.36091256630857,11.020285900099383
133,-0.952169028659874,0.30557182602607874,45.36087137028409,11.020295932587945
134,-0.9462810949213676,0.3233451552048024,45.36084297273148,11.020303988513446
135,-0.9551265142132016,0.2961981462584445,45.36081363564995,11.020307497749435
136,-0.9483109347815536,0.31734267121478654,45.36076814159993,11.020323729834285
137,-0.9546661422192149,0.29767861344121066,45.360743900829746,11.020333525406304
138,-0.9551894225183866,0.29599521467245243,45.360712270716014,11.020335444940637
139,-0.9577156488006797,0.2877164160111362,45.36067783545158,11.020357408650849
140,-0.9554790918114943,0.2950588163588443,45.36064130017354,11.020363447394681
141,-0.9633420907097536,0.26827600762453724,45.3606225552827,11.02037217820402
142,-0.9480212895618206,0.3182069052323389,45.36058250947888,11.020385739092866
143,-0.9413373771339019,0.3374669501012896,45.36054862619721,11.020382500176026
144,-0.95627995861142,0.2924528009066433,45.360512321069855,11.020397940111982
145,-0.9506710101151538,0.31020095184675556,45.36048071723001,11.020413446481596
146,-0.9519332121431232,0.30630566370682,45.3604523877655,11.02042503598401
147,-0.948032146560659,0.31817455757428054,45.360422976670996,11.020436755792646
148,-0.9551674017559107,0.2960662672829558,45.36038440663155,11.020445657116325
149,-0.9490835159507499,0.3150245700744032,45.36036191162193,11.020454447098631
150,-0.9605638822756642,0.2780593966538513,45.360319197937685,11.02046770096518
151,-0.9605099732947103,0.2782455591764132,45.36029538163343,11.020475850683424
152,-0.9584556490150538,0.2852415973716528,45.36025255636297,11.02048515024804
153,-0.9501864326106078,0.31168211896534426,45.36022126812052,11.020497580767746
154,-0.9560729561152673,0.2931288156852106,45.36018608162176,11.020502408799677
155,-0.9426831024800584,0.3336893290151362,45.3601640132713,11.020507242424832
156,-0.9509259949710916,0.30941840942038223,45.36013099659392,11.020535365577311
157,-0.9450901646849312,0.3268097009205963,45.36009598095391,11.020544350799769
158,-0.9540177350843494,0.2997501645446224,45.3600687524782,11.020554358812483
159,-0.9588095468815298,0.2840497365054854,45.360022958318474,11.020557792170365
160,-0.9529115412655549,0.3032484039906965,45.35999246371249,11.020573710418036
161,-0.9624089353751016,0.27160456754289575,45.35996290761916,11.020572368875264
162,-0.9573118318682007,0.28905718563140737,45.359943801974225,11.020586160564477
163,-0.9503826155131027,0.3110834038171661,45.359905993173925,11.020596873917716
164,-0.9391521804113433,0.3435013566619784,45.35986748457397,11.020604927835246
165,-0.9541172201323102,0.2994333485886179,45.359834955235385,11.020620349863389
166,-0.9513958628049065,0.30797063534971547,45.35980493957832,11.020624835728032
167,-0.9541513480579099,0.29932458134819684,45.35977309656547,11.02064008871872
168,-0.9520530665884674,0.3059329312112301,45.35974433203983,11.020654491397824
169,-0.9624970988012242,0.27129197334094945,45.359716906566774,11.020664751823553
170,0.13389966803338404,0.9909948934785434,45.359675544893484,11.020668638691403
171,0.1290443551513717,0.9916388225576723,45.35967821841076,11.020681348397398
172,0.11474503909814192,0.9933949748223845,45.35967477215755,11.020679182058117
173,0.12651075965665257,0.9919652351222278,45.35967890514825,11.020694485216525
174,0.11091706351377394,0.9938296659999043,45.35967997940811,11.020701854157625
175,0.12790859694593815,0.9917859601886495,45.359684800814506,11.020698323322296
176,0.12936075835525124,0.991597596910034,45.35968557282014,11.020708721669079
177,0.13306141033661106,0.9911077948837008,45.359688362445105,11.020720812198656
178,0.11694263417060748,0.9931386712404464,45.35969675369892,11.020729751135136
179,0.1368809026971523,0.9905875117710765,45.35969267721255,11.02072771932094
