,Choice,Sin,Cosin,Lat,Lon
0,1,0.9537169507482269,0.30070579950427306,45.3596665575,11.020597651
1,1,0.9544603403556117,0.29833782644554135,45.35969844683121,11.020588418169876
2,1,0.9543213375073172,0.29878216944497415,45.35973032798777,11.020577977334536
3,1,0.9541537829702657,0.2993168195132564,45.35976261120511,11.02056783163787
4,1,0.9539529911036011,0.2999561480691682,45.35979532672486,11.020557442330087
5,1,0.9537137708618025,0.30071588462959725,45.359826888895164,11.020547695132798
6,1,0.9534304254330688,0.30161303661897226,45.359858547179606,11.020537685654372
7,1,0.9530967645584918,0.30266575192468487,45.35989018234356,11.02052618057352
8,1,0.952706131843062,0.3038931166522701,45.35992121559676,11.020516009084352
9,1,0.9522514494659883,0.30531488170399473,45.359953358358226,11.02050515144121
10,1,0.9517252827827932,0.30695111355395405,45.35998534535185,11.02049542235696
11,1,0.9511199273788902,0.3088217669510599,45.36001709476859,11.020484108186343
12,1,0.9504275211665725,0.31094618024533516,45.36004871754926,11.020472617234002
13,1,0.9496401840818056,0.31334249755989746,45.36007992910752,11.020461291977753
14,1,0.9487501877823703,0.3160270260324534,45.36011150364327,11.020449381640377
15,1,0.9477501574032424,0.31901354068774124,45.36014079034551,11.020436782918738
16,1,0.9466333067995732,0.3223125539871276,45.36017326107911,11.02042532208665
17,1,0.9453937077028581,0.32593057149620513,45.36020395976717,11.020411871455368
18,1,0.9440265917346405,0.3298693591376416,45.36023567108486,11.020399268369104
19,1,0.9425286821873772,0.33412525084783123,45.36026619937069,11.020384881295358
20,1,0.9408985498590384,0.3386885278145078,45.36029586713608,11.020370479783631
21,1,0.9391369840477417,0.34354290153299877,45.36032621649265,11.020356255852727
22,1,0.9372473661939493,0.348665132415768,45.360356884453296,11.020339616248515
23,1,0.9352360298219028,0.35402481342833164,45.36038635071547,11.020324250147011
24,1,0.9331125867066733,0.3595843441107819,45.360415786806826,11.020308225403033
25,1,0.9308901960001393,0.3652991144128634,45.36044542339482,11.020291093426152
26,1,0.9285857508734944,0.3711179102047065,45.36047479401133,11.020274756727222
27,1,0.9262199565753545,0.3769835434625077,45.36050310504365,11.020257443321192
28,1,0.9238172751140553,0.3828337004507857,45.36053264771398,11.020237589675316
29,1,0.9214057153808781,0.3886019913271833,45.36056126079729,11.02022117042339
30,1,0.9190164535787038,0.39421917514451554,45.36058986667958,11.020200957377371
31,1,0.9166832772036917,0.39961452588100416,45.36061794623826,11.020182875218577
32,1,0.9144418561658706,0.4047172984836665,45.36064477147712,11.020164513618008
33,1,0.9123288562747099,0.40945824940826336,45.36067409499079,11.020145662354208
34,1,0.9103809223720551,0.4137711640279035,45.3607034436565,11.020126519170661
35,1,0.908633569825554,0.41759434357528125,45.36073155181721,11.020108815248353
36,1,0.9071200328081653,0.4208720067646613,45.36075962053964,11.020090637887298
37,1,0.9058701247600617,0.42355556550137585,45.36078898425467,11.020073282354193
38,1,0.9049091698241182,0.4256047395979341,45.360817824151646,11.020056445499545
39,1,0.9042570633238177,0.4269884816116063,45.36084727628078,11.02004116687614
40,1,0.9039275143373463,0.42768568929051926,45.360876330815174,11.020025536205788
41,1,0.9039275143373463,0.42768568929051926,45.36090729505914,11.020010693976833
42,1,0.9042570633238177,0.4269884816116063,45.360937648849585,11.019997555715864
43,1,0.9049091698241182,0.4256047395979341,45.36096998711751,11.019985040378064
44,1,0.9058701247600617,0.42355556550137585,45.36100036297716,11.019973509787317
45,1,0.9071200328081653,0.4208720067646613,45.36103354014583,11.019963596770927
46,1,0.908633569825554,0.41759434357528125,45.361065961165025,11.019954221220182
47,1,0.9103809223720551,0.4137711640279035,45.3610991714577,11.019946127908437
48,1,0.9123288562747099,0.40945824940826336,45.361132932038096,11.019939802584398
49,1,0.9144418561658705,0.4047172984836669,45.3611669666757,11.019934225893504
50,1,0.9166832772036917,0.39961452588100416,45.36120101268934,11.019928153558851
51,1,0.9190164535787038,0.39421917514451554,45.361235563406474,11.019925001155984
52,1,0.9214057153808781,0.3886019913271833,45.361270391762424,11.019920491489852
53,1,0.9238172751140553,0.3828337004507857,45.36130402377036,11.019918532632815
54,1,0.9262199565753545,0.3769835434625077,45.36134117375315,11.019916862465664
55,1,0.9285857508734944,0.3711179102047065,45.3613757943354,11.01991458207362
56,1,0.9308901960001393,0.3652991144128634,45.36141087355867,11.019913523886027
57,1,0.9331125867066733,0.3595843441107819,45.36144681469598,11.01991136892415
58,1,0.9352360298219027,0.35402481342833186,45.36148188802256,11.019911189430989
59,1,0.9372473661939493,0.348665132415768,45.36151707733533,11.0199091577257
60,1,0.9391369840477417,0.34354290153299877,45.3615528398742,11.019908571994414
61,1,0.9408985498590384,0.3386885278145078,45.36158813310947,11.01990603014211
62,1,0.9425286821873772,0.33412525084783123,45.36162317129326,11.019903193283744
63,1,0.9440265917346405,0.3298693591376416,45.36165795021587,11.019901993690123
64,1,0.9453937077028581,0.32593057149620513,45.361692541837066,11.019899512672028
65,1,0.9466333067995732,0.3223125539871276,45.3617251982799,11.019896754547844
66,1,0.9477501574032424,0.31901354068774124,45.36175997228446,11.01989336254449
67,1,0.9487501877823703,0.3160270260324534,45.36179376457527,11.01988857173256
68,1,0.9496401840818056,0.31334249755989746,45.36182791264402,11.01988462387503
69,1,0.9504275211665725,0.31094618024533516,45.36186204153423,11.019879218803116
70,1,0.9511199273788902,0.3088217669510599,45.36189529464087,11.019873441733317
71,1,0.9517252827827932,0.30695111355395405,45.361927621387274,11.01986811106593
72,1,0.9522514494659883,0.30531488170399473,45.36196063301107,11.019861548515062
73,1,0.952706131843062,0.3038931166522701,45.36199425417232,11.019854965438213
74,1,0.9530967645584918,0.30266575192468487,45.36202767624261,11.019846695149033
75,1,0.9534304254330688,0.30161303661897226,45.3620586282705,11.019840420975305
76,1,0.9537137708618025,0.30071588462959725,45.36209280963506,11.0198326789639
77,1,0.9539529911036011,0.2999561480691682,45.3621254212615,11.019823829097259
78,1,0.9541537829702657,0.2993168195132564,45.36215775275494,11.019816106929763
79,1,0.9543213375073172,0.29878216944497415,45.362190200589595,11.019808190923971
80,1,0.9544603403556117,0.29833782644554135,45.362223194914286,11.019799759526496
81,1,0.9544603403556117,0.29833782644554135,45.36225589,11.01979384
82,1,0.1871863868101744,0.9823244151465196,45.36225718699778,11.019798710244594
83,1,0.1871863868101744,0.9823244151465196,45.36225744698274,11.019801976359538
84,1,0.1871863868101744,0.9823244151465196,45.36225831253981,11.019807224349146
85,1,0.1871863868101744,0.9823244151465196,45.36226122950822,11.019811426854302
86,1,0.1871863868101744,0.9823244151465196,45.36226012607158,11.01981548183034
87,1,0.1871863868101744,0.9823244151465196,45.36226071617942,11.01981982377379
88,1,0.1871863868101744,0.9823244151465196,45.36226111511865,11.019824395052973
89,1,0.1871863868101744,0.9823244151465196,45.362262339407124,11.019828641379915
90,1,0.1871863868101744,0.9823244151465196,45.36226310519002,11.019833063958739
91,1,0.1871863868101744,0.9823244151465196,45.36226440230202,11.019836863691891
92,1,0.1871863868101744,0.9823244151465196,45.362264898686405,11.019842280250213
93,1,0.1871863868101744,0.9823244151465196,45.36226585451084,11.01984619330847
94,1,0.1871863868101744,0.9823244151465196,45.36226641721868,11.019849831403906
95,1,0.1871863868101744,0.9823244151465196,45.36226747,11.01985461
96,1,-0.954287848765298,0.29888911271389534,45.36223201279684,11.019864804739969
97,1,-0.954287848765298,0.29888911271389534,45.36219966393071,11.019875896955783
98,1,-0.954287848765298,0.29888911271389534,45.362163458090095,11.019886927378005
99,1,-0.954287848765298,0.29888911271389534,45.36212999229078,11.019898374154923
100,1,-0.954287848765298,0.29888911271389534,45.362094839477365,11.01990912840366
101,1,-0.954287848765298,0.29888911271389534,45.36206076905978,11.019919374256453
102,1,-0.954287848765298,0.29888911271389534,45.36202637117176,11.01993077907995
103,1,-0.954287848765298,0.29888911271389534,45.36199071675826,11.019940539525562
104,1,-0.954287848765298,0.29888911271389534,45.36195689718024,11.019951523865132
105,1,-0.954287848765298,0.29888911271389534,45.36192294655917,11.019963216611565
106,1,-0.954287848765298,0.29888911271389534,45.361887283322766,11.019973179522609
107,1,-0.954287848765298,0.29888911271389534,45.361853452805875,11.019985173198164
108,1,-0.954287848765298,0.29888911271389534,45.36181924778025,11.019995513760962
109,1,-0.954287848765298,0.29888911271389534,45.36178411086106,11.020006871142717
110,1,-0.954287848765298,0.29888911271389534,45.3617487434979,11.02001695804017
111,1,-0.954287848765298,0.29888911271389534,45.361715140179825,11.020027373777308
112,1,-0.954287848765298,0.29888911271389534,45.361681784452344,11.020038107818783
113,1,-0.954287848765298,0.29888911271389534,45.361646862558246,11.02004923019296
114,1,-0.954287848765298,0.29888911271389534,45.36161188581962,11.020060012549235
115,1,-0.954287848765298,0.29888911271389534,45.36157755569756,11.020070796405884
116,1,-0.954287848765298,0.29888911271389534,45.3615424613154,11.020082408893021
117,1,-0.954287848765298,0.29888911271389534,45.36150781689523,11.020091434338037
118,1,-0.954287848765298,0.29888911271389534,45.36147381202405,11.020103508976248
119,1,-0.954287848765298,0.29888911271389534,45.36143945627788,11.020113026290431
120,1,-0.954287848765298,0.29888911271389534,45.361403773476574,11.020125787563666
121,1,-0.954287848765298,0.29888911271389534,45.361369716102125,11.020134764306775
122,1,-0.954287848765298,0.29888911271389534,45.36133672697481,11.020146030895065
123,1,-0.954287848765298,0.29888911271389534,45.361301246288235,11.020157143436158
124,1,-0.954287848765298,0.29888911271389534,45.36126736233819,11.020168509143948
125,1,-0.954287848765298,0.29888911271389534,45.36123135546023,11.020179386123308
126,1,-0.954287848765298,0.29888911271389534,45.3611975894716,11.020189710426083
127,1,-0.954287848765298,0.29888911271389534,45.36116215575449,11.020200447653387
128,1,-0.954287848765298,0.29888911271389534,45.36112852649773,11.020210658618502
129,1,-0.954287848765298,0.29888911271389534,45.36109432082035,11.020221901412874
130,1,-0.954287848765298,0.29888911271389534,45.36106038012547,11.020232370869184
131,1,-0.954287848765298,0.29888911271389534,45.3610251817761,11.020244518487965
132,1,-0.954287848765298,0.29888911271389534,45.36099132766598,11.020254973810461
133,1,-0.954287848765298,0.29888911271389534,45.36095614892721,11.020265192641634
134,1,-0.954287848765298,0.29888911271389534,45.3609220986488,11.020275576080545
135,1,-0.954287848765298,0.29888911271389534,45.36088759074739,11.020286702092008
136,1,-0.954287848765298,0.29888911271389534,45.36085236216856,11.020297829843456
137,1,-0.954287848765298,0.29888911271389534,45.360817963038194,11.020308289714752
138,1,-0.954287848765298,0.29888911271389534,45.360783947230985,11.020318648311024
139,1,-0.954287848765298,0.29888911271389534,45.36074951862246,11.020330898145497
140,1,-0.954287848765298,0.29888911271389534,45.360714914722124,11.020339734954929
141,1,-0.954287848765298,0.29888911271389534,45.36068016305828,11.020352789322812
142,1,-0.954287848765298,0.29888911271389534,45.360645795198245,11.020362106498155
143,1,-0.954287848765298,0.29888911271389534,45.36061097184721,11.020372806675187
144,1,-0.954287848765298,0.29888911271389534,45.36057602644585,11.020383947866003
145,1,-0.954287848765298,0.29888911271389534,45.360541779767495,11.020394562688697
146,1,-0.954287848765298,0.29888911271389534,45.36050818957561,11.020405046252444
147,1,-0.954287848765298,0.29888911271389534,45.36047301584745,11.020417016574745
148,1,-0.954287848765298,0.29888911271389534,45.36043945084104,11.020427598640957
149,1,-0.954287848765298,0.29888911271389534,45.36040458874575,11.020439019571025
150,1,-0.954287848765298,0.29888911271389534,45.36036969213512,11.02044961672546
151,1,-0.954287848765298,0.29888911271389534,45.360335815862754,11.020459895380679
152,1,-0.954287848765298,0.29888911271389534,45.3603004022407,11.020470504668264
153,1,-0.954287848765298,0.29888911271389534,45.36026554577853,11.020482163462239
154,1,-0.954287848765298,0.29888911271389534,45.360231161129306,11.02049274914741
155,1,-0.954287848765298,0.29888911271389534,45.36019724018995,11.020503496671193
156,1,-0.954287848765298,0.29888911271389534,45.36016197674753,11.020514406102691
157,1,-0.954287848765298,0.29888911271389534,45.360128184012325,11.020524397850021
158,1,-0.954287848765298,0.29888911271389534,45.360094040636206,11.020535704729577
159,1,-0.954287848765298,0.29888911271389534,45.3600589696041,11.020546687372438
160,1,-0.954287848765298,0.29888911271389534,45.36002439260528,11.020557225557186
161,1,-0.954287848765298,0.29888911271389534,45.35998969922043,11.020566767351834
162,1,-0.954287848765298,0.29888911271389534,45.35995543410278,11.020578257788626
163,1,-0.954287848765298,0.29888911271389534,45.35992146806334,11.020589481067967
164,1,-0.954287848765298,0.29888911271389534,45.35988623985599,11.02060013097825
165,1,-0.954287848765298,0.29888911271389534,45.35985209454435,11.02061031717435
166,1,-0.954287848765298,0.29888911271389534,45.35981657361972,11.020621830853234
167,1,-0.954287848765298,0.29888911271389534,45.35978267428706,11.020633012412727
168,1,-0.954287848765298,0.29888911271389534,45.359748623389784,11.020644064956505
169,1,-0.954287848765298,0.29888911271389534,45.35971304168924,11.020653954529374
170,1,-0.954287848765298,0.29888911271389534,45.35967972,11.02066511
171,1,0.18092866714612515,0.9834962213474573,45.35968137948843,11.020669299051306
172,1,0.18092866714612515,0.9834962213474573,45.35968018551049,11.020673215530483
173,1,0.18092866714612515,0.9834962213474573,45.35968134176448,11.020677183198165
174,1,0.18092866714612515,0.9834962213474573,45.35968300354021,11.020680714650025
175,1,0.18092866714612515,0.9834962213474573,45.35968215242369,11.020685762134802
176,1,0.18092866714612515,0.9834962213474573,45.35968331701407,11.020688376808655
177,1,0.18092866714612515,0.9834962213474573,45.359684888396906,11.02069324213924
178,1,0.18092866714612515,0.9834962213474573,45.35968572523537,11.02069696821861
179,1,0.18092866714612515,0.9834962213474573,45.35968589571609,11.02070037926604
180,1,0.18092866714612515,0.9834962213474573,45.359687557569046,11.020704675037752
181,1,0.18092866714612515,0.9834962213474573,45.35968793172135,11.02070850310951
182,1,0.18092866714612515,0.9834962213474573,45.359688623584745,11.020711934638904
183,1,0.18092866714612515,0.9834962213474573,45.35968953032865,11.020716723419053
184,1,0.18092866714612515,0.9834962213474573,45.359689579975935,11.020720116085016
185,1,0.18092866714612515,0.9834962213474573,45.359690557847436,11.020724026487594
186,1,0.18092866714612515,0.9834962213474573,45.35969146219024,11.020727686631208
187,1,0.18092866714612515,0.9834962213474573,45.3596918693041,11.020732013773058
188,1,0.18092866714612515,0.9834962213474573,45.35969348499528,11.020737109696817
189,1,0.18092866714612515,0.9834962213474573,45.35969351,11.02074007
190,1,0.9519595274049197,0.3062238693880703,45.35972305575452,11.02073051729344
191,1,0.9517668818968222,0.3068221024052871,45.359751556467835,11.020720649731391
192,1,0.9515381535479951,0.3075307177217784,45.35978009293057,11.020711326258848
193,1,0.9512678655111811,0.3083657698996458,45.35980880849308,11.02070263937808
194,1,0.9509499662356293,0.30934472957601095,45.35983735786014,11.020693545232039
195,1,0.9505778155486699,0.31048641932734955,45.35986767848685,11.020683691835043
196,1,0.9501441793391099,0.3118109017786412,45.35989549219471,11.020673921313966
197,1,0.9496412346263906,0.31333931367969853,45.35992396987769,11.02066384176856
198,1,0.9490605870045684,0.31509364035877346,45.35995246621738,11.020653820847912
199,1,0.9483933026961586,0.3170964260301153,45.35998196941989,11.020643581958238
200,1,0.9476299577391265,0.3193704169069847,45.36001075013778,11.020633794522741
201,1,0.9467607071529791,0.32193813596899473,45.36003903064067,11.020622044882519
202,1,0.945775377266177,0.3248213905472061,45.36006769580207,11.020611413517797
203,1,0.9446635846992956,0.3280407165933474,45.36009617763702,11.020601034943466
204,1,0.9434148857295719,0.3316147665346928,45.36012394395244,11.020589312923505
205,1,0.9420189598355364,0.33555965089738377,45.36015149207247,11.020576434003729
206,1,0.9404658310400366,0.33988824729044903,45.360179850756666,11.020564456161937
207,1,0.9387461301281528,0.34460949373082767,45.36020816573397,11.020552178052302
208,1,0.9368513998021984,0.3497276864771524,45.3602346928908,11.020538648781057
209,1,0.9347744432487064,0.3552418053228968,45.36026155457529,11.020524735642605
210,1,0.9325097143593062,0.36114489145705103,45.360288545800216,11.0205097975833
211,1,0.9300537449430928,0.3674235043071258,45.36031515153673,11.020494653112877
212,1,0.927405600733297,0.374057284020125,45.3603417993692,11.020478253995602
213,1,0.9245673539494857,0.3810186452272991,45.36036770664828,11.020461834113465
214,1,0.9215445558449304,0.38827262534534923,45.36039379939285,11.020444571333437
215,1,0.9183466883577731,0.3957769068330177,45.36041917853297,11.02042751433046
216,1,0.9149875700871047,0.4034820275874697,45.360444422400775,11.020408873552077
217,1,0.9114856887809738,0.41133178718338037,45.36046864004304,11.020390123655883
218,1,0.907864430820866,0.41926384920513365,45.36049438194911,11.020370793521245
219,1,0.9041521782530809,0.4272105318928935,45.36051672129704,11.020350580117181
220,1,0.900382246101036,0.4350997712089187,45.36054155387273,11.020330690306565
221,1,0.8965926372004905,0.4428562327865213,45.360565885413635,11.020309633979616
222,1,0.8928255986491036,0.4504025426181227,45.36058817850781,11.020287437733865
223,1,0.8891269729497444,0.45766060129010944,45.360611187971756,11.020266563126011
224,1,0.8855453476230715,0.46455294348775095,45.360634962351696,11.020245530825024
225,1,0.8821310188299327,0.47100410361064243,45.3606586527379,11.02022533836627
226,1,0.8789347965755374,0.47694194968436016,45.360682324733986,11.020204198983542
227,1,0.8760066904667998,0.48229895112617066,45.360705308057014,11.020182755752959
228,1,0.8733945248499828,0.4870133509074189,45.360728485169055,11.020163545672713
229,1,0.8711425396293863,0.49103021867097263,45.360751788096096,11.020142742824971
230,1,0.8692900374752669,0.4943023677327968,45.36077669022012,11.020123678719237
231,1,0.8678701390059325,0.49679112494269,45.360801637246176,11.020106412167413
232,1,0.8669087046732223,0.4984669475118644,45.3608258656488,11.020088499860979
233,1,0.8664234755707045,0.4993098847208824,45.36085205806687,11.020072723209443
234,1,0.8664234755707045,0.4993098847208824,45.36087844347815,11.020057377048742
235,1,0.8669087046732223,0.4984669475118644,45.360905544609686,11.02004332480243
236,1,0.8678701390059325,0.49679112494269,45.360933720784914,11.0200307318119
237,1,0.8692900374752669,0.4943023677327968,45.36096252903357,11.020019223047072
238,1,0.8711425396293863,0.49103021867097263,45.36099126384995,11.020008361419492
239,1,0.8733945248499828,0.4870133509074189,45.36102025907182,11.01999987732368
240,1,0.8760066904667998,0.48229895112617066,45.36105226495633,11.019992799432547
241,1,0.8789347965755374,0.47694194968436016,45.36108287193469,11.019986171830837
242,1,0.8821310188299327,0.47100410361064243,45.36111396540335,11.019981178843867
243,1,0.8855453476230715,0.46455294348775095,45.36114688175481,11.019977849288008
244,1,0.8891269729497444,0.45766060129010944,45.361180579194524,11.01997524098254
245,1,0.8928255986491036,0.4504025426181227,45.36121282021326,11.019973202298264
246,1,0.8965926372004905,0.4428562327865213,45.361246230512606,11.019973273013095
247,1,0.900382246101036,0.4350997712089187,45.361280298569696,11.019972716522933
248,1,0.9041521782530809,0.4272105318928935,45.36131380124446,11.019974418228394
249,1,0.907864430820866,0.41926384920513365,45.36134979900464,11.019974930338867
250,1,0.9114856887809738,0.41133178718338037,45.36138315016542,11.019977464796378
251,1,0.9149875700871047,0.4034820275874697,45.36141831616498,11.019979774817061
252,1,0.9183466883577731,0.3957769068330177,45.36145186814197,11.019982595657039
253,1,0.9215445558449304,0.38827262534534923,45.36148577858555,11.019985549575807
254,1,0.9245673539494857,0.3810186452272991,45.36151903281817,11.019986408283588
255,1,0.927405600733297,0.374057284020125,45.361553478327274,11.019990287182415
256,1,0.9300537449430928,0.3674235043071258,45.361587526712306,11.019991704541837
257,1,0.9325097143593062,0.36114489145705103,45.361621311755364,11.019993736685677
258,1,0.9347744432487064,0.3552418053228968,45.36165402385043,11.019994474111588
259,1,0.9368513998021984,0.3497276864771524,45.36168565705955,11.01999549945314
260,1,0.9387461301281528,0.34460949373082767,45.36171874651898,11.01999647706075
261,1,0.9404658310400364,0.33988824729044925,45.36175080089807,11.019996580211277
262,1,0.9420189598355364,0.33555965089738377,45.36178325045358,11.019995597262508
263,1,0.9434148857295719,0.33161476653469296,45.36181515537776,11.019994139327641
264,1,0.9446635846992956,0.3280407165933474,45.36184700107697,11.019992524038773
265,1,0.945775377266177,0.3248213905472061,45.36187794613681,11.019989660154177
266,1,0.9467607071529791,0.32193813596899473,45.36190859383933,11.019986929546254
267,1,0.9476299577391265,0.3193704169069847,45.36193972825858,11.019983292020022
268,1,0.9483933026961586,0.3170964260301153,45.36196996500342,11.019979822275994
269,1,0.9490605870045684,0.31509364035877346,45.36200117577044,11.019974359068048
270,1,0.9496412346263906,0.31333931367969853,45.36203165484137,11.019969689341023
271,1,0.9501441793391099,0.3118109017786412,45.36206155147035,11.019963197118077
272,1,0.9505778155486699,0.31048641932734955,45.36209139974629,11.019956309276791
273,1,0.9509499662356293,0.30934472957601095,45.36212109804779,11.01995011821174
274,1,0.9512678655111811,0.3083657698996458,45.36214965820669,11.01994393273212
275,1,0.9515381535479951,0.3075307177217784,45.362181211973166,11.01993683786409
276,1,0.9517668818968222,0.3068221024052871,45.362209885176476,11.019929081349265
277,1,0.9519595274049197,0.3062238693880703,45.36224007281671,11.019921024431705
278,1,0.9519595274049197,0.3062238693880703,45.36227073,11.01991931
279,1,0.2108778085845649,0.9775124295100148,45.3622726570781,11.019925513719702
280,1,0.2108778085845649,0.9775124295100148,45.36227330144643,11.019930365236315
281,1,0.2108778085845649,0.9775124295100148,45.36227478342959,11.019936130585446
282,1,0.2108778085845649,0.9775124295100148,45.36227670108859,11.019941807643631
283,1,0.2108778085845649,0.9775124295100148,45.362277309256804,11.019947567024536
284,1,0.2108778085845649,0.9775124295100148,45.36227772284835,11.019953913965354
285,1,0.2108778085845649,0.9775124295100148,45.36227996770149,11.01995976180155
286,1,0.2108778085845649,0.9775124295100148,45.36228162617382,11.019964810588721
287,1,0.2108778085845649,0.9775124295100148,45.362282450626026,11.019970380300142
288,1,0.2108778085845649,0.9775124295100148,45.362282543203484,11.019976626592097
289,1,0.2108778085845649,0.9775124295100148,45.3622844707489,11.019982405559789
290,1,0.2108778085845649,0.9775124295100148,45.36228557,11.0199881
291,1,-0.9544055299292257,0.29851312272748404,45.36225300761523,11.019998190904513
292,1,-0.9544055299292257,0.29851312272748404,45.36222051097059,11.020008918143859
293,1,-0.9544055299292257,0.29851312272748404,45.36218762481023,11.020018649298791
294,1,-0.9544055299292257,0.29851312272748404,45.36215441066649,11.020029674714886
295,1,-0.9544055299292257,0.29851312272748404,45.36212147412517,11.020039236088103
296,1,-0.9544055299292257,0.29851312272748404,45.36208947053744,11.020049730345594
297,1,-0.9544055299292257,0.29851312272748404,45.362056994257536,11.020059963171848
298,1,-0.9544055299292257,0.29851312272748404,45.36202332240844,11.020070244745849
299,1,-0.9544055299292257,0.29851312272748404,45.361990553034744,11.020080715627346
300,1,-0.9544055299292257,0.29851312272748404,45.361958399208774,11.020090894170368
301,1,-0.9544055299292257,0.29851312272748404,45.3619250340669,11.020101988303875
302,1,-0.9544055299292257,0.29851312272748404,45.361892006577946,11.02011159573413
303,1,-0.9544055299292257,0.29851312272748404,45.36186102601909,11.020121227272002
304,1,-0.9544055299292257,0.29851312272748404,45.36182733713677,11.02013136497011
305,1,-0.9544055299292257,0.29851312272748404,45.361794675378356,11.020141206400545
306,1,-0.9544055299292257,0.29851312272748404,45.36176309955712,11.020152814225497
307,1,-0.9544055299292257,0.29851312272748404,45.361729105949316,11.020161433080503
308,1,-0.9544055299292257,0.29851312272748404,45.36169589919829,11.020172676138888
309,1,-0.9544055299292257,0.29851312272748404,45.36166316533311,11.02018261651525
310,1,-0.9544055299292257,0.29851312272748404,45.36163010734791,11.02019273587284
311,1,-0.9544055299292257,0.29851312272748404,45.36159670539732,11.020202540436786
312,1,-0.9544055299292257,0.29851312272748404,45.361565590657335,11.02021281263485
313,1,-0.9544055299292257,0.29851312272748404,45.36153291287294,11.020223139505067
314,1,-0.9544055299292257,0.29851312272748404,45.36150035688438,11.020233740025038
315,1,-0.9544055299292257,0.29851312272748404,45.361467513787055,11.020243398720648
316,1,-0.9544055299292257,0.29851312272748404,45.361434570222514,11.020253746802839
317,1,-0.9544055299292257,0.29851312272748404,45.36140303279663,11.020264850483608
318,1,-0.9544055299292257,0.29851312272748404,45.361369242838926,11.020275227022116
319,1,-0.9544055299292257,0.29851312272748404,45.361336214011914,11.020285887971195
320,1,-0.9544055299292257,0.29851312272748404,45.36130296054453,11.020295120623278
321,1,-0.9544055299292257,0.29851312272748404,45.36127114830895,11.020305655063193
322,1,-0.9544055299292257,0.29851312272748404,45.3612383818423,11.020314961942773
323,1,-0.9544055299292257,0.29851312272748404,45.361205697802994,11.020326268657703
324,1,-0.9544055299292257,0.29851312272748404,45.36117192858032,11.02033651410789
325,1,-0.9544055299292257,0.29851312272748404,45.361139764564214,11.020346874697386
326,1,-0.9544055299292257,0.29851312272748404,45.36110729339973,11.020356466407957
327,1,-0.9544055299292257,0.29851312272748404,45.36107503024748,11.020366915292907
328,1,-0.9544055299292257,0.29851312272748404,45.361041965556645,11.020376849194035
329,1,-0.9544055299292257,0.29851312272748404,45.36100921107474,11.020387214060191
330,1,-0.9544055299292257,0.29851312272748404,45.36097663169256,11.020397353213562
331,1,-0.9544055299292257,0.29851312272748404,45.360943789089994,11.020408065706134
332,1,-0.9544055299292257,0.29851312272748404,45.36091132878775,11.020418890681839
333,1,-0.9544055299292257,0.29851312272748404,45.3608784759391,11.020428229260311
334,1,-0.9544055299292257,0.29851312272748404,45.360846074402026,11.020438455739905
335,1,-0.9544055299292257,0.29851312272748404,45.360813212667544,11.020448899116303
336,1,-0.9544055299292257,0.29851312272748404,45.36078077139415,11.020458797052587
337,1,-0.9544055299292257,0.29851312272748404,45.360746767141194,11.020468481487422
338,1,-0.9544055299292257,0.29851312272748404,45.36071476732023,11.020478771661262
339,1,-0.9544055299292257,0.29851312272748404,45.36068194765996,11.020489338260791
340,1,-0.9544055299292257,0.29851312272748404,45.36064896489158,11.020499776664307
341,1,-0.9544055299292257,0.29851312272748404,45.360615953712504,11.020509523104057
342,1,-0.9544055299292257,0.29851312272748404,45.36058350159629,11.020520567665297
343,1,-0.9544055299292257,0.29851312272748404,45.36055154966598,11.020530782554328
344,1,-0.9544055299292257,0.29851312272748404,45.360517627626734,11.020541472616628
345,1,-0.9544055299292257,0.29851312272748404,45.360487199251565,11.020550758227918
346,1,-0.9544055299292257,0.29851312272748404,45.36045250144207,11.020561669655446
347,1,-0.9544055299292257,0.29851312272748404,45.36042054059857,11.020571240968968
348,1,-0.9544055299292257,0.29851312272748404,45.36038675097344,11.020581030368742
349,1,-0.9544055299292257,0.29851312272748404,45.360354401175904,11.020590925852355
350,1,-0.9544055299292257,0.29851312272748404,45.36032139110614,11.02060279985276
351,1,-0.9544055299292257,0.29851312272748404,45.360290006268436,11.020612249251924
352,1,-0.9544055299292257,0.29851312272748404,45.36025560536911,11.020623437680827
353,1,-0.9544055299292257,0.29851312272748404,45.36022389260624,11.020633095407614
354,1,-0.9544055299292257,0.29851312272748404,45.36019146713525,11.020642611656742
355,1,-0.9544055299292257,0.29851312272748404,45.36015915307765,11.020653710158939
356,1,-0.9544055299292257,0.29851312272748404,45.36012572729923,11.020663504125556
357,1,-0.9544055299292257,0.29851312272748404,45.36009252598583,11.020674495086
358,1,-0.9544055299292257,0.29851312272748404,45.360059668093754,11.020683861162222
359,1,-0.9544055299292257,0.29851312272748404,45.36002672948324,11.020694599934842
360,1,-0.9544055299292257,0.29851312272748404,45.35999564971129,11.02070496566178
361,1,-0.9544055299292257,0.29851312272748404,45.35996216182657,11.020714581301291
362,1,-0.9544055299292257,0.29851312272748404,45.35992878693347,11.020724419550534
363,1,-0.9544055299292257,0.29851312272748404,45.359896750234675,11.020735101806666
364,1,-0.9544055299292257,0.29851312272748404,45.35986288351975,11.020746325529105
365,1,-0.9544055299292257,0.29851312272748404,45.3598309707331,11.020755120948754
366,1,-0.9544055299292257,0.29851312272748404,45.35979834351311,11.020765761533879
367,1,-0.9544055299292257,0.29851312272748404,45.359765712630555,11.020775889720715
368,1,-0.9544055299292257,0.29851312272748404,45.35973236180518,11.020786603963924
369,1,-0.9544055299292257,0.29851312272748404,45.35970006,11.02079678
370,1,0.18563850809759755,0.9826181070544641,45.35970129662861,11.020799630444095
371,1,0.18563850809759755,0.9826181070544641,45.359701790581795,11.020804028905324
372,1,0.18563850809759755,0.9826181070544641,45.359702598367235,11.020807957499233
373,1,0.18563850809759755,0.9826181070544641,45.35970299109571,11.020812605030189
374,1,0.18563850809759755,0.9826181070544641,45.35970331871858,11.0208162791746
375,1,0.18563850809759755,0.9826181070544641,45.35970380612956,11.020818898685432
376,1,0.18563850809759755,0.9826181070544641,45.35970436389308,11.020823161849455
377,1,0.18563850809759755,0.9826181070544641,45.359705947614565,11.020827043375618
378,1,0.18563850809759755,0.9826181070544641,45.359706471570746,11.020830961531253
379,1,0.18563850809759755,0.9826181070544641,45.35970714364678,11.020834356708313
380,1,0.18563850809759755,0.9826181070544641,45.35970786462857,11.020838583715882
381,1,0.18563850809759755,0.9826181070544641,45.35970857344443,11.020841678740826
382,1,0.18563850809759755,0.9826181070544641,45.35970869538738,11.020845954592314
383,1,0.18563850809759755,0.9826181070544641,45.3597092784125,11.020849923855838
384,1,0.18563850809759755,0.9826181070544641,45.35971171881748,11.020853235733076
385,1,0.18563850809759755,0.9826181070544641,45.35971187001235,11.020857278522781
386,1,0.18563850809759755,0.9826181070544641,45.35971311292659,11.020860611610296
387,1,0.18563850809759755,0.9826181070544641,45.359712995862594,11.020865576869289
388,1,0.18563850809759755,0.9826181070544641,45.35971354627627,11.020868692655585
389,1,0.18563850809759755,0.9826181070544641,45.359714482041774,11.02087163876911
390,1,0.18563850809759755,0.9826181070544641,45.35971485014731,11.02087568214313
