,Sin,Cosin,Lat,Lon
0,0.9512070771437883,-0.3085532310502859,45.35966243345344,11.02059257252664
1,0.9596890233088782,-0.28106401146438414,45.35970072283699,11.020588526721076
2,0.9473959796083452,-0.3200638339799484,45.35972112668424,11.020563881546925
3,0.9584650143057526,-0.2852101266643129,45.359764043303116,11.020554220361278
4,0.9556716706445634,-0.29443447136405293,45.35980861175156,11.02054715090351
5,0.9644784024548103,-0.2641617141037229,45.359820721818714,11.020547304669698
6,0.9542440708968187,-0.2990288500433816,45.35985667491467,11.020538469698286
7,0.9592494602054302,-0.28256056535827984,45.359881865500434,11.020512900839373
8,0.957903196692673,-0.28709138922294103,45.359915538330306,11.020510772519614
9,0.9565374980390459,-0.29160935315109876,45.359949738377956,11.020511605814123
10,0.9471683730226655,-0.32073676612698565,45.359996587359426,11.0204955978222
11,0.9570190764839888,-0.2900249769342861,45.36001537139045,11.02047675225831
12,0.9611461154176844,-0.27604011450782906,45.36006071982586,11.020472283002883
13,0.9610474909850348,-0.2763832847177436,45.36008010374852,11.020459655599021
14,0.943239882801114,-0.33211221521248013,45.360109070452104,11.020447279651465
15,0.9566854162540941,-0.2911237096609115,45.36014619860665,11.02044183442872
16,0.955213329831269,-0.29591805371193414,45.36017601678326,11.020430045154692
17,0.9519704433812993,-0.3061899327679022,45.36020202695294,11.020426932614496
18,0.9474914436304608,-0.3197811192785862,45.36024489618309,11.020408195489065
19,0.9508095507432156,-0.3097760452576741,45.36027516789468,11.020409089215388
20,0.9566323541560794,-0.2912980243355549,45.360307521856654,11.020386233105542
21,0.9395652950343671,-0.34236976555616405,45.3603340632668,11.020392332225011
22,0.9564128048462375,-0.29201805890415905,45.3603735772778,11.020375502041691
23,0.9595886098455603,-0.2814066450080117,45.36040254200751,11.020361520186999
24,0.9487029321581145,-0.3161688575976386,45.36043930289558,11.020353651264868
25,0.9465057580116122,-0.3226869226523807,45.360473766217915,11.020336899069319
26,0.945152400439431,-0.3266296678864022,45.360508203841526,11.020323840623911
27,0.9546259274027141,-0.29780755317907553,45.360540292443375,11.020325158962297
28,0.9577689535562639,-0.28753892189360947,45.36056897947718,11.020315923744576
29,0.9504713382963564,-0.3108122183523889,45.36060857553697,11.020300229754655
30,0.9535379734896062,-0.3012728549228009,45.360635885475055,11.020287237722009
31,0.9465309573375317,-0.32261299850082886,45.360665806617234,11.02028930529834
32,0.9472046273361929,-0.32062968351807974,45.36069663097671,11.020270924226917
33,0.9528875417777769,-0.30332380837103035,45.36073621127123,11.020258132803757
34,0.9446038534161764,-0.32821267512287033,45.360754503392144,11.020252215693004
35,0.9464105138089276,-0.3229661582146367,45.36080254618991,11.020238166321965
36,0.9507706153958639,-0.3098955257821096,45.36083488290024,11.020233490288614
37,0.9605750999483871,-0.27802064196592713,45.360861181257235,11.020220765730135
38,0.9450846691827545,-0.32682559274898215,45.36088475519961,11.02021231357419
39,0.9489685724112057,-0.31537065268638786,45.36091935987432,11.020204862964519
40,0.9562628846920462,-0.2925086244206249,45.36095189112292,11.020203566184174
41,0.9570281836089604,-0.28999492371097463,45.361001719376446,11.020184260306955
42,0.9586335827203439,-0.28464302921511625,45.36102563991115,11.02017353742843
43,0.9585967937315977,-0.28476689949413164,45.36105756401675,11.020168858273518
44,0.9503353045520739,-0.31122790511443055,45.36108197775376,11.020152983562125
45,0.9517300997031972,-0.3069361779245683,45.36112457445198,11.020152149667632
46,0.9593666281198538,-0.28216249369812085,45.36114856527522,11.020128873207726
47,0.9493122286981572,-0.31433468221648353,45.36119069689194,11.020123125316665
48,0.9621351121293303,-0.2725729737297535,45.361218879109146,11.020114251280418
49,0.9618071394373394,-0.27372801560556864,45.36125418075778,11.020096247560252
50,0.9498197089852635,-0.3127978906948535,45.36127963987288,11.020086923367554
51,0.9549859085050972,-0.29665116645092426,45.36131471222289,11.020092731154223
52,0.9615375813368113,-0.27467340547813296,45.36134942998805,11.02006396648554
53,0.962531786200368,-0.2711688782916087,45.36138927485285,11.020070279778476
54,0.958342275350074,-0.28562227377577354,45.3614093821614,11.020039539099415
55,0.946975204413198,-0.32130664827634936,45.361434292099666,11.020045427946602
56,0.9492795190242009,-0.3144334504488696,45.36147781843207,11.020041696236492
57,0.9559950516496852,-0.29338278957927233,45.361509311640305,11.020019510689028
58,0.9598002290941242,-0.2806840220441246,45.361537942049935,11.020008215329206
59,0.9501408300331737,-0.3118211075342267,45.361564008032815,11.02000593422226
60,0.9392820751171281,-0.34314600881208224,45.361602696174586,11.019992528920477
61,0.9519171299389694,-0.3063556392964804,45.361642238648365,11.019980122944578
62,0.9557488906448031,-0.2941837147620996,45.36167812299716,11.019976783651877
63,0.9516924874506282,-0.30705277938822806,45.36170443922447,11.019962978427495
64,0.9628832112250202,-0.2699183608815695,45.361731484201194,11.019958312193076
65,0.9526083517110608,-0.3041994875905213,45.36176260379847,11.019942629870247
66,0.9602044740542938,-0.2792979914108175,45.36180112635572,11.01992400257797
67,0.9606650482784607,-0.27770967757019727,45.361834698263955,11.019926323985413
68,0.949234014804508,-0.31457079511314334,45.361859986415936,11.019915361956455
69,0.9503452769680022,-0.3111974526640783,45.3618969365993,11.019909001549442
70,0.9593902326092941,-0.28208222484567236,45.36193383435742,11.019898250516402
71,0.9568136518124671,-0.2907019705906564,45.361957037219845,11.019885226428379
72,0.957593328311819,-0.28812326801682103,45.36198962588528,11.019875339187859
73,0.9531765613735872,-0.30241435622011104,45.36202413528108,11.019871305642894
74,0.9512971788404287,-0.3082753274756859,45.362050501466925,11.019861247713653
75,0.9437955201749804,-0.33052990197202775,45.36208891018766,11.019847773408884
76,0.9585886154153702,-0.2847944283093394,45.36212491250396,11.019834949652655
77,0.9484972580940988,-0.3167853396039287,45.362156977570734,11.019823412371228
78,0.9636853643736399,-0.2670402937611564,45.362183887938905,11.019829415545011
79,0.9524750164147888,-0.3046167150792086,45.36221784479259,11.019791864094483
80,0.152037123478026,0.9883747837154323,45.36225177052719,11.019794006364426
81,0.13902712009949192,0.9902885740413455,45.362247610083834,11.019798780335446
82,0.11635993214769037,0.9932071114277147,45.36225371261551,11.01980544004536
83,0.13233825010657227,0.9912046143752209,45.362243681253474,11.019815031765432
84,0.12732777968233297,0.9918606941104015,45.36226001620199,11.019815163261056
85,0.1289189274289104,0.9916551367035716,45.3622592005503,11.019818733976225
86,0.13464378290356857,0.9908940668534738,45.36226785026604,11.019823576097686
87,0.1416383962517292,0.9899184636661942,45.362262671955925,11.019843159572334
88,0.09980883632055822,0.9950066312303331,45.36225193888125,11.019838932353307
89,0.15120453960282942,0.9885024973177844,45.362258265862394,11.019848417520224
90,-0.9530463656993898,0.302824412535028,45.362261434819835,11.019855189050302
91,-0.9606441157697643,0.2777820779620741,45.36223101515707,11.019858763442954
92,-0.9551018788975635,0.29627757411985123,45.36220004597042,11.019878075976022
93,-0.9599589646504038,0.2801406542923125,45.36216987851148,11.019882429490544
94,-0.9520343880364197,0.3059910521504179,45.362132399032866,11.019890207016529
95,-0.9494298545349197,0.3139792211561161,45.362093738224964,11.019914134204901
96,-0.9535065996593698,0.30137213608100244,45.36206821326403,11.01990645425503
97,-0.9578709711421732,0.2871988903933126,45.36204009608998,11.019918584838463
98,-0.9504615421997771,0.3108421734565973,45.36201083584686,11.019939945063596
99,-0.9445014627088302,0.32850720987655707,45.36197596370424,11.019947474875213
100,-0.9564518497124367,0.29189014916858436,45.361936006440615,11.01996054326932
101,-0.9486163354246762,0.3164285830411948,45.36190653194285,11.01996578331356
102,-0.9515373910320833,0.3075330770305141,45.36187639863365,11.019975407122221
103,-0.9437613855469933,0.3306273539052985,45.36184306421053,11.019982796764348
104,-0.9593701848882837,0.28215040022551857,45.3618082896551,11.019996544333438
105,-0.9547972679623903,0.297257762037521,45.3617886285541,11.020007316411851
106,-0.9566096100686486,0.29137270621029004,45.36174797003066,11.020007437510039
107,-0.9503705965178156,0.3111201203303498,45.36171675518432,11.020027613014886
108,-0.9560234214117027,0.29329033006947547,45.36167258434282,11.020040123158758
109,-0.9575116652627773,0.2883945403188192,45.361655347274,11.02004071338419
110,-0.9542287655691699,0.2990776871656227,45.361620920769134,11.020064757936186
111,-0.9512191041178455,0.3085161518644421,45.36159092716969,11.0200638999504
112,-0.9439000183506463,0.3302313664049034,45.3615574339712,11.020076829104289
113,-0.9567715743198569,0.2908404280245484,45.36151858573743,11.02007700602609
114,-0.9559836988742481,0.2934197803262607,45.36149834182725,11.020095583663306
115,-0.9503603023462049,0.31115156391127125,45.36145655471391,11.020105539939312
116,-0.957215687014358,0.28937541107293585,45.36142262999285,11.020111962528883
117,-0.9412883081674925,0.3376037927914608,45.36138887815027,11.020113563586726
118,-0.9502450938531746,0.31150322888851656,45.36135480790235,11.020131690922947
119,-0.9535411966206299,0.301262653422719,45.361331894927716,11.020141727210333
120,-0.9519782803044018,0.30616556604013095,45.361298103121484,11.020153508969406
121,-0.9518784144168455,0.30647591123491585,45.36126735688549,11.020158005899003
122,-0.9523394060207293,0.3050404165681729,45.36123410501786,11.02017560904365
123,-0.9492615358389856,0.3144877367666508,45.3611918314134,11.020177834235355
124,-0.956407194979202,0.2920364316177257,45.36117386146636,11.020196291157728
125,-0.9505663353148631,0.3105215647359635,45.36113776067208,11.020208851826792
126,-0.9449447378813377,0.3272299533208564,45.36109853286826,11.020218701864854
127,-0.9486137091508217,0.3164364561979551,45.36107451798151,11.020223753459444
128,-0.961744448104947,0.27394820046737123,45.36103881068489,11.020231510087843
129,-0.9490733245185348,0.31505527243221293,45.36099931009674,11.020249991850022
130,-0.9489456557446245,0.31543960189456943,45.36097441809741,11.020263813129228
131,-0.9558861062203292,0.29373755622142955,45.360948373141454,11.020261606008514
132,-0.9568216802427285,0.29067554458103606,45.36090763619217,11.020273576452093
133,-0.9442787337020063,0.32914688678177617,45.36087992899653,11.020286227543115
134,-0.957914899596988,0.28705233865985585,45.360837612904064,11.02030105088931
135,-0.9574245603802218,0.28868358315072035,45.36080592006015,11.020315144680229
136,-0.9512653756612333,0.30837345065373717,45.360777060741874,11.020321291104567
137,-0.9625512001361954,0.27109995779485063,45.3607494325252,11.02031302210657
138,-0.9524826293964174,0.3045929097961524,45.360722798972844,11.02033273325023
139,-0.9486466414698738,0.316337714520303,45.36069253003699,11.020344169935687
140,-0.9522233602313844,0.3054024758079919,45.36065568094185,11.02035882498428
141,-0.9541249900955417,0.29940858918070845,45.360622910982784,11.02037089621203
142,-0.9561382098960923,0.2929158984703563,45.36058052116022,11.020386353179536
143,-0.9558756338370797,0.2937716334783894,45.360557892133706,11.020382747279015
144,-0.9602194086775581,0.2792466422339234,45.36052608533462,11.020408427366963
145,-0.9584376267738614,0.2853021478785052,45.360495862410346,11.020405392808582
146,-0.9454983733734795,0.32562682006877813,45.360458861733555,11.02041339989494
147,-0.9593519460847345,0.28221240855680424,45.360427415004764,11.020431138355566
148,-0.9591556930667544,0.28287869565881774,45.360391097007025,11.020436086275208
149,-0.9480670914683818,0.31807041684929316,45.36036014060774,11.020447323017592
150,-0.9542394087495011,0.29904372721962,45.36032663621764,11.020460515631088
151,-0.9473741724635226,0.32012837635713537,45.36029718046096,11.020468619759457
152,-0.9446417571065682,0.32810356707999294,45.36027466252657,11.020474304203663
153,-0.955627255853231,0.2945785937070499,45.360232559329944,11.020484836730759
154,-0.9593243381414321,0.2823062419598673,45.36021438884744,11.020492545537673
155,-0.9576187265423755,0.28803884212959724,45.3601662858591,11.020505195667358
156,-0.9587485947436543,0.2842553993806772,45.360135182973764,11.020513363852308
157,-0.960828715933513,0.2771428848762971,45.36009803691447,11.020527936733304
158,-0.9487032909490143,0.3161677810000728,45.36006575487951,11.020547395165618
159,-0.9556162369341901,0.2946143372406339,45.36004366496888,11.020542109800866
160,-0.9475783291908648,0.3195235672808016,45.36001045751124,11.020549725388314
161,-0.9563631831725011,0.29218052959114327,45.359972503740565,11.020575295326559
162,-0.9514833573367952,0.3077002124001548,45.359946294382716,11.020583660684103
163,-0.9498476690540214,0.3127129763739303,45.35990424044678,11.020588661041787
164,-0.9437509661298186,0.3306570941761784,45.35988637828681,11.020601887760643
165,-0.9530959611743108,0.30266828177596783,45.35984653084582,11.020600609740434
166,-0.9522133680529532,0.3054336289625802,45.359808587502265,11.020620753912798
167,-0.9482919172527174,0.3173994953889582,45.35977990100003,11.020629665166664
168,-0.9534909859482285,0.30142153160561586,45.35975301139539,11.020637367869211
169,-0.9450416949565351,0.3269498352862091,45.35972339447342,11.020639994693662
170,0.101406540354159,0.9948450701357475,45.35968655505609,11.020656024774345
171,0.11918880801560246,0.9928716070287336,45.3596937136719,11.020662963635884
172,0.13793638464774977,0.9904410905199299,45.35968519010826,11.020661382098268
173,0.14181216725829637,0.9898935847946005,45.35970063651317,11.020680720372106
174,0.13527182846498012,0.9908085246018733,45.35969433232135,11.020687010588174
175,0.12666955485264442,0.9919449701840485,45.35969215264323,11.020693201860958
176,0.12426780552629826,0.9922487150456171,45.35969542587315,11.020711477083813
177,0.10712780263326044,0.9942452584261939,45.359691033859754,11.02071232660723
178,0.14313500299761092,0.9897031731367106,45.359711501231075,11.020725408807898
179,0.13469760469538936,0.9908867520001086,45.35969771633159,11.0207344535606
180,0.94574715816081,-0.3249035438876464,45.35970154476988,11.020737726106393
181,0.9473756999258122,-0.3201238560152579,45.3597309582944,11.020728267358665
182,0.9647414092699945,-0.263199569224087,45.359768605524415,11.020720346829666
183,0.9518345510050721,-0.3066121124694406,45.359804639123254,11.020716459438717
184,0.9533735155209058,-0.30179287583259684,45.35983392340469,11.020683388192863
185,0.9543614064621059,-0.2986541576065386,45.3598549880722,11.020683165832192
186,0.9613935437191925,-0.27517713221678347,45.35990201252182,11.02067419453029
187,0.9439453744301259,-0.330101696590565,45.35993243612674,11.020665441818029
188,0.9561575311067735,-0.2928528226051432,45.35995621212578,11.020650394301946
189,0.9571348908609383,-0.28964253951486424,45.35999869440204,11.020648144666312
190,0.9531942292800154,-0.3023586632912598,45.36002119416375,11.02062413577996
191,0.9539123754573702,-0.3000852877921161,45.36005261643627,11.020621052641776
192,0.9583068055485952,-0.2857412578527068,45.360087059734305,11.020621547192537
193,0.9532619349668133,-0.30214513622318495,45.36010992617287,11.020607684461215
194,0.9589250618020586,-0.2836595245147217,45.360147863997895,11.020591552577443
195,0.9522729902319913,-0.30524768971217736,45.36017632714608,11.020572728745691
196,0.9557400852272905,-0.29421232042477674,45.36021563482843,11.020575889819167
197,0.9566764264493351,-0.29115325015553206,45.36024192564103,11.020566601830312
198,0.9408567862498309,-0.33880452737181643,45.3602856270416,11.020555317876545
199,0.9566732938892989,-0.29116354297713715,45.360315842447314,11.020548319058744
200,0.9638444731066897,-0.2664654417775178,45.360336860378084,11.020538780139734
201,0.9556926691527856,-0.2943663060331878,45.36037608821862,11.020523681307461
202,0.9441699567699489,-0.3294587876093653,45.36041015412638,11.020504273444196
203,0.9539024767244089,-0.30011675211330446,45.36043846954933,11.020503183061349
204,0.9536362273083232,-0.30096170182458104,45.36046792967278,11.0204864523602
205,0.9554361377956692,-0.29519787701488504,45.36048956266088,11.020475597180905
206,0.9366016453351346,-0.35039600162604423,45.360533067381574,11.02047678912932
207,0.9533846410282596,-0.30175772774100856,45.36056329905105,11.020457913829423
208,0.9555015369130064,-0.29498612332935714,45.36059853902922,11.020447125210437
209,0.9523997860164767,-0.304851845321247,45.360626853566195,11.02043810805926
210,0.9483106789851308,-0.31734343560685213,45.36065460295628,11.020435529083318
211,0.9478517970267024,-0.3187114225647568,45.360701016078885,11.020411555092284
212,0.9660678375355208,-0.2582884691182369,45.360733436266166,11.020412471740839
213,0.9542379769241677,-0.29904829609223943,45.36076263373224,11.020390727147783
214,0.9513668858928332,-0.30806013767862395,45.36079082462853,11.020385579098543
215,0.9576987058522535,-0.28777280762594437,45.36083031843105,11.020367888870126
216,0.9512478573532426,-0.3084274856118779,45.36084924171682,11.020362669825374
217,0.9514350534501209,-0.30784953965592615,45.36088966561493,11.020356103247176
218,0.9580533761075485,-0.28658982628301405,45.36091972802447,11.020342264306528
219,0.9425848274489921,-0.3339668292854156,45.36095149256361,11.020331936794118
220,0.9450901322195808,-0.32680979480605427,45.36098786331681,11.020331149148621
221,0.9493839952811444,-0.3141178592567002,45.361015931053856,11.020321808811435
222,0.9625807240227333,-0.27099511017704814,45.36104687876587,11.020304968642856
223,0.9596402924811521,-0.28123034872980696,45.36108225602344,11.020287457326585
224,0.9412163443291136,-0.33780437114954487,45.36111614482328,11.020283291116629
225,0.9552090623623904,-0.29593182860375605,45.361136650916706,11.020272648242813
226,0.9432363849796783,-0.3321221492921965,45.3611666478046,11.020267812127642
227,0.9564858183401954,-0.29177881916631077,45.36120926674065,11.020252546030415
228,0.9565162295179834,-0.29167910907142525,45.36124057665657,11.020239018151983
229,0.9441067732596291,-0.32963980446131075,45.36127295887641,11.020231053317499
230,0.9577298941455061,-0.28766899356732484,45.361299970009966,11.02021838766668
231,0.956412522200351,-0.2920189846197729,45.36133440260876,11.020210530255058
232,0.9591236492772389,-0.28298732373926566,45.36137835439058,11.02020612664573
233,0.960144449915931,-0.279504267043697,45.36140473773596,11.02018647828459
234,0.9545801835738534,-0.29795414601597386,45.36142906998837,11.020185416628454
235,0.9534192412234578,-0.3016483887987568,45.36146502519054,11.020169868004414
236,0.9600304150175497,-0.27989569886161375,45.36149766994013,11.020158150262539
237,0.9572925892251978,-0.2891209065676794,45.3615292799917,11.020145169861099
238,0.9334661207466,-0.3586655843795082,45.36156238874277,11.020134853743725
239,0.9576380221064149,-0.2879746839847447,45.36159428813432,11.020128000920185
240,0.9602881317593126,-0.279010222038923,45.36163029033642,11.02011652926985
241,0.9472559941134826,-0.3204778956746906,45.36165571492122,11.020109722543777
242,0.9501706898667204,-0.311730107814758,45.361694009677336,11.020103229413424
243,0.9514827985048181,-0.3077019404382099,45.36172956017234,11.020080074675823
244,0.9608904469444856,-0.27692877960014683,45.36175759288495,11.020086247431328
245,0.9375289111102323,-0.3479073739265412,45.361787418741585,11.020066851722545
246,0.9463345438087702,-0.3231886928626166,45.36181683656113,11.020068467793465
247,0.9538811112443337,-0.30018465252453375,45.36184835278972,11.020043151104423
248,0.9607651185111754,-0.2773632763222398,45.361876024982834,11.02002310013929
249,0.9589827253933353,-0.28346451699846104,45.36191321456388,11.020029369652434
250,0.9538057783301143,-0.3004239291802253,45.3619485351042,11.020020503514823
251,0.9525615657251046,-0.30434596022181276,45.36198340586668,11.020000717804175
252,0.9426572702207563,-0.33376229700185145,45.36202050229178,11.019992566319734
253,0.9518327046068135,-0.3066178442962487,45.36203837850607,11.019983581551905
254,0.9506552196816328,-0.3102493405183426,45.36207245770596,11.01998211005836
255,0.9512647957667836,-0.3083752394969148,45.3621068678439,11.019968450450374
256,0.9494742008288707,-0.31384509229933377,45.36214304384806,11.01995816959621
257,0.9611179789076848,-0.2761380644177966,45.36216938994525,11.019934995203274
258,0.9573768155528533,-0.2888418824233735,45.36220067930167,11.019931785050696
259,0.950556847982916,-0.3105506057839584,45.3622361099371,11.019927228309546
260,0.11058752017854946,0.993866389602123,45.36226800258139,11.01991119589276
261,0.12828495031782255,0.9917373500690361,45.36227381126628,11.019908255940898
262,0.1417280884923021,0.9899056262757163,45.36227157693138,11.019931838288304
263,0.13695916426797186,0.9905766943165071,45.36227359042412,11.019927882928233
264,0.15153925243304675,0.9884512405637585,45.36227244920906,11.019947780631803
265,0.0932858835345915,0.9956393643951461,45.36227669155705,11.01994628443199
266,0.14810847888141557,0.9889711211574549,45.36226857826348,11.019960429263065
267,0.10505694483933053,0.9944662077421363,45.3622750590583,11.019959704495536
268,0.1440701348662813,0.9895674793765261,45.36227936307897,11.019971069933215
269,0.12819846168494198,0.9917485338641113,45.36227698687582,11.019973554029391
270,-0.9571325920212215,0.28965013601021855,45.3622810212966,11.019984553799812
271,-0.9550831517736132,0.2963379374939721,45.36224813476317,11.019994578829555
272,-0.9497419296121873,0.313033971218012,45.362219823152465,11.020003089902502
273,-0.9503908081683298,0.31105837353967675,45.36217809845587,11.02001712409113
274,-0.9394349878702902,0.3427271561536198,45.36215775248581,11.020022238714771
275,-0.9534756825909539,0.30146993665656696,45.362126432825455,11.020041042061425
276,-0.9557422494394638,0.29420528995311007,45.362086473160836,11.020033085154484
277,-0.9571465036845089,0.28960416171823283,45.36205340440578,11.020047989898046
278,-0.9547221172990984,0.2974990398974871,45.36202126999337,11.020065543157811
279,-0.9446672391056411,0.3280301927575044,45.36198743202077,11.020065696196806
280,-0.951632600135539,0.3072383347814421,45.3619687956271,11.02008562629487
281,-0.9546001058508896,0.2978903118758149,45.361932595366454,11.020099046131023
282,-0.9412908778430561,0.33759662807772356,45.36189760268644,11.020102947417488
283,-0.9485153992280234,0.31673101746956084,45.36186285583162,11.02011637144479
284,-0.962341157964084,0.2718446168095772,45.36183605358963,11.02011899745855
285,-0.954867462216506,0.2970322029683137,45.361795318385234,11.020135285051849
286,-0.9559226238490659,0.29361869356959763,45.36176643871957,11.020157183745923
287,-0.9501300610762977,0.3118539193903948,45.36173463172437,11.020159907674985
288,-0.9484982733566977,0.31678229975704636,45.361706008749714,11.02016227812172
289,-0.9531899282143595,0.3023722221876609,45.3616718051129,11.020183070368233
290,-0.9604511073303175,0.2784486854484448,45.3616328743728,11.020182290415418
291,-0.9547174735908299,0.29751394189238073,45.36160380531952,11.020201800218823
292,-0.9492382714411238,0.31455795019593347,45.36156976889415,11.020206524053389
293,-0.9496866492948451,0.31320164136084894,45.361533529878784,11.020204988612512
294,-0.9536336185003084,0.30096996804666126,45.36150600236632,11.020226676695055
295,-0.9536194981580389,0.3010147051770229,45.361469557350595,11.020237190215395
296,-0.9562216099596694,0.29264352486624035,45.36144229499508,11.02025463946983
297,-0.9591695670215846,0.28283164904166186,45.36140864317714,11.02025791353838
298,-0.9443133339981421,0.32904760633275143,45.36137603740961,11.02026675549771
299,-0.9588566935668025,0.2838905444042456,45.36135136410027,11.020287716478045
300,-0.9513624904223178,0.30807371166239644,45.36132085899701,11.020285256328188
301,-0.95791596922703,0.2870487692010535,45.36128334529947,11.020310076330922
302,-0.958295758058365,0.285778305837486,45.361257873783416,11.02030342076051
303,-0.9574701496257171,0.2885323423391334,45.36122220074162,11.020312400261345
304,-0.9544051609571409,0.29851430240170057,45.36118459893753,11.020334816136193
305,-0.9538328781140969,0.30033787744568335,45.361153278454935,11.020343643911033
306,-0.9457523981749543,0.3248882905651153,45.36112631542259,11.020347384638935
307,-0.9574910670957688,0.28846292037592264,45.36108637906377,11.02035617272352
308,-0.9520465782951464,0.30595312182833456,45.36105679996877,11.020379183660154
309,-0.9530232034855745,0.3028972987962974,45.36101661900658,11.020385231435634
310,-0.9545982088421305,0.297896390839829,45.36098881160971,11.020386375878806
311,-0.9501136531964737,0.3119039050888126,45.360959745167335,11.020400112458649
312,-0.9589705788249553,0.28350560655502083,45.36092138713001,11.020416282569007
313,-0.9495644303166082,0.3135719896251821,45.36089507712803,11.020418401883298
314,-0.9479533997174223,0.31840909529123196,45.36087010433535,11.020418020031983
315,-0.9544115189175576,0.29849397407230954,45.36083200121592,11.020442032100823
316,-0.9548621359667452,0.29704932468703754,45.36079914739378,11.020452125465013
317,-0.949764664415506,0.31296498562571073,45.360766499186425,11.02045992262958
318,-0.9373054137531941,0.34850905490238504,45.36072647946188,11.020467863291989
319,-0.9502791056116294,0.31139945638674715,45.36070136762792,11.020467738411813
320,-0.9524264826584177,0.3047684286977816,45.36065702408853,11.020498977082939
321,-0.9591076272642796,0.2830416211857961,45.36063792789971,11.020503393478048
322,-0.9545418921072727,0.29807679582998026,45.360595321429365,11.02051856045874
323,-0.9624142117421579,0.2715858704659004,45.360569345468775,11.02051972888928
324,-0.9488919550347745,0.3156011053058645,45.36053524943515,11.02052724608498
325,-0.9604440801904162,0.2784729229695151,45.36050119916167,11.020544424229263
326,-0.9529561643072285,0.30310814721622786,45.36047088661037,11.020561572576254
327,-0.9608658812534014,0.2770140036949833,45.36044024740672,11.020573264645924
328,-0.9467262378520335,0.3220394860301063,45.36040961476402,11.020578446410424
329,-0.9504606054698087,0.3108450376794916,45.36037793733875,11.020577504006658
330,-0.9411780629863962,0.3379110145484684,45.360349562927354,11.020595768038548
331,-0.9564004840510596,0.29205840872486255,45.36031301112524,11.0206063173143
332,-0.9580802603611167,0.28649993840553395,45.36027602372339,11.020610643527654
333,-0.9623649209129128,0.2717604809317996,45.36024827930534,11.020620595878354
334,-0.950338020826564,0.31121961084007715,45.360212583146016,11.020637967971343
335,-0.9532922571380709,0.30204945370022146,45.360177341499586,11.020647407773366
336,-0.9483529600429644,0.317217060035786,45.36014770797565,11.02065123890686
337,-0.9475110770895508,0.3197229406730135,45.36011963477975,11.020660144994917
338,-0.9556847919801463,0.2943918789264821,45.36008383021388,11.020674527179496
339,-0.9579769297231246,0.2868452581414856,45.36005593339708,11.020689902159072
340,-0.9477167753079228,0.3191126976476372,45.36001893512835,11.020693359546973
341,-0.95524507898589,0.29581554907279767,45.35998896437066,11.020705821450504
342,-0.9500204096437663,0.3121877980643869,45.359963424228255,11.020716529953438
343,-0.9569718823736518,0.29018066156487676,45.35992091240307,11.020721470924498
344,-0.9574587528556494,0.28857015885240894,45.359899504680214,11.020733008007502
345,-0.9577600454016335,0.2875685925692527,45.35985937680865,11.020747384592775
346,-0.9459528689070059,0.32430413165207256,45.359833460960914,11.020758722172486
347,-0.9518359749184805,0.3066076920936358,45.359800210759445,11.020769005277147
348,-0.9403618507283362,0.34017582173749267,45.35975847429741,11.020777782278197
349,-0.958278555704911,0.2858359838720618,45.35973449731665,11.020784074023247
350,0.16390685981285674,0.9864758189161499,45.359698278877254,11.020796799745693
351,0.13684938456014997,0.9905918664846326,45.35970577656814,11.020814866357718
352,0.10902563029739004,0.9940389388440761,45.35969662895079,11.020815236725754
353,0.12562544721758837,0.9920777424231334,45.359705458075176,11.020825395075592
354,0.1186911670940208,0.9929312195987491,45.35969952348996,11.020834878536808
355,0.15522302554413311,0.9878794523325837,45.35970199271671,11.02083726525189
356,0.1433467023588193,0.9896725331759249,45.35969567411908,11.020844237033504
357,0.09969431346094255,0.9950181123293944,45.35970174958165,11.020847242494664
358,0.11701029668483075,0.9931307016046417,45.359698074467396,11.020861983808285
359,0.10815947093225696,0.9941335568461886,45.3597102898612,11.020865615220048
360,0.9481419296999344,-0.3178472607163459,45.35971058777532,11.020878167146169
361,0.9529685967475704,-0.30306905749839697,45.35973898684081,11.020866109895598
362,0.9546341055477671,-0.2977813367641006,45.35977402924965,11.020843945517244
363,0.9524890440526584,-0.304572850004154,45.35981061468737,11.020844386485395
364,0.9489717261553137,-0.315361162729028,45.35984512049488,11.020838087400032
365,0.9516859735081354,-0.3070729682467548,45.359878853766354,11.020835309625426
366,0.9586821444768112,-0.2844794295926202,45.35990264734941,11.020816092348008
367,0.9467817939659502,-0.32187611687513723,45.35992268911934,11.020803345373661
368,0.9563502496347702,-0.2922228602000753,45.359971952602855,11.02079964492568
369,0.9493130967022118,-0.31433206077277115,45.360006923021984,11.020791682998812
370,0.9479556744570317,-0.31840232295747173,45.360035097773746,11.02077600951784
371,0.9496933614949726,-0.31318128796653755,45.36006845697871,11.020768378810713
372,0.9575861738297856,-0.2881470452564657,45.36010219921959,11.020755468973961
373,0.9475064545522833,-0.3197366394108781,45.360130175384185,11.02074815707263
374,0.9457313183872487,-0.3249496475171446,45.360164374589644,11.020730282149183
375,0.9491222844402977,-0.3149077470924314,45.36019712214307,11.02072607638408
376,0.9548366912367737,-0.2971311041745882,45.36022838525742,11.020718669049865
377,0.9514886730245309,-0.30768377452510787,45.36026691959803,11.020704472619746
378,0.9461763125970692,-0.3236516421713522,45.36028938497282,11.02069086913918
379,0.9530336483695413,-0.3028644334936698,45.36032972769665,11.020678548476132
380,0.9522044694125421,-0.3054613697847556,45.360372268966735,11.020670830129761
381,0.9549066188850044,-0.2969062970191251,45.36038889406912,11.020665449597985
382,0.9587064131426647,-0.28439763254838507,45.360421960900844,11.02065336101201
383,0.9467638774265223,-0.32192881262834644,45.360454509455266,11.020649830356197
384,0.9615624130990307,-0.2745864630952684,45.3604945902126,11.020642781408945
385,0.950879463319152,-0.3095613771740292,45.36052289658176,11.020632259714393
386,0.9565834766489979,-0.2914584913879093,45.36056075241521,11.020602150445637
387,0.9367581456045742,-0.34997739447495657,45.360581910213355,11.02060550624877
388,0.9602507300391266,-0.27913891785153205,45.36062249886022,11.020597424583986
389,0.959736452956703,-0.28090201292636946,45.36065393065777,11.020587647375361
390,0.9466026388197777,-0.3224026119302284,45.36069145261281,11.02057485515368
391,0.9531758321640528,-0.30241665459819744,45.3607113959437,11.020567800121281
392,0.951539804170789,-0.30752561044344995,45.36075537143042,11.020560016300537
393,0.9502963085201553,-0.3113469543980891,45.360787460418045,11.020532619568591
394,0.948896822415809,-0.3155864705737251,45.36081904370797,11.020534810938129
395,0.9519218024106763,-0.30634112047717243,45.36083904869662,11.020513928546135
396,0.9514552924500714,-0.3077869822925411,45.36088581968445,11.020524120534319
397,0.9472669544117494,-0.3204454978299566,45.36090345152019,11.020515093328394
398,0.9556360977382992,-0.29454990867341296,45.360948366338555,11.020493786933276
399,0.9530936050717249,-0.3026757009926347,45.36097863396772,11.02048015334877
400,0.9582471517875099,-0.28594124587251335,45.36100831425879,11.02047275847193
401,0.9611800306558794,-0.2759219974347146,45.36104164051285,11.020458868930909
402,0.9601682209910732,-0.2794225964356452,45.36107075125149,11.020452787836849
403,0.9548168402006404,-0.29719488836328367,45.36110023186575,11.020449296136507
404,0.9608171844779463,-0.27718286024188465,45.361147442376854,11.020439624983121
405,0.9516081529004086,-0.3073140467558757,45.36117243467821,11.020425244276653
406,0.9518831987941433,-0.3064610511197622,45.36120813957756,11.020412315538813
407,0.9555690542280998,-0.2947673363885741,45.36123559405137,11.020407473656174
408,0.9580763085672501,-0.2865131532096761,45.36127160038621,11.02038964552319
409,0.9560076848501081,-0.293341620823804,45.361305848360395,11.020382380535473
410,0.9581242925499711,-0.2863526497618233,45.361332354765985,11.02037579372197
411,0.9472288217304649,-0.32055819952563264,45.36136074415139,11.020360865617134
412,0.9536857469845126,-0.30080474730062384,45.36139620984441,11.020347844352726
413,0.9593654563301879,-0.28216647781118565,45.36143570638866,11.020351928450326
414,0.9602569629533426,-0.27911747544649146,45.361471855998666,11.020336429921702
415,0.9525904231441374,-0.30425562564079756,45.36150060603158,11.020318402188137
416,0.9516083775681965,-0.30731335106373886,45.36152744854181,11.020316927902881
417,0.9492441541331524,-0.31454019750110773,45.36156494189166,11.02030684691977
418,0.9531569420637552,-0.30247618715474306,45.36160047020946,11.020298855758448
419,0.9532834853966982,-0.3020771366222925,45.361631099570374,11.020278331474763
420,0.9587516470610926,-0.28424510419291654,45.36165533674703,11.020271261159348
421,0.9596105780755345,-0.28133172314109617,45.36169262361924,11.020256991022261
422,0.9462232101812603,-0.32351450742473753,45.3617299371336,11.020256712465777
423,0.9566076424577886,-0.29137916602144287,45.36175425247424,11.020245195508151
424,0.9598640964884398,-0.2804655349101402,45.36178383716004,11.020230550313384
425,0.9590899393240411,-0.2831015511921602,45.36182639254634,11.020217436877248
426,0.9395251129385415,-0.34248001716570403,45.36185672634115,11.020211606407743
427,0.9539330936698016,-0.3000194207073295,45.36188101146995,11.020198316009884
428,0.9573385195260699,-0.2889687855662489,45.361918759211974,11.020193420467484
429,0.9460802598156954,-0.32393231081055546,45.36195981390995,11.020186569118538
430,0.9603689128987682,-0.2787320418208824,45.36198215927813,11.020171107314848
431,0.9478576465484536,-0.3186940254846752,45.36202273276516,11.02016571849874
432,0.9530963282296306,-0.302667125924168,45.36205391915414,11.020153863929465
433,0.9536816559292177,-0.30081771747040625,45.36208177431324,11.020146479327405
434,0.9566354101125483,-0.29128798828444097,45.36212509112559,11.020134953830238
435,0.9578945220646993,-0.2871203312174902,45.36214777218858,11.020120143247931
436,0.9460120020322498,-0.32413159674881215,45.36218177751588,11.020105559029048
437,0.9391008558526666,-0.3436416484316025,45.36221403715788,11.020102106043321
438,0.9636988836266369,-0.2669915011695574,45.362241709505525,11.020085144777841
439,0.953848943874001,-0.3002868499792374,45.36228135528948,11.020080736230991
440,0.12900894144825728,0.9916434303853378,45.362310859676874,11.020070455905381
441,0.14938153807411214,0.9887796296863182,45.362311443757015,11.020074256935938
442,0.12357195373594375,0.9923356147241122,45.362310717495255,11.02008357555065
443,0.12050277206957388,0.9927129907095747,45.36231184571621,11.02008448616989
444,0.14555153920845645,0.9893506706087832,45.36230902212519,11.020089040681532
445,0.1230218316437688,0.9924039645925505,45.3623125239536,11.02009108949002
446,0.14638269573625004,0.9892280355858241,45.362318877487226,11.02009223468171
447,0.14410803423680468,0.9895619609041184,45.36231450828889,11.020107338329813
448,0.13798726808104672,0.9904340027722843,45.36231758019275,11.020111383487206
449,0.16161912444180163,0.9868532102671934,45.36230338595322,11.020115184521476
450,-0.9577453713566503,0.28761746060507537,45.362315794728964,11.020116958751988
451,-0.952806024234088,0.30357977564921956,45.3622838460546,11.020121139979633
452,-0.9621031879600229,0.2726856353333648,45.362256143963975,11.020129178038674
453,-0.9485232166463575,0.31670760565993233,45.36220718279454,11.020142065435538
454,-0.9530383081283815,0.3028497700837696,45.36218264894502,11.020153450551652
455,-0.9483234362090063,0.31730531091795916,45.362148763760935,11.020172264179093
456,-0.9507236361442724,0.31003962275266234,45.36212050035935,11.020180819621558
457,-0.9492274485627092,0.31459060840261777,45.36209188876977,11.02018062314844
458,-0.9600234772211468,0.27991949411253636,45.36206123276282,11.020193158079707
459,-0.9546979831669578,0.29757647913930174,45.36202563388927,11.02020572155755
460,-0.945728702974834,0.32495725929656993,45.361990083472364,11.020214885761282
461,-0.9528246501317504,0.3035213107860919,45.36196745536666,11.020231727171991
462,-0.9503566870978943,0.3111626058643857,45.36191568801764,11.02024488787523
463,-0.9544305833912688,0.29843301004983036,45.36189570722275,11.020246774965038
464,-0.9516930076826505,0.3070511669542237,45.36185706008119,11.02025870873015
465,-0.9452977944021751,0.3262086447327585,45.36183152687174,11.020269068299902
466,-0.9520176056847237,0.30604326240962376,45.361801192495975,11.02027342825662
467,-0.9510651929196405,0.3089902891948661,45.36176720350178,11.020285977001029
468,-0.9614038677367422,0.2751410603687363,45.36173593830055,11.020291738200982
469,-0.9510113492442699,0.3091559697120426,45.361698176582394,11.020313068053518
470,-0.9559568697065288,0.2935071775287525,45.36165885372632,11.020324620932644
471,-0.944365973494727,0.3288965005976144,45.36163591878028,11.02033003690553
472,-0.9483031658255733,0.3173658861396342,45.36159627779266,11.0203362407945
473,-0.9570685016561346,0.28986183456550757,45.36156044969888,11.02035232910168
474,-0.955142185821353,0.2961476065485046,45.36154567323744,11.020357087371265
475,-0.9579107977997402,0.28706602630521294,45.36150416630375,11.02036842664276
476,-0.9456988826172861,0.32504403304231977,45.36147096735799,11.020376229751303
477,-0.9481401141490027,0.31785267647373394,45.36144505589543,11.020384206691167
478,-0.9596855704447288,0.28107580095087414,45.361407779482505,11.02039916966865
479,-0.9588279169743794,0.28398772091513513,45.36137589218915,11.020411473604728
480,-0.9477726359226718,0.3189467519762359,45.36134011505385,11.020416936834803
481,-0.9556889702974121,0.2943783145068133,45.361308812666664,11.02044028830178
482,-0.9572570301045739,0.28923861829875175,45.36127985641153,11.020441907939269
483,-0.9490713254165496,0.31506129446835235,45.36124650703865,11.020448548780006
484,-0.9485225463097026,0.3167096132771442,45.36122008216068,11.020461148381793
485,-0.9455175382382078,0.3255711671569816,45.36118362182634,11.020470067044313
486,-0.9531398178712415,0.30253014327233035,45.36114602939311,11.020488601576737
487,-0.9572984013894267,0.2891016615262667,45.361118255283664,11.020496467527094
488,-0.9478934329626046,0.3185875699809523,45.361081378327036,11.020508605939222
489,-0.956501858497417,0.2917262324354587,45.36105961507067,11.02051963962748
490,-0.9477197276466598,0.3191039295109683,45.36102693687918,11.020515975489959
491,-0.9546630574402168,0.2976885062593066,45.3609856948592,11.020533080555186
492,-0.9573492215197706,0.28893332804557037,45.36094362813151,11.020542910506773
493,-0.9532723217148709,0.3021123642824632,45.36092376043535,11.020549937021316
494,-0.9609060949040875,0.2768744783763515,45.360884008014914,11.020560210205405
495,-0.9543166035575994,0.29879728943597794,45.36085388392838,11.020566842238939
496,-0.9546767482207434,0.29764459747602867,45.36082135064278,11.020593298803494
497,-0.9586299254673241,0.28465534598618136,45.360794903398,11.020589135137543
498,-0.9596397696283803,0.2812321328504075,45.36074921834143,11.02060051131045
499,-0.9456854917492163,0.32508299047326805,45.36072713017661,11.020613444920839
500,-0.9580724445220307,0.28652607394019197,45.36069372627642,11.02062549031115
501,-0.9521095663776125,0.30575704997961184,45.36065155847518,11.02064626366312
502,-0.9545073324530553,0.29818744489557675,45.36062948386523,11.020643145267192
503,-0.9595782422638217,0.28144199575378614,45.360596547566175,11.020658750699583
504,-0.9636335462775023,0.2672272225815416,45.36056445594465,11.020666736294704
505,-0.9495553530536748,0.3135994762226351,45.360522536328055,11.020668452209163
506,-0.9575723883485958,0.28819285395784183,45.360495823300845,11.020691707659802
507,-0.9568240109635876,0.2906678723965764,45.36045547740175,11.02070376503255
508,-0.9595113689720922,0.28166990043897383,45.360436550371226,11.02070850515905
509,-0.9476576743300454,0.3192881649597579,45.360397171291,11.02071857052931
510,-0.9584562635534921,0.28523953241982236,45.36036861190297,11.020731171581573
511,-0.9655811089193709,0.2601021378190459,45.360335193603945,11.02072998402317
512,-0.9563077972190638,0.29236175703744494,45.36029936820313,11.02075113652457
513,-0.9462998737933801,0.32329019295152295,45.360270530615935,11.02076459950761
514,-0.9576360078794034,0.2879813820593256,45.36022822192345,11.020774939940942
515,-0.9603713260181749,0.2787237273037451,45.36020109943304,11.020770701478469
516,-0.9536488817454413,0.3009216016600825,45.360170532217595,11.02079630584223
517,-0.9562977879822553,0.2923944949896382,45.36014303640434,11.02079672977229
518,-0.9546501077278862,0.2977300317655834,45.360109144666254,11.020806809759915
519,-0.9491681386622041,0.31476951019520133,45.3600753970614,11.020817000970666
520,-0.953663578966907,0.30087502081766426,45.360048850536025,11.020825522869243
521,-0.9560745621955896,0.2931235772204474,45.360007474724604,11.020830230054825
522,-0.9518069818784813,0.3066976837985189,45.35997842077689,11.020853425822734
523,-0.9357300149198792,0.3527170809275369,45.35994052207388,11.020865222713557
524,-0.9570761252092189,0.2898366618537198,45.359908945660074,11.020880257305057
525,-0.9524846272414694,0.30458666232893233,45.35987780215406,11.020880370774444
526,-0.9505899678251943,0.31044921174017487,45.359834566089575,11.02089337082887
527,-0.9470291003447375,0.32114775898367576,45.359806733779344,11.020899334934567
528,-0.9603435539710033,0.2788194009504047,45.3597875632635,11.020911825522715
529,-0.9592952983531351,0.28240490533552987,45.3597422143629,11.02092307629499
530,0.1270822955215172,0.9918921766830212,45.35971557302933,11.020932540023384
531,0.11528638756006467,0.993332295278549,45.359715745661916,11.020944848965664
532,0.1451043061238807,0.9894163634912791,45.35972053688517,11.020946971702537
533,0.11636935411300349,0.9932060075449214,45.359711208693994,11.020955497521504
534,0.11058712479205536,0.9938664335967013,45.3597243766158,11.020960863612272
535,0.13334690022339296,0.991069424511125,45.35971394132528,11.020968058476571
536,0.11551705063128961,0.9933054973236825,45.35971682550979,11.020970340706613
537,0.09150675591016035,0.9958044555146348,45.359730843557244,11.020982261997984
538,0.14526276576461605,0.9893931113983028,45.35973155235596,11.02099964749157
539,0.12024204208290454,0.9927446052816067,45.35971933887814,11.02100299245677
540,0.9620524071159972,-0.27286473931659916,45.35972455412536,11.021004317083937
541,0.9573888757189638,-0.28880190555046276,45.35975586234649,11.02100266421857
542,0.9495530662783763,-0.3136064003194665,45.359784609499805,11.020988121339546
543,0.9531789624148066,-0.3024067882998541,45.359825343433236,11.020972393263595
544,0.9450478363779116,-0.32693208309590555,45.35986496229902,11.02095790645677
545,0.959924530773311,-0.28025862202551205,45.359880876831006,11.020953709924582
546,0.9567617045456974,-0.2908728944312473,45.35991143799794,11.020937263014357
547,0.9520596523638187,-0.30591243574082533,45.359952926799636,11.020934103477204
548,0.9522353120338253,-0.30536520842401715,45.35996751541877,11.020919412474129
549,0.9569820861812072,-0.2901470088218465,45.36001717431535,11.020916331716398
550,0.95163877532387,-0.3072192072447375,45.360050179055605,11.020907386748759
551,0.9497372225452229,-0.3130482520508392,45.36008419268178,11.02089144354924
552,0.9540288350222044,-0.299714834377906,45.3601187752232,11.020890456261071
553,0.9559811990016788,-0.2934279249753041,45.36013030986565,11.020868769277152
554,0.9401170247873349,-0.340851844215356,45.360177820760036,11.020861546240335
555,0.9493308965261802,-0.3142782984884557,45.360213462662664,11.020857866623281
556,0.9539389082239618,-0.3000009322926776,45.3602378763679,11.020839706642008
557,0.9550611740258543,-0.2964087614568045,45.36028725797952,11.020832219298338
558,0.9550888412213461,-0.2963196000511379,45.36030833470603,11.020817974783544
559,0.9515067622382521,-0.3076278293894724,45.36033980358342,11.020812108061474
560,0.9580385181345686,-0.2866394909472869,45.360376500545215,11.020805615056968
561,0.9464954208262347,-0.32271724210982095,45.360409769853156,11.02078524342498
562,0.9439408134405565,-0.3301147387215247,45.3604357951622,11.020787344025344
563,0.9515746309442789,-0.3074178292540293,45.360473863707,11.020770211925122
564,0.9506836630960485,-0.3101621716494114,45.36050751109495,11.020772396714623
565,0.9535391350053332,-0.30126917866466346,45.36053624579089,11.020753831922045
566,0.9498312959905878,-0.31276270422932523,45.36056826913871,11.020743337862074
567,0.9499700986985047,-0.31234085800412553,45.360598059488304,11.020734412414802
568,0.9566474011718885,-0.2912486048568677,45.36063186942853,11.020719871580706
569,0.9528906542012108,-0.3033140305623672,45.36067333468019,11.020707153053337
570,0.9548495405386213,-0.2970898095411283,45.36069652481211,11.020703885844114
571,0.9484919339599446,-0.3168012803208412,45.36074369094845,11.020688018868801
572,0.956447471411874,-0.29190449539161334,45.36077343797526,11.020681321107388
573,0.9536030443693874,-0.3010668260858977,45.36080377024521,11.020676385131182
574,0.9532759081083589,-0.3021010476979243,45.360834319817606,11.020654581504067
575,0.9473942474429783,-0.3200689611817318,45.36087022947659,11.020653906443217
576,0.9504333822254967,-0.3109282649605901,45.36089323543087,11.020633699180054
577,0.9592199894671285,-0.28266059471861643,45.36092104722008,11.020632000877603
578,0.9545404532758889,-0.2980814034116529,45.36096650408385,11.020608708348512
579,0.9545171231427361,-0.29815610278395244,45.360992438696165,11.020600476826868
580,0.9609008074924142,-0.2768928279324444,45.361014817518026,11.020595593699172
581,0.9541846810577428,-0.2992183056477889,45.361064355969724,11.020586669510532
582,0.951445447714288,-0.3078174134511532,45.36108455552752,11.02057749338204
583,0.947387832099153,-0.320087949773913,45.36112143338705,11.020561271697863
584,0.9447309359544284,-0.3278466999234089,45.36114682437626,11.020547182677726
585,0.9543269898484132,-0.2987641150587979,45.36118104682317,11.020547122857767
586,0.9567251482910561,-0.2909931109621953,45.36121546631084,11.020531671587559
587,0.9535173774048807,-0.3013380344180239,45.36125534176818,11.020531218806138
588,0.9553530395644096,-0.29546669828433025,45.36128556120729,11.020515363428425
589,0.9436856683867287,-0.33084340598158063,45.36131672119707,11.020504793368463
590,0.9535795474527908,-0.30114124041673657,45.36134830096624,11.020493365054321
591,0.9546072352317473,-0.2978674645596586,45.361383465183884,11.020483402694204
592,0.956924133894605,-0.2903380821905046,45.36140749668455,11.02046592651107
593,0.9574085758147558,-0.2887365909550798,45.361455339431984,11.020471681626699
594,0.9619787753266373,-0.27312421317243735,45.36148556332149,11.0204618323913
595,0.9494953635159753,-0.31378106166826897,45.36152129341786,11.020439670849868
596,0.9535069115772166,-0.301371149207216,45.36154179941031,11.020434465187988
597,0.9548596049917442,-0.2970574603591204,45.361573873434416,11.02042612168973
598,0.9601317964338856,-0.27954773022981194,45.361609251497576,11.020411852261715
599,0.9496968258586244,-0.31317078240802376,45.36164496721755,11.020401775830795
600,0.9485667708042189,-0.31657713329622583,45.36167402265909,11.020386494339197
601,0.9525202114670719,-0.304475363119456,45.36170398512163,11.020374581837237
602,0.9569674950539102,-0.2901951298871923,45.361734788186915,11.020375013004346
603,0.9587751666797796,-0.28416576105885955,45.361778860427165,11.020358158477068
604,0.9553587903139464,-0.295448103344518,45.36180530613737,11.02034521134946
605,0.9550186150584128,-0.29654585630541386,45.36184048962447,11.020341280908628
606,0.9481441188593703,-0.31784073035466703,45.36187403628528,11.020330592678087
607,0.9506040545341776,-0.31040607517118973,45.36190025581189,11.020324795230518
608,0.9505718374001921,-0.31050472128716944,45.36193544675175,11.02030764171248
609,0.9385414511839953,-0.34516654590130863,45.361964393120616,11.020302237865845
610,0.9551749780331128,-0.2960418236321389,45.362010492815486,11.020286223522254
611,0.9540442659128474,-0.29966571155008076,45.36203108042992,11.020280528543317
612,0.955392063136084,-0.2953404911226646,45.36206735481527,11.020272448284201
613,0.9636563005006902,-0.2671451562452957,45.362098692299995,11.020260181041683
614,0.9401968459472689,-0.3406316058013517,45.36212244694767,11.020245723761018
615,0.9592975977188918,-0.2823970945508529,45.362168102693246,11.020238285375807
616,0.9595217108255618,-0.28163466841705914,45.362198206299254,11.020226514901852
617,0.9537658656493359,-0.3005506172380502,45.36223550723986,11.020211925100984
618,0.9611140134769892,-0.27615186600519986,45.36226614315707,11.020208731001793
619,0.9470746746305448,-0.32101333410537264,45.362305689032645,11.020202629748326
620,0.11276032242890723,0.9936222167834861,45.36232709364879,11.020188365639992
621,0.14750367156629132,0.9890615081350925,45.362331195171485,11.020190208498207
622,0.12232056365044004,0.992490644645197,45.36231460780073,11.020201656762431
623,0.1475627579724396,0.9890526944807173,45.362330229976024,11.020211593618773
624,0.11327152617520371,0.9935640700820154,45.3623277399922,11.020208223326458
625,0.10966706346036455,0.9939683773601554,45.36232425289764,11.020217412942273
626,0.09322119134384989,0.995645423574293,45.36233137137651,11.020226048989745
627,0.1424196670905513,0.9898063641065441,45.36233070419452,11.020226897926312
628,0.11662095930398783,0.9931764958208675,45.36233215173647,11.020234687136087
629,0.11779633256153794,0.9930377757341619,45.36232344749859,11.020232177116117
630,-0.9525828858464541,0.30427922307058897,45.36232816104028,11.020246074301264
631,-0.9504976827364229,0.31073164485242005,45.36229717247253,11.020255636455355
632,-0.9518021442537312,0.3067126964995081,45.36225871085161,11.020270347982017
633,-0.9545465881706633,0.29806175704331156,45.36224492361817,11.020277550224552
634,-0.9457599677109908,0.3248662547500213,45.36221152127527,11.020284815272422
635,-0.9463297252619979,0.32320280179099875,45.36216393431409,11.020300161392699
636,-0.9606020237434776,0.27792760204761113,45.3621342424469,11.020306311712002
637,-0.9567232859654483,0.29099923383314086,45.36209741163317,11.020323292786088
638,-0.9580485530927891,0.2866059488510544,45.36206782582275,11.020326898877816
639,-0.9461127400474844,0.32383743316645974,45.36203643181502,11.020346097506147
640,-0.9457876160408162,0.32478575298776524,45.36200215916321,11.020350993243094
641,-0.9515689363667087,0.307435455570646,45.361959312770956,11.02036552881653
642,-0.9612150335472802,0.2758000349577588,45.36194543521677,11.020378354802917
643,-0.9542026011008358,0.2991611539829314,45.36191277703383,11.02038109646728
644,-0.951395891693953,0.3079705461044416,45.3618747366238,11.020394420000821
645,-0.9515405982374665,0.30752315344683306,45.361849480269825,11.020407658112862
646,-0.9605419611813828,0.2781351125079731,45.36181844088442,11.020414927881601
647,-0.9561677683801026,0.2928193960635366,45.36177890478907,11.020424005376643
648,-0.9449633999414461,0.32717605775958386,45.36173877786218,11.020438683433495
649,-0.9590018250307025,0.28339989341526195,45.36170375935139,11.020446981030265
650,-0.9597807639686364,0.2807505745600185,45.36168280261287,11.020459648896093
651,-0.9469137580313062,0.32148769004586947,45.361650828678364,11.020471358201178
652,-0.9594363011182314,0.2819254938748292,45.361620726756605,11.02047503774562
653,-0.9545581977710459,0.2980245746043317,45.36158909697109,11.020481092750835
654,-0.9491506917926176,0.31482211528035237,45.36155783873032,11.02049396915036
655,-0.9578148096434128,0.28738613471730473,45.36152008527334,11.020508598304904
656,-0.9489003908185879,0.3155757409946638,45.36149321122972,11.020519471635819
657,-0.9571334651942461,0.2896472506433554,45.36146001275548,11.020544805159524
658,-0.9598282825589661,0.28058807529883645,45.36142091310778,11.020537121431891
659,-0.9617122755280627,0.2740611229244958,45.36139241419255,11.02054705394368
660,-0.9515827326452109,0.3073927502910132,45.36135857688253,11.020571523998951
661,-0.9580668735674915,0.28654470117699293,45.3613256097867,11.020578266685298
662,-0.9515028272861407,0.3076400001080497,45.36129267417955,11.020582039247733
663,-0.9496951264153786,0.31317593595753496,45.36126128300994,11.020586167240205
664,-0.9545267295810945,0.29812534698549215,45.361230880297796,11.020609231495179
665,-0.9596818159062277,0.2810886198673387,45.36120192145341,11.02061402386279
666,-0.9585652489372665,0.28487306564474724,45.36116944889073,11.020622087969228
667,-0.9558477694034972,0.2938622836063836,45.36113598038895,11.020636403203675
668,-0.9530447454941431,0.30282951158366994,45.36110194934115,11.02064942362092
669,-0.9419485731340168,0.33575718245599706,45.3610769939466,11.020660771513086
670,-0.9560838197709979,0.29309338029388876,45.3610363933733,11.020676350710584
671,-0.9504171747836566,0.31097780286742704,45.3609963319321,11.020686267529245
672,-0.9477515470620461,0.31900941215189593,45.36097111596125,11.02068899600831
673,-0.952599669173488,0.30422667583655627,45.360945344764126,11.020693903183824
674,-0.954754380167847,0.29739548340603694,45.36090074769865,11.020701266166014
675,-0.9531836214142453,0.3023921028526122,45.36088014878665,11.020719520692516
676,-0.9433627510126169,0.3317630479753695,45.36084654746121,11.020729995537435
677,-0.9545147772831365,0.29816361271644864,45.36081228786724,11.020735953056901
678,-0.9557968918260559,0.29402772246108166,45.36078112661094,11.020751921125415
679,-0.960107571555102,0.2796309193250358,45.360745949514914,11.02076686601115
680,-0.9548889984465952,0.2969629617404469,45.36071366956206,11.020772154180994
681,-0.9576926668666024,0.28779290441207034,45.360676095253034,11.020783195611502
682,-0.9540929967135642,0.29951052339130074,45.36065480361821,11.02079200967144
683,-0.9509346396207062,0.3093918408255744,45.360624463651476,11.020813123964441
684,-0.9476967947774906,0.31917203068011923,45.36057853900118,11.02081384199423
685,-0.9494858329969929,0.3138098993626659,45.360542210540146,11.02083139874209
686,-0.9562575625036497,0.2925260230382563,45.36051292157369,11.020841406103358
687,-0.949703028345295,0.31315197261357924,45.360486179558535,11.020843670394413
688,-0.956166985683742,0.2928219518555032,45.360467923896955,11.020857604744625
689,-0.9555645132926337,0.29478205667206403,45.3604276884643,11.020862525058261
690,-0.9480287194494154,0.31818476880438784,45.360388745192715,11.020876153570303
691,-0.9559731053623656,0.29345429256331484,45.36035738232887,11.020884017326395
692,-0.9482529630558011,0.31751585481026545,45.360329432699245,11.020899893290295
693,-0.9515790793467693,0.30740405942269994,45.360290781731265,11.02091289631395
694,-0.9447135478040101,0.3278968017464648,45.360261301599316,11.020928035467904
695,-0.9526731979029904,0.3039963453683112,45.360225635528124,11.020930157059974
696,-0.948171453551686,0.317759177160445,45.36019861897384,11.020935515658014
697,-0.9589397340040453,0.2836099196929665,45.36016384284459,11.020959871419372
698,-0.9489236304893645,0.3155058533512241,45.36012012919195,11.020958975340328
699,-0.94556494151327,0.3254334669037687,45.36009834309199,11.020981830264555
700,-0.9614433878089605,0.2750029309633422,45.360063276847825,11.020986859599194
701,-0.9551770375715571,0.2960351784771939,45.36002870726507,11.021003477573743
702,-0.951379854706362,0.3080200838563965,45.36000336271554,11.021004953934392
703,-0.9552852160149905,0.2956859077859359,45.35997707891863,11.021008118090913
704,-0.949537146413183,0.3136545991716199,45.359940965955346,11.021025195482567
705,-0.9497360970437564,0.31305166661765677,45.35990187678149,11.021048915343078
706,-0.945334827374255,0.3261013096466918,45.359871728751244,11.02105537826333
707,-0.9556207911823633,0.29459956459573045,45.35984054592464,11.02105881070397
708,-0.9557486047460122,0.2941846435931879,45.35980431533406,11.021064202057234
709,-0.9557283102314731,0.29425056843121516,45.35978440682482,11.021075487484655
710,0.1413457914043481,0.9899602856944709,45.35974345737717,11.021090451288785
711,0.1352438516113526,0.9908123437873221,45.35975002376363,11.021093420668922
712,0.1231162950312312,0.9923922500190048,45.35973917410857,11.021105763139015
713,0.08442850334994254,0.996429539818089,45.35973670248219,11.021101234280453
714,0.11373682362628368,0.9935109133529453,45.35974666997512,11.021113566073408
715,0.13878989548415552,0.9903218491538481,45.35975188129495,11.021116191486287
716,0.1106481164097102,0.9938596451888885,45.359749445298725,11.021137003355586
717,0.1750246668216858,0.9845640487058005,45.359745471576346,11.02113443662845
718,0.11896145908625509,0.9928988726210083,45.35974203713238,11.021146766030547
719,0.11930755299534462,0.9928573451399063,45.359751232976166,11.021149115688543
