,Sin,Cosin,Lat,Lon
0,0.9557601757699831,-0.2941470489604325,45.35967335237484,11.020584057779038
1,0.962363982680698,-0.2717638034009408,45.35971389788963,11.020576307883806
2,0.9536185418352315,-0.3010177348065173,45.35973829071385,11.020560278078282
3,0.955657993654273,-0.29447886030187226,45.359768550349635,11.020561875066722
4,0.95720498067782,-0.28941082385697714,45.359805436875455,11.020531476892245
5,0.9561323493914818,-0.2929350276889488,45.35983080188531,11.020534052054565
6,0.954354564276076,-0.2986760212093047,45.35986775780662,11.020526652037663
7,0.9560814994128458,-0.2931009492998692,45.35989201278729,11.020519056436907
8,0.9629300631498501,-0.2697511695660014,45.35991907931936,11.020497178815233
9,0.9537325505482678,-0.3006563187839163,45.35996030577242,11.020496294974574
10,0.9409784547851555,-0.33846646455762947,45.359988457864176,11.020481017262767
11,0.950266906277894,-0.31143668190025436,45.36002802831776,11.02046526227419
12,0.9572691505877906,-0.2891985016090674,45.36005551061754,11.020464551559314
13,0.9493829453215892,-0.31412103261721336,45.360100582070054,11.020462775511556
14,0.9551284506159445,-0.29619190202297097,45.36012399980509,11.020446834815717
15,0.958062155972701,-0.2865604740590372,45.36016211295052,11.020444289165058
16,0.9377547533912496,-0.3472981751926098,45.360198118996486,11.020424877249875
17,0.9516376338553817,-0.3072227430222746,45.36021903358978,11.020418770805504
18,0.9453104812899353,-0.3261718779468745,45.3602546288891,11.020415151099366
19,0.9572085564340375,-0.2893989970429513,45.36027657378658,11.02039081753805
20,0.9498811182909416,-0.3126113579420143,45.36032069418036,11.020391306857926
21,0.9468108843978873,-0.32179053619659237,45.360353140173956,11.020392549828625
22,0.9509422293821163,-0.3093685122596847,45.36038462628748,11.020378882850462
23,0.9507000474787443,-0.31011194708349027,45.36040629775446,11.020354214822426
24,0.956932538974325,-0.29031037847819385,45.36045647848689,11.020340053796172
25,0.956540833181603,-0.291598412986499,45.36047948702616,11.020344391522444
26,0.9510203139778524,-0.30912839145162174,45.36051072554652,11.020327505949275
27,0.9530668194218376,-0.30276003322291795,45.360545412580294,11.020317234323612
28,0.9496299243276937,-0.31337358985941804,45.36057510892251,11.020308770307617
29,0.9566943936828917,-0.29109420656503,45.36061210205627,11.020300598811867
30,0.9457713819307582,-0.32483302344556025,45.36064136338636,11.020292771169977
31,0.9527779092333041,-0.30366800239243796,45.360667439111374,11.020274756966506
32,0.95122010493234,-0.3085130661293101,45.360709457577876,11.020263906394003
33,0.9595848602893111,-0.2814194305721325,45.36074493291229,11.020259669530525
34,0.9550456519074938,-0.2964587707803401,45.36076995050045,11.020247444971849
35,0.9577367139058048,-0.28764628771619916,45.36079631585914,11.020242025392502
36,0.948977140689789,-0.315344869069139,45.36084430405402,11.020228701548405
37,0.9530231371562845,-0.30289750749188044,45.36086297130963,11.020208756728985
38,0.9488002849135772,-0.3158765887936534,45.3608959393785,11.020213921032143
39,0.9551613696756861,-0.2960857272468016,45.36092622627724,11.020198371393437
40,0.9499579086435371,-0.31237793104762895,45.36096988302166,11.020195037148257
41,0.9518303307950429,-0.3066252132141114,45.36099594955288,11.020174971284076
42,0.9477240673974018,-0.3190910404190708,45.3610273139464,11.020164738928521
43,0.9498306215383436,-0.3127647524707408,45.36105917510205,11.02016839933588
44,0.942648220834371,-0.3337878544192326,45.361096471877424,11.02014555052813
45,0.9578313914927662,-0.2873308641114476,45.361126973781104,11.020138573842363
46,0.9593471207001846,-0.28222881143544787,45.36116166337103,11.020134246715793
47,0.9625020372871924,-0.27127445183430754,45.36118262521823,11.020128728904945
48,0.9546451389380959,-0.29774596336787446,45.36121987943657,11.02011515450603
49,0.9504935214521059,-0.31074437352521,45.361254823423174,11.02010249769086
50,0.9620925266212376,-0.2727232484031447,45.36128705503885,11.020089322104054
51,0.9559829926525236,-0.2934220812398498,45.36131788146785,11.020079850083278
52,0.9536914759252901,-0.3007865833900204,45.36136129620688,11.020072010321938
53,0.951737040493104,-0.30691465548817903,45.3613891396688,11.020059978747762
54,0.9533866002822834,-0.30175153753077977,45.36141321438506,11.020050705448993
55,0.9650888654838529,-0.26192266362247046,45.36144700500055,11.020039889533084
56,0.9505322042495974,-0.310626027055689,45.3614819913575,11.020029162786
57,0.9675238065100759,-0.2527799118526894,45.36151445217588,11.020023452561174
58,0.952298531179799,-0.30516799883473583,45.361534131839235,11.020010178369702
59,0.951408934935547,-0.3079302494475139,45.36157270225367,11.02000369453788
60,0.9539898568472015,-0.2998388784541723,45.36160370175111,11.01999506574549
61,0.9483797438264583,-0.31713697592627266,45.36163580390205,11.019979851292756
62,0.9495940743658623,-0.31348220671872457,45.361669164175176,11.019969781067186
63,0.9395297273452434,-0.34246735820304464,45.361703480550446,11.019969706991416
64,0.9535449049544537,-0.3012509157420138,45.36174010752027,11.019955755484846
65,0.949351781541786,-0.3142152047298745,45.36176976288476,11.019949593462673
66,0.9616811336528587,-0.2741703798300475,45.36180349857412,11.019934346087144
67,0.949359245255168,-0.31419265339682545,45.36183149742438,11.019920269054301
68,0.9534840798773994,-0.3014433768062404,45.3618762939407,11.01991932875183
69,0.948887035784256,-0.31561589522799394,45.361908025768834,11.019909624325916
70,0.9525656439653529,-0.3043331955881128,45.36192798622929,11.019886868098725
71,0.9533372560853075,-0.3019073966628456,45.361948543097085,11.019880321287745
72,0.9528938614154718,-0.3033039546011747,45.36199326575978,11.01987398105266
73,0.9577051938063386,-0.28775121503890033,45.36203549292403,11.019857134611241
74,0.952200511432678,-0.305473707587652,45.36206776858824,11.019852275543988
75,0.9584776305714082,-0.28516772554799935,45.362094559342474,11.019840137172476
76,0.9462035750102796,-0.32357193116487415,45.36213009265227,11.019839309570887
77,0.9436025426597711,-0.33108041543711836,45.36215735439075,11.019823855050461
78,0.9440188134881871,-0.3298916182329515,45.36218197840033,11.019818135655855
79,0.9444109482730478,-0.32876733533306274,45.362217610016785,11.01980498444527
80,0.12388435976049099,0.9922966619951582,45.36225342728191,11.019796196357312
81,0.13695786003354163,0.9905768746417578,45.36225697458595,11.019801079058267
82,0.14543182994906736,0.9893682746266254,45.362260770738246,11.019801223538881
83,0.1302117189516138,0.9914862118293254,45.36225195874662,11.019808133706615
84,0.10284547795775043,0.9946973447554999,45.36226140917877,11.019818948405653
85,0.1376060354124697,0.9904870413175844,45.36225496409561,11.019824292488527
86,0.12468183681721655,0.992196774620783,45.36226211300149,11.01982043353385
87,0.09449137597528104,0.9955256801641523,45.36226437118917,11.019842303479797
88,0.14111189439217753,0.9899936531418022,45.3622625247323,11.01983725695593
89,0.14424621756447287,0.9895418276749814,45.36226344997878,11.019848742595968
90,-0.9613115637697692,0.2754633866097652,45.36226624428871,11.019848726146549
91,-0.9494495331146636,0.31391970958884885,45.36223433358682,11.019855790916518
92,-0.9508691322333852,0.30959310936409573,45.36220479922326,11.019874641595395
93,-0.9623533376751876,0.2718014964370624,45.36216306927722,11.019880177734725
94,-0.9461536083827943,0.32371800898964215,45.362134859623815,11.019892364007514
95,-0.9463097971459212,0.3232611449364824,45.36210036559242,11.019898352294781
96,-0.9605834793848016,0.2779916889638762,45.362072099742285,11.019903359268465
97,-0.9587627759612907,0.28420756399329,45.362034440888905,11.019923554333074
98,-0.9512567627175699,0.3084000184566937,45.36201610315388,11.019935402852987
99,-0.9549099135254574,0.2968957006270107,45.36197344131639,11.01994460762109
100,-0.9524292384026907,0.3047598166354459,45.36194605131374,11.01994831396305
101,-0.9562638781300217,0.29250537667491,45.361908852958834,11.019966105997648
102,-0.9577611961361056,0.28756475996883973,45.36187789575725,11.019978247158532
103,-0.9465104395537955,0.32267319041978176,45.36184138639858,11.019982692987423
104,-0.9469227371115844,0.3214612417401283,45.36181409519839,11.019993925874953
105,-0.9439860304524296,0.3299854152999262,45.36177630496214,11.02000154853592
106,-0.9600782888467403,0.2797314413595926,45.361745169784555,11.02001441177984
107,-0.9441809753783532,0.32942720855081414,45.36171776595453,11.020013421476373
108,-0.9493278238755866,0.31428757979857125,45.36168141021337,11.020031934085424
109,-0.9424800813788441,0.33426231645838794,45.36165655821373,11.02004366179039
110,-0.9521854202473001,0.30552074474325397,45.36162156607059,11.020057492491905
111,-0.9559033474237485,0.2936814437176316,45.36159022142182,11.020068042748344
112,-0.9503240830161193,0.31126216801849216,45.36155791302138,11.020068371856057
113,-0.9514960748469784,0.3076608840115904,45.36152562570513,11.020080480476638
114,-0.9624875715699893,0.27132577204037356,45.36150395254805,11.020095074257112
115,-0.9460495519863975,0.3240219825665175,45.36145645491356,11.020100828428694
116,-0.9548073266013093,0.2972254515825665,45.36142941298897,11.020113301251548
117,-0.9587709800628497,0.28417988632083524,45.36138697719798,11.02012416944157
118,-0.9526358275708896,0.3041134328311169,45.36136147022294,11.020137596073441
119,-0.9490685852969227,0.3150695485166693,45.361317712120766,11.020149108982206
120,-0.9509985697938367,0.3091952785054734,45.36129959739976,11.020163321042432
121,-0.9583508143854718,0.2855936213690757,45.361259074658236,11.020162099367438
122,-0.9590946231803663,0.2830856827649732,45.36122595821904,11.020167886865437
123,-0.9521101679126497,0.3057551768283673,45.36120178976228,11.020179486999456
124,-0.9470897769395992,0.32096877483097985,45.36117016996031,11.020194015797719
125,-0.9525733513837471,0.30430907024526266,45.3611330813096,11.020208393385467
126,-0.958944157975848,0.2835949609636814,45.36110016762945,11.02020950497301
127,-0.9586059349917575,0.2847361259106022,45.36107736601203,11.020229644173478
128,-0.9528109938893021,0.3035641776028264,45.361043002319335,11.020246084323615
129,-0.9560324167792938,0.29326100672803845,45.36100830435952,11.020250914319469
130,-0.9502856103284509,0.31137960563062494,45.360977860162016,11.020258058755564
131,-0.9488094852939206,0.3158489522165388,45.36094291514278,11.02026259643048
132,-0.9602894659010894,0.27900563019301294,45.36090901774785,11.020270303835094
133,-0.9450335214737078,0.326973459612555,45.360881668910054,11.02027847733344
134,-0.9415824731942235,0.3367824908950127,45.360853830093966,11.020284836335378
135,-0.9497759278051963,0.31293080219399727,45.360815642231024,11.020297882895738
136,-0.9515045709936583,0.30763460692544725,45.360782450473636,11.020319877718874
137,-0.957723657189724,0.2876897573066168,45.36074474518506,11.02033846939603
138,-0.9464047687333519,0.3229829929249691,45.36071758247383,11.020347318339484
139,-0.9499446160040365,0.3124183517736173,45.360687893131406,11.020355701980082
140,-0.949343760178735,0.3142394389787833,45.36065417847052,11.020348115770503
141,-0.9439725200137122,0.33002406193937084,45.36061456284045,11.020361044005886
142,-0.9589044227500501,0.2837292865221942,45.360578743171374,11.020376404113446
143,-0.9621929019599235,0.272368903177182,45.360561394651796,11.02039120966288
144,-0.9520822845785823,0.30584199089011216,45.36052375078385,11.020392623118033
145,-0.9427926198961593,0.333379777235117,45.360485079953555,11.020398825627122
146,-0.9607219119856983,0.27751289669228735,45.36046028430159,11.02041961859467
147,-0.9555405504347718,0.29485972338522826,45.36042019714185,11.020429869832142
148,-0.95627267261665,0.2924766240344846,45.3603875941423,11.02044005122934
149,-0.9620773436995839,0.2727768038891004,45.360352284600324,11.02044827531109
150,-0.9543195833422934,0.29878777225547837,45.36031765990959,11.020449356550184
151,-0.9492868724205658,0.3144112495601588,45.36029701793046,11.020471184219065
152,-0.9534472655892453,0.3015597979512374,45.360262874882686,11.020478998717454
153,-0.9567712989180629,0.290841334006435,45.3602314069388,11.020494720722773
154,-0.9475080079255918,0.31973203611286255,45.3602016967822,11.020501905152793
155,-0.96285266978076,0.2700272880581938,45.3601709678767,11.02051430607501
156,-0.9493702566116272,0.31415937971223007,45.360133087371125,11.020522766612958
157,-0.9465026453534905,0.32269605256160877,45.36010285273769,11.020521643867905
158,-0.9614255117704956,0.2750654200673734,45.360070846867416,11.020543237989495
159,-0.9554401518747654,0.29518488475110854,45.36004554603643,11.020550070690756
160,-0.9475995561501133,0.31946060975354756,45.36000307662677,11.02056294368202
161,-0.9596604558043557,0.28116153642590636,45.359976791980024,11.02057044668369
162,-0.955778471802892,0.2940875938187946,45.35993814166701,11.020588753723887
163,-0.9526571387952755,0.3040466673101341,45.35990333144702,11.020584204109971
164,-0.9573137296221107,0.28905090049505866,45.359884070254985,11.020597774249797
165,-0.9476474473751887,0.31931851728844185,45.359838199403626,11.020614855539991
166,-0.9527954674142097,0.30361290696368226,45.35980978397628,11.020628173502473
167,-0.9606216302257877,0.2778598271473404,45.35977304729915,11.02063825348563
168,-0.9503578278570836,0.3111591217219349,45.35974978439882,11.020641600867965
169,-0.9611686721920871,0.275961561809793,45.359716242245874,11.020656713020681
170,0.1063058505476394,0.994333478335786,45.35968130790174,11.020661201977768
171,0.13593116117260193,0.9907182845906641,45.35968103938008,11.020666506661927
172,0.11360391803043716,0.9935261193386582,45.35968228440741,11.020674694051245
173,0.13222921622666287,0.9912191656622074,45.359686407206084,11.020688246758642
174,0.15529250951014334,0.9878685319869451,45.35968716959723,11.020691826891477
175,0.1462920741884003,0.9892414412213307,45.35968158914114,11.02069758537518
176,0.1093751913204028,0.9940005369835699,45.359695114782625,11.020707375297954
177,0.13086824598348826,0.99139976911093,45.35968844991622,11.020722986597555
178,0.14058930399215952,0.9900680015044422,45.35969307355009,11.02072300670221
179,0.1618405858018868,0.986816915535654,45.35969300604572,11.020725089397276
180,0.9601769187405051,-0.27939270698783364,45.359697048959056,11.020733527727996
181,0.9508159731360074,-0.30975633202475017,45.359729921578825,11.020715895610836
182,0.9518696354077589,-0.3065031764740785,45.35975611139224,11.020704812059467
183,0.9558911724777146,-0.29372106900796224,45.35978924398816,11.020695731073626
184,0.9513745128125407,-0.3080365828447993,45.35982093477611,11.020691183162967
185,0.9618185925468373,-0.2736877692393669,45.35986058259784,11.020684086633436
186,0.9572005141752497,-0.2894255960737365,45.35988870868521,11.020670122781082
187,0.944857763637615,-0.3274810017294512,45.35992189168426,11.02066204690196
188,0.9505873731799482,-0.31045715638529875,45.35996010075854,11.02065039848685
189,0.9524645384871315,-0.30464947550339805,45.359984182952275,11.020643814732042
190,0.9447343681138292,-0.32783680956317884,45.36001461436785,11.020625307352317
191,0.9498986924463063,-0.31255795316836443,45.36004770533397,11.020624780327642
192,0.9471694355968167,-0.3207336282200663,45.36008054448869,11.020610759282015
193,0.9557639183885995,-0.2941348879450898,45.36011613850374,11.020604337967145
194,0.9427117249885502,-0.33360845847956566,45.36015038518998,11.020589385234194
195,0.9575645795218106,-0.2882187989101649,45.360179053342016,11.02057873765528
196,0.9470244625504544,-0.32116143499963246,45.36020890750466,11.020571637525473
197,0.952365404500744,-0.30495923712872547,45.36023815341355,11.020557255349082
198,0.955617166862237,-0.2946113208927852,45.36027577277112,11.020553090938629
199,0.9560430489229156,-0.2932263436428856,45.360312931692825,11.02054631110352
200,0.952328087740276,-0.3050757501030673,45.36034289640788,11.020528652685211
201,0.9556300503018961,-0.29456952822720084,45.36037303505885,11.020514079036497
202,0.9535343719047964,-0.30128425381377866,45.36040453064749,11.020504393022216
203,0.9507008737467786,-0.3101094140091714,45.360437081003866,11.020495241183173
204,0.9522405741167203,-0.30534879892650485,45.36046612950331,11.020477257066755
205,0.9471294770596183,-0.3208516069537039,45.36051074549981,11.020475430408208
206,0.9573332125919207,-0.28898636657882726,45.3605265766062,11.020463672040776
207,0.9599864172927619,-0.28004656508053666,45.36056765652372,11.020462162758868
208,0.953678928545511,-0.3008263639515099,45.36059548311542,11.020451863430562
209,0.9605025978460559,-0.2782710181297684,45.36062191598139,11.02043947561373
210,0.9538489264799472,-0.30028690523073476,45.360665816537406,11.020426289739254
211,0.9499730406093463,-0.31233191017799194,45.36068712383012,11.02041508578452
212,0.9480958989275257,-0.31798453804675336,45.36071646097732,11.020405413653192
213,0.9554095569162799,-0.29528389484196005,45.360755797779646,11.020397979952389
214,0.9607343514890897,-0.2774698287541155,45.36079707100896,11.020385159641414
215,0.9506908343645779,-0.31014019000313825,45.360819520443286,11.020380505321334
216,0.9603818284836718,-0.27868753742921337,45.36085705711482,11.020375328277428
217,0.9622849126555063,-0.27204364884257914,45.36088760699431,11.020359911988907
218,0.962187140413138,-0.2723892560722399,45.36091852628296,11.020345909035292
219,0.9595838113484113,-0.2814230072294313,45.36095552224381,11.020332238963098
220,0.9566370596473611,-0.29128257089852,45.36098324655486,11.020329968712153
221,0.9566888550100168,-0.29111240904438124,45.361012067924115,11.020315691641452
222,0.9573021765561214,-0.2890891605731918,45.36104982562143,11.020304231676594
223,0.9450177768304546,-0.3270189619493418,45.36107902426225,11.020292440390646
224,0.9462068836993937,-0.32356225558597246,45.361110466403886,11.020290018091664
225,0.9561534172027236,-0.2928662540675425,45.361139173985514,11.020277640756818
226,0.9497273505389661,-0.313078200515839,45.361178818058534,11.020266844865464
227,0.9498667130619132,-0.3126551253649253,45.361206868347516,11.02025935031009
228,0.9547070576426928,-0.2975473644434313,45.36124312324629,11.020254221390859
229,0.9552407315258828,-0.29582958748897353,45.361267646539595,11.02023215788484
230,0.9594652944297188,-0.2818268063632219,45.361302324462976,11.020226552070367
231,0.9576037459749169,-0.2880886420787998,45.36133861277861,11.020211202007463
232,0.9486487925341598,-0.31633126374653636,45.36136444117631,11.020199298182625
233,0.9452618743211214,-0.32631271650813803,45.361400298084824,11.02019848551727
234,0.9585056882254809,-0.2850734039495745,45.36142084917906,11.020183282151281
235,0.9531507744060809,-0.3024956218676369,45.36147012448107,11.020177230734213
236,0.951953971348867,-0.3062411409871651,45.361494354993376,11.020166529679202
237,0.9504073341674765,-0.3110078763643628,45.36152501810955,11.020162118277991
238,0.943222663911634,-0.332161114947913,45.36156431509805,11.020146670537144
239,0.9608264948823891,-0.2771505849389861,45.361600579487266,11.020137686614211
240,0.9620228160818278,-0.27296904831498686,45.361631113964464,11.02012362048407
241,0.9511367203603575,-0.3087700425594153,45.36165148833312,11.020110513799883
242,0.9521091733291269,-0.3057582739068995,45.36169499592883,11.020108251247796
243,0.9528833738534331,-0.3033369015363912,45.36172273580082,11.020085163225332
244,0.9574066484403811,-0.28874298177125685,45.361754602991624,11.02008065886882
245,0.9615429884747267,-0.2746544762334879,45.36178477089784,11.020082404358842
246,0.9547323332323329,-0.2974662533477464,45.36182617506194,11.020062899942287
247,0.9551224401085759,-0.2962112833790094,45.36184908704282,11.020054229606169
248,0.9597605011875782,-0.28081983612303607,45.36188237363583,11.02004472764907
249,0.9501355089448564,-0.31183732079739696,45.36191767817206,11.02003825496399
250,0.959765681761692,-0.2808021298218991,45.36193580466882,11.020025248974655
251,0.9368037313574852,-0.3498553542747242,45.361981525646634,11.020005648333653
252,0.9546513442343109,-0.2977260669669744,45.36200972518331,11.020002464414398
253,0.9487993004550248,-0.31587954580196476,45.362042757330784,11.019988829582495
254,0.9381497277619351,-0.3462298200620611,45.362074050033065,11.019981710735575
255,0.956845523595275,-0.29059704743111897,45.36210716321741,11.01998278981604
256,0.9598213035480399,-0.28061194781288545,45.362144330818424,11.019957771302789
257,0.960974606526916,-0.2766365948504263,45.36217124447315,11.019949508445364
258,0.9630069353852783,-0.26947660826100384,45.362200963974615,11.019935736199972
259,0.9535108132148884,-0.30135880455410996,45.362234569787994,11.019929697445658
260,0.13751750945248387,0.9904993359886649,45.362268932533574,11.01992098576854
261,0.10659346719229788,0.9943026866864659,45.362276343019175,11.019935416625383
262,0.11225561201707386,0.9936793635628508,45.36227777169695,11.01992913312305
263,0.14851535747576924,0.9889101013711229,45.3622723392277,11.019947808739111
264,0.12296949669882241,0.9924104508123835,45.36228073441776,11.019944505698795
265,0.14403566913013072,0.9895724965954923,45.362274402162676,11.019967216360607
266,0.11161274378334284,0.9937517775708147,45.3622830391878,11.019971940909015
267,0.11810118560413167,0.9930015659398017,45.36228648872383,11.01997876202134
268,0.11157613264622207,0.9937558888498285,45.362290763536194,11.019981059341394
269,0.15391251409453224,0.9880844791843967,45.36228667258472,11.019990630463887
270,-0.9483787385301312,0.3171399821908253,45.362293888430194,11.019995295946169
271,-0.9541830653709923,0.29922345790264604,45.36226070244646,11.019995597767455
272,-0.9677961669756747,0.25173513697374833,45.362226132508006,11.02002113851057
273,-0.9485609336501865,0.31659462274758626,45.36219412799048,11.020023072048764
274,-0.958184265510149,0.2861519060372939,45.36216690834085,11.020042050928412
275,-0.9497106493046432,0.3131288594131064,45.36212889113443,11.020041172315626
276,-0.9555041049171344,0.2949778050743917,45.3621078140947,11.020056268626323
277,-0.9512188386092779,0.3085169704810685,45.36206989124674,11.020063806761076
278,-0.9404595467702692,0.3399056352705258,45.36203500774746,11.020082619258623
279,-0.94045409051998,0.3399207313834172,45.36200461153845,11.020085487469817
280,-0.9602395762073219,0.27917728468695796,45.36196530795633,11.020099178331792
281,-0.957210921189193,0.28939117532526193,45.36194002337916,11.020100467478468
282,-0.9442228176596256,0.3293072586672173,45.361900787545444,11.020120095402486
283,-0.9587211880933857,0.2843478213400044,45.36186905560471,11.020125661573616
284,-0.9545081817304889,0.2981847263183613,45.36185305309265,11.020132754228909
285,-0.9514747024056323,0.3077269742517116,45.3618084081343,11.020148197067511
286,-0.9404520203939871,0.33992645871845223,45.36177473723824,11.020150592035828
287,-0.9545103356437261,0.2981778314182684,45.36174309167223,11.020170105533278
288,-0.9526842271811417,0.3039617793083051,45.36171337195214,11.02018074178289
289,-0.9549815467318787,0.29666520760208565,45.36168505569069,11.02017907131174
290,-0.9489630578830675,0.3153872457364407,45.361643073400515,11.02019697234575
291,-0.9558791235579994,0.29376027836654656,45.361613366119435,11.02020333363633
292,-0.9524269011318636,0.30476712093064673,45.3615829846716,11.020211399734356
293,-0.9529230106947397,0.3032123607118829,45.36155017408701,11.020220156084466
294,-0.9463091358129366,0.32326308090620715,45.3615041541894,11.020237022954593
295,-0.9642474931453688,0.2650033433050835,45.3614812887627,11.020249425952805
296,-0.9517558009021767,0.3068564736958571,45.36145518499321,11.020258672131838
297,-0.9574945770601847,0.2884512695419074,45.361422401933034,11.020256771226316
298,-0.9500137926219877,0.31220793364036553,45.36138285873285,11.020273927604752
299,-0.9481120201160461,0.31793646741364895,45.36136109582181,11.020281092833683
300,-0.9573930992670965,0.28878790396369347,45.36131480912619,11.020291074801213
301,-0.9535342216430027,0.30128472937683537,45.36128737258247,11.020296274026752
302,-0.9493708185991995,0.3141576814153775,45.36125835176402,11.020303870759676
303,-0.9604860828268866,0.2783280163689296,45.36122725994205,11.020325650916545
304,-0.9486286730218593,0.3163915939477317,45.361190350229094,11.02033356868945
305,-0.9450853072182619,0.3268237477298176,45.36115557432292,11.020348029171023
306,-0.9596124415552433,0.28132536681285053,45.36112839668209,11.020354635370042
307,-0.9496182426223728,0.31340898723360877,45.36109069485107,11.020365770320135
308,-0.9509945344231315,0.30920768990652764,45.361068691508954,11.020374695266877
309,-0.9479958318338176,0.3182827403829938,45.36103234424127,11.020380014007925
310,-0.9531175817729077,0.30260019054085974,45.36098989753981,11.020399242076916
311,-0.9533316040935397,0.30192524345678456,45.36096476930581,11.02040181643621
312,-0.9590835675746168,0.2831231364765965,45.36093680604431,11.02041441586662
313,-0.9575418254295891,0.2882943852262308,45.36091313900481,11.020427522155131
314,-0.9439603085452922,0.33005898850217164,45.3608610992256,11.020438178298123
315,-0.9610435478898636,0.27639699538754664,45.36083296684382,11.02044375859549
316,-0.9506890940390632,0.3101455246737975,45.360802281753976,11.020468421722004
317,-0.9563953779121674,0.2920751292189091,45.3607742504312,11.02046866197935
318,-0.9481056659738812,0.3179554153465909,45.360735854586444,11.020477773635708
319,-0.9564715083561831,0.2918257248819026,45.36070592092705,11.020490288440595
320,-0.9458692496540416,0.32454793568731927,45.36067713181163,11.020501244591099
321,-0.9585218427296156,0.28501908183527314,45.360644547176356,11.020509157484481
322,-0.9554881753263932,0.29502939991031346,45.360605886387965,11.020509809437034
323,-0.9511584566565858,0.3087030779416717,45.36057482808358,11.02052107815661
324,-0.9585563746988337,0.28490292473793427,45.36054377279932,11.020528875549317
325,-0.9559372157397626,0.29357118312891417,45.36050977853213,11.020544375147333
326,-0.9600935763763239,0.27967896703349004,45.36048676544787,11.020553823345729
327,-0.957894319866984,0.2871210057912309,45.36044626108483,11.020572274464492
328,-0.9392747976994524,0.3431659283883711,45.360405224844776,11.020576342227065
329,-0.9498166443012909,0.3128071965416317,45.36038848437657,11.02057799310563
330,-0.9430571204985284,0.3326308276107674,45.36036027878837,11.020595335750313
331,-0.9584284507570711,0.28533297177052747,45.360317726619456,11.020600394610764
332,-0.9471234110154947,0.3208695128964021,45.360285093771665,11.020605468425407
333,-0.9598863615254195,0.28038932390069987,45.36025505661877,11.020632605299067
334,-0.9538036706619469,0.30043062066273507,45.36021674309095,11.02063574691761
335,-0.9548538892243345,0.29707583246228964,45.36018320944835,11.020639239757383
336,-0.9556691354276908,0.29444270001290573,45.36015673760736,11.02065948291181
337,-0.9554572322607718,0.2951295941117827,45.36012493532053,11.020671948913957
338,-0.9491309733285643,0.31488155784099553,45.360091923141695,11.020688190217077
339,-0.9517485359081881,0.3068790061190572,45.36006492873624,11.020688364441781
340,-0.9508467365139908,0.309661886031674,45.36001714386275,11.020684728647554
341,-0.9559847115380762,0.29341648097109563,45.359997774782954,11.020705027143627
342,-0.9651165750616485,0.2618205426265737,45.359967039513464,11.020719786924783
343,-0.9567240542536535,0.290996707906554,45.359940054558464,11.020737133606264
344,-0.9421644020306075,0.3351510697376751,45.35989816945473,11.020747046141521
345,-0.9409243792932523,0.3386167633942652,45.359869262966775,11.02074812789988
346,-0.9522244748207527,0.3053990005752175,45.35983429968385,11.020764112147248
347,-0.9504334812685925,0.3109279622093582,45.359800151773705,11.020766546516619
348,-0.9469314782297918,0.3214354920315136,45.359777746107376,11.020773440921344
349,-0.9528841871071089,0.30333434682083776,45.359734538901044,11.020788050006985
350,0.14647244161880224,0.9892147511264814,45.35970330893493,11.02079679937285
351,0.1667557823966392,0.9859982297333423,45.35970437868761,11.020806370495226
352,0.12269732243756902,0.9924441380081054,45.35970110167792,11.020815144647536
353,0.129972631437003,0.9915175818296622,45.35971130488371,11.020823070316984
354,0.15433776683313283,0.9880181444330673,45.3597090738254,11.020825507032129
355,0.11794439497813054,0.9930202010499297,45.35970879707906,11.020836298473053
356,0.10905782788314435,0.9940354069033006,45.3597096009021,11.020842749180138
357,0.14738874677945218,0.9890786406159939,45.359716394093944,11.020856908359205
358,0.14825641471980253,0.9889489549488537,45.35971168753089,11.020853043570366
359,0.146141529474738,0.9892636925323725,45.35970548624432,11.020868312006689
360,0.9566249936048299,-0.29132219553367217,45.359719788508706,11.020878253586059
361,0.9557748616474555,-0.29409932649155673,45.3597585876476,11.020872108511393
362,0.9516246804374409,-0.30726286398186564,45.359780225332806,11.020850853127095
363,0.9524861291240599,-0.3045819656944,45.35980451009504,11.020843254381408
364,0.9487232055098189,-0.3161080184480834,45.359853451519925,11.02083869332591
365,0.9482857093301387,-0.3174180421466866,45.359885429193945,11.020834610937053
366,0.9532667993504875,-0.3021297887598595,45.35991486927984,11.020814200039439
367,0.9507539544707643,-0.3099466374365174,45.359945518621956,11.020811615414917
368,0.9488288352934005,-0.3157908189225412,45.359979610727315,11.020795928934632
369,0.9540468641410288,-0.29965743945824097,45.36001096892189,11.020799757298184
370,0.9463169851226373,-0.3232401021971165,45.360050015914254,11.020778944663393
371,0.9493583133801696,-0.3141954691206727,45.36007491378993,11.020772504037774
372,0.9542141164983162,-0.29912442206436085,45.360103051289485,11.02075379760047
373,0.9494915279411832,-0.31379266780458287,45.360137990114055,11.020752500077743
374,0.9532134596835462,-0.3022980322101426,45.36017679191843,11.020736775377475
375,0.939258754512419,-0.3432098367934394,45.36020548694005,11.020715375939675
376,0.9592296702985444,-0.2826277403563667,45.3602362440315,11.020719152482943
377,0.9628581577346514,-0.2700077185634386,45.36027050181098,11.020700454674596
378,0.9493751220249625,-0.3141446763516574,45.36030139257373,11.020691637505054
379,0.9488197949649351,-0.3158179803030513,45.360336245069725,11.020687348203413
380,0.9544330295185401,-0.2984251868794949,45.360363982047,11.020673240980452
381,0.9511186405058131,-0.3088257302790262,45.36039545893005,11.02066239933529
382,0.9501620747317557,-0.31175636599987094,45.36043284654541,11.020661054865831
383,0.9426857046283391,-0.333681977771308,45.360466798675404,11.020640644285178
384,0.960046012037349,-0.27984219619489537,45.360493004975375,11.02062825730024
385,0.9557567924533972,-0.29415804201006285,45.36052572080179,11.020620614187795
386,0.9501940033427002,-0.3116590380713716,45.3605579737263,11.020621914484503
387,0.9558171070298426,-0.2939620007910929,45.36058917126052,11.020600435109968
388,0.9551592384577402,-0.2960926023878843,45.36062353193529,11.020590469658684
389,0.9535435023980406,-0.3012553551963482,45.36066118315054,11.02058126848151
390,0.958093503558927,-0.28645564829163406,45.36069490226858,11.020569669331012
391,0.9538091874465476,-0.3004131054773687,45.360719281759295,11.020557958778335
392,0.9577770330786043,-0.2875120082833866,45.360761714559814,11.020551698721096
393,0.9608241609738545,-0.2771586760122954,45.36078274529904,11.020543057014242
394,0.9478630068885961,-0.31867808235288014,45.36081752129249,11.020532999095316
395,0.9513012013788122,-0.3082629141742946,45.36084640124694,11.020526889793095
396,0.954752168620413,-0.29740258323460883,45.36087415983947,11.020509847940506
397,0.9608184207236106,-0.27717857492632236,45.36091595194212,11.020509838566067
398,0.9519217873416742,-0.30634116730245775,45.36095219471164,11.020494368346192
399,0.949630011771574,-0.3133733248742148,45.36097472852751,11.020483043708106
400,0.9511612542725433,-0.308694457952653,45.36101026819355,11.020465204596249
401,0.9487931894908731,-0.3158979005560754,45.36103896081378,11.020461828687539
402,0.954503966869326,-0.29819821802069935,45.361075533689586,11.020456373120597
403,0.9474639326256318,-0.31986262109470115,45.36111373476717,11.020435296865108
404,0.9483511392250435,-0.31722250350591774,45.36114933858163,11.020438097388999
405,0.9658626331226077,-0.2590547701499877,45.361179187299975,11.020420993004635
406,0.9545606612718016,-0.2980166840167523,45.36121328130762,11.020404991986696
407,0.9586198014609489,-0.28468943824274684,45.36124417845206,11.020402525786157
408,0.9576573640744627,-0.28791035589910996,45.36127695515322,11.02040604119435
409,0.9382897821588679,-0.34585008991796456,45.36131009815419,11.020381284752347
410,0.951998870491808,-0.30610153639327214,45.36132673455902,11.020369998694154
411,0.9473730706272719,-0.32013163706552644,45.36136475479805,11.020351648174389
412,0.9452987011920255,-0.32620601699642143,45.36140511789697,11.02035804342671
413,0.9574514777340556,-0.2885942961752245,45.36142954115568,11.02034561230409
414,0.9476190542858077,-0.3194027676061548,45.36147164688854,11.02033448384993
415,0.9571472979992672,-0.2896015364819426,45.361487875911955,11.020319184911695
416,0.948009433844838,-0.3182422243216471,45.361524422393245,11.020310255158346
417,0.9431472345950247,-0.3323752305388557,45.36156385634331,11.020308010257901
418,0.9467909582146223,-0.32184915945678216,45.36159533193028,11.020288270278552
419,0.9572850492363988,-0.2891458706405221,45.36162749748787,11.020281384817107
420,0.9538303608155142,-0.3003458719319212,45.36166268757606,11.02027295412759
421,0.9544073004598088,-0.29850746193189254,45.3616927576798,11.020263879224657
422,0.958605767843665,-0.28473668863856894,45.36172745797043,11.020252814171567
423,0.9589322807473553,-0.2836351193711306,45.36176007465483,11.020246342028743
424,0.9456072083219871,-0.3253106324261446,45.361788464112465,11.020231473013958
425,0.9539632224576948,-0.2999236072704693,45.36182611951555,11.02022718882289
426,0.9583090364407815,-0.28573377587527343,45.36186452773806,11.020211127226407
427,0.9514879227334181,-0.3076860947336507,45.361892642723966,11.020191381960204
428,0.9500307469744146,-0.312156338720257,45.36191055131901,11.020186585471706
429,0.9522213297265577,-0.30540880670633286,45.36195901749926,11.020180241384782
430,0.9456742931903577,-0.3251155659129802,45.36197678908027,11.020169748374343
431,0.9467936057051872,-0.3218413711687334,45.36201059092048,11.020158293887466
432,0.9575716196547288,-0.2881954080685872,45.36204384147718,11.02014532823426
433,0.94783066170977,-0.3187742723665437,45.362079498571006,11.020141209658256
434,0.947198997310101,-0.3206463152676782,45.36211279005733,11.020131588886231
435,0.9478051275714658,-0.31885018448989066,45.36214095612156,11.020123184173407
436,0.9510262999528108,-0.3091099752483995,45.36216691183243,11.020098806033939
437,0.9488311311140402,-0.31578392078896456,45.362222593571786,11.020100416708543
438,0.9553232262955477,-0.29556307837797646,45.36223431582947,11.02008609202174
439,0.9481563955802349,-0.3178041055749549,45.362267201573424,11.02008265470759
440,0.14493142914699264,0.9894417015900483,45.3623048671935,11.020068260891872
441,0.1250919728434301,0.9921451498294686,45.3623069057192,11.020072185014383
442,0.14096495024783404,0.9900145871660809,45.36230906115866,11.020075132377679
443,0.0920196138495441,0.9957571946348069,45.36229610115203,11.020087778278064
444,0.12146258278861508,0.9925960109643394,45.36231102380468,11.020091842220165
445,0.1283267980612339,0.9917319360085927,45.362310094799206,11.020101454524792
446,0.15157468856694906,0.9884458072073716,45.3623094778594,11.02011014148684
447,0.11833829819539841,0.9929733365907752,45.362314071402544,11.020117317895675
448,0.12615361983922097,0.9920107177855798,45.362307738720936,11.02011542971586
449,0.13901499331131137,0.9902902764516351,45.362303228055254,11.020120557241716
450,-0.9461920956461515,0.32360549769239716,45.362307464185434,11.020132007913595
451,-0.9470144027895062,0.32119109718240135,45.36227324553617,11.020144371024415
452,-0.9438280067246264,0.33043712521782187,45.36223989156366,11.020157168994377
453,-0.9586375714428486,0.28462959547130284,45.36221188064291,11.020166723756487
454,-0.9508405042369125,0.30968102218653,45.362183026601706,11.020167194317862
455,-0.9569696564846161,0.29018800210848805,45.36215384369222,11.02018316156666
456,-0.9583113015428735,0.2857261789462138,45.36211329676827,11.020184295340316
457,-0.95807511123,0.2865171569760231,45.3620807681507,11.020192734881052
458,-0.9482522939383119,0.31751785310550534,45.362049350992265,11.020208725725636
459,-0.96079382142107,0.27726383233140445,45.36202028414716,11.020218881630504
460,-0.9600803202463579,0.2797244692114917,45.36197474076876,11.020232380794369
461,-0.9602405998432613,0.27917376383294645,45.36195821368137,11.020240139275218
462,-0.9455022878041865,0.32561545380563445,45.3619125091414,11.020264781570372
463,-0.9621179898088721,0.2726334053012125,45.361883316523816,11.020267225206611
464,-0.9559363308137899,0.2935740646417329,45.36185929215354,11.020275213142268
465,-0.9577680117200662,0.28754205905535146,45.36181691828923,11.02028110232715
466,-0.9624780691316323,0.2713594782583518,45.3617840945471,11.020295643737942
467,-0.95392277694906,0.3000522214845174,45.36175753006881,11.020294298306984
468,-0.9509825338488349,0.30924459625747636,45.36172039869585,11.020306123823863
469,-0.9517686898928817,0.3068164939171096,45.36169945627092,11.020318139127017
470,-0.9491387205879033,0.31485820472199555,45.361661425082076,11.020328398964084
471,-0.9543864849644386,0.2985740064326153,45.36163413606578,11.020342091557346
472,-0.9612905422717201,0.27553673682277363,45.36158956259276,11.020346294767696
473,-0.9542809336412404,0.29891119030374624,45.361564202137785,11.020361511488542
474,-0.9540240536735383,0.29973005356872345,45.36153629769532,11.020368701261615
475,-0.9556290924718363,0.29457263556117125,45.361494062268896,11.020379329858951
476,-0.9552141676293812,0.2959153493148142,45.3614647047015,11.020396822745315
477,-0.950645908455507,0.31027787020154013,45.361432139406546,11.020405302632344
478,-0.9479064199486735,0.31854892719971456,45.36139621390411,11.020400733465284
479,-0.9469025374059332,0.32152073751813465,45.36136463680538,11.02042474948041
480,-0.9502993045791386,0.31133780964798596,45.36134017465363,11.020438142478085
481,-0.9541553515585769,0.299311819165446,45.361298703290466,11.02044271925804
482,-0.9550484395929975,0.2964497900673581,45.36127532506192,11.020455812291855
483,-0.9628059877488551,0.27019368970231633,45.36123730396753,11.0204636283075
484,-0.9545689851495617,0.2979900209579775,45.36120395388117,11.020474225412492
485,-0.9535686707782232,0.3011756798120538,45.361173423520405,11.020478840824822
486,-0.9460349788989633,0.32406452860447105,45.36114107357733,11.020487997965954
487,-0.9474167365419621,0.32000238642888007,45.36111524535105,11.020501041588904
488,-0.9482905998294703,0.3174034314166491,45.36108807609495,11.020508986402337
489,-0.9517030353388607,0.3070200848915251,45.361050517854636,11.020518369318124
490,-0.9605925365212035,0.27796039066701633,45.36100954518337,11.020530293428527
491,-0.9538262120497819,0.30035904715317724,45.36098277397377,11.020544876229593
492,-0.9578542229848518,0.2872547432333989,45.36094183217569,11.02055254206806
493,-0.9536510446771358,0.3009147470401004,45.36091205915848,11.02056963407984
494,-0.9589701934348525,0.2835069101512723,45.36087654224501,11.020573539250965
495,-0.9565836046619332,0.2914580712417866,45.360852421674146,11.020576244381969
496,-0.9552049663488191,0.29594504939693,45.36081474761827,11.020597973605536
497,-0.9464829805844981,0.3227537257165046,45.36078681212105,11.020587371823243
498,-0.9529932417018958,0.3029915531339316,45.360752579265544,11.020611501290823
499,-0.953740249034086,0.30063189679806024,45.360713604862,11.020625981479393
500,-0.9534938485549092,0.30141247613187483,45.36068788626562,11.020618745096273
501,-0.9514566263579052,0.3077828587813714,45.36065504217758,11.020646989641323
502,-0.9379738358331936,0.3467060473836089,45.36061872990834,11.02064845298807
503,-0.9497333198794593,0.31306009185257183,45.3605950029181,11.020657061644904
504,-0.9479545169031816,0.31840576923613634,45.36056949543843,11.020674193070898
505,-0.9583058614104367,0.285744424243765,45.360520683810456,11.020685853131628
506,-0.9649161934913818,0.26255806888782207,45.36049155408919,11.020690490308423
507,-0.9634167488464604,0.26800777608516535,45.36046007925996,11.020700209404271
508,-0.962710682204634,0.2705330707493784,45.36042562786091,11.020710265915326
509,-0.9550553601784183,0.29642749365480897,45.36039619810619,11.020719784995016
510,-0.9539615669285285,0.2999288729403467,45.360369982123125,11.02072165638752
511,-0.9516645763289867,0.3071392748584431,45.36032847861741,11.020733369543604
512,-0.9520370070990614,0.3059829033032104,45.36030553818101,11.020753409072645
513,-0.9476938209509888,0.3191808605341418,45.36026822309843,11.020763528098742
514,-0.9518634499646145,0.30652238518819763,45.36022770105592,11.020765450269273
515,-0.959884466861464,0.28039581002233777,45.36020494712196,11.020786517157465
516,-0.9561570638448328,0.2928543481999683,45.36017185856536,11.02078690596237
517,-0.9460510824189379,0.3240175141160676,45.36014052636415,11.020808339627902
518,-0.9562079586684563,0.2926881271577373,45.36010481475681,11.020808909299461
519,-0.9589551791112875,0.28355769158257477,45.360060434936095,11.020825420876577
520,-0.9603791166573296,0.2786968824520421,45.360041299382374,11.02082979711141
521,-0.9563896750302869,0.292093802562571,45.36000447976832,11.020835603383919
522,-0.9592061694066107,0.28270748941670504,45.35998409573501,11.020850590004127
523,-0.9511927794297019,0.3085973045261387,45.35994191621783,11.020856119571434
524,-0.9506479245463538,0.3102716931267013,45.35989964377397,11.020864260684373
525,-0.9523316455648525,0.30506464373266867,45.35987436345022,11.020873721413361
526,-0.9528362578661399,0.30348486897315136,45.35985053741657,11.020894115141939
527,-0.9491302625864196,0.31488370018569406,45.35980401613933,11.020900707104868
528,-0.9559382189629769,0.29356791637692914,45.359779732633925,11.020911834429258
529,-0.9492443063785742,0.31453973804252405,45.35975409568982,11.02091197072715
530,0.13001791520180395,0.9915116447760846,45.359715534882504,11.020929428123019
531,0.14060922476595414,0.9900651725571996,45.35971243693437,11.020937761957168
532,0.12596111522432893,0.9920351795432677,45.35972037514101,11.020943769228772
533,0.15876782749315219,0.9873159458618628,45.3597258820791,11.020948127805774
534,0.12459045214128267,0.9922082539644743,45.359719944844876,11.02096859347883
535,0.12103157279323748,0.9926486580795821,45.359713485746575,11.020969039903822
536,0.14327036436263016,0.9896835871607649,45.359722441234666,11.02098194916127
537,0.1154493625747133,0.9933133668088295,45.35972126650247,11.02098506319395
538,0.16368103241239304,0.9865133144709265,45.35972209961313,11.020984157412068
539,0.14339488486441906,0.9896655531010059,45.359712819668204,11.020997804848491
540,0.9619058429189611,-0.2733809601240784,45.359719738717,11.021007913606487
541,0.9550898481954844,-0.29631635438147286,45.35975426556305,11.020989573093313
542,0.9569028211541017,-0.2904083174899115,45.35978580918356,11.020987571911824
543,0.9464950310108222,-0.3227183853947939,45.359809839409984,11.020974643678546
544,0.9465981449887949,-0.3224158059149279,45.359850320978104,11.020973118191536
545,0.9499703828710561,-0.3123399937052877,45.35989472016323,11.020963002122922
546,0.9481170703771422,-0.3179214067335907,45.35992239861018,11.020954320982167
547,0.9519499895233423,-0.30625351825980457,45.35994376737077,11.020947267603272
548,0.949003899730468,-0.31526433083424443,45.3599765831127,11.020926037327575
549,0.9455904729148698,-0.32535927454528324,45.360019510359216,11.020907362136436
550,0.9533869016793028,-0.3017505852626292,45.36004324853275,11.020906645552914
551,0.9622288553942863,-0.27224185910069315,45.360087767871654,11.020895959988136
552,0.9466105013592954,-0.3223795258950287,45.36010667468205,11.020891636011001
553,0.9423407888881836,-0.33465480363741346,45.36014798945096,11.020871936154045
554,0.9592242266908373,-0.28264621513362803,45.360165356556685,11.020861875551166
555,0.949948383149029,-0.31240689709503167,45.360209127442765,11.020857390110391
556,0.9475674972311324,-0.3195556887165802,45.36024694024046,11.020843290052717
557,0.9543750429580883,-0.29861057814274944,45.36027144941055,11.02083488050378
558,0.9579055344266705,-0.28708358907251197,45.36031053681128,11.020831810340995
559,0.9607795320090604,-0.277313344201917,45.36034290969115,11.020821194293902
560,0.9482576574093481,-0.3175018348994781,45.360377493947716,11.020812451571839
561,0.9539597179773889,-0.2999347536990349,45.360401150969444,11.020799627431078
562,0.9589311936665925,-0.28363879461943153,45.36044297630578,11.020789164727908
563,0.942167975494416,-0.3351410239775991,45.36046435050118,11.020771328743598
564,0.9644008666767641,-0.264444641377182,45.36050718683853,11.020772967957543
565,0.9581702859549183,-0.28619871263349544,45.360542870789786,11.02076297887577
566,0.9565349147148628,-0.29161782684093585,45.36056904954711,11.020757578511747
567,0.9592752815961141,-0.2824728909447701,45.360601349819305,11.020744827386451
568,0.9510197188193615,-0.3091302224253438,45.3606262387006,11.020724782591113
569,0.9464898361756225,-0.32273362083340995,45.36066602988239,11.020721538729319
570,0.9627085988856161,-0.27054048427489336,45.36069914007911,11.020699648570698
571,0.9487209367951033,-0.3161148273754676,45.36073443854356,11.020698037822468
572,0.9606564112001915,-0.27773955357487096,45.36076297283657,11.020694016981915
573,0.9543060598970036,-0.29883096232461703,45.360789746491754,11.020680658233973
574,0.9575580146001652,-0.28824060899704923,45.36082676317119,11.020672299765387
575,0.950601260868131,-0.3104146305120292,45.36084755665841,11.020655358465334
576,0.9572752066988561,-0.2891784546602015,45.36090269569415,11.020647266603332
577,0.954621899806018,-0.2978204633848202,45.36092691326845,11.020638221189536
578,0.9596977551685342,-0.281034194938047,45.36095295379171,11.02062178014811
579,0.9556559518102647,-0.29448548651778556,45.36099143581568,11.020608904488235
580,0.9521502693876337,-0.3056302741958926,45.36101952562947,11.020613495194123
581,0.9627548868868129,-0.2703757159501573,45.36105089301049,11.020597829546439
582,0.9442160344647036,-0.32932670748020065,45.361088003207556,11.020592019153145
583,0.9593611882223464,-0.28218098896383437,45.36111710015506,11.02057810809762
584,0.9517566601870564,-0.30685380849776017,45.36114232282058,11.02057263189191
585,0.9501357646839756,-0.3118365415861279,45.36118945333567,11.020565855454915
586,0.9493167943323195,-0.31432089335360536,45.3612193156468,11.020549253552591
587,0.9588176914975126,-0.28402224291660794,45.361246304134276,11.020535824860413
588,0.9554228077947197,-0.295241017383517,45.36128322697587,11.020530311215271
589,0.9534321806139812,-0.3016074882519809,45.36130864219114,11.020521701758758
590,0.9524994904885543,-0.30454017898964403,45.3613469815825,11.020509094489416
591,0.9506171712095526,-0.3103659030910906,45.36138696475273,11.020500280909259
592,0.9589621160281618,-0.28353423077785567,45.361409434491655,11.020481077170086
593,0.9449512666293307,-0.3272110995911104,45.36144574008288,11.020464093100419
594,0.962168442694097,-0.27245529520201334,45.36148244920489,11.020463576604968
595,0.9489275025720244,-0.3154942073357616,45.36151598808503,11.020456267407239
596,0.954250626224084,-0.29900793024758326,45.361544983568415,11.02044931185189
597,0.953209319074299,-0.3023110881689775,45.36158158515858,11.020441949389927
598,0.9560047059751572,-0.29335132887606513,45.36160208826995,11.020429690935263
599,0.9606619093912694,-0.27772053551136705,45.361640732961455,11.020428544109318
600,0.9680046043296412,-0.25093243313014535,45.3616785461887,11.020413610962555
601,0.9580069037459391,-0.2867451348761107,45.361702693547855,11.020392039551243
602,0.946021143878064,-0.32410491408745934,45.361738015894474,11.020395054247842
603,0.9558946045437263,-0.29370989939767633,45.36176669823551,11.020386324858313
604,0.9518073059577248,-0.3066966780477057,45.36180178697034,11.020365111438233
605,0.9552490321227313,-0.29580278333474996,45.36184418673867,11.020364519126707
606,0.957501039932567,-0.2884298156017382,45.36186381761986,11.020350537400981
607,0.955181198373381,-0.29602175304188666,45.36189751663804,11.02033395411947
608,0.9563260197038271,-0.2923021451126133,45.36193672543519,11.020324387746612
609,0.9525196234682848,-0.3044772026077438,45.361964626277235,11.020330483016508
610,0.9577794874341046,-0.2875038320622246,45.3619944016517,11.020310147655088
611,0.9623879232110281,-0.2716790114410099,45.36202984794418,11.020293774396636
612,0.9646728415709221,-0.2634507709904881,45.36206669146774,11.020292881259625
613,0.9650315625936821,-0.2621337124408007,45.36210296549492,11.020280680771272
614,0.9550379783806072,-0.29648349001366464,45.36212417073399,11.02026653873718
615,0.9557597184338232,-0.2941485349603137,45.362159660417,11.020264945217987
616,0.9603702417614713,-0.27872746319480796,45.36218710648348,11.020256085250153
617,0.9588518037474384,-0.2839070595287899,45.362238804463956,11.020238111760435
618,0.9539185196403914,-0.30006575593873447,45.36226174206026,11.020233673678856
619,0.9497997203935313,-0.3128585800970939,45.36229651984753,11.020218091198307
620,0.11092276750050661,0.9938290293858539,45.3623259164489,11.020210576957771
621,0.1139415542875973,0.9934874544786796,45.362332829868954,11.020212330061844
622,0.1489513785050942,0.9888445210655881,45.36233039532038,11.02021271707393
623,0.12178923472108426,0.9925559844694165,45.36231849647102,11.020223787504117
624,0.12252854427834377,0.9924649897286201,45.36232850719255,11.020226955368306
625,0.1612120193993582,0.9869197965393038,45.36232216065779,11.020230229946206
626,0.12119226596502788,0.9926290518971637,45.36232600554872,11.020229946053762
627,0.1216619913672524,0.9925715892854049,45.36232410487573,11.020237932118889
628,0.12941586969678803,0.9915904056971426,45.36233112581599,11.020230947593717
629,0.17411517070705,0.9847252953639685,45.36232560653241,11.020243608599168
630,-0.9571819061974103,0.28948713002185794,45.36232306115101,11.0202474238154
631,-0.9600018525756874,0.27999364823375583,45.362291458400556,11.020262511168285
632,-0.9554740377489094,0.2950751822634288,45.36225447960556,11.02025842086547
633,-0.9432830279979395,0.3319896520842757,45.362222131795804,11.020287226150067
634,-0.9464717071836088,0.32278678334303734,45.36219469019587,11.0202907878018
635,-0.9582479462578839,0.28593858342753903,45.36216005072507,11.020300712285676
636,-0.9546794566849841,0.29763591010438156,45.36213105963123,11.020303955546266
637,-0.954688836419187,0.29760582255154033,45.36209968197779,11.020314140796085
638,-0.943027470391895,0.33271487806568467,45.36206752584891,11.020339337753878
639,-0.9616289850860349,0.27435323042093457,45.36203198081263,11.02034422661824
640,-0.9579777558779763,0.2868424990181831,45.36199837706075,11.020347613790761
641,-0.9531637010199778,0.30245488764094763,45.36196225086289,11.020361830819168
642,-0.9523150724484264,0.3051163758101953,45.36193581867768,11.02037266076703
643,-0.9511439918720886,0.30874764246165226,45.36191058954031,11.02037581033103
644,-0.9556967050569153,0.29435320270612886,45.361885179141716,11.020389228422575
645,-0.9498643123886743,0.3126624186729051,45.36184127162731,11.02039703024524
646,-0.9540849409126333,0.2995361839974214,45.361811873861306,11.020419159133091
647,-0.9607647008587714,0.2773647230340503,45.36177736033894,11.020427562152996
648,-0.956515803771114,0.291680505238351,45.36174421776335,11.020434951689115
649,-0.9462275062269524,0.3235019419717951,45.36171808859704,11.02044490197248
650,-0.9558378863355511,0.29389442840174107,45.36167772245872,11.020457538951698
651,-0.9523198395904394,0.3051014964277292,45.36164363875181,11.020463977967367
652,-0.9501163610094746,0.31189565649767176,45.36161348763073,11.020479424921502
653,-0.9560158188578382,0.29331511057832865,45.361586462164304,11.020492551381226
654,-0.954219885524105,0.29910601811124443,45.36154515386411,11.020504128354997
655,-0.9565490563410574,0.29157143689503046,45.361516646957575,11.020518349070523
656,-0.9582877422636439,0.2858051836955515,45.361484771086346,11.020519740901483
657,-0.954368473527765,0.29863157357567494,45.36144827400758,11.020528141967379
658,-0.9399254904667438,0.3413796601598447,45.3614284648705,11.020541816979211
659,-0.9378993343242809,0.34690753620247416,45.361390911296446,11.020560235960696
660,-0.9474591927194349,0.3198766608107517,45.36135225774303,11.02056508224121
661,-0.9556069450041204,0.2946444750201369,45.36132535049011,11.020579020675502
662,-0.9560757207923819,0.2931197982247658,45.36129539770655,11.020578383472953
663,-0.9524486555750505,0.30469912781837566,45.36126539040092,11.020593113121416
664,-0.9517117991504206,0.3069929174392619,45.36123673139699,11.020604627838068
665,-0.9518539213161874,0.3065519735297709,45.36120271874674,11.020611171120144
666,-0.9568613022751102,0.2905450880816609,45.361169511344606,11.020622037634842
667,-0.9499224799578535,0.3124856509837236,45.36113155541643,11.020634108072679
668,-0.9568250967548302,0.290664298151854,45.36110188564302,11.020656553001924
669,-0.9530796661606483,0.3027195896388391,45.36106762213244,11.020654148077128
670,-0.9611205354532227,0.27612916602581195,45.36103764486088,11.020677700702725
671,-0.9614428472911745,0.27500482067163734,45.36100757710767,11.020678322219352
672,-0.9497007132129464,0.3131589936802405,45.36098040843435,11.020688044550212
673,-0.9553344568677176,0.2955267763185986,45.36093626483683,11.020701138714601
674,-0.9504828570588053,0.3107769914863882,45.36091241378592,11.02071162401452
675,-0.953051363755271,0.30280868224708835,45.360881248546434,11.020727144231232
676,-0.9387875269014327,0.3444967043881431,45.360845234719605,11.020727613292184
677,-0.959553288008895,0.2815270634793726,45.36081652214235,11.020735520503797
678,-0.9489743285767809,0.3153533315223542,45.360784322089884,11.020756666953138
679,-0.9561611438522137,0.29284102681698526,45.36074811798206,11.020758402902935
680,-0.9513034054769215,0.3082561122313911,45.360727194026815,11.02075855080386
681,-0.9554728164236319,0.2950791369709024,45.36068223670376,11.020781964419
682,-0.9499156636624322,0.3125063710210738,45.36065221931144,11.02079212391535
683,-0.9543811967419836,0.2985909096160482,45.36061696077197,11.020799061591207
684,-0.9531987914483316,0.3023442805502363,45.360594661170474,11.020803264485084
685,-0.9564143633897383,0.2920129543390182,45.3605553545998,11.020831029127741
686,-0.9537421816703642,0.3006257655335852,45.360531943392196,11.020836937730559
687,-0.9587315661879413,0.28431282770008315,45.3604906942569,11.020844316418708
688,-0.9540068234918413,0.2997848907650396,45.360449828811916,11.020856289909752
689,-0.9486580470177687,0.31630350903591464,45.36042395716208,11.020868200429556
690,-0.9538257685966409,0.3003604553882337,45.36039223432762,11.020875764495573
691,-0.9607010661701121,0.277585052658838,45.36035735299747,11.020889614248848
692,-0.9538670670302987,0.3002292764455452,45.36033636838686,11.020898876407994
693,-0.9565172192278951,0.29167586345211166,45.36029884417375,11.020908730475776
694,-0.9455617657378491,0.3254426941486335,45.3602657159474,11.020921201908365
695,-0.9494029670435196,0.31406051354629366,45.3602364072136,11.020924790176762
696,-0.9572336383650807,0.2893160237220711,45.36020111416674,11.020943225419824
697,-0.957574107295411,0.28818714238736715,45.36017362698256,11.02094756205048
698,-0.9564213871046593,0.29198994895167113,45.360143367276386,11.020959251031291
699,-0.9486930577654261,0.31619848536589457,45.36010671415488,11.020978307589056
700,-0.9651544335393434,0.2616809496683874,45.36007986100113,11.02098125980252
701,-0.9463227668618323,0.32322317509573223,45.36004340860395,11.020993363318526
702,-0.9493599148239098,0.31419063023193217,45.36000386878825,11.020997144091904
703,-0.9592199608875696,0.2826606917044702,45.35997050638624,11.021001677456148
704,-0.9592907845132675,0.2824202378511847,45.35995423338092,11.021020720378962
705,-0.952516091891619,0.30448825049173384,45.35992221476479,11.021034889084692
706,-0.9500663010847956,0.31204811094293533,45.35987840827075,11.02104611749219
707,-0.9544128175670208,0.2984898217088493,45.35984255563238,11.021059599509993
708,-0.9536851700925811,0.30080657630026086,45.35981878981138,11.021068695982217
709,-0.9496712790371928,0.3132482430467285,45.35978164534416,11.021079363252072
710,0.14312215256692865,0.9897050315344511,45.359753462205504,11.021085758770795
711,0.12354385416663849,0.9923391134575178,45.35975941666136,11.021100269603009
712,0.1367336152529914,0.9906078530174526,45.35974567505834,11.021114736499898
713,0.10178990097724581,0.9948059187897117,45.35975212550526,11.021112116084241
714,0.12031088887351075,0.9927362640794712,45.35975306774782,11.021106340480713
715,0.12105475448587227,0.9926458313096193,45.35975687481204,11.021123473685469
716,0.12967944195300146,0.9915559703490057,45.35976652734039,11.02112911608064
717,0.11321443091822202,0.9935705775796017,45.35975947303576,11.021140016852845
718,0.122877401463265,0.9924218579866304,45.35975534536397,11.02114515691558
719,0.13342301394187178,0.9910591805491068,45.35976784858175,11.02116287994685
