,Sin,Cosin,Lat,Lon
0,0.9537169507482269,0.30070579950427306,45.3596665575,11.020597651
1,0.955633173390892,0.29455939624268185,45.35969974272437,11.02058780591843
2,0.955779786689169,0.2940833204321636,45.3597326943057,11.020576532116184
3,0.9559570801933994,0.2935064919692757,45.3597670778099,11.020567398350131
4,0.9561699698969024,0.29281220716929957,45.35979993370105,11.020555741891156
5,0.9564237824664942,0.2919821027605704,45.359832253320675,11.020548217288797
6,0.9567241949227772,0.29099624542142116,45.35986643309234,11.020537490295434
7,0.9570771456238246,0.289833292298439,45.359898669849215,11.02052814477536
8,0.9574887135591736,0.2884707323227066,45.359932081106074,11.020516721271639
9,0.9579649640781295,0.28688521676584905,45.359966320462476,11.020507587727035
10,0.9585117607592747,0.285052985401232,45.36000028854836,11.020498468069139
11,0.9591345451850087,0.28295039182292425,45.36003356397517,11.020489039539056
12,0.959838088878199,0.2805545279239787,45.36006673859646,11.020480804987185
13,0.9606262244918113,0.2778439432822104,45.36010011251854,11.020471491306646
14,0.9615015663540121,0.2747994503247436,45.36013334713645,11.020463711910507
15,0.9624652334283152,0.2714050007678168,45.36016835294159,11.020455434565772
16,0.9635165903546308,0.26764861313182003,45.360203471986416,11.020449069743163
17,0.9646530241492633,0.2635233253427117,45.36023553840776,11.020443000855646
18,0.9658697749987069,0.25902814083405584,45.36027078203396,11.020435246088205
19,0.9671598390451328,0.2541689314967367,45.360305692067676,11.020430147590206
20,0.968513958865628,0.24895925667150562,45.36033992275907,11.020425015648751
21,0.9699207133551935,0.24342105456297847,45.36037449256906,11.020419248805252
22,0.9713667129773673,0.23758516140437896,45.360409713007975,11.02041669094365
23,0.9728368991066866,0.2314916148297527,45.36044457156876,11.020413014484658
24,0.974314937950191,0.2251897015565219,45.36047814050278,11.020409203081114
25,0.9757836910181609,0.2187377158675985,45.36051388844185,11.020407745417868
26,0.9772257362048572,0.21220240455488432,45.36054983093414,11.020406369027397
27,0.9786239072075379,0.20565808576822914,45.36058488222987,11.020404520148697
28,0.9799618151878774,0.19918544317715706,45.3606202227273,11.020404766402619
29,0.981224316020341,0.19287001231506692,45.360654643053984,11.020403626291808
30,0.9823978896227481,0.18680039203591312,45.36069040567614,11.020403353574645
31,0.9834709047507247,0.18106622961996757,45.36072638132729,11.020402171193455
32,0.9844337528041928,0.1757560421147835,45.36076190633995,11.02040155299053
33,0.9852788467088489,0.17095494794851815,45.360796362484244,11.020401234229366
34,0.9860004944714124,0.16674239083727407,45.36083183246789,11.020399358849483
35,0.9865946699916818,0.16318994192046457,45.36086629667181,11.020399210724099
36,0.9870587145321208,0.1603592656075643,45.36090209183845,11.020396859099998
37,0.9873910094655202,0.1583003298374991,45.36093613839581,11.020393231927967
38,0.987590663509974,0.15704993265814926,45.3609707207595,11.020389662654505
39,0.9876572551491379,0.15663060477209007,45.36100550840126,11.020385516626247
40,0.987590663509974,0.15704993265814926,45.36103945024432,11.02037915656143
41,0.9873910094655202,0.1583003298374991,45.36107418372759,11.020371541656878
42,0.9870587145321208,0.1603592656075643,45.361107088646435,11.020363819684016
43,0.9865946699916818,0.16318994192046457,45.36114197670765,11.020353644174284
44,0.9860004944714124,0.16674239083727407,45.36117390511178,11.020341511888475
45,0.9852788467088489,0.17095494794851815,45.361208018551004,11.020330698913384
46,0.9844337528041928,0.1757560421147835,45.36124098837593,11.020317666623448
47,0.9834709047507247,0.18106622961996757,45.36127399813496,11.020301599444071
48,0.9823978896227481,0.18680039203591312,45.36130503873246,11.02028659065847
49,0.9812243160203409,0.19287001231506715,45.36133747215921,11.020268770732978
50,0.9799618151878774,0.19918544317715706,45.36136936956068,11.020251506128048
51,0.9786239072075379,0.20565808576822914,45.36140174903927,11.02023348325829
52,0.9772257362048572,0.21220240455488432,45.36143280980592,11.020214113491749
53,0.9757836910181609,0.21873771586759871,45.36146456382181,11.02019523283538
54,0.974314937950191,0.2251897015565219,45.36149514884329,11.020176021168485
55,0.9728368991066866,0.2314916148297527,45.3615266987676,11.020155179859296
56,0.9713667129773673,0.23758516140437896,45.361557054293755,11.02013549002536
57,0.9699207133551935,0.24342105456297847,45.361589165122865,11.02011554371936
58,0.968513958865628,0.24895925667150562,45.36161911324246,11.020095898067845
59,0.9671598390451328,0.2541689314967367,45.36165068432483,11.020076900892194
60,0.9658697749987069,0.25902814083405584,45.36168156029003,11.020056515983566
61,0.9646530241492633,0.2635233253427117,45.36171158892814,11.020039066833586
62,0.9635165903546308,0.26764861313182003,45.361742994254456,11.020021025695797
63,0.9624652334283152,0.2714050007678168,45.36177466325268,11.02000317449284
64,0.9615015663540121,0.2747994503247436,45.3618069973275,11.019986110781797
65,0.9606262244918113,0.2778439432822104,45.36183723627267,11.01997010551001
66,0.959838088878199,0.2805545279239787,45.361868134089434,11.019954812819849
67,0.9591345451850087,0.28295039182292425,45.361900466742654,11.019939156694715
68,0.9585117607592747,0.285052985401232,45.36193223942278,11.01992351185026
69,0.9579649640781295,0.28688521676584905,45.361963677553135,11.019910387476301
70,0.9574887135591736,0.2884707323227066,45.361996185986655,11.019895823687543
71,0.9570771456238246,0.289833292298439,45.36202891615249,11.019882568455687
72,0.9567241949227772,0.29099624542142116,45.3620602508131,11.019869630239883
73,0.9564237824664942,0.2919821027605704,45.36209286671482,11.019857525057883
74,0.9561699698969024,0.29281220716929957,45.36212619554674,11.019844844529679
75,0.9559570801933994,0.2935064919692757,45.3621583351884,11.019833653113112
76,0.955779786689169,0.2940833204321636,45.36219106063128,11.01982143383648
77,0.955633173390892,0.29455939624268185,45.362224303711,11.019809442788121
78,0.955633173390892,0.29455939624268185,45.36225589,11.01979384
79,0.1871863868101744,0.9823244151465196,45.36225608107213,11.019797772661086
80,0.1871863868101744,0.9823244151465196,45.36225768116768,11.01980058891053
81,0.1871863868101744,0.9823244151465196,45.36225811967808,11.019803576877553
82,0.1871863868101744,0.9823244151465196,45.36225856860192,11.019807689312993
83,0.1871863868101744,0.9823244151465196,45.362259340568855,11.019810570208472
84,0.1871863868101744,0.9823244151465196,45.36225943067939,11.019814549338495
85,0.1871863868101744,0.9823244151465196,45.362260102355364,11.019818627690348
86,0.1871863868101744,0.9823244151465196,45.36226097413163,11.019820696500174
87,0.1871863868101744,0.9823244151465196,45.36226158580982,11.01982400313444
88,0.1871863868101744,0.9823244151465196,45.36226257561973,11.019827120541587
89,0.1871863868101744,0.9823244151465196,45.36226346263569,11.019831210739296
90,0.1871863868101744,0.9823244151465196,45.362263118405735,11.019834412209832
91,0.1871863868101744,0.9823244151465196,45.36226378831152,11.01983740020091
92,0.1871863868101744,0.9823244151465196,45.36226521549684,11.019841146362124
93,0.1871863868101744,0.9823244151465196,45.36226498180656,11.019844664607911
94,0.1871863868101744,0.9823244151465196,45.36226583011111,11.019847998963497
95,0.1871863868101744,0.9823244151465196,45.36226652843985,11.019851927825645
96,0.1871863868101744,0.9823244151465196,45.36226747,11.01985461
97,-0.954620369399373,0.2978253688452424,45.36223568091487,11.019864341011223
98,-0.9546995377576377,0.29757149158706886,45.36220359978511,11.019875196944682
99,-0.9547947218614664,0.29726594003599693,45.36217199437335,11.019884798249139
100,-0.9549084354912637,0.2969004544079161,45.36213944179287,11.019894227766693
101,-0.9550434145798639,0.2964659782633319,45.36210772197788,11.019904279956643
102,-0.9552025966809445,0.29595269773053395,45.36207530613263,11.019913891883672
103,-0.9553890889642375,0.2953501120502317,45.36204457097351,11.019924438648353
104,-0.9556061233882416,0.2946471397161302,45.36201194867482,11.019933144695699
105,-0.9558569980255484,0.29383226392890704,45.36197966354338,11.019942416145168
106,-0.956145003985302,0.2928937202364483,45.36194799261622,11.019953011550664
107,-0.9564733379971581,0.29181972808666345,45.36191510299495,11.019962467696446
108,-0.9568450014856391,0.2905987665699002,45.361882478772195,11.019971445578772
109,-0.957262687853151,0.28921989289148264,45.361850353177886,11.01998042802508
110,-0.9577286606677822,0.2876731001249441,45.36181847557553,11.019989995543334
111,-0.9582446264644771,0.28594970860617236,45.3617856973937,11.019998713051924
112,-0.9588116068442775,0.2840427830111069,45.36175378283766,11.02000773444609
113,-0.9594298154109034,0.28194756480700406,45.361721705219864,11.02001540049136
114,-0.9600985457228354,0.279661907489913,45.36168942915533,11.02002306467103
115,-0.9608160767671001,0.27718669994405937,45.36165593727063,11.020030927153092
116,-0.9615796023921607,0.2745262615185187,45.36162395019107,11.020038692022254
117,-0.9623851906064683,0.2716886911546959,45.36159057057524,11.02004615863094
118,-0.9632277776240166,0.2686861522548158,45.36155863344209,11.020052042178415
119,-0.9641012000296884,0.26553507508672913,45.36152466217376,11.02005971987364
120,-0.9649982665073197,0.2622562594827204,45.36149260180416,11.020065738721648
121,-0.9659108683374262,0.2588748624869539,45.36145897280577,11.020071311019326
122,-0.9668301254939923,0.25542025847076255,45.36142671860178,11.020076570855855
123,-0.9677465628529849,0.2519257630458501,45.36139292427244,11.020082212274577
124,-0.9686503089909829,0.24842821677835497,45.361358838557294,11.020087506746009
125,-0.9695313085173639,0.24496743008940602,45.361327150974255,11.020091672772944
126,-0.9703795380322318,0.24158549660182943,45.36129251830773,11.020097062853138
127,-0.9711852157597386,0.2383259882801497,45.36125922212274,11.0201019679701
128,-0.9719389957157084,0.2352330516894684,45.361226264907174,11.02010683882356
129,-0.972632138876794,0.2323504302211488,45.36119358142351,11.020111015473674
130,-0.9732566560752778,0.22972044185306742,45.361160121281294,11.020116438286959
131,-0.9738054200123365,0.22738294561069658,45.36112685689798,11.020121790050052
132,-0.9742722465653253,0.22537433210672866,45.36109356426056,11.020126858750219
133,-0.9746519481381252,0.2237265741715933,45.36106067477182,11.020131872160762
134,-0.9749403638613738,0.22246637254617166,45.36102789348248,11.020136984494304
135,-0.9751343727439742,0.22161442889220034,45.36099384918072,11.020143506149584
136,-0.9752318962563536,0.22118487408554105,45.36096091988176,11.020151059162462
137,-0.9752318962563536,0.22118487408554105,45.360928207841134,11.02015758694184
138,-0.9751343727439742,0.22161442889220034,45.360896788316,11.020166224944665
139,-0.9749403638613738,0.22246637254617166,45.360864126297486,11.02017480587006
140,-0.9746519481381252,0.2237265741715933,45.36083239850201,11.020184727426765
141,-0.9742722465653253,0.22537433210672866,45.36079939382403,11.020194263219945
142,-0.9738054200123365,0.22738294561069658,45.3607683377635,11.020205300225888
143,-0.9732566560752778,0.22972044185306742,45.36073576199887,11.020216406971619
144,-0.972632138876794,0.2323504302211488,45.360705479967194,11.020227879623889
145,-0.9719389957157084,0.2352330516894684,45.360672681343836,11.02024058915138
146,-0.9711852157597386,0.2383259882801497,45.360642246602865,11.020253687151987
147,-0.9703795380322318,0.24158549660182943,45.360610542058204,11.020266326043423
148,-0.9695313085173639,0.24496743008940602,45.360580411197894,11.0202817029727
149,-0.9686503089909829,0.24842821677835497,45.360548684452056,11.0202958871926
150,-0.9677465628529849,0.2519257630458501,45.36051804848752,11.020310458456562
151,-0.9668301254939923,0.25542025847076255,45.360487339621656,11.020324110825701
152,-0.9659108683374262,0.2588748624869539,45.36045692310038,11.02033848649508
153,-0.9649982665073197,0.2622562594827204,45.3604257099574,11.020354195563007
154,-0.9641012000296884,0.26553507508672913,45.36039546884474,11.020371344665573
155,-0.9632277776240166,0.2686861522548158,45.360364919776,11.020385351783585
156,-0.9623851906064683,0.2716886911546959,45.360333842488686,11.020401335977764
157,-0.9615796023921607,0.2745262615185187,45.36030423626317,11.020415566876483
158,-0.9608160767671001,0.27718669994405937,45.36027399394817,11.020430216804902
159,-0.9600985457228354,0.279661907489913,45.36024291677072,11.020444632203668
160,-0.9594298154109034,0.28194756480700406,45.36021175808555,11.020458077844985
161,-0.9588116068442775,0.2840427830111069,45.36018185406341,11.020473787011293
162,-0.9582446264644771,0.28594970860617236,45.36015051622494,11.02048605626307
163,-0.9577286606677822,0.2876731001249441,45.360117858814625,11.020499738695753
164,-0.957262687853151,0.28921989289148264,45.36008859455007,11.020513012190076
165,-0.9568450014856391,0.2905987665699002,45.36005660618311,11.02052633610058
166,-0.9564733379971581,0.29181972808666345,45.36002604053637,11.020538643975167
167,-0.956145003985302,0.2928937202364483,45.35999394866576,11.02055119056305
168,-0.9558569980255484,0.29383226392890704,45.35996402571702,11.020563250499075
169,-0.9556061233882416,0.2946471397161302,45.35993195587961,11.020575289328622
170,-0.9553890889642375,0.2953501120502317,45.359900951855934,11.020586580237222
171,-0.9552025966809445,0.29595269773053395,45.35986878478393,11.020597700920385
172,-0.9550434145798639,0.2964659782633319,45.359837662591055,11.020608874947944
173,-0.9549084354912637,0.2969004544079161,45.35980607202281,11.0206202170936
174,-0.9547947218614664,0.29726594003599693,45.35977368937462,11.020630414084518
175,-0.9546995377576377,0.29757149158706886,45.359742019588516,11.02064164575839
176,-0.954620369399373,0.2978253688452424,45.35971034303142,11.020651792200713
177,-0.954620369399373,0.2978253688452424,45.35967972,11.02066511
178,0.18092866714612515,0.9834962213474573,45.35968182461407,11.020671160015707
179,0.18092866714612515,0.9834962213474573,45.3596819111743,11.020677882546632
180,0.18092866714612515,0.9834962213474573,45.35968312128805,11.020683670812145
181,0.18092866714612515,0.9834962213474573,45.35968461541705,11.02069009909615
182,0.18092866714612515,0.9834962213474573,45.35968531841874,11.020696018922626
183,0.18092866714612515,0.9834962213474573,45.359686258498876,11.020702826599136
184,0.18092866714612515,0.9834962213474573,45.35968892981589,11.020708232716968
185,0.18092866714612515,0.9834962213474573,45.35968897588156,11.020714647101702
186,0.18092866714612515,0.9834962213474573,45.35969141438717,11.02072127423267
187,0.18092866714612515,0.9834962213474573,45.35969104772129,11.02072737169048
188,0.18092866714612515,0.9834962213474573,45.35969200424156,11.02073319141381
189,0.18092866714612515,0.9834962213474573,45.35969351,11.02074007
190,0.953104157085509,0.30264247181504683,45.359722232298736,11.020730912768506
191,0.9531588773759676,0.3024700885697381,45.359750780893364,11.020721811472594
192,0.9532235537569468,0.30226620148964245,45.35977994627511,11.020713121160899
193,0.9532996081514337,0.30202625233301,45.359808338612275,11.020703741705177
194,0.9533885826417575,0.3017452741773111,45.359837744606644,11.020693368275976
195,0.9534921324033597,0.30141790498391735,45.35986469411425,11.020685457767854
196,0.9536120142223855,0.30103841338062637,45.359894440014465,11.020676476105322
197,0.9537500700521647,0.3006007383149465,45.3599233460437,11.020668068060697
198,0.9539082051415932,0.30009854408767794,45.359952044765734,11.02065839939106
199,0.9540883603853664,0.29952529204920775,45.3599812706204,11.020650574004819
200,0.9542924787047209,0.29887432992413343,45.36000870172915,11.020640755329346
201,0.9545224654685284,0.2981389993205888,45.360037597212575,11.020633305230584
202,0.954780143206444,0.2973127614796954,45.36006744466303,11.020624683061943
203,0.9550672011433794,0.29638934073301565,45.36009547316918,11.020615867635856
204,0.9553851403893318,0.29536288447138515,45.36012459776765,11.020607859664931
205,0.9557352159382874,0.2942281377016739,45.36015297170504,11.020597587595947
206,0.9561183769485192,0.29298062949848647,45.36018226910924,11.020590532004793
207,0.95653520707484,0.2916168678699725,45.360211279346906,11.020583012589862
208,0.9569858668794582,0.29013453877980805,45.36023982552128,11.020574360388274
209,0.9574700405390526,0.2885327043337462,45.360268677746376,11.020566359988926
210,0.9579868891689778,0.2868119944847925,45.360298838620025,11.020559674127991
211,0.9585350130810639,0.28497478607358345,45.36032731183172,11.020551724238691
212,0.9591124251638441,0.2830253626379262,45.36035577252603,11.02054368569625
213,0.9597165373146387,0.28097004823432653,45.36038572289741,11.020537409845932
214,0.9603441614619357,0.27881730854803777,45.36041483834368,11.02053095634847
215,0.9609915262043583,0.27657781285457084,45.36044463794906,11.020523817990542
216,0.9616543094804996,0.2742644509548833,45.36047342068677,11.020517382975344
217,0.9623276870038513,0.27189230004878334,45.360503524365896,11.020511704839265
218,0.9630063954898628,0.2694785376344877,45.36053341954442,11.02050508532667
219,0.9636848090150733,0.2670422979109896,45.36056268692559,11.020499059738157
220,0.9643570262312254,0.2646044707832194,45.36059158395905,11.020494102558038
221,0.9650169656583897,0.2621874443818282,45.36062150843739,11.020487407421825
222,0.9656584659418389,0.25981479394917895,45.36065120900466,11.020482258706082
223,0.9662753878077626,0.257510921937222,45.36068082212234,11.020477033498189
224,0.9668617145076231,0.25530065612798436,45.3607113992936,11.02047254445787
225,0.9674116477968118,0.2532088144339717,45.360739997915275,11.020465642674608
226,0.9679196969282249,0.2512597466733842,45.360770265589814,11.020460477960015
227,0.9683807587158616,0.24947686495723875,45.360798909943924,11.020454800469974
228,0.9687901873836258,0.24788217529544002,45.36082938088676,11.020449981385864
229,0.9691438535972972,0.24649582356417435,45.36085815000593,11.020443020809935
230,0.9694381927175666,0.2453356690342811,45.36088790638562,11.020437635598817
231,0.969670242848328,0.2444168982179109,45.360917477431606,11.02043172740137
232,0.9698376736378258,0.24375169085109966,45.360947113889054,11.020425575167557
233,0.9699388069889912,0.2433489484192865,45.36097515326412,11.020418160625802
234,0.9699726308389824,0.24321409380071501,45.361005126211914,11.020411009874714
235,0.9699388069889912,0.2433489484192865,45.36103522916609,11.02040407622834
236,0.9698376736378258,0.24375169085109966,45.361063537770995,11.02039564751
237,0.969670242848328,0.2444168982179109,45.36109360205276,11.02038766364684
238,0.9694381927175666,0.2453356690342811,45.361121034603194,11.020379317746112
239,0.9691438535972972,0.24649582356417435,45.361151154625404,11.02036949563693
240,0.9687901873836258,0.24788217529544002,45.36117923283997,11.020360110432312
241,0.9683807587158616,0.24947686495723875,45.36120672644875,11.020350717281454
242,0.9679196969282249,0.2512597466733842,45.361235592288125,11.02034069978592
243,0.9674116477968118,0.2532088144339717,45.3612637489518,11.020329088233963
244,0.9668617145076231,0.25530065612798436,45.36129215295477,11.02031863327174
245,0.9662753878077626,0.257510921937222,45.36131946843131,11.020307142388809
246,0.9656584659418389,0.25981479394917895,45.36134776793603,11.020294270835565
247,0.9650169656583897,0.2621874443818282,45.36137634721536,11.020283462554593
248,0.9643570262312254,0.2646044707832194,45.361403974433784,11.020270612883312
249,0.9636848090150733,0.2670422979109896,45.36143103588268,11.020258122763519
250,0.9630063954898628,0.2694785376344877,45.361458942852394,11.02024557330588
251,0.9623276870038513,0.27189230004878334,45.361486662653526,11.020232885739983
252,0.9616543094804996,0.2742644509548833,45.36151416779381,11.020220522518432
253,0.9609915262043583,0.27657781285457084,45.361542607755865,11.020208100000414
254,0.9603441614619357,0.27881730854803777,45.361569578554516,11.020195487897727
255,0.9597165373146387,0.28097004823432653,45.36159688423074,11.02018280126336
256,0.9591124251638441,0.2830253626379262,45.36162409238477,11.02017023458215
257,0.9585350130810639,0.28497478607358345,45.36165222188802,11.020157291079135
258,0.9579868891689778,0.2868119944847925,45.36167969651765,11.02014484993722
259,0.9574700405390526,0.2885327043337462,45.361707487499764,11.020132546744504
260,0.9569858668794582,0.29013453877980805,45.361735217586485,11.020121289015233
261,0.95653520707484,0.2916168678699725,45.361763460064616,11.02010878078416
262,0.9561183769485192,0.29298062949848647,45.361790804611765,11.020095996958688
263,0.9557352159382874,0.2942281377016739,45.361818663195976,11.02008597412137
264,0.9553851403893318,0.29536288447138515,45.361846745063005,11.020073035307881
265,0.9550672011433794,0.29638934073301565,45.36187470456474,11.020062053520897
266,0.954780143206444,0.2973127614796954,45.36190378086105,11.020052461540365
267,0.9545224654685284,0.2981389993205888,45.36193051355696,11.020041540940447
268,0.9542924787047209,0.29887432992413343,45.36195889525953,11.02003063495847
269,0.9540883603853664,0.29952529204920775,45.36198690741664,11.02002094366967
270,0.9539082051415932,0.30009854408767794,45.36201621348105,11.020009167697365
271,0.9537500700521647,0.3006007383149465,45.36204334370533,11.019998780484707
272,0.9536120142223855,0.30103841338062637,45.36207250467512,11.019989107136205
273,0.9534921324033597,0.30141790498391735,45.36210075035401,11.01997927237775
274,0.9533885826417575,0.3017452741773111,45.36212883643407,11.019969676378132
275,0.9532996081514337,0.30202625233301,45.362157682465146,11.019959565578956
276,0.9532235537569468,0.30226620148964245,45.362185829848535,11.019949853622999
277,0.9531588773759676,0.3024700885697381,45.36221423821731,11.019940112977322
278,0.953104157085509,0.30264247181504683,45.362242973493494,11.019929590866397
279,0.953104157085509,0.30264247181504683,45.36227073,11.01991931
280,0.2108778085845649,0.9775124295100148,45.362271477576336,11.019924247956752
281,0.2108778085845649,0.9775124295100148,45.36227354898899,11.019928482857715
282,0.2108778085845649,0.9775124295100148,45.36227330555668,11.019932713972064
283,0.2108778085845649,0.9775124295100148,45.3622743228733,11.019937609495218
284,0.2108778085845649,0.9775124295100148,45.36227542556719,11.019942396836454
285,0.2108778085845649,0.9775124295100148,45.36227795877867,11.01994649850683
286,0.2108778085845649,0.9775124295100148,45.36227799787625,11.019950860931623
287,0.2108778085845649,0.9775124295100148,45.36227840412657,11.019955201937938
288,0.2108778085845649,0.9775124295100148,45.362279938047884,11.019960233645877
289,0.2108778085845649,0.9775124295100148,45.36228069563169,11.019964826278002
290,0.2108778085845649,0.9775124295100148,45.362281365021246,11.019968701342382
291,0.2108778085845649,0.9775124295100148,45.36228291442216,11.019974998719066
292,0.2108778085845649,0.9775124295100148,45.36228252221611,11.01997899754091
293,0.2108778085845649,0.9775124295100148,45.36228426000818,11.019983860392234
294,0.2108778085845649,0.9775124295100148,45.36228557,11.0199881
295,-0.954554253584093,0.2980372073492086,45.36225319121296,11.019998291045058
296,-0.9545901794394844,0.297922119550887,45.36222050025485,11.020008096196948
297,-0.9546334885796066,0.29778331464729524,45.36218878406077,11.020018113554402
298,-0.9546853642626278,0.2976169606435992,45.36215634101793,11.020028056305886
299,-0.9547471000269282,0.2974188544631471,45.36212442733541,11.020038034484164
300,-0.954820091722231,0.29718444179255143,45.36209130909633,11.020048131662742
301,-0.9549058244043647,0.2969088522065664,45.36205922960399,11.020058059859322
302,-0.9550058534475303,0.2965869516363697,45.36202720124774,11.02006939706915
303,-0.9551217793543418,0.2962134139484504,45.361994539408926,11.020078374359855
304,-0.955255215928958,0.2957828129566012,45.361962017874085,11.020088651624476
305,-0.9554077517245138,0.29528973558982685,45.36192899753009,11.020097647124597
306,-0.9555809049808437,0.29472891618569047,45.3618978776079,11.02010820667361
307,-0.9557760726252882,0.29409539098221144,45.36186531196684,11.020118208155504
308,-0.9559944743054923,0.2933846708629565,45.361832432382954,11.020127583532227
309,-0.9562370928399384,0.292592929301142,45.361800500125796,11.020136918169213
310,-0.9565046128849638,0.2917172012922542,45.36176711334328,11.020145727793732
311,-0.9567973599969268,0.2907555879134761,45.361734376797806,11.020154940492487
312,-0.9571152425823951,0.2897074600634975,45.36170212740723,11.020165282678043
313,-0.9574576994444902,0.28857365398536333,45.36167002926656,11.020174244235525
314,-0.9578236557188616,0.28735665042827097,45.36163640745559,11.020182382076804
315,-0.9582114899230261,0.28606072883129996,45.36160439106171,11.020191623753142
316,-0.958619014602304,0.2846920877771414,45.36157083216888,11.020200456615818
317,-0.9590434726410413,0.28325892322151514,45.361539329711235,11.020208043847632
318,-0.9594815507308336,0.2817714566934606,45.36150580021712,11.020216405906327
319,-0.9599294107752789,0.2802419068030795,45.36147272908087,11.020225215735174
320,-0.9603827392053572,0.2786843989828185,45.36143891414214,11.020233195097278
321,-0.9608368133348598,0.2771148103954601,45.3614075299601,11.020241094774414
322,-0.961286583062662,0.27555054930758477,45.36137452464682,11.020249311736553
323,-0.9617267654906287,0.2740102708639461,45.361340117740276,11.020257407040837
324,-0.9621519494294788,0.2725135339924492,45.36130812513035,11.020264801123147
325,-0.9625567063545812,0.2710804069862308,45.36127490921443,11.020272392797544
326,-0.9629357041759461,0.2697310319988688,45.36124100982708,11.020279207003384
327,-0.9632838202064924,0.2684851610953315,45.36120894914219,11.020287622127684
328,-0.9635962499324058,0.26736167847357006,45.36117620712305,11.020294991257687
329,-0.9638686085712616,0.26637812487308365,45.36114320655101,11.020304393900156
330,-0.9640970228946615,0.2655502409067832,45.36110988061859,11.020311973565025
331,-0.9642782113320331,0.2648915460151476,45.36107768112391,11.020320768363577
332,-0.9644095509017058,0.2644129689133461,45.36104468316786,11.02032812503284
333,-0.964489129984844,0.26412254379563793,45.36101156439217,11.020336653154065
334,-0.964515786334567,0.264025184237057,45.36097948014042,11.02034590128952
335,-0.964489129984844,0.26412254379563793,45.360947178663544,11.020355225031867
336,-0.9644095509017058,0.2644129689133461,45.360913737598565,11.020363634827417
337,-0.9642782113320331,0.2648915460151476,45.36088137170694,11.020374437103394
338,-0.9640970228946615,0.2655502409067832,45.36084901237679,11.020383067284879
339,-0.9638686085712616,0.26637812487308365,45.36081673776703,11.020394251819232
340,-0.9635962499324058,0.26736167847357006,45.360783958939344,11.020404143567621
341,-0.9632838202064924,0.2684851610953315,45.360752326044235,11.020415572165822
342,-0.9629357041759461,0.2697310319988688,45.360721096657436,11.02042679518018
343,-0.9625567063545812,0.2710804069862308,45.360688038933574,11.020437505917455
344,-0.9621519494294788,0.2725135339924492,45.36065549660227,11.020450457084465
345,-0.9617267654906287,0.2740102708639461,45.360625567865796,11.020460838201288
346,-0.961286583062662,0.27555054930758477,45.36059308399366,11.02047448331764
347,-0.9608368133348598,0.2771148103954601,45.36056134736446,11.020486208368006
348,-0.9603827392053572,0.2786843989828185,45.360528798939626,11.020497959863272
349,-0.9599294107752789,0.2802419068030795,45.36049762557328,11.020509670082026
350,-0.9594815507308336,0.2817714566934606,45.36046541520041,11.020522978108627
351,-0.9590434726410413,0.28325892322151514,45.36043457004444,11.020534271213586
352,-0.958619014602304,0.2846920877771414,45.36040234303859,11.020547478179703
353,-0.9582114899230261,0.28606072883129996,45.36037120340345,11.020560519756504
354,-0.9578236557188616,0.28735665042827097,45.36033977924171,11.02057174301463
355,-0.9574576994444902,0.28857365398536333,45.36030711461556,11.020584876376178
356,-0.9571152425823951,0.2897074600634975,45.360275332491526,11.02059622708372
357,-0.9567973599969268,0.2907555879134761,45.36024337725404,11.020608423303564
358,-0.9565046128849638,0.2917172012922542,45.36021292205166,11.020620660021395
359,-0.9562370928399384,0.292592929301142,45.360181891730015,11.020632006949127
360,-0.9559944743054923,0.2933846708629565,45.36014835629751,11.020643765146264
361,-0.9557760726252882,0.29409539098221144,45.36011721437256,11.020654624223463
362,-0.9555809049808437,0.29472891618569047,45.360086172202564,11.02066751639645
363,-0.9554077517245138,0.29528973558982685,45.360052497313326,11.020677214242054
364,-0.955255215928958,0.2957828129566012,45.36002074053226,11.020689029608281
365,-0.9551217793543418,0.2962134139484504,45.35998963520056,11.020700654826568
366,-0.9550058534475303,0.2965869516363697,45.35995729639943,11.020710957856073
367,-0.9549058244043647,0.2969088522065664,45.35992491565124,11.020721595645435
368,-0.954820091722231,0.29718444179255143,45.35989238028107,11.02073345857894
369,-0.9547471000269282,0.2974188544631471,45.359861301250085,11.020743876601863
370,-0.9546853642626278,0.2976169606435992,45.35982929965192,11.02075392740603
371,-0.9546334885796066,0.29778331464729524,45.359796258898434,11.02076479918893
372,-0.9545901794394844,0.297922119550887,45.359764737008405,11.020775524216335
373,-0.954554253584093,0.2980372073492086,45.35973114409935,11.020785205552192
374,-0.954554253584093,0.2980372073492086,45.35970006,11.02079678
375,0.18563850809759755,0.9826181070544641,45.35970180772097,11.020802222196044
376,0.18563850809759755,0.9826181070544641,45.35970175400725,11.020806802477104
377,0.18563850809759755,0.9826181070544641,45.359702541605195,11.020811814956412
378,0.18563850809759755,0.9826181070544641,45.35970420797897,11.020815886811366
379,0.18563850809759755,0.9826181070544641,45.35970434944879,11.020821413412209
380,0.18563850809759755,0.9826181070544641,45.35970632347852,11.02082604124508
381,0.18563850809759755,0.9826181070544641,45.35970658536995,11.02083052361291
382,0.18563850809759755,0.9826181070544641,45.359707264071595,11.020835934282095
383,0.18563850809759755,0.9826181070544641,45.35970778022782,11.02084037928485
384,0.18563850809759755,0.9826181070544641,45.35970829717451,11.020846131660875
385,0.18563850809759755,0.9826181070544641,45.359710682873924,11.020850802370726
386,0.18563850809759755,0.9826181070544641,45.35971085419946,11.020854488177951
387,0.18563850809759755,0.9826181070544641,45.35971272559681,11.020861044265928
388,0.18563850809759755,0.9826181070544641,45.35971185013324,11.020865829552672
389,0.18563850809759755,0.9826181070544641,45.359713788631936,11.02087009465761
390,0.18563850809759755,0.9826181070544641,45.35971523889634,11.020873888432526
391,0.18563850809759755,0.9826181070544641,45.35971575,11.02087983
392,0.9542312407939977,0.2990697896691467,45.3597487092656,11.020870452744553
393,0.9542901529831767,0.2988817557485658,45.359780087316466,11.02086010824771
394,0.9543611534611072,0.2986549660802328,45.359812642200026,11.020849497417426
395,0.9544461704134781,0.2983831559975293,45.35984562321528,11.020838745311758
396,0.9545473076441705,0.2980594529104307,45.35987790215544,11.02082973083361
397,0.9546668298383045,0.2976764082128136,45.35990986147703,11.02082031533664
398,0.9548071390560974,0.29722605405231606,45.359942370673565,11.020809456816254
399,0.9549707413951941,0.29669998833689454,45.35997539017476,11.020799811994
400,0.9551602029979248,0.2960894908789622,45.360007007582254,11.020788776174603
401,0.9553780949265673,0.2953856728659718,45.360040017406334,11.02077967843983
402,0.9556269268878432,0.2945796608846184,45.36007158668204,11.020769819026208
403,0.9559090703530989,0.2936628155158127,45.36010438322909,11.020760163846996
404,0.9562266722782738,0.29262698307507246,45.36013684302674,11.020751163872996
405,0.9565815613515355,0.2914647774298955,45.36017020606149,11.020741293426262
406,0.9569751494476706,0.2901698870310436,45.360202855169256,11.02073148739148
407,0.9574083316964873,0.2887374004145442,45.36023587480967,11.020723297616453
408,0.9578813892174048,0.2871641415478865,45.36026798947639,11.020714412001151
409,0.9583938990679888,0.2854490046037256,45.360300572927486,11.02070596068738
410,0.95894465623403,0.28359327615477425,45.36033330451596,11.020697710205203
411,0.9595316124931209,0.281600931508316,45.36036563995478,11.020688965532234
412,0.9601518366674333,0.2794788910528924,45.36039903600562,11.020681323940488
413,0.9608015001219609,0.27723722218235725,45.36043207824574,11.020673325425486
414,0.9614758903686441,0.2748892726896104,45.36046553231804,11.020665044445577
415,0.9621694543453038,0.2724517225580717,45.360498776772424,11.020658636605116
416,0.9628758714269157,0.26994454286734104,45.36053214750978,11.020651432405348
417,0.963588154603035,0.26739085307601185,45.36056509338726,11.020644471150879
418,0.9642987766503721,0.2648166712097176,45.36059765512383,11.02063785121797
419,0.9649998166863255,0.26225055537664405,45.36063132315417,11.020630829092578
420,0.9656831213457813,0.2597231394155497,45.36066519312189,11.02062392949341
421,0.966340474096009,0.257266570163907,45.36069864374138,11.020619318173605
422,0.966963765970833,0.2549138585865901,45.36073180024503,11.020611170421072
423,0.9675451612917465,0.2526981615701392,45.360765086345154,11.020605727942753
424,0.9680772527177482,0.25065201529302944,45.360798969616305,11.020598813762236
425,0.9685532011366103,0.24880654446381614,45.3608322792714,11.020593311152417
426,0.9689668573378182,0.2471906741381484,45.36086525390977,11.020586077304
427,0.9693128639186461,0.24583037208984632,45.36089889380059,11.020579911035668
428,0.9695867372868429,0.2447479496899918,45.3609322294965,11.020572608364763
429,0.9697849307685757,0.24396144788508833,45.3609650983359,11.020565440373568
430,0.9699048805805744,0.24348413218520343,45.36099821750368,11.020558013215341
431,0.9699450367115753,0.24332411668098347,45.36103051185933,11.020549156586243
432,0.9699048805805744,0.24348413218520343,45.36106429801464,11.020540649020248
433,0.9697849307685757,0.24396144788508833,45.36109647520435,11.020532545345365
434,0.9695867372868429,0.2447479496899918,45.36112965499467,11.020523065787815
435,0.9693128639186461,0.24583037208984632,45.361162071825085,11.020513174079262
436,0.9689668573378182,0.2471906741381484,45.3611939360721,11.020503469736722
437,0.9685532011366103,0.24880654446381614,45.36122603259272,11.020492168497707
438,0.9680772527177482,0.25065201529302944,45.36125901276946,11.020481475389985
439,0.9675451612917465,0.2526981615701392,45.36129069141722,11.020468507908832
440,0.966963765970833,0.2549138585865901,45.36132178145281,11.020455654452194
441,0.966340474096009,0.257266570163907,45.361353905525526,11.020443312805735
442,0.9656831213457813,0.2597231394155497,45.361385596598254,11.020430840745695
443,0.9649998166863255,0.26225055537664405,45.3614169692614,11.020417121391814
444,0.9642987766503721,0.2648166712097176,45.36144910226178,11.020403832371487
445,0.963588154603035,0.26739085307601185,45.36147975026804,11.020391061570553
446,0.9628758714269157,0.26994454286734104,45.36151090077901,11.020376147804333
447,0.9621694543453038,0.2724517225580717,45.36154244272878,11.02036174913876
448,0.9614758903686441,0.2748892726896104,45.36157292876153,11.0203485158248
449,0.9608015001219609,0.27723722218235725,45.36160562879794,11.020335422219459
450,0.9601518366674333,0.2794788910528924,45.36163587250499,11.020320002294666
451,0.9595316124931209,0.281600931508316,45.361666930745315,11.020307303789098
452,0.95894465623403,0.28359327615477425,45.361699272734846,11.020292971824967
453,0.9583938990679888,0.2854490046037256,45.36172894714718,11.020280265895273
454,0.957881389217405,0.2871641415478861,45.36176043126004,11.02026610166977
455,0.9574083316964873,0.2887374004145442,45.36179362280044,11.020253581152021
456,0.9569751494476706,0.2901698870310436,45.36182439635015,11.020239857515994
457,0.9565815613515355,0.2914647774298955,45.361855997013315,11.020228239439614
458,0.9562266722782738,0.29262698307507246,45.36188801607062,11.020215147435655
459,0.9559090703530989,0.2936628155158127,45.36191983552292,11.020202785745019
460,0.9556269268878432,0.2945796608846184,45.36195188469711,11.020190469970547
461,0.9553780949265673,0.2953856728659718,45.361982751507576,11.020178517486114
462,0.9551602029979248,0.2960894908789622,45.36201444852127,11.020166902005224
463,0.9549707413951941,0.29669998833689454,45.36204631009467,11.020156455546067
464,0.9548071390560974,0.29722605405231606,45.36207778262693,11.020144981791974
465,0.9546668298383045,0.2976764082128136,45.36211072168448,11.02013254738449
466,0.9545473076441705,0.2980594529104307,45.36214341041098,11.020122510132703
467,0.9544461704134781,0.2983831559975293,45.36217422759546,11.020111562457021
468,0.9543611534611072,0.2986549660802328,45.36220685913273,11.020099736431435
469,0.9542901529831767,0.2988817557485658,45.36223937560575,11.020089685164937
470,0.9542312407939977,0.2990697896691467,45.36227105346947,11.020078452392578
471,0.9542312407939977,0.2990697896691467,45.36230304,11.02006662
472,0.05017981546841942,0.9987401995111418,45.362303716067814,11.020071321321787
473,0.05017981546841942,0.9987401995111418,45.362303764596874,11.020075882846566
474,0.05017981546841942,0.9987401995111418,45.36230398307538,11.020080186682486
475,0.05017981546841942,0.9987401995111418,45.36230362783659,11.020084888614994
476,0.05017981546841942,0.9987401995111418,45.36230454168885,11.020089971951979
477,0.05017981546841942,0.9987401995111418,45.362304053809815,11.02009425360412
478,0.05017981546841942,0.9987401995111418,45.36230436346025,11.02009839452594
479,0.05017981546841942,0.9987401995111418,45.362304712062475,11.020103351151562
480,0.05017981546841942,0.9987401995111418,45.36230472611156,11.020108450060256
481,0.05017981546841942,0.9987401995111418,45.36230454577465,11.020113564420372
482,0.05017981546841942,0.9987401995111418,45.36230491152108,11.020117553868548
483,0.05017981546841942,0.9987401995111418,45.36230583,11.02012215
484,-0.9549024605653745,0.2969196706285951,45.36226807139048,11.020134114586243
485,-0.9549514115644224,0.29676219697110545,45.36223064077616,11.02014556913331
486,-0.9550120570901477,0.29656697525591824,45.36219232293005,11.020158284605598
487,-0.9550865421629853,0.2963270102085736,45.362154880369204,11.020168189041282
488,-0.9551772269090032,0.2960345675667398,45.36211823263873,11.02018116842706
489,-0.9552866605996343,0.29568124066365625,45.36207971095019,11.02019225569807
490,-0.9554175404315924,0.29525806243970104,45.36204213629912,11.020202995772744
491,-0.9555726532987678,0.29475566876237164,45.36200474702175,11.020215087353964
492,-0.9557547994620081,0.2941645174138725,45.36196716771217,11.020225087137614
493,-0.9559666979391268,0.2934751649311442,45.36192974393757,11.020237777887216
494,-0.956210874606412,0.29267860066024765,45.36189241000917,11.020249508326554
495,-0.9564895353842667,0.2917666339737797,45.361853603361254,11.020260433276366
496,-0.9568044283989005,0.290732326713514,45.361815846122326,11.020270601959838
497,-0.9571567005591253,0.2895704587397841,45.36177786897336,11.02028125700704
498,-0.9575467554204383,0.2882780102328154,45.36174035653272,11.020292750315802
499,-0.9579741203639998,0.2868546403892063,45.361702147748545,11.020302541009116
500,-0.9584373318263937,0.28530313871652946,45.36166498324321,11.020313530590773
501,-0.9589338474233812,0.28362982259591735,45.361625907810314,11.020323673058531
502,-0.9594599932038602,0.28184485349434446,45.36158746376904,11.020332238106691
503,-0.9600109529002051,0.2799624444664679,45.36155010983633,11.02034227086859
504,-0.9605808039435065,0.2780009336229767,45.36151189257496,11.020352588858128
505,-0.9611626023164532,0.2759827021903068,45.36147308306536,11.02036129434915
506,-0.9617485152423164,0.27393392164753855,45.36143534430931,11.020370378783225
507,-0.962329997546177,0.2718841220497714,45.36139611853656,11.020379255305858
508,-0.9628980046005982,0.26986558271885375,45.36135776222852,11.020387439044303
509,-0.9634432323992485,0.2679125565256093,45.36132064227341,11.020395859008156
510,-0.9639563737457884,0.2660603493850034,45.36128098363163,11.020405082967818
511,-0.9644283789550872,0.2643442866151314,45.36124247650077,11.02041363597799
512,-0.9648507098589707,0.2627986067022433,45.36120369026084,11.020421974208848
513,-0.9652155771675658,0.2614553300146754,45.36116542679267,11.020430905206199
514,-0.9655161531156855,0.2603431544571282,45.361126410375235,11.020440170962983
515,-0.965746753498139,0.25948643145221434,45.36108846586354,11.020449642565701
516,-0.9659029853259256,0.25890427369679464,45.36104934828284,11.020457834480688
517,-0.9659818581212495,0.25860984084256794,45.361012720522695,11.020468518974774
518,-0.9659818581212495,0.25860984084256794,45.360974215184896,11.020477586820702
519,-0.9659029853259256,0.25890427369679464,45.36093670970996,11.020488766899245
520,-0.965746753498139,0.25948643145221434,45.36089893181466,11.020500131196547
521,-0.9655161531156855,0.2603431544571282,45.360861401866586,11.020511872284162
522,-0.9652155771675658,0.2614553300146754,45.360823696651444,11.020523660776265
523,-0.9648507098589707,0.2627986067022433,45.36078572622758,11.020535771796299
524,-0.9644283789550872,0.2643442866151314,45.36074941905136,11.020549032111719
525,-0.9639563737457884,0.2660603493850034,45.360710701318894,11.020562769301424
526,-0.9634432323992485,0.2679125565256093,45.36067512790376,11.020575991137788
527,-0.9628980046005982,0.26986558271885375,45.360637118612615,11.020590107163411
528,-0.962329997546177,0.2718841220497714,45.360600987986395,11.020603718365885
529,-0.9617485152423164,0.27393392164753855,45.360563326660724,11.020618506163004
530,-0.9611626023164532,0.2759827021903068,45.36052671035374,11.020634264264432
531,-0.9605808039435065,0.2780009336229767,45.36048978156732,11.020647413458878
532,-0.9600109529002051,0.2799624444664679,45.36045405250594,11.020663109288668
533,-0.9594599932038602,0.28184485349434446,45.360417039226476,11.020676922112902
534,-0.9589338474233812,0.28362982259591735,45.36038025900992,11.020691735118984
535,-0.9584373318263937,0.28530313871652946,45.36034269984233,11.020706235418226
536,-0.9579741203639998,0.2868546403892063,45.360307064206275,11.020720518616805
537,-0.9575467554204383,0.2882780102328154,45.36026886660377,11.020734888802492
538,-0.9571567005591253,0.2895704587397841,45.36023181790812,11.020748995422984
539,-0.9568044283989005,0.290732326713514,45.36019537279668,11.020762556710086
540,-0.9564895353842667,0.2917666339737797,45.36015912751612,11.020777458264968
541,-0.956210874606412,0.29267860066024765,45.360121494976156,11.020791213100098
542,-0.9559666979391268,0.2934751649311442,45.36008452328572,11.020804221564685
543,-0.9557547994620081,0.2941645174138725,45.36004782148551,11.020817518931793
544,-0.9555726532987678,0.29475566876237164,45.360010472657464,11.020829965515288
545,-0.9554175404315924,0.29525806243970104,45.35997307158605,11.020841929934468
546,-0.9552866605996343,0.29568124066365625,45.359936481336725,11.020855074308436
547,-0.9551772269090032,0.2960345675667398,45.359897849644916,11.020868611940445
548,-0.9550865421629853,0.2963270102085736,45.359862120886454,11.020880681873766
549,-0.9550120570901477,0.29656697525591824,45.35982340368664,11.020892419158153
550,-0.9549514115644224,0.29676219697110545,45.35978664062929,11.020904222094337
551,-0.9549024605653745,0.2969196706285951,45.35974853215044,11.020917075180595
552,-0.9549024605653745,0.2969196706285951,45.35971167,11.02093044
553,0.158371280329442,0.9873796319384015,45.3597124264938,11.020934412263873
554,0.158371280329442,0.9873796319384015,45.35971375136192,11.020938634975623
555,0.158371280329442,0.9873796319384015,45.359713810463965,11.020942768584836
556,0.158371280329442,0.9873796319384015,45.359714447036374,11.020946584105287
557,0.158371280329442,0.9873796319384015,45.359715271854824,11.020950820379344
558,0.158371280329442,0.9873796319384015,45.359714875662945,11.020955783257666
559,0.158371280329442,0.9873796319384015,45.359715887888136,11.020959110334486
560,0.158371280329442,0.9873796319384015,45.359716395639516,11.02096344467364
561,0.158371280329442,0.9873796319384015,45.35971783871381,11.020967658737813
562,0.158371280329442,0.9873796319384015,45.35971889178304,11.020971263642135
563,0.158371280329442,0.9873796319384015,45.359719427113774,11.020974801743549
564,0.158371280329442,0.9873796319384015,45.35972008003222,11.020979859133597
565,0.158371280329442,0.9873796319384015,45.359720782411934,11.020983196858753
566,0.158371280329442,0.9873796319384015,45.3597211253122,11.02098769847065
567,0.158371280329442,0.9873796319384015,45.359721288434976,11.02099188295644
568,0.158371280329442,0.9873796319384015,45.35972166492326,11.020995875824013
569,0.158371280329442,0.9873796319384015,45.35972383962631,11.02100003504954
570,0.158371280329442,0.9873796319384015,45.35972431937625,11.021003242294393
