,Sin,Cosin,Lat,Lon
0,0.949721988342119,-0.31309446635079985,45.359666322221976,11.020596076040317
1,0.9567289088482381,-0.29098074674118846,45.35970042068399,11.02059114757578
2,0.9508815084542983,-0.30955509506334766,45.35972740173426,11.020571865503765
3,0.9511005141431282,-0.30888155010728163,45.35976039869466,11.020565640953903
4,0.9513780672111974,-0.30802560482772573,45.359800009585086,11.020549455187698
5,0.9513890045769292,-0.3079918212714741,45.35982470540755,11.020543456817144
6,0.9519897939241823,-0.30612976376725104,45.35985882752667,11.020536083157179
7,0.9569165621268072,-0.2903630367788097,45.35989534041773,11.020527536375884
8,0.951022513720315,-0.3091216239558359,45.35992135906918,11.020514665116577
9,0.9449943151301284,-0.32708675358647504,45.359955670362346,11.020512896213498
10,0.9595455714955995,-0.28155336301167366,45.35999238681961,11.020500950319898
11,0.9536549460459209,-0.3009023826461858,45.360030549527416,11.02048612083445
12,0.9580554865735296,-0.286582771021493,45.36006697366251,11.020474930272108
13,0.9586291701713509,-0.2846578895737607,45.36008745269632,11.020457057110306
14,0.9515010266252819,-0.30764556933431475,45.360123148038,11.020450214993225
15,0.9455631408376826,-0.32543869881926596,45.36014692023656,11.020452882825541
16,0.9483366381238181,-0.317265851916046,45.36019045938373,11.020435653278252
17,0.9456571657195384,-0.325165380880698,45.36021696486622,11.020436596041256
18,0.9531362097331404,-0.30254151069819,45.360246870475784,11.020422168311526
19,0.95311415214375,-0.30261099283287907,45.36028461306058,11.0204002412849
20,0.9523436816267102,-0.3050270677590486,45.360321460623226,11.020400441112331
21,0.950912507296667,-0.3094598576015413,45.36034870989666,11.020369963932582
22,0.9501838594466131,-0.31168996334039845,45.36037714701297,11.020375590817652
23,0.9534017124908207,-0.3017037862201441,45.360419987243745,11.02036628137215
24,0.9645786540781168,-0.2637954133355025,45.36044525826791,11.020361014951314
25,0.9408796296462238,-0.33874108477830756,45.360482251459494,11.020340817345915
26,0.9475733129128358,-0.319538443157303,45.36051938003729,11.02034073697562
27,0.9508736848092807,-0.3095791264559364,45.36054473410459,11.020320694836673
28,0.9524654156849283,-0.30464673299436,45.360576224541234,11.020322771694607
29,0.9574078402271495,-0.28873903004544593,45.36061281477377,11.020311008704624
30,0.9466473069505525,-0.32227143255843577,45.360632059957,11.020297247602837
31,0.9435866891124834,-0.3311255957031132,45.3606715103926,11.02028082376839
32,0.9609952401372208,-0.2765649081745647,45.36070202718039,11.02027534571336
33,0.9547361300175782,-0.29745406710794536,45.360742476162095,11.020275486200534
34,0.9438992506180734,-0.3302335608060444,45.3607768964751,11.020253214331001
35,0.9545226153747914,-0.2981385193799486,45.3608049798627,11.020250773441996
36,0.9545483602339793,-0.2980560819285882,45.3608428722354,11.020226920268797
37,0.9542682059449794,-0.298951820737975,45.36086926260187,11.020223974263667
38,0.9552715051314425,-0.2957302004934707,45.3608891789598,11.020205135103481
39,0.949910324518083,-0.3125225997811203,45.3609325568162,11.020216449509476
40,0.9561912028542798,-0.29274286256728005,45.36096808814874,11.020197626578664
41,0.9534875741681499,-0.3014323239251837,45.36099585226972,11.020196681334387
42,0.9508844625279184,-0.3095460206867337,45.36103529766188,11.020184261855945
43,0.9397685923460926,-0.3418113410053033,45.361058836891885,11.020166141092126
44,0.9483713652300307,-0.31716203053286146,45.36108680036254,11.020163101105286
45,0.9539870146894246,-0.2998479211266265,45.361130019386586,11.02014487452101
46,0.9498751292069977,-0.3126295554070176,45.361154632590555,11.020134411715775
47,0.95797327858085,-0.2868574515766621,45.36119420138931,11.02012428633557
48,0.9556512950821009,-0.2945005979754596,45.36121675413606,11.02012152749065
49,0.9465429083782481,-0.32257793259745393,45.361253374765276,11.020117128300232
50,0.9541411204632496,-0.2993571817096336,45.36129570739028,11.020095146749236
51,0.9552674335051475,-0.29574335239272664,45.361327899212576,11.020087772905942
52,0.9584222679346441,-0.2853537389399571,45.361358480821394,11.020072309472877
53,0.9474757291232504,-0.31982767660470707,45.36138960658238,11.0200726665359
54,0.9599619764250318,-0.28013033362730755,45.36142557056429,11.020056003576059
55,0.9616270854168523,-0.27435988881884665,45.361453560196324,11.020046345165767
56,0.9579986568633841,-0.2867726860214409,45.36148637495015,11.02004097293081
57,0.9555291665756267,-0.29489661209191315,45.361515932143085,11.020017885399994
58,0.9587223319692506,-0.2843439645630658,45.36155430982643,11.020022515317008
59,0.9552213200321925,-0.2958922603853565,45.3615937693704,11.020002254116939
60,0.9474481511488104,-0.31990936354645944,45.36162078950401,11.019999116973214
61,0.9552389844401807,-0.29583522881105995,45.361644815385,11.01999210543396
62,0.9500905709051178,-0.31197420899360784,45.36168068555877,11.019966607765033
63,0.9584179948103353,-0.28536809075952424,45.36171124297931,11.01997407134953
64,0.9516820629956123,-0.30708508751226476,45.361750029215514,11.019961021528022
65,0.9452088817059581,-0.3264661849934418,45.361784470368434,11.019948417046828
66,0.9525389181162728,-0.30441683506974526,45.3618201209626,11.019928413381626
67,0.949719175293554,-0.31310299915480144,45.3618446606383,11.019923267218493
68,0.948176697406698,-0.31774352943046225,45.3618733892426,11.019906767352243
69,0.9523639599358114,-0.3049637483626214,45.36190931676096,11.019912124855699
70,0.9568097426278724,-0.29071483693197464,45.36193291923473,11.019898575729185
71,0.9539169635489472,-0.3000707027577945,45.36197452710732,11.019889818091691
72,0.9541858599196507,-0.29921454631985517,45.36200361877088,11.019880733791455
73,0.9592429435711438,-0.28258268738365316,45.36203595979078,11.019868705040318
74,0.9531694626009893,-0.30243672985426423,45.362070821449855,11.01984802104684
75,0.955234251880606,-0.29585050960594794,45.362111964601894,11.019847600097323
76,0.9625880133387231,-0.27096921702771015,45.36213177812115,11.019841236447375
77,0.9625753700566307,-0.2710141268648932,45.362168356764606,11.019823301582703
78,0.9562591905516237,-0.292520700952178,45.36219334564485,11.019812375802761
79,0.9478567087500813,-0.31869681466475863,45.36222901769624,11.019814207676507
80,0.14919885030304203,0.9888072122857168,45.362262024035715,11.019795305368389
81,0.1657519219666246,0.9861674808897168,45.36226537372291,11.019795155219224
82,0.13143444394728881,0.9913248644840232,45.362257400716054,11.01980400177633
83,0.11398606495053076,0.9934823486087175,45.362261618095516,11.019810153092575
84,0.14920410022982192,0.9888064201220628,45.36226052384312,11.019821334801666
85,0.10980120885369601,0.9939535675947176,45.36226029051081,11.019814024120697
86,0.12238943990285488,0.9924821534920744,45.362255689030256,11.019825578597894
87,0.14194583910940547,0.9898744257528461,45.362260065223225,11.019819759183452
88,0.11815260336303193,0.9929954492939723,45.36226642307073,11.019836597937342
89,0.13993826535847226,0.9901602304114531,45.362252907700224,11.019835543893787
90,-0.9610362732623952,0.27642228830889704,45.36226026372371,11.01984527457704
91,-0.9511184933920996,0.30882618335811907,45.36223237186436,11.019854774884857
92,-0.9523289928767037,0.30507292460400876,45.36219128791632,11.019871291625197
93,-0.953566977749137,0.3011810401508982,45.36216140354936,11.01988047439609
94,-0.9494627250371874,0.3138798078324858,45.36213146831702,11.019888910777627
95,-0.9531930543219456,0.3023623673548024,45.36210057011325,11.019901060793714
96,-0.9596813635882991,0.2810901641489841,45.3620679791958,11.019902007633723
97,-0.9579618640203252,0.2868955682521148,45.36203719939552,11.019912855495408
98,-0.9597006243648172,0.28102439679462005,45.36199393503151,11.019925161839222
99,-0.9518349945121941,0.30661073566000824,45.36196560005991,11.019939708597038
100,-0.9606957338613461,0.27760350671526063,45.361933781496404,11.019940793748574
101,-0.9490672760290153,0.3150734923329236,45.361901964922865,11.019946344993448
102,-0.9670134924394865,0.2547251566688832,45.36187362670442,11.019963955032178
103,-0.9719091386722304,0.23535638118692087,45.361837569925655,11.01997624923006
104,-0.9637648493818448,0.2667532850706623,45.36180747511985,11.019984861762136
105,-0.9574315712797656,0.2886603303482469,45.36176894927589,11.019993888782686
106,-0.9581369763398719,0.28631020689155967,45.36174397602866,11.020000973556396
107,-0.9546116212719085,0.29785340779084324,45.36170846950697,11.02000473828399
108,-0.9612069682491916,0.2758281424894812,45.36166224801595,11.020013767509457
109,-0.9564580446449813,0.2918698491346769,45.36164690855438,11.020019144740612
110,-0.9594876422761758,0.2817507130768356,45.3616095860415,11.02003393788838
111,-0.9684080817675663,0.2493707825052138,45.36157903462353,11.020045564304388
112,-0.9714312101416369,0.23732130954205266,45.36153803522049,11.020039723276756
113,-0.976612632165561,0.2150064340773422,45.361504311021285,11.020042062201528
114,-0.9691161193549216,0.24660484019268009,45.361475725645775,11.020048154843867
115,-0.9653509835904431,0.26095493572830536,45.361437564076816,11.02005129463943
116,-0.9695968809694729,0.24470776124649132,45.36140428472059,11.02006405776875
117,-0.9730063307206617,0.23077842268616514,45.36138011897255,11.020076721012222
118,-0.9767727401554699,0.21427788987474874,45.36134125416884,11.020075955978845
119,-0.9752584962750738,0.22106755855005508,45.36129570182982,11.020073740348275
120,-0.9753293720908857,0.22075465099698066,45.361272640907636,11.020089189754492
121,-0.9738159227019079,0.2273379613971936,45.36123461795977,11.02007819985094
122,-0.9764576578900754,0.2157091614833001,45.36119651451367,11.020082710586305
123,-0.9802307682283063,0.19785762815353966,45.36116280038451,11.02009009894336
124,-0.9815970772093842,0.19096381336262216,45.36113203284352,11.020095912423185
125,-0.9819093334106991,0.18935168592055518,45.361106791921166,11.02009484749465
126,-0.9770593854093993,0.21296703356014268,45.36106982023811,11.020083006321611
127,-0.9782479860186952,0.20743885328059153,45.36102684696264,11.02010812437983
128,-0.979261201315403,0.20260182525908765,45.36100659813565,11.020118124334157
129,-0.9825407991399758,0.18604724675570367,45.36097024067098,11.020117019530687
130,-0.9739288298534291,0.22685377312341623,45.36092925609421,11.020121404142632
131,-0.9765290456999162,0.21538575371739663,45.36091255852051,11.020120494887516
132,-0.9812133822657201,0.19292562935666646,45.36087310873598,11.020139506541529
133,-0.9786091314471713,0.2057283836718041,45.36082559406907,11.0201476881027
134,-0.9824786367105975,0.1863752354989412,45.360798209290124,11.020163648116991
135,-0.970588797668939,0.24074340248397952,45.360767745321716,11.020169174378491
136,-0.9783794705353513,0.20681782233396995,45.36074072507505,11.020177493593986
137,-0.9712013647579043,0.23826017101560262,45.36070395802739,11.020198927241267
138,-0.9819109641281547,0.18934322941398668,45.360673713521045,11.02020760013055
139,-0.9709221136983605,0.23939559129505308,45.360645407879026,11.020228616456006
140,-0.9680132235262716,0.25089918110324017,45.3606104470166,11.020241627875553
141,-0.9696129886995299,0.24464392930372328,45.360578658984785,11.020247919129954
142,-0.9754682778191754,0.22014004399130088,45.3605420117062,11.020268396387202
143,-0.9686702552853562,0.24835043089433712,45.36051582443659,11.020280201573286
144,-0.9639257043680762,0.26617144185375746,45.36048260535585,11.020298798473727
145,-0.9755650721707173,0.21971069605402288,45.36045963783143,11.020321687992588
146,-0.9715923771411868,0.23666062765305454,45.360427354259166,11.020339241015373
147,-0.9693345156308968,0.24574498327863137,45.36039403081678,11.02035245317383
148,-0.9708703731539764,0.23960533911384074,45.360363460302814,11.020365803812641
149,-0.9658550278724222,0.25908312398448974,45.360325444740155,11.020387180412207
150,-0.9622233741890789,0.2722612314748171,45.360306309089665,11.020408759481843
151,-0.9565663991418216,0.2915145348569248,45.36026580939131,11.020420900533312
152,-0.9569167782312836,0.2903623245868173,45.360236408923654,11.020430805807464
153,-0.9598063071156173,0.28066323738794374,45.36021086922004,11.020452147130477
154,-0.9603908817450608,0.27865633719860833,45.36017896056661,11.020468370146272
155,-0.9611682984516403,0.2759628635370683,45.360148111214365,11.02048162769906
156,-0.9569138637562686,0.29037192934415906,45.36011695305267,11.020499769436942
157,-0.9603694022234602,0.2787303558512306,45.36009155555143,11.020519148127393
158,-0.9603388314507543,0.27883566631225587,45.36005451892512,11.02052194927939
159,-0.947391262124068,0.32007779749767945,45.36002784502097,11.020537204523507
160,-0.9590578930019378,0.2832100949307488,45.359996423279966,11.020552958743078
161,-0.9650878436033513,0.26192642884793704,45.35995872807488,11.0205671751214
162,-0.9499140540838585,0.3125112635633606,45.359926852576635,11.02058561451701
163,-0.9536116377867748,0.30103960582890926,45.35989343173706,11.020591713073943
164,-0.9560409392494452,0.29323322199068547,45.35987257727889,11.020610193675884
165,-0.9553971565524613,0.29532401401083475,45.359837944935315,11.020614257121837
166,-0.947931420949509,0.3184745220212204,45.359809559830055,11.02063051819666
167,-0.9641039142622972,0.26552522009051616,45.35977389536208,11.020631084198088
168,-0.9425588487215526,0.33404014234325385,45.359737731571066,11.02065869795941
169,-0.9573464583429976,0.28894248337362777,45.359708937745985,11.020655219105235
170,0.11246699184982105,0.9936554612863818,45.35967698578145,11.020675129714459
171,0.13147273018294706,0.991319787565164,45.35967147736232,11.020672728068831
172,0.1456670787158334,0.9893336657459885,45.35968494772198,11.020686857982437
173,0.12503793999248453,0.9921519609225372,45.35969189168625,11.020685063943308
174,0.11411874748752382,0.993467116452215,45.35967636459469,11.02069804161074
175,0.11024327783382712,0.9939046330973881,45.35969797033635,11.020703918481297
176,0.12494458508208042,0.9921637217005401,45.359683936588794,11.020700018510214
177,0.15348114338285537,0.9881515767461444,45.359683934876486,11.020723235040625
178,0.1384371803688548,0.9903712168129287,45.35968978244273,11.020711651703598
179,0.10934554018774863,0.9940037992085591,45.35968985898563,11.020737081027457
180,0.9574537458773016,-0.28858677118940085,45.35969062568139,11.020737719316749
181,0.9525578848755814,-0.30435748054115364,45.35973424348347,11.02072478911769
182,0.9521937561932597,-0.3054947637302005,45.35975615904957,11.020719562711818
183,0.9472288478988125,-0.32055812219984126,45.35979350854908,11.020712577132178
184,0.9431394881212435,-0.3323972110990086,45.35982014197759,11.020690145246585
185,0.9523571161577656,-0.30498511980695736,45.359854070940976,11.020693181463631
186,0.9518101729646907,-0.30668778039062067,45.359883584573865,11.020679698824473
187,0.9579086162535763,-0.2870733058073472,45.35991222355636,11.020665844375255
188,0.9568292889914031,-0.2906504975536875,45.35994475329435,11.020661333217202
189,0.95539550099162,-0.29532936983133173,45.35998705569993,11.020641698946822
190,0.9640435750785333,-0.26574421037870266,45.360006037611846,11.020633435487097
191,0.9502439002444653,-0.31150686998553795,45.360038677516876,11.020622358574261
192,0.9441239270040633,-0.32959067107311485,45.36008098427509,11.020611357453085
193,0.9508309994430426,-0.30971020405880184,45.360105144946736,11.02061154505685
194,0.9473934565935428,-0.32007130206211687,45.360145216045176,11.02059661481305
195,0.9508165067704208,-0.3097546939965465,45.36016984431327,11.020573208094184
196,0.9515343204575016,-0.3075425775262356,45.360212347337274,11.020569675611938
197,0.9569777281882133,-0.29016138225430044,45.36024113785396,11.020558234326764
198,0.9603106453742917,-0.2789327237539753,45.36026370285092,11.02055293566254
199,0.9506379754378554,-0.3103021747513469,45.36029715782746,11.020530081828227
200,0.9584880197622431,-0.2851328040970628,45.36034090177189,11.020530139621615
201,0.9514143367666007,-0.3079135589657743,45.36036729330906,11.02052665176276
202,0.9431402431811415,-0.33239506869419283,45.36039490626562,11.020508271929994
203,0.9372233241113485,-0.3487297531637848,45.36042413720608,11.020493511467942
204,0.9522616138812945,-0.30528317793188753,45.36047042629572,11.0204884019502
205,0.9583788527842378,-0.28549951757571884,45.36049402975297,11.02048098948204
206,0.9582536357585449,-0.28591951587034065,45.3605264278305,11.020477181443793
207,0.9610017785357524,-0.27654218783238255,45.36056103624886,11.020447651761977
208,0.9639244839440605,-0.2661758615148578,45.360587325936756,11.020449754664936
209,0.9548032990232436,-0.2972383894693459,45.36062177081658,11.020437510094926
210,0.9627151274635851,-0.27051725148827965,45.36065761107118,11.020430470535542
211,0.9516013708530253,-0.307335046798511,45.3606895527906,11.02040743884354
212,0.9552801870335272,-0.29570215464414384,45.36071401845395,11.020407463984192
213,0.9549456600853505,-0.29678070402934564,45.360751892621245,11.020409206511019
214,0.9621941793285714,-0.272364390598729,45.360790110363645,11.020388333936463
215,0.9504970233666513,-0.3107336617927571,45.36082228694268,11.020387591550689
216,0.9528022284199168,-0.3035916888158185,45.360846871315864,11.020373934196567
217,0.9544737049832946,-0.29829506616010704,45.36088085043696,11.02035910037227
218,0.9481680658716246,-0.3177692855850964,45.36091514139138,11.020346807150949
219,0.964885100000184,-0.2626723125828737,45.36095192480502,11.0203470924786
220,0.9487066276564391,-0.31615776859148437,45.360983688125266,11.020323261328684
221,0.9582180546308031,-0.2860387382498376,45.36101157279373,11.020319699435294
222,0.9623797265493264,-0.27170804538482823,45.36104564910338,11.02030266182658
223,0.948441730115441,-0.3169515492557642,45.361080717029765,11.020288706783802
224,0.9569486175390517,-0.2902573743939984,45.361109957308294,11.020286020023327
225,0.9579408260656889,-0.2869658059013052,45.361139837220755,11.02027508693101
226,0.9478800991848453,-0.31862723921430175,45.361170331587665,11.020270236226626
227,0.9596667598880064,-0.28114001843575276,45.361211683465505,11.020261326691053
228,0.9564024640082616,-0.29205192490193566,45.36123709990865,11.02024924679456
229,0.9574079282551551,-0.2887387381599008,45.36126377215765,11.020237017133454
230,0.9575294317114899,-0.2883355465534407,45.361305980034246,11.020229507766958
231,0.9519501123529693,-0.30625313645931695,45.361326991951564,11.020219033872573
232,0.9640228005804236,-0.2658195627885142,45.36136744324207,11.020202786240384
233,0.9583201160721179,-0.2856966137907876,45.36140154255832,11.020196645441926
234,0.9555090794446447,-0.29496169090044155,45.36143155741901,11.020187983349025
235,0.9531692228807599,-0.30243748536331994,45.36145765999698,11.02016848034574
236,0.9535381070617768,-0.3012724321623928,45.36149744361392,11.020171740850683
237,0.950252332491355,-0.31148114645149766,45.36153193542812,11.02014590226454
238,0.9567284163403296,-0.2909823660755493,45.36155488596474,11.020139769580439
239,0.9492881596476938,-0.3144073630701017,45.361592461214755,11.020135073622484
240,0.9443045098779812,-0.32907292903565555,45.36162030638821,11.020127364096982
241,0.9529911340210837,-0.30299818230017317,45.36165603692349,11.020114810171485
242,0.9598081614277985,-0.2806568959719128,45.36168804076558,11.020105329003059
243,0.9581869823941905,-0.28614280834980854,45.36171496458746,11.02009597220104
244,0.9530247165120431,-0.30289253823285234,45.36175075902564,11.020079842976195
245,0.9521427613048697,-0.30565366363702856,45.36178236432386,11.02007190243073
246,0.956675471554031,-0.291156387748702,45.361823861142184,11.020058004143783
247,0.9549989230428274,-0.29660926652254127,45.361841746629885,11.020045142948977
248,0.9559780338679026,-0.29343823670758945,45.36187932399745,11.020049270620191
249,0.9482856416464169,-0.3174182443515863,45.36191555067202,11.020034026209618
250,0.9476701427272958,-0.3192511559622405,45.361945024764964,11.020019791589506
251,0.9584188876300518,-0.28536509217837785,45.36197536653817,11.02001492061656
252,0.9551051156710055,-0.2962671396207738,45.362011477320394,11.020001517156885
253,0.947676975947129,-0.3192308714076768,45.36204823585449,11.019990148640126
254,0.947957757916143,-0.31839611996159634,45.36207588280093,11.019983439602948
255,0.9505236371916561,-0.31065224148546705,45.362106597036274,11.019978784485648
256,0.9610024115651399,-0.2765399880053254,45.36213148257434,11.019961556699506
257,0.9589240677563654,-0.2836628849137396,45.36218258584381,11.01994887472407
258,0.9587483483036516,-0.28425623058258515,45.362205799028374,11.019946708985318
259,0.9521686473199403,-0.3055730142877723,45.362235402417255,11.019932351210718
260,0.12126916755266429,0.9926196597897323,45.362266824477985,11.01992043796139
261,0.16677411236991035,0.9859951295230766,45.362270742394955,11.019932072436148
262,0.1521260241456773,0.9883611044439319,45.362266416949915,11.019931658736029
263,0.09953058936248728,0.9950345028094031,45.36227268785406,11.019935736585294
264,0.14465675873876033,0.9894818958178043,45.3622733367409,11.019940362202513
265,0.11395160491384362,0.993486301736244,45.362271799717824,11.019955218988938
266,0.16025517391196176,0.9870756198156486,45.36227239415369,11.019973608751743
267,0.10383854294142217,0.994594166984606,45.362278488460944,11.01997656987565
268,0.12586030720209473,0.9920479741781616,45.36226482452265,11.019971118560969
269,0.13562734516327615,0.9907599221022021,45.36227552740575,11.019977813407023
270,-0.9547779855809098,0.29731969031677014,45.36227782383361,11.019990243200493
271,-0.9493435624360094,0.3142400363755496,45.36224557430095,11.019997273080438
272,-0.949628119077891,0.31337906033522217,45.36221723349144,11.020016020317227
273,-0.9584429883478662,0.28528413570826516,45.362183752295955,11.020023906415455
274,-0.9505540155062756,0.3105592755093544,45.362141392772344,11.02003554569915
275,-0.9551445176140342,0.29614008589154894,45.362130346428984,11.020042484213093
276,-0.956744331991174,0.29093003145560986,45.362082596981736,11.020052396702043
277,-0.9493903812530853,0.31409855775555773,45.362044583393676,11.020052431035444
278,-0.9558351820598519,0.2939032234199037,45.36202089658552,11.020074311373554
279,-0.9511310383283736,0.30878754496966,45.36198619792622,11.020081354562985
280,-0.9548424438625778,0.2971126173667822,45.36195945294832,11.020091602515299
281,-0.9479962063192382,0.3182816249869483,45.361925282349084,11.020108862035821
282,-0.9589851191551134,0.2834564185885599,45.36188784398441,11.020105618608456
283,-0.9605282101501554,0.27818259741712603,45.36186875900659,11.020121216057252
284,-0.9488552619309021,0.3157114060436195,45.36182139866912,11.02013598147415
285,-0.9514963578537458,0.30766000876138677,45.36179651843203,11.020137580105272
286,-0.9504230226531803,0.3109599299118653,45.36176307318141,11.020153384543457
287,-0.9522595890473807,0.30528949386985704,45.36172819002525,11.020168671602258
288,-0.9611048757984296,0.2761836666359637,45.36169844745161,11.020169510071735
289,-0.9626597069411797,0.2707144041825665,45.361666292718866,11.020180190397198
290,-0.9550427101716056,0.2964682474533734,45.36163220348257,11.020193508095574
291,-0.9536828108506182,0.3008140560014839,45.36159057104332,11.020208264257315
292,-0.9607468165288611,0.27742666513812064,45.36157808296696,11.020213169557074
293,-0.9550089104151464,0.29657710806411725,45.361544210017556,11.020224019018073
294,-0.9485561774984164,0.31660887247452957,45.36150286987631,11.02023442927796
295,-0.9558023058790673,0.2940101224044129,45.361469588266814,11.020235948336047
296,-0.9498115826812056,0.3128225653699288,45.36143648256166,11.020249468530492
297,-0.9466251097515015,0.32233662774800786,45.361410086243986,11.020270068457144
298,-0.9507893335999974,0.3098380917712877,45.36138313655828,11.020266820337678
299,-0.9522100618381162,0.3054439361556403,45.36134153459319,11.020281047660985
300,-0.9564792218554139,0.291800442355494,45.36132037288959,11.02029104635939
301,-0.9595832988247267,0.28142475480429086,45.361278718298045,11.020298919563333
302,-0.9569994810335805,0.2900896297723476,45.36125624253079,11.02031342087921
303,-0.9572024354950975,0.2894192417277288,45.36121594778713,11.02032852068225
304,-0.9561649324839042,0.29282865619343146,45.36118685036234,11.020327938543355
305,-0.960693644975376,0.2776107355703777,45.361148035554606,11.020339930174558
306,-0.9591704316051047,0.2828287169551161,45.36112557526764,11.02036065909423
307,-0.9528572079787592,0.30341908510000426,45.361083817919514,11.0203724008746
308,-0.9471683277772664,0.32073689974123126,45.36105588463867,11.020381040021656
309,-0.9486588215145427,0.31630118615433456,45.361024153644166,11.020385260966393
310,-0.9601705497279808,0.27941459416978787,45.36098717987587,11.020403539669275
311,-0.9538835265157652,0.3001769775346659,45.36095585993295,11.020402248169908
312,-0.9512296433022637,0.3084836554876906,45.360923003293536,11.020411985931448
313,-0.9558710639188687,0.29378650268964035,45.360893644349076,11.020423268326152
314,-0.9543592720993297,0.2986609779633719,45.360859851790316,11.020433100474854
315,-0.9446899711617232,0.3279647212528548,45.36083407938083,11.020440281339672
316,-0.9559144734693633,0.29364522712244095,45.36079869769966,11.020454522335372
317,-0.9437629168826777,0.33062298274182345,45.36076897879369,11.020465790202294
318,-0.9588500370712677,0.28391302613375907,45.360733961578795,11.020476637441575
319,-0.9552047402465315,0.2959457791734092,45.36069879846227,11.020488935271553
320,-0.9493519148396136,0.3142148019911844,45.36066405948692,11.020485449054705
321,-0.9614052187283236,0.27513633966080187,45.360634872457084,11.02050052007173
322,-0.951063021504794,0.30899697268124104,45.36060517240699,11.02051173250234
323,-0.9519737703231365,0.3061795888310524,45.360567766009076,11.020518698146951
324,-0.9540028097508584,0.2997976634122879,45.36053215162608,11.020531199173398
325,-0.9507301276934451,0.3100197159794932,45.36050592133726,11.020548609812584
326,-0.9584176696980122,0.28536918265753913,45.36047396412333,11.020551968902469
327,-0.9474770921979989,0.31982363852602375,45.36044569871004,11.020568818495153
328,-0.9539073757189386,0.30010118051918383,45.36041346248974,11.020577323383144
329,-0.9585915264823557,0.2847846297752519,45.36037062918907,11.020580041721548
330,-0.9517912859572495,0.3067463903224379,45.36034582210134,11.020601463659153
331,-0.9626494926007073,0.27075072372128706,45.36031422395092,11.020598871436018
332,-0.9583620533018685,0.285555904843564,45.36028547057743,11.020620350898382
333,-0.9559620586266404,0.2934902766128985,45.36025004068208,11.020635226678497
334,-0.9645363116940636,0.2639501911793439,45.360216798914855,11.020643653373545
335,-0.9484574492056845,0.31690450777205176,45.360196576891894,11.020641851471215
336,-0.9535064047019591,0.3013727529030183,45.360162370276136,11.02065822826254
337,-0.9548284160045395,0.29715769549224536,45.36011984611374,11.020675351697998
338,-0.9557185989292033,0.2942821089716475,45.36008628867734,11.020680189768003
339,-0.9545549709289822,0.2980349098256274,45.36005822646193,11.020693275375146
340,-0.9569800107819892,0.2901538539528706,45.36003401058063,11.020704828257383
341,-0.9506312103747524,0.3103228993507137,45.36000204468078,11.020700156756691
342,-0.9562772058590303,0.292461801872391,45.359965998706556,11.020723298479005
343,-0.9571248371316253,0.2896757603696929,45.3599230860374,11.02072445611268
344,-0.954176516465201,0.29924434067553235,45.359894615942665,11.020739590300055
345,-0.9474185125243677,0.31999712830916854,45.35986526598065,11.020746463808921
346,-0.9576623453056398,0.28789378663615084,45.359831974299524,11.020758126067342
347,-0.9557029407107902,0.29433295621922434,45.35980372271652,11.020770421984052
348,-0.9518066505761849,0.3066987119616649,45.35975994220783,11.020779377309234
349,-0.9531413279881937,0.30252538551484004,45.35973202394979,11.020790694715311
350,0.173552121744207,0.9848246854329373,45.35970542025213,11.020800691242385
351,0.12639329609270986,0.9919802088261744,45.35969940178652,11.020806272932068
352,0.14717271511450367,0.9891108087195414,45.35970581993268,11.020818305904339
353,0.13287160823973046,0.9911332583077754,45.35969429821812,11.020824734845075
354,0.1312057460494233,0.9913551594678943,45.35970400867352,11.020832858044844
355,0.13807150875897345,0.9904222627086998,45.35970065800182,11.020835570391961
356,0.14570787820082787,0.9893276576696988,45.359707472886384,11.020852909559968
357,0.1360765675531309,0.9906983232866392,45.3597160510247,11.020857020089975
358,0.13751689449023788,0.9904994213677062,45.35970942503872,11.02086001017655
359,0.1057131245947154,0.9943966689849791,45.359714866560985,11.02088067956029
360,0.9576118437977256,-0.28806172362589305,45.35971144867301,11.020882303266653
361,0.9567494099222132,-0.29091333179058104,45.35974529509767,11.020868991096394
362,0.9565493285861301,-0.2915705437478616,45.35977518432069,11.020867512122395
363,0.9580993362644883,-0.28643613921701105,45.35980319624844,11.020847699485953
364,0.9452642382443452,-0.3263058686207433,45.35984204696497,11.020850169872023
365,0.9544190055470894,-0.29847003509649833,45.35987410987668,11.020834558373021
366,0.9533328396961683,-0.30192134200291265,45.35990597353659,11.02082161311601
367,0.9521895822836153,-0.3055077730444091,45.35993919103084,11.02080539886813
368,0.9492792817780329,-0.31443416669786717,45.3599764247011,11.020797290650485
369,0.9548216782062963,-0.29717934455024286,45.35999604432007,11.020783313430396
370,0.9539556142182896,-0.29994780562858925,45.360019841898385,11.020773218097798
371,0.9487774761179166,-0.31594509144994803,45.36006287977041,11.02077362294836
372,0.955148506233771,-0.2961272210375059,45.360094570261104,11.020747613508025
373,0.9437727216685885,-0.3305949936618293,45.36013108455221,11.020743295034938
374,0.9556807485587608,-0.294405004770922,45.36016238729822,11.02073735081242
375,0.9547500455964112,-0.297409398697571,45.36018368566708,11.020734340806232
376,0.9479581584750127,-0.31839492737897473,45.3602398717725,11.020721545455926
377,0.9527988040621415,-0.3036024357243414,45.36025741548906,11.020714653840175
378,0.9627608934052064,-0.2703543270036724,45.36029278120003,11.02069502707018
379,0.9498390257218579,-0.31273922877655086,45.36032872567041,11.020683255015447
380,0.9506651309617001,-0.310218969074384,45.360361533440305,11.020677634212028
381,0.9637422521358622,-0.2668349142224387,45.36039245208507,11.02066651937265
382,0.950717619178111,-0.31005807292232235,45.36042398822968,11.020657081579252
383,0.9520134473597546,-0.30605619752946656,45.36045388331615,11.020657494914134
384,0.9556521122906707,-0.29449794612930547,45.36048373819476,11.020635119572095
385,0.9580205952623929,-0.2866993879538118,45.360521868526,11.020629638569284
386,0.9549229209697686,-0.2968538613637441,45.36055106559228,11.020614511337037
387,0.9458407984422338,-0.3246308426538638,45.360579166191464,11.020604106613371
388,0.9622707363169842,-0.2720937890286528,45.36062099534124,11.020590936384217
389,0.9548733163348058,-0.29701338311895964,45.36065488953947,11.020584995376025
390,0.958897131094548,-0.2837539285695358,45.360677653574825,11.020580122125818
391,0.9622859766486911,-0.2720398852103765,45.36071460474297,11.020569176884646
392,0.9520552163097329,-0.3059262412697345,45.36074994632036,11.020551942733265
393,0.947899211722839,-0.3185703759222137,45.36077581739129,11.020543476362649
394,0.9488082761973768,-0.3158525843164217,45.36080629797383,11.02052846351143
395,0.957845103680051,-0.2872851499053722,45.36084422501324,11.020515340502964
396,0.9533656631677843,-0.3018176805501146,45.36088334884199,11.020512733513435
397,0.948623894192198,-0.3164059218276891,45.36090164597518,11.020509555291184
398,0.9534189192344534,-0.30164940650663763,45.360937584076,11.020487757296522
399,0.9597280929416844,-0.28093057437473334,45.36097211726661,11.020485652789825
400,0.9562641387026373,-0.2925045248048366,45.360999333817034,11.020476761777912
401,0.9538182312432401,-0.300384389987258,45.361038416406,11.020462515929605
402,0.9633225450047544,-0.26834618366126045,45.36107304522345,11.02045736233629
403,0.9620339871798547,-0.2729296750278931,45.36109814453002,11.020438649394986
404,0.960910527942013,-0.27685909284363747,45.361144199630445,11.020430037526554
405,0.9475399061107984,-0.3196374920555148,45.361170794339806,11.020424284286221
406,0.9514590350256461,-0.30777541270879044,45.36119692071856,11.02040523117525
407,0.9541596104305607,-0.29929824226513674,45.361234879823755,11.02040126182328
408,0.9542538258652808,-0.29899771875630476,45.361266705642116,11.020393921511584
409,0.95313039020329,-0.3025598441150513,45.361298609105354,11.020378404379393
410,0.9567000890932328,-0.29107548768146124,45.361326765254795,11.020373974166123
411,0.9534781680964328,-0.30146207549784854,45.36135940732079,11.020360921595225
412,0.9556465948796613,-0.2945158496497405,45.36139479324632,11.020339166746247
413,0.9546986253401158,-0.2975744188832317,45.36141470850795,11.020332754986047
414,0.9561655117261489,-0.29282676480382014,45.36145490444881,11.02033327230426
415,0.9433887358822263,-0.33168915118003955,45.36149325343487,11.020310123854378
416,0.9605124817551925,-0.27823689976795135,45.36152597100457,11.020306510982946
417,0.9598505714725099,-0.28051181872408915,45.36155919547268,11.0202986382393
418,0.9549231774634824,-0.29685303627055326,45.36159002344719,11.02028340501661
419,0.9557320128666156,-0.2942385419722022,45.36162534721264,11.02026953121981
420,0.9534890120308754,-0.30142777565510614,45.36165933157797,11.02026574857608
421,0.9560440954251365,-0.29322293157720886,45.361679816261955,11.0202502442608
422,0.949869706112737,-0.3126460321342693,45.36171308032939,11.020248762160342
423,0.9445818457801655,-0.3282760067725566,45.36174821289402,11.02023135782097
424,0.9459546610095081,-0.3242989042756491,45.36178115410489,11.020226459432484
425,0.9511313470820257,-0.30878659394140007,45.361809899971625,11.020210597733085
426,0.9599437601314348,-0.2801927504142862,45.36184461651314,11.020204958649265
427,0.9537423553723202,-0.3006252144595641,45.361891619736774,11.020194641491559
428,0.9574910758764474,-0.2884628912303335,45.361916513526836,11.020186360508605
429,0.9559117090688002,-0.2936542260298079,45.36195260910049,11.020175176955727
430,0.9525291264725064,-0.3044474720235395,45.36197218484362,11.020161635352975
431,0.9634275722935923,-0.2679688656252343,45.36200919069529,11.020151079741582
432,0.9531647329073228,-0.30245163570678857,45.36205238286926,11.020137772622263
433,0.9604445238997839,-0.2784713926257373,45.36207350152333,11.020135198614629
434,0.9503856559284369,-0.3110741149717777,45.362105960174894,11.020122779110423
435,0.9599243522691671,-0.28025923342616227,45.36214331121623,11.02010578766472
436,0.9530471997975484,-0.3028217874560084,45.36217334486473,11.020112114138986
437,0.9527671051922941,-0.3037018986827311,45.36220773760098,11.020089446384647
438,0.9513234057338262,-0.3081943829841709,45.36224082141955,11.020082326189634
439,0.9507344692361365,-0.31000640155693876,45.362270721618195,11.020070218162129
440,0.11703977426967453,0.9931272281228138,45.3623000607305,11.02006065597493
441,0.13006066308255176,0.9915060382662967,45.362300441323114,11.020064931999197
442,0.1303885526294213,0.9914629722502019,45.36229487616823,11.020065861757153
443,0.10129126059961788,0.9948568140823786,45.36229646277008,11.020081294951451
444,0.12955889987406705,0.9915717278459595,45.3622869432281,11.020086421935577
445,0.12016893161717478,0.9927534577497007,45.36229987145927,11.020088405722968
446,0.13142430080842385,0.9913262092555694,45.36229604367659,11.020089394337642
447,0.10425710534258692,0.99455037880722,45.36229361570035,11.020097115598007
448,0.12657926272793166,0.991956496146506,45.362299917092635,11.020110554473211
449,0.12066287701871616,0.9926935428970847,45.36228684121507,11.020127882943331
450,-0.9630087799418938,0.26947001643007545,45.36229789213143,11.0201193206282
451,-0.9489538732335205,0.31541487992024,45.362265371792695,11.020137573521707
452,-0.9495782904839005,0.31353001489757415,45.36222801033588,11.020134837980663
453,-0.9501094185330575,0.3119168043161116,45.36219804435986,11.020155235155729
454,-0.9605501272333336,0.2781069094287785,45.36217261369674,11.020166253743044
455,-0.9581891279545006,0.28613562355951705,45.36213946815077,11.02017910117416
456,-0.950794615452128,0.30982188306709413,45.362107450324785,11.020177872632498
457,-0.9548882342502462,0.29696541901448226,45.36207792455574,11.02019828482456
458,-0.9564734970837161,0.2918192066613275,45.362030675200685,11.020200865058875
459,-0.9488443009732032,0.31574434675964275,45.362012085807564,11.020203910880344
460,-0.965907178376328,0.2588886300343845,45.36197269927296,11.020227760941719
461,-0.950674528711313,0.3101901682186639,45.361940241946265,11.020223889229024
462,-0.9487340941163991,0.3160753370023287,45.361911078024995,11.020228740535748
463,-0.9666130671092837,0.2562404700541725,45.361876992987945,11.020249205225221
464,-0.9640639277193845,0.26567036581123094,45.36184664564134,11.02024926894421
465,-0.9650312394349302,0.26213490212995744,45.36181411306457,11.020255357308116
466,-0.9667052690596752,0.25589240467872604,45.36178107853363,11.020262150356888
467,-0.9657377068877364,0.25952009844175183,45.361739866326154,11.020282879906182
468,-0.9680510526279581,0.2507531844382086,45.361705416899156,11.020275299998152
469,-0.9679101821680053,0.25129639721949604,45.36167966567256,11.020282723604724
470,-0.9733805747958405,0.22919480057392053,45.36164113371363,11.020290642262198
471,-0.9697370530281079,0.24415169052120192,45.361598699950164,11.020291962427116
472,-0.9680027711897998,0.25093950459994924,45.36157660792829,11.020295267453925
473,-0.9747841390458108,0.22314990984698452,45.36153616562757,11.020287993970616
474,-0.9775623892011344,0.21064608996933695,45.361498959460974,11.020295303402055
475,-0.981409807607483,0.19192391599757233,45.36146851875149,11.020301730721684
476,-0.9758166925895064,0.21859044458456245,45.3614402406784,11.020302219360106
477,-0.9802526359920927,0.19774925949432517,45.361404747360304,11.020302837384477
478,-0.9842901282564004,0.17655861184603489,45.361375185432124,11.020293066288627
479,-0.9911217998422542,0.13295705275558137,45.361330295261375,11.020305677298701
480,-0.9871593190558472,0.15973878302151961,45.361299844145904,11.020302925674702
481,-0.9826113448339096,0.18567429817746933,45.36126764078207,11.020296010049611
482,-0.9878272104405532,0.1555551423554845,45.36121936238816,11.020299395274932
483,-0.9869796308235763,0.16084529318372026,45.36119613456254,11.02029602896411
484,-0.9881268827416794,0.15364004557149605,45.36116066724787,11.02030390988749
485,-0.9857996456522737,0.16792575333120133,45.361129727298454,11.020291442546068
486,-0.989394084962043,0.1452561346109754,45.36109524955349,11.020294098293
487,-0.9918677129325377,0.1272730923721782,45.36105279475895,11.020300475773581
488,-0.988456482622797,0.1515050558924299,45.36102546624595,11.02030002535803
489,-0.9912437031309472,0.13204514759447486,45.360992621447956,11.020298118685051
490,-0.9922996819863296,0.12386016764815523,45.360948007050006,11.020303638854987
491,-0.9923922093632996,0.12311662274050911,45.360925817438776,11.020311118184722
492,-0.9883832716554275,0.15198193416229872,45.3608966675207,11.020314001785374
493,-0.9942707962943688,0.10689052173210631,45.36085698671408,11.02032646892644
494,-0.9889848392144285,0.14801684973005935,45.36082401013866,11.0203312304527
495,-0.9888125410642111,0.14916352983936026,45.36079355901031,11.020341610835677
496,-0.9883996197009569,0.15187557991660072,45.36075505995098,11.02036099829827
497,-0.9927540544136833,0.12016400228518354,45.360728188310574,11.0203736231953
498,-0.9865303967194358,0.1635780436018008,45.360698523150674,11.020386327893423
499,-0.9877837602049047,0.15583081555154427,45.360656908744964,11.020400404999682
500,-0.9864836393842986,0.16385978526505215,45.36062843383495,11.020416896145404
501,-0.986360485888642,0.16459948929909227,45.36060268323491,11.020435592052529
502,-0.9838124980511286,0.17920091706907676,45.360571321708996,11.020452278432389
503,-0.9817716178206536,0.19006443760424124,45.36054645802829,11.020477375850325
504,-0.9738246496109739,0.22730057591230118,45.36050615319755,11.020494506600702
505,-0.9793820275203401,0.202016940304886,45.36048095814417,11.020525691372537
506,-0.9703989802434403,0.24150738941591637,45.36045549909911,11.020533420377648
507,-0.973759303970757,0.22758035488676706,45.360420752349896,11.020569195597796
508,-0.96198738418727,0.2730938898337598,45.36039888414919,11.020582616840539
509,-0.9710257599990068,0.23897483846286266,45.36035732914611,11.020595594088325
510,-0.9711314790455207,0.23854486036563316,45.360335407014276,11.02063801615413
511,-0.9692895896482521,0.24592212466454305,45.360301529079614,11.020644678971905
512,-0.9552564332213069,0.29577888158099924,45.36026038848649,11.020656858966964
513,-0.9615039490616581,0.274791113282137,45.36023507287952,11.020676791097985
514,-0.9611037836290338,0.2761874673006639,45.360211061720456,11.020715960383757
515,-0.9616752996910182,0.27419084223254153,45.360180621411565,11.020724349643285
516,-0.9583011144064341,0.2857603438677009,45.360152981087666,11.020741233836343
517,-0.9650768021353762,0.26196710858456274,45.36011961770417,11.020761565071021
518,-0.9592216712142797,0.2826548875800386,45.360097449326325,11.020774444822507
519,-0.9555488170856273,0.29483293263517624,45.360064918920486,11.020786572637766
520,-0.9467416457040613,0.32199418673256475,45.360036705188804,11.020813927966724
521,-0.9527352071411397,0.30380195041133246,45.35998843076506,11.020828357459942
522,-0.9581159178642495,0.2863806696254944,45.35996507788623,11.0208342306194
523,-0.9615830228141545,0.27451428056768395,45.359939335930235,11.020843795486785
524,-0.972292712371664,0.23376672446897256,45.359900478638565,11.020864010693153
525,-0.947336198178443,0.32024073385628804,45.35987750816369,11.020865057522943
526,-0.9520816221326733,0.3058440530682547,45.35985001946645,11.020885782003083
527,-0.952575881063273,0.30430115152021553,45.35981569675713,11.020889190951515
528,-0.9471719613106246,0.3207261693516519,45.3597763058101,11.020909599421296
529,-0.9566635691466656,0.291195493556413,45.35974790705458,11.020917475220505
530,0.11020900275053898,0.9939084342698434,45.35971613399049,11.020935607523757
531,0.13362260267725515,0.9910322901166018,45.359715918118596,11.02093386677527
532,0.1371846542415891,0.9905454914543883,45.359717835421804,11.020940648657392
533,0.1490523462697581,0.9888293068429355,45.359714287544335,11.020955343914247
534,0.11539828870306432,0.9933193016167582,45.35971865874854,11.020963628107623
535,0.14272245678279133,0.9897627495162081,45.359723341843655,11.020969523552974
536,0.13989140844272302,0.9901668515174153,45.359731403349166,11.020977336000167
537,0.14692610132330525,0.9891474716896029,45.359717701814,11.020983367074132
538,0.1335359031079623,0.9910439761085987,45.35972410200269,11.02097727719314
539,0.15458605393308578,0.9879793276832249,45.3597236904279,11.020990289062526
540,0.9561946803881627,-0.2927315035956661,45.3597235340272,11.021004208402395
541,0.9505442295103291,-0.31058922670404204,45.359757191950486,11.020982246819232
542,0.9596441469161103,-0.2812171959351896,45.35979193086087,11.020987550824517
543,0.9497276675966339,-0.3130772387150777,45.35982424193717,11.020974916628937
544,0.958505786351175,-0.28507307402018117,45.35985421720495,11.02095887418106
545,0.950922286243224,-0.3094298071064909,45.359876671403406,11.020954605123912
546,0.9514057439916672,-0.3079401082997506,45.35992052411808,11.020942324116614
547,0.9556194041199862,-0.29460406390503563,45.359954725661964,11.020940534861742
548,0.9574822419632043,-0.28849221189681334,45.359982990284024,11.020933447738855
549,0.9558624728973973,-0.2938144531953327,45.36000972117745,11.020914643733349
550,0.9494516965379519,-0.3139131662437956,45.36005616578523,11.020902554712082
551,0.9554168972710502,-0.2952601436173864,45.360070910536855,11.020899043698819
552,0.9620160187045133,-0.27299300312630287,45.36010688058117,11.020875927979919
553,0.9500253517165194,-0.312172758414157,45.36014635864052,11.020872045276375
554,0.9569799979965573,-0.2901538961215395,45.360188027411276,11.020861948606369
555,0.9517359492733498,-0.3069180393211773,45.36021389058815,11.02085182496282
556,0.9487885936214153,-0.31591170382544675,45.36023609504708,11.020851191699924
557,0.9569112691844647,-0.2903804795570409,45.360277929443356,11.020834189529067
558,0.9412165072871381,-0.3378039171031038,45.36030700387155,11.020827176323552
559,0.9508839564821239,-0.309547575188213,45.36033523778154,11.020810862621744
560,0.9445108336849828,-0.32848026584819173,45.36036408549761,11.020805176558385
561,0.9476191719624517,-0.3194024184773768,45.36040649603149,11.02079913396327
562,0.9590991257259917,-0.2830704276883026,45.36044242345297,11.02078786058439
563,0.9509463604750474,-0.3093558137473112,45.36047110230523,11.02076836334699
564,0.9538039859802534,-0.30042961959197806,45.36050914667608,11.020761812796408
565,0.9496560937256632,-0.31329427643944363,45.360523398490706,11.020745382799342
566,0.9625973537299072,-0.2709360341338523,45.3605633983114,11.020740920143846
567,0.953142961438577,-0.3025202390917,45.36060510646936,11.020735372089357
568,0.9492400911987504,-0.31455245867897447,45.36063730313559,11.020716887462502
569,0.9442752677870211,-0.32915682986344014,45.360672808283915,11.020712753569942
570,0.9499423852631959,-0.31242513452100795,45.360698422968355,11.020702604940553
571,0.9528282197473186,-0.3035101046969533,45.360732282578354,11.020694351160863
572,0.9645833272027621,-0.2637783252703853,45.36076257235687,11.020677262285092
573,0.9542126492739579,-0.2991291025052137,45.3607996623667,11.02066989199278
574,0.9512366658051566,-0.3084620002980734,45.36082522102634,11.02065588796677
575,0.9525234629690216,-0.30446519093896934,45.36086485230114,11.020651466292438
576,0.9477530314330247,-0.31900500217004757,45.360899798647075,11.02064834716425
577,0.9488819822644501,-0.315631088034572,45.360927329547394,11.020626420355784
578,0.9512683341669772,-0.3083643241543745,45.36094933554045,11.020615336576427
579,0.9555067080776691,-0.2949693726788868,45.36099580897208,11.020612078148297
580,0.9520878973225376,-0.3058245179379002,45.36103429886296,11.02061291589909
581,0.9372408396701,-0.3486826758737606,45.361047726641395,11.020589197879515
582,0.9559299027401843,-0.29359499492862934,45.361088781663376,11.02058527893107
583,0.9469567030213254,-0.32136117158577404,45.36111856697448,11.02056710090632
584,0.9553459758077231,-0.295489537053327,45.36116028342269,11.0205588359991
585,0.955682004579584,-0.29440092751679325,45.36117662585322,11.020557005183056
586,0.9540054337745475,-0.29978931323287283,45.36121971698939,11.020543768989462
587,0.9453439835903433,-0.3260747654902795,45.36124976713161,11.020530562194455
588,0.9612607688738395,-0.27564058885453524,45.361287274540096,11.020521833226578
589,0.9494402464410807,-0.31394779572072146,45.36131530778002,11.02050680475023
590,0.9586696563109857,-0.28452151073087,45.36134311527426,11.020500374339699
591,0.9593427490393436,-0.2822436710816296,45.361378974865175,11.020490280083438
592,0.9573030383604004,-0.2890863067423735,45.36140952596046,11.02048241023942
593,0.9479106714004163,-0.31853627587013067,45.36144477708313,11.02046526277454
594,0.9551753012282085,-0.29604078084547947,45.36146564120589,11.02046027389856
595,0.9605437764010795,-0.2781288435548407,45.36150115627871,11.02043929405904
596,0.9614185884032943,-0.275089617893182,45.361541845852244,11.02044796629856
597,0.9541774937278622,-0.2992412245383571,45.36157845936872,11.020422401410483
598,0.9585007140050223,-0.28509012829605707,45.36160272878709,11.020421443630713
599,0.9551684763141127,-0.2960628005268077,45.36163839873756,11.020409497816805
600,0.9515918136882481,-0.30736463707054923,45.361679808882606,11.020389341328096
601,0.9476990567118626,-0.3191653143865195,45.361695141084475,11.02038841755677
602,0.954005347795127,-0.29978958684100204,45.36173362866242,11.020388500493622
603,0.9570133093664114,-0.29004400648099815,45.36176905772176,11.020368201057144
604,0.9548160568485742,-0.29719740507639103,45.36180648615113,11.020365384888192
605,0.9622397777317003,-0.2722032515434892,45.36182930604768,11.02035862868488
606,0.9452959160629483,-0.3262140877931415,45.36185800582766,11.020347683286882
607,0.9485612683154978,-0.31659362004262515,45.36189113625681,11.020327506873475
608,0.9542453717081273,-0.2990246989357534,45.36193756938983,11.020317871849299
609,0.9546287590776538,-0.29779847605697873,45.36196518216747,11.020310399790718
610,0.9422199099285178,-0.3349949870286059,45.36199590557211,11.020298014052788
611,0.9466053415774437,-0.3223946762852191,45.36203119055107,11.020288036640109
612,0.9580116389760945,-0.2867293141385043,45.362065623221206,11.02028358230777
613,0.9445484782780504,-0.32837200273869144,45.36208874684301,11.020266450735996
614,0.9522748251985043,-0.3052419651574112,45.362132215157516,11.020255020379324
615,0.9552421934990447,-0.2958248667017929,45.3621595061968,11.020248810774094
616,0.9553402605566822,-0.29550801437438295,45.36218898369399,11.020243843212379
617,0.9506071871892001,-0.3103964813979648,45.36222215708891,11.020230784503086
618,0.9509901986024772,-0.3092210247735766,45.36225647477798,11.020216398753034
619,0.9589861710150731,-0.28345285992885844,45.362285779555094,11.020208364665907
620,0.14928150338887905,0.9887947374182147,45.36232097843414,11.02019991234049
621,0.14159289168286807,0.9899249734322716,45.36232695487375,11.020215793310644
622,0.13952817863111433,0.990218100909029,45.362317632434156,11.020207502048871
623,0.14443358623815292,0.9895144966933966,45.362323877894305,11.020212425992677
624,0.1242021964074288,0.9922569296344422,45.36231343759298,11.020221586948795
625,0.12408917657309887,0.9922710699488373,45.36231744620448,11.020230311192575
626,0.12653686587556537,0.9919619053040238,45.36232624375028,11.020239646677082
627,0.12362012941214356,0.992329614394393,45.36231648913635,11.02024128485516
628,0.1283690204628794,0.9917264716570798,45.36233068753649,11.020239947451463
629,0.11037469120029794,0.9938900480145875,45.362328562104715,11.020245264759499
630,-0.9603813066585618,0.27868933567826626,45.36232983650776,11.020252271964688
631,-0.9501971801905126,0.3116493522502469,45.362302220244956,11.020266918161823
632,-0.9457625125210308,0.3248588461315268,45.362263239948156,11.020277254352674
633,-0.9587750146307383,0.28416627407176154,45.36223237693654,11.020285151555932
634,-0.9519424907916285,0.3062768261319001,45.362204244209316,11.020298058395086
635,-0.9490006825035282,0.3152740151167514,45.362165373854026,11.020302842339419
636,-0.9509304956958544,0.3094045771407343,45.362142863727094,11.020314222707512
637,-0.950874626504169,0.3095762340208904,45.36210404496024,11.020322890488687
638,-0.9590231150638944,0.2833278397424869,45.362066383332476,11.020325933933663
639,-0.9615078063209606,0.2747776162351187,45.36204337855764,11.020339739059162
640,-0.9553324791489696,0.2955331695141573,45.36200655357782,11.020350778494464
641,-0.9551828157618459,0.2960165341214432,45.361971801638234,11.020368861131047
642,-0.9578690331289299,0.2872053540111134,45.361934623280064,11.020373978714128
643,-0.9532909367413318,0.3020536209464042,45.36190323667975,11.02038429029123
644,-0.9550766911189746,0.29635875907627685,45.361879841846275,11.020395474255844
645,-0.9576582395498743,0.2879074438465176,45.361842552859486,11.020409151845351
646,-0.9654734659813885,0.2605014135967111,45.36181663773434,11.020418204577949
647,-0.9502021416919156,0.3116342245712059,45.361784820624294,11.020417709305717
648,-0.9544687487465874,0.2983109244833716,45.3617482775029,11.020435592872586
649,-0.9565886914789261,0.2914413754679249,45.361711891167815,11.020445481075413
650,-0.9514765913753339,0.30772113360114856,45.36167865415672,11.020445522506348
651,-0.9593314438200249,0.2822820945405259,45.36164856618457,11.020458661588679
652,-0.9651463136887303,0.261710896167995,45.361621102818916,11.02045638050978
653,-0.965171643969419,0.26161746439671985,45.36157580908071,11.02048304584342
654,-0.954611240723249,0.29785462743563196,45.36155412361603,11.02049372950444
655,-0.9659136776469085,0.2588643801967049,45.36151243994395,11.020485907057274
656,-0.9640035311573547,0.2658894355106105,45.36148981518427,11.020507867156
657,-0.9602090016253545,0.27928242550801496,45.36145153060921,11.020512681150624
658,-0.957863402374053,0.28722413267760594,45.36141943765749,11.020516308665695
659,-0.9705226513303423,0.2410099235606756,45.361385794068546,11.02052130992697
660,-0.9573549628203815,0.2889143041858364,45.36134438759054,11.020528717944327
661,-0.9584814765030467,0.28515479866300597,45.361313372295534,11.020527383059417
662,-0.9637915313693823,0.2666568657669643,45.36128419491473,11.020547409737183
663,-0.9594176645654936,0.2819889092139865,45.36126078409635,11.020554334173527
664,-0.9633288038833931,0.26832371421212686,45.36121697355465,11.020556702307005
665,-0.9655044838605007,0.26038642753659064,45.36118869663806,11.020563702936021
666,-0.9679327574359858,0.2512094287290367,45.361146049329214,11.020576190501416
667,-0.968813993809195,0.24778911477197138,45.361118134362044,11.020587028197696
668,-0.9643824316374145,0.26451186277576955,45.361084333429964,11.020590146015149
669,-0.9633194041183956,0.268357458716875,45.36105242007492,11.020598049883214
670,-0.9656615997635429,0.25980314613590605,45.361028591514824,11.020610171655015
671,-0.9661792695245026,0.25787132283582526,45.3609828259097,11.020613527694683
672,-0.9703494833635733,0.24170618555603074,45.36096227621796,11.020633561107173
673,-0.9630788489639874,0.2692194842098192,45.36092140735387,11.020641318203536
674,-0.9680235142344819,0.2508594743858079,45.360892039148766,11.020653941633814
675,-0.9612114726868545,0.2758124449243879,45.360854813078774,11.020659555729079
676,-0.9699702003511428,0.24322378672893813,45.360834704837444,11.02067395080107
677,-0.9609772449940845,0.276627429232134,45.3607814023297,11.02068975336403
678,-0.9623362827986618,0.2718618745047823,45.36076460422493,11.02068949954323
679,-0.9685922867547614,0.24865434249009605,45.360723853992475,11.020708693274106
680,-0.9619858367718928,0.2730993406258633,45.36069777062129,11.020723228181946
681,-0.9582984732891402,0.2857692007402181,45.36066951337286,11.020728003791278
682,-0.9606291427603999,0.27783385337179334,45.36063945846633,11.02074324182873
683,-0.9668108293155739,0.25549328820564376,45.360602131897096,11.020752084905263
684,-0.9564143233587452,0.2920130854503504,45.36057162882081,11.020775737312789
685,-0.9532114069675659,0.3023045048075095,45.36052805040281,11.020787979808727
686,-0.9663739333486936,0.25714085817733173,45.360508954332424,11.020796306558157
687,-0.9631657244263788,0.26890851100366614,45.36048334447453,11.020814127390318
688,-0.9603019316178233,0.27896272175879944,45.360446203577986,11.020825099858765
689,-0.9614211637370133,0.27508061712626547,45.36042837220035,11.020833880550931
690,-0.9598008245376245,0.2806819859144797,45.36038327623007,11.02085114112351
691,-0.9658860891945295,0.2589673004464028,45.36034620684349,11.020854022694575
692,-0.9599786185513987,0.28007329741363834,45.36032109062064,11.020877238290916
693,-0.9612954264512039,0.27551969636306933,45.36028704163344,11.020885770071684
694,-0.9601111079402876,0.2796187769261453,45.360259540478474,11.020896111782315
695,-0.9478523502794001,0.31870977717951704,45.36021742441441,11.02091998175647
696,-0.9530769762313009,0.30272805845808265,45.360182798411564,11.0209270563203
697,-0.9589775651949877,0.28348197377027917,45.36015469344561,11.020934897521059
698,-0.9647783281351299,0.2630642080572416,45.36013668151731,11.020953964272909
699,-0.9496080728718811,0.31343979954139856,45.36010301157311,11.020955012431802
700,-0.9473917211027987,0.3200764389733753,45.36006770790399,11.020971784433266
701,-0.9525621821361983,0.3043440309319771,45.360043812397315,11.020991348703213
702,-0.9584752034861376,0.28517588310060005,45.360001633856086,11.020993781440504
703,-0.9607994292416158,0.277244398985778,45.35997240177332,11.021007185420029
704,-0.949006294886226,0.3152571208812219,45.35992611262168,11.021015630978827
705,-0.9575947540791653,0.28811852935912163,45.35990683153605,11.021026034058865
706,-0.9623541001177734,0.27179879688201436,45.359865143944944,11.021031307933876
707,-0.9577445799486124,0.28762009592352195,45.359842402118296,11.021042162343983
708,-0.954857121054727,0.2970654445927335,45.359807268249995,11.021053532340312
709,-0.9529306559061339,0.3031883326157282,45.35977471674872,11.02107909388016
710,0.11696247490504258,0.9931363347819308,45.35974637020676,11.021084228396042
711,0.09148516683989892,0.9958064391478275,45.359750248123284,11.02109359550529
712,0.13709729712929272,0.9905575859685506,45.359741736997826,11.021100471163393
713,0.099969789579835,0.9949904729048231,45.35974364891123,11.021107776518985
714,0.13887057385062668,0.9903105390322763,45.35974831422218,11.021114547703386
715,0.1149212401052361,0.9933746063659342,45.359755451784096,11.02111583830154
716,0.16577645185659093,0.9861633576694276,45.35974849058308,11.02112683592772
717,0.13519565020702948,0.9908189219857978,45.3597565044987,11.021122816014763
718,0.1208388407705477,0.9926721385035596,45.35975598759622,11.021132299076687
719,0.15833508005755126,0.9873854376195594,45.359764051126845,11.021135022775475
