,Sin,Cosin,Lat,Lon
0,0.9558903127286927,-0.2937238669761824,45.35966360169192,11.020599804181767
1,0.9448602274441549,-0.32747389299634233,45.35969426982892,11.020589782158465
2,0.9444352620534363,-0.32869748369900426,45.35973071296155,11.02057939293097
3,0.9552846204675176,-0.29568783183998426,45.359763666838745,11.020564267381127
4,0.9547326663684024,-0.29746518412930417,45.359798974935444,11.020556260999397
5,0.9511223879869198,-0.30881418858280957,45.359825197406145,11.02054630821611
6,0.9578130755510137,-0.28739191412339365,45.35986014743626,11.020545042122949
7,0.9506570690459407,-0.3102436737033998,45.35989178526273,11.02053134344886
8,0.9574288260826095,-0.2886694354899324,45.359923350658974,11.020510759476474
9,0.9679359564523465,-0.25119710230550274,45.359949601377494,11.020507524893445
10,0.9561118462534512,-0.29300194104103966,45.35999608923771,11.02049341871282
11,0.9560737935593943,-0.293126084252065,45.36000851454409,11.02048567574537
12,0.9491415487498949,-0.3148496791115578,45.36005248819365,11.020481540639109
13,0.9434832154081464,-0.3314203105470533,45.36008238270408,11.020468360288923
14,0.9488564504217787,-0.31570783406970215,45.36012064257712,11.020450231033106
15,0.9549196244864672,-0.2968644653215074,45.360144277913044,11.020450389269024
16,0.9506270033078763,-0.3103357868211255,45.36018039935635,11.020446514250121
17,0.9502082423407552,-0.3116156225026158,45.360215761564476,11.020431669611714
18,0.953050650480566,-0.30281092717828045,45.360238615835826,11.02042223487904
19,0.9521062992757685,-0.30576722335692,45.36028865072009,11.020405553489509
20,0.9560017566248141,-0.2933609403623285,45.36030751601786,11.020392912137217
21,0.9597242458629004,-0.2809437166104399,45.36034276635029,11.020384007034096
22,0.9564405079421375,-0.2919273107596923,45.3603696860854,11.020370146105464
23,0.9502101206075949,-0.3116098950529331,45.36040750348292,11.020368072072223
24,0.947537680079186,-0.3196440908731992,45.3604420218647,11.020356280747572
25,0.9479963643340049,-0.31828115434236537,45.36046898614301,11.020339394353497
26,0.9568150437156854,-0.2906973892544464,45.360510514356086,11.020342411234834
27,0.9522137030772627,-0.3054325844959679,45.36053427166333,11.020329792508734
28,0.9573248084615148,-0.2890142057133594,45.36056538778393,11.020325042609986
29,0.9445987407436311,-0.3282273891459187,45.360595356906416,11.020299004278309
30,0.9454610087473048,-0.3257352927432471,45.360637934249475,11.020293367986278
31,0.9545274474332908,-0.29812304858310823,45.36066760812755,11.020285788126484
32,0.9513970774289922,-0.307966883056559,45.36071310058145,11.020276498102536
33,0.9521163495146372,-0.3057359268828596,45.36073001100822,11.020263448481789
34,0.9534379053309875,-0.30158939085793285,45.36076237715031,11.020255048362056
35,0.954398672699237,-0.2985350457650403,45.36079600968728,11.020240920352997
36,0.938932291024866,-0.34410195127432286,45.36084196119349,11.020229127261935
37,0.9567852058048665,-0.29079558104094255,45.36085760744329,11.020225134015565
38,0.955503216089606,-0.29498068418528667,45.360907383210325,11.020212412663938
39,0.9499070524697633,-0.3125325449744498,45.36092915330877,11.020205680845793
40,0.9651532258392158,-0.2616854039723186,45.36096140240058,11.020200816823918
41,0.9536358655213357,-0.30096284819122243,45.360998186977326,11.020183490819225
42,0.9564712315807894,-0.2918266320237548,45.36102766094303,11.020178171167125
43,0.9664017407461323,-0.257036331056225,45.36105628640257,11.02016985591683
44,0.9586113045480996,-0.2847180478870116,45.36108755461351,11.020147008846186
45,0.9539076967773256,-0.3001001599949221,45.361116947282554,11.020150594616279
46,0.9608741850114209,-0.27698519920500775,45.36115052603905,11.020131579201701
47,0.9474287503977615,-0.3199668153414289,45.36119085992285,11.02012578510995
48,0.953281663027632,-0.3020828875247197,45.361219626413934,11.020115747712262
49,0.950097532600758,-0.31195300695128997,45.36124704185391,11.020109991564986
50,0.9542607557082077,-0.2989756012038448,45.36128748242075,11.02009357428035
51,0.9520461916664715,-0.3059543249136514,45.361313082374764,11.020082516886058
52,0.9527531012401607,-0.30374582808205963,45.361350177779876,11.020080751582114
53,0.9558689271899468,-0.29379345471392004,45.36137823923935,11.020063727450387
54,0.9577265046488003,-0.2876802779009911,45.36140959918575,11.020057808598635
55,0.9540538505464791,-0.2996351952916021,45.361440485836404,11.02004281622583
56,0.9521887363260076,-0.30551040966533466,45.36147382965422,11.020026963664266
57,0.9595289888288663,-0.2816098712706169,45.36151525385226,11.020016290952048
58,0.9616729535369909,-0.27419907081432754,45.361544480755654,11.020016637269734
59,0.9468285221219439,-0.321738635691108,45.361570994454475,11.020011311011649
60,0.9495978081337682,-0.3134708962368648,45.36160620864613,11.01998136187493
61,0.9623260649854842,-0.271898040907899,45.361643185914296,11.019987186968102
62,0.953346320092274,-0.30187877362696314,45.36166838653813,11.01997748977506
63,0.9559464009736863,-0.2935412721670601,45.36169409105561,11.019962633755345
64,0.956966866461588,-0.2901972027685469,45.36173749525539,11.019958272449458
65,0.9635993315896715,-0.26735057164692627,45.361763703478424,11.019947536758217
66,0.9620345217160653,-0.272927790865169,45.36180643130767,11.019934904090478
67,0.9581417236257195,-0.2862943196214962,45.36184214445876,11.019916626111232
68,0.9535280375044537,-0.3013043008204582,45.36186070254582,11.019910058177837
69,0.9570996389848275,-0.2897590051320456,45.361897287782796,11.019894040311017
70,0.9467186839022617,-0.32206169214976427,45.36192222615639,11.019893155297275
71,0.9580569939894548,-0.28657773163295475,45.36196689582588,11.019886311986248
72,0.9573485394989382,-0.28893558783792983,45.362004302293485,11.019882573672367
73,0.9478821623229252,-0.3186211015454183,45.36203607785628,11.0198625799486
74,0.9589639091279741,-0.28352816613168175,45.36205346666059,11.019843432870832
75,0.9556854321396013,-0.2943898007678654,45.36209058954579,11.019840465585016
76,0.9566593148696809,-0.29120946975171114,45.362117241086516,11.01983727791963
77,0.9539540539276153,-0.2999527679403348,45.36215893959657,11.0198167548974
78,0.9466601910716594,-0.32223358397313173,45.36217904415544,11.01981559126716
79,0.9590251785518518,-0.2833208550452806,45.3622254512227,11.019795146765562
80,0.13810093389596736,0.9904181602015695,45.36225294430771,11.019792474320813
81,0.1315995733612915,0.9913029568659251,45.36226151936812,11.019794451392968
82,0.1158331843385768,0.9932686813777958,45.36225062790179,11.019802825442143
83,0.17154770474863465,0.9851758142562551,45.36225617390157,11.019811693419166
84,0.12459235213463982,0.9922080153826404,45.362275617303794,11.01980578940169
85,0.12263412661508737,0.9924519489574065,45.36226092468509,11.019806335981139
86,0.13695446944104017,0.990577343421564,45.362266994302246,11.019824604669012
87,0.10669009584011044,0.994292322936081,45.36225785470812,11.019827442800436
88,0.13535554661902133,0.9907970912348633,45.36226494882713,11.019833566153814
89,0.12197979769817954,0.9925325833208254,45.36227101664188,11.019830079502364
90,-0.9491610695197908,0.3147908259591546,45.36227150921168,11.019845877018058
91,-0.9537182510314215,0.30070167550176113,45.36223897780717,11.019853717526699
92,-0.9609010780638076,0.2768918889671784,45.36220571599006,11.019869112906843
93,-0.9523966366674186,0.3048616841529763,45.36217724719097,11.019876794882807
94,-0.9611205278277692,0.27612919256766427,45.362138825567094,11.019887237188348
95,-0.9557051178356609,0.2943258869734796,45.362116939015486,11.019903757553838
96,-0.9540829875391702,0.29954240582650676,45.36208187223095,11.019906414582572
97,-0.9535186333700917,0.30133406016584424,45.362044796806,11.019914360105625
98,-0.960660524824897,0.27772532481420065,45.36201012747942,11.019915970606426
99,-0.9540851498637279,0.2995355184439866,45.36199158034273,11.01993035328389
100,-0.9437964048247327,0.3305273759311159,45.361955890990174,11.019946690563897
101,-0.9466756253430234,0.32218823749695713,45.36190748770143,11.019953890146178
102,-0.9527211762026001,0.3038459484922155,45.361876030692784,11.019970359439132
103,-0.9516040266810475,0.3073268234378774,45.36184088686554,11.019979884515216
104,-0.947713310876719,0.3191229863032237,45.361814523944645,11.019986581642744
105,-0.9555835416214583,0.29472036743698365,45.36178421789445,11.019999432951435
106,-0.9535588981489579,0.3012066197163425,45.36175247100938,11.019999367187282
107,-0.954018545112075,0.2997475864493989,45.36171268209828,11.020007955916816
108,-0.9447277638971182,0.32785584045728206,45.36170084753528,11.020033121427561
109,-0.946882183235073,0.3215806758373109,45.361654097251865,11.020041488218538
110,-0.9528352720432494,0.3034879640945699,45.361613778875814,11.020055959621251
111,-0.9593353426781919,0.28226884399188673,45.361585537857955,11.020061755078535
112,-0.9518830238322671,0.30646159455948097,45.361562980809666,11.020069361903063
113,-0.9604567385018008,0.2784292611534993,45.36153067958801,11.02008029607545
114,-0.9546156842335859,0.2978403858029376,45.36149619790447,11.020090459537654
115,-0.9569868348629244,0.2901313459435949,45.36146522424423,11.020102638267243
116,-0.952668046015052,0.3040124900425358,45.361424533660184,11.020121778364365
117,-0.9576802849480673,0.2878341046884273,45.36139319960685,11.020127091000841
118,-0.9578762743822873,0.28718120233662403,45.361359008157365,11.020135102832944
119,-0.955129282857684,0.29618921828413414,45.361326513414504,11.020139516532048
120,-0.9467236263432731,0.322047163197322,45.3612961553977,11.020154100471846
121,-0.9561552839916927,0.29286015928214887,45.36126987313267,11.02015989154202
122,-0.9502822737278299,0.3113897882697274,45.361244184045475,11.020172246042176
123,-0.9638849061312499,0.2663191463870961,45.361197470618194,11.020182514854655
124,-0.9514671740857334,0.30775025042606957,45.36117348957394,11.020192020560106
125,-0.9546444470119588,0.29774818184034524,45.36114053093645,11.020202876008064
126,-0.9519484499852177,0.3062583036763926,45.36110360119392,11.020210596977321
127,-0.9546421510310253,0.2977555431471546,45.36107432489943,11.02023057167434
128,-0.9594480869436254,0.2818853817781571,45.36102976083005,11.020231881132593
129,-0.9456325844129475,0.32523686029798304,45.360998329874135,11.020247515745195
130,-0.9627469008917782,0.27040415089875514,45.36098106975072,11.020250233320258
131,-0.942440758268683,0.3343731705055741,45.3609394095368,11.020265926983988
132,-0.9532314700827621,0.30224123551205967,45.3609173247285,11.020271906068466
133,-0.9553502579225354,0.29547569221062026,45.36087565213609,11.020280757233568
134,-0.9503483781739341,0.3111879819372417,45.360839404123844,11.020290891601666
135,-0.9504507481156247,0.3108751765684248,45.36081208367845,11.020308741474143
136,-0.9497686281060205,0.3129529566334335,45.36078462525237,11.020309809976673
137,-0.9578165985431635,0.2873801725157885,45.3607464005961,11.02032552734125
138,-0.9562811443975883,0.2924489235227906,45.36070954660775,11.020323373369965
139,-0.9575242158047859,0.2883528674166945,45.36067642644248,11.020350110674055
140,-0.9566145267168052,0.29135656380864783,45.36065707627498,11.020348265745836
141,-0.949728702398737,0.31307409959945787,45.36062415924266,11.020366529861686
142,-0.9578547125306655,0.2872531108322349,45.36058298016916,11.02037377357305
143,-0.9514167379893196,0.3079061393895264,45.36055211441243,11.02038863280674
144,-0.9545136190595501,0.29816732052631134,45.360516468307445,11.020391896192367
145,-0.9489296704961587,0.31548768668848504,45.36049010094658,11.020407036469926
146,-0.9592982191558636,0.2823949835326201,45.36045682035367,11.020416458357923
147,-0.9599597190485768,0.2801380691804982,45.360435440663906,11.020428724156888
148,-0.9543839525083162,0.2985821012629592,45.36039442589957,11.020434089375502
149,-0.9520079232245164,0.30607338028280623,45.360357278419514,11.0204521443437
150,-0.9579757712125958,0.28684912718994343,45.360334086128255,11.020455536866882
151,-0.9460954083078277,0.3238880645822639,45.3602859504088,11.02046435930283
152,-0.9594202272751324,0.2819801898987465,45.360262548639994,11.020472928197496
153,-0.9520438910471316,0.3059614837194992,45.36023904476509,11.020488795482603
154,-0.952620257627688,0.3041622013948436,45.36019638999158,11.020498783679264
155,-0.9434185466068106,0.33160435147671563,45.36016374854789,11.020505130743548
156,-0.9512298915579842,0.30848288997379675,45.36013689878414,11.02051684929662
157,-0.9558919094018503,0.29371867073797797,45.36009300093466,11.020528221312649
158,-0.9531119477893881,0.3026179356566934,45.36006636905102,11.02053682144986
159,-0.9565194986659136,0.2916683881943832,45.36003107886284,11.020550206246392
160,-0.9445245269297783,0.32844088970175217,45.36000261320752,11.020561723065583
161,-0.9583572543867435,0.2855720101205696,45.35997014062283,11.020564269621564
162,-0.9389940456992953,0.34393339782764565,45.35993983156885,11.020579423355821
163,-0.9535303471916531,0.30129699133009213,45.35990776028637,11.020584202692396
164,-0.9519599403312093,0.3062225857192776,45.35987259546921,11.020602833779536
165,-0.9453007698699609,0.3262000221999673,45.35983266034613,11.020603651215728
166,-0.9560858475260676,0.29308676558377883,45.359811919420615,11.020617097803095
167,-0.9598188279805101,0.28062041524828496,45.35978114579355,11.020630952643968
168,-0.9461719467799166,0.3236644050968576,45.35974226949333,11.02063872794291
169,-0.9507376239471192,0.3099967264526935,45.35971738885987,11.020648388620788
170,0.11510487411249538,0.9933533449662042,45.35967835809248,11.020658827701965
171,0.15355639547153893,0.9881398855474808,45.35967647648627,11.020670466883198
172,0.14057154865062976,0.9900705225942057,45.35968913323593,11.020671737732362
173,0.1337879809516412,0.9910099778271071,45.35968076948882,11.020695421251418
174,0.13793378966874112,0.9904414519130444,45.359683191774636,11.02069359717091
175,0.16080480387395624,0.9869862283998995,45.35967739732798,11.020703492413936
176,0.1090589587820341,0.9940352828292256,45.35967209572219,11.02070622810594
177,0.10343540544348742,0.9946361731310306,45.359683079645,11.020719250314045
178,0.15447871815114683,0.9879961162061208,45.359688308611915,11.02072511998788
179,0.1284143538691843,0.9917206026499399,45.359686180517386,11.02074132805511
