,Sin,Cosin,Lat,Lon
0,0.9537169507482269,0.30070579950427306,45.3596665575,11.020597651
1,0.955040636077442,0.2964749288570535,45.35970418050569,11.020583520090762
2,0.955040636077442,0.2964749288570535,45.3597350334542,11.020569951941663
3,0.955040636077442,0.2964749288570535,45.35977223082347,11.020561258909831
4,0.955040636077442,0.2964749288570535,45.3597901714517,11.020551762646454
5,0.955040636077442,0.2964749288570535,45.359831487308526,11.020547653191878
6,0.955040636077442,0.2964749288570535,45.35986221747918,11.020532764484157
7,0.955040636077442,0.2964749288570535,45.35988922463581,11.020528935364933
8,0.955040636077442,0.2964749288570535,45.35993033006031,11.020509700008745
9,0.955040636077442,0.2964749288570535,45.359960751626815,11.020505578182835
10,0.955040636077442,0.2964749288570535,45.359997623201615,11.020495055242039
11,0.955040636077442,0.2964749288570535,45.36003703889344,11.020471013591072
12,0.955040636077442,0.2964749288570535,45.36006512373647,11.020476644742462
13,0.955040636077442,0.2964749288570535,45.3601036352692,11.020460615023389
14,0.955040636077442,0.2964749288570535,45.360134743193385,11.020454254871206
15,0.955040636077442,0.2964749288570535,45.360153364831305,11.020446974438668
16,0.955040636077442,0.2964749288570535,45.36019773606898,11.020434697387298
17,0.955040636077442,0.2964749288570535,45.36022888696851,11.020418956080542
18,0.955040636077442,0.2964749288570535,45.360260832347294,11.020404817205568
19,0.955040636077442,0.2964749288570535,45.36030569964535,11.020404745994474
20,0.955040636077442,0.2964749288570535,45.360328704577256,11.020380160509822
21,0.955040636077442,0.2964749288570535,45.36034802420374,11.020376664328058
22,0.955040636077442,0.2964749288570535,45.36040135803832,11.020377174317943
23,0.955040636077442,0.2964749288570535,45.3604274843599,11.020363097436883
24,0.955040636077442,0.2964749288570535,45.36046449298604,11.020348909744628
25,0.955040636077442,0.2964749288570535,45.360498637726636,11.020337989352214
26,0.955040636077442,0.2964749288570535,45.360535434379585,11.020322551440877
27,0.955040636077442,0.2964749288570535,45.36055785956394,11.020317276687456
28,0.955040636077442,0.2964749288570535,45.3605927429965,11.020312659606759
29,0.955040636077442,0.2964749288570535,45.36063317237693,11.020294484771352
30,0.955040636077442,0.2964749288570535,45.36065949513284,11.0202865327652
31,0.955040636077442,0.2964749288570535,45.360695830342806,11.020282017535154
32,0.955040636077442,0.2964749288570535,45.360722492733984,11.020268218081746
33,0.955040636077442,0.2964749288570535,45.36075540211179,11.020253437005177
34,0.955040636077442,0.2964749288570535,45.360798561703696,11.020252211605564
35,0.955040636077442,0.2964749288570535,45.360831225208365,11.020225474687583
36,0.955040636077442,0.2964749288570535,45.36085861172565,11.020224057539078
37,0.955040636077442,0.2964749288570535,45.36089502442185,11.020211456069704
38,0.955040636077442,0.2964749288570535,45.360916702751915,11.020199562844011
39,0.955040636077442,0.2964749288570535,45.36095651137728,11.020204839050347
40,0.955040636077442,0.2964749288570535,45.36099201316938,11.020189567541282
41,0.955040636077442,0.2964749288570535,45.3610199480293,11.020166123448401
42,0.955040636077442,0.2964749288570535,45.36106448569484,11.020158698123714
43,0.955040636077442,0.2964749288570535,45.361099463886866,11.020159531126657
44,0.955040636077442,0.2964749288570535,45.36112159632815,11.020136908366775
45,0.955040636077442,0.2964749288570535,45.36115937221651,11.02013686219972
46,0.955040636077442,0.2964749288570535,45.36119960161283,11.020121365900469
47,0.955040636077442,0.2964749288570535,45.36122661201526,11.020125052441077
48,0.955040636077442,0.2964749288570535,45.36126234698875,11.020109162123669
49,0.955040636077442,0.2964749288570535,45.36129694989073,11.020085747153367
50,0.955040636077442,0.2964749288570535,45.36132568126863,11.020085416741916
51,0.955040636077442,0.2964749288570535,45.361356847345405,11.02007533276237
52,0.955040636077442,0.2964749288570535,45.36139306076982,11.020061947484495
53,0.955040636077442,0.2964749288570535,45.36141450242558,11.02005189559891
54,0.955040636077442,0.2964749288570535,45.361462291612334,11.020040100642895
55,0.955040636077442,0.2964749288570535,45.361491111026545,11.02003558262061
56,0.955040636077442,0.2964749288570535,45.361521087257366,11.020014909108424
57,0.955040636077442,0.2964749288570535,45.36155569132684,11.020010777608897
58,0.955040636077442,0.2964749288570535,45.36158367064787,11.020002846169886
59,0.955040636077442,0.2964749288570535,45.361617384726785,11.019986847751042
60,0.955040636077442,0.2964749288570535,45.361659922071595,11.019972095170829
61,0.955040636077442,0.2964749288570535,45.361691756601566,11.019960779118767
62,0.955040636077442,0.2964749288570535,45.36172759675025,11.019957762695773
63,0.955040636077442,0.2964749288570535,45.36176239034503,11.019949576480773
64,0.955040636077442,0.2964749288570535,45.36179386637198,11.01994885042105
65,0.955040636077442,0.2964749288570535,45.36182329922516,11.019932148173071
66,0.955040636077442,0.2964749288570535,45.36186522296828,11.019916287707359
67,0.955040636077442,0.2964749288570535,45.36188964952102,11.019901074185503
68,0.955040636077442,0.2964749288570535,45.361931512655694,11.019899621875304
69,0.955040636077442,0.2964749288570535,45.36196139808403,11.019882729819185
70,0.955040636077442,0.2964749288570535,45.36198744140519,11.019878453720947
71,0.955040636077442,0.2964749288570535,45.36202278149996,11.01986320526972
72,0.955040636077442,0.2964749288570535,45.36205384822635,11.01985060708115
73,0.955040636077442,0.2964749288570535,45.36208430076822,11.019845168205512
74,0.955040636077442,0.2964749288570535,45.362122643872375,11.01983485941743
75,0.955040636077442,0.2964749288570535,45.362156436530384,11.01981615694777
76,0.955040636077442,0.2964749288570535,45.36219307455745,11.01981660861731
77,0.955040636077442,0.2964749288570535,45.362221308969,11.019804335513891
78,0.955040636077442,0.2964749288570535,45.36225589,11.01979384
79,0.1871863868101744,0.9823244151465196,45.36225186758694,11.019796230444186
80,0.1871863868101744,0.9823244151465196,45.36225234321069,11.019803596828547
81,0.1871863868101744,0.9823244151465196,45.36226340711492,11.019808743210094
82,0.1871863868101744,0.9823244151465196,45.3622576124655,11.019812194215497
83,0.1871863868101744,0.9823244151465196,45.36225757232242,11.019814504496166
84,0.1871863868101744,0.9823244151465196,45.36226122553953,11.019819130547129
85,0.1871863868101744,0.9823244151465196,45.362261615990775,11.019827001424135
86,0.1871863868101744,0.9823244151465196,45.3622596358573,11.019828681673259
87,0.1871863868101744,0.9823244151465196,45.362251336699124,11.019827837328913
88,0.1871863868101744,0.9823244151465196,45.362261727038394,11.019828025694713
89,0.1871863868101744,0.9823244151465196,45.36226656381523,11.019839750640282
90,0.1871863868101744,0.9823244151465196,45.36226803097502,11.019835941803445
91,0.1871863868101744,0.9823244151465196,45.362268751513874,11.019853656358
92,0.1871863868101744,0.9823244151465196,45.36226465548294,11.019842224027846
93,0.1871863868101744,0.9823244151465196,45.36226747,11.01985461
94,-0.954287848765298,0.29888911271389534,45.36223767798889,11.01986715665169
95,-0.954287848765298,0.29888911271389534,45.36219447184858,11.019872697052032
96,-0.954287848765298,0.29888911271389534,45.36216038430633,11.019887095813525
97,-0.954287848765298,0.29888911271389534,45.36212652149432,11.019894983783393
98,-0.954287848765298,0.29888911271389534,45.3621011827931,11.0199077184791
99,-0.954287848765298,0.29888911271389534,45.3620691459319,11.019919956923951
100,-0.954287848765298,0.29888911271389534,45.362040958452084,11.019928556094385
101,-0.954287848765298,0.29888911271389534,45.362001068146206,11.0199312009525
102,-0.954287848765298,0.29888911271389534,45.36197203349755,11.019937009714017
103,-0.954287848765298,0.29888911271389534,45.361942722013374,11.019945283811872
104,-0.954287848765298,0.29888911271389534,45.361913464064514,11.019966949527392
105,-0.954287848765298,0.29888911271389534,45.36187062413404,11.019978841850296
106,-0.954287848765298,0.29888911271389534,45.36184690479815,11.019990131967353
107,-0.954287848765298,0.29888911271389534,45.361820140868716,11.020002442961458
108,-0.954287848765298,0.29888911271389534,45.361784369774306,11.020007564274906
109,-0.954287848765298,0.29888911271389534,45.36174895058348,11.020014773117989
110,-0.954287848765298,0.29888911271389534,45.36171242036758,11.020040021343874
111,-0.954287848765298,0.29888911271389534,45.36167697883269,11.020041029208274
112,-0.954287848765298,0.29888911271389534,45.36163752161928,11.02004944864413
113,-0.954287848765298,0.29888911271389534,45.361605733549894,11.020061222746351
114,-0.954287848765298,0.29888911271389534,45.36158050330447,11.02007859836817
115,-0.954287848765298,0.29888911271389534,45.36154591120972,11.02007481796097
116,-0.954287848765298,0.29888911271389534,45.36151032606123,11.02009884738187
117,-0.954287848765298,0.29888911271389534,45.36147735436037,11.020111260293579
118,-0.954287848765298,0.29888911271389534,45.36144293428837,11.020111573187753
119,-0.954287848765298,0.29888911271389534,45.361415281779465,11.02012472391767
120,-0.954287848765298,0.29888911271389534,45.361381022520014,11.02013676562161
121,-0.954287848765298,0.29888911271389534,45.3613501431732,11.02014540644253
122,-0.954287848765298,0.29888911271389534,45.36131471623051,11.020154405351223
123,-0.954287848765298,0.29888911271389534,45.361287242223696,11.020162666091528
124,-0.954287848765298,0.29888911271389534,45.36124781226158,11.020172768020188
125,-0.954287848765298,0.29888911271389534,45.361219624173096,11.0201878081315
126,-0.954287848765298,0.29888911271389534,45.36118899582462,11.020195472874356
127,-0.954287848765298,0.29888911271389534,45.36114008696929,11.020199616245847
128,-0.954287848765298,0.29888911271389534,45.36111515413955,11.02021095625091
129,-0.954287848765298,0.29888911271389534,45.36108914099053,11.02021744700906
130,-0.954287848765298,0.29888911271389534,45.36106164706064,11.020240074423421
131,-0.954287848765298,0.29888911271389534,45.36102311799247,11.020243318434112
132,-0.954287848765298,0.29888911271389534,45.36099189765238,11.020260791931008
133,-0.954287848765298,0.29888911271389534,45.36096522227615,11.02026391432542
134,-0.954287848765298,0.29888911271389534,45.36093457793556,11.020277797221402
135,-0.954287848765298,0.29888911271389534,45.360895310257376,11.020285135605473
136,-0.954287848765298,0.29888911271389534,45.360866123886275,11.020299826502757
137,-0.954287848765298,0.29888911271389534,45.36082760236581,11.020306054215848
138,-0.954287848765298,0.29888911271389534,45.36080067351953,11.020317851573852
139,-0.954287848765298,0.29888911271389534,45.36076895697462,11.020326649864456
140,-0.954287848765298,0.29888911271389534,45.36072295104971,11.020341461273187
141,-0.954287848765298,0.29888911271389534,45.36069515862046,11.02033906865703
142,-0.954287848765298,0.29888911271389534,45.36066384043064,11.020354041328972
143,-0.954287848765298,0.29888911271389534,45.36063020899541,11.020365078473787
144,-0.954287848765298,0.29888911271389534,45.36059539708647,11.02037522232076
145,-0.954287848765298,0.29888911271389534,45.360568736631656,11.020380359794006
146,-0.954287848765298,0.29888911271389534,45.36054327366263,11.020386884266081
147,-0.954287848765298,0.29888911271389534,45.36049203160354,11.020411765595401
148,-0.954287848765298,0.29888911271389534,45.36047169252239,11.020421615801023
149,-0.954287848765298,0.29888911271389534,45.360434573423895,11.020427994204745
150,-0.954287848765298,0.29888911271389534,45.360407508236456,11.020448627482038
151,-0.954287848765298,0.29888911271389534,45.36036420074263,11.020448034467396
152,-0.954287848765298,0.29888911271389534,45.360334253673734,11.020457239879523
153,-0.954287848765298,0.29888911271389534,45.36029430336435,11.020467790737284
154,-0.954287848765298,0.29888911271389534,45.36026657810903,11.020482121863841
155,-0.954287848765298,0.29888911271389534,45.36024121348841,11.020484862403773
156,-0.954287848765298,0.29888911271389534,45.36020033214177,11.020502069427943
157,-0.954287848765298,0.29888911271389534,45.360172556041015,11.020513106211068
158,-0.954287848765298,0.29888911271389534,45.3601402113019,11.020519075099292
159,-0.954287848765298,0.29888911271389534,45.36010654271193,11.020519848152023
160,-0.954287848765298,0.29888911271389534,45.360078630349186,11.020540067508675
161,-0.954287848765298,0.29888911271389534,45.36003542281305,11.020555140043585
162,-0.954287848765298,0.29888911271389534,45.35999782118542,11.020556185918183
163,-0.954287848765298,0.29888911271389534,45.359968525530654,11.020556870326491
164,-0.954287848765298,0.29888911271389534,45.359939658046436,11.020577482154595
165,-0.954287848765298,0.29888911271389534,45.35990929828606,11.02058454951843
166,-0.954287848765298,0.29888911271389534,45.35987557137763,11.020600336509762
167,-0.954287848765298,0.29888911271389534,45.35984186727505,11.020609222640958
168,-0.954287848765298,0.29888911271389534,45.35981581293824,11.020620463804102
169,-0.954287848765298,0.29888911271389534,45.35978626408072,11.020637309301966
170,-0.954287848765298,0.29888911271389534,45.35974527856221,11.02064527458867
171,-0.954287848765298,0.29888911271389534,45.3597079214293,11.020647883420747
172,-0.954287848765298,0.29888911271389534,45.35967972,11.02066511
173,0.18092866714612515,0.9834962213474573,45.35967980901959,11.020675650287622
174,0.18092866714612515,0.9834962213474573,45.35968225106349,11.020676918444043
175,0.18092866714612515,0.9834962213474573,45.35967491672778,11.020664501051131
176,0.18092866714612515,0.9834962213474573,45.35968871441387,11.020682597847786
177,0.18092866714612515,0.9834962213474573,45.35969218046836,11.020683063146423
178,0.18092866714612515,0.9834962213474573,45.359682578563536,11.020683743306115
179,0.18092866714612515,0.9834962213474573,45.359690714283005,11.020689755522323
180,0.18092866714612515,0.9834962213474573,45.35968424952794,11.02069992459851
181,0.18092866714612515,0.9834962213474573,45.359685767682386,11.020695908407879
182,0.18092866714612515,0.9834962213474573,45.3596809050434,11.020699504987721
183,0.18092866714612515,0.9834962213474573,45.35968498228688,11.020711863615322
184,0.18092866714612515,0.9834962213474573,45.359687913736835,11.020714511365771
185,0.18092866714612515,0.9834962213474573,45.359699911575355,11.020712884699794
186,0.18092866714612515,0.9834962213474573,45.35969330924822,11.020728300257986
187,0.18092866714612515,0.9834962213474573,45.35968791345322,11.020717930880574
188,0.18092866714612515,0.9834962213474573,45.35969425116894,11.020725438190677
189,0.18092866714612515,0.9834962213474573,45.35969640765137,11.020737416949263
190,0.18092866714612515,0.9834962213474573,45.3597020998596,11.020728353188483
191,0.18092866714612515,0.9834962213474573,45.35969351,11.02074007
192,0.9528471844721362,0.30345056111914304,45.35973014914658,11.020734355319204
193,0.9528471844721362,0.30345056111914304,45.3597618075556,11.020709214370534
194,0.9528471844721362,0.30345056111914304,45.359792845199024,11.020704804683268
195,0.9528471844721362,0.30345056111914304,45.35983447771039,11.02070304693492
196,0.9528471844721362,0.30345056111914304,45.359871182773894,11.020692018724391
197,0.9528471844721362,0.30345056111914304,45.35990790938412,11.020668556478082
198,0.9528471844721362,0.30345056111914304,45.35993771494106,11.020661132148208
199,0.9528471844721362,0.30345056111914304,45.35997315281288,11.020658558425755
200,0.9528471844721362,0.30345056111914304,45.36001272358976,11.020640081065844
201,0.9528471844721362,0.30345056111914304,45.36003035115323,11.020614583125496
202,0.9528471844721362,0.30345056111914304,45.36007827704349,11.020615463716414
203,0.9528471844721362,0.30345056111914304,45.360111963814,11.020609389988529
204,0.9528471844721362,0.30345056111914304,45.36014913385463,11.020597318214742
205,0.9528471844721362,0.30345056111914304,45.36017937066704,11.020581544195911
206,0.9528471844721362,0.30345056111914304,45.36021299081058,11.020562846018025
207,0.9528471844721362,0.30345056111914304,45.3602514725451,11.020569763776955
208,0.9528471844721362,0.30345056111914304,45.36027706388081,11.0205523863084
209,0.9528471844721362,0.30345056111914304,45.360317251177904,11.020534471026023
210,0.9528471844721362,0.30345056111914304,45.36035433881833,11.020527560318294
211,0.9528471844721362,0.30345056111914304,45.3603916499283,11.02052083167182
212,0.9528471844721362,0.30345056111914304,45.36042718982219,11.020507823547474
213,0.9528471844721362,0.30345056111914304,45.36046025900925,11.020495844107103
214,0.9528471844721362,0.30345056111914304,45.36048503666561,11.020493438782534
215,0.9528471844721362,0.30345056111914304,45.36052967201283,11.020477076676377
216,0.9528471844721362,0.30345056111914304,45.36057155305105,11.020474345005784
217,0.9528471844721362,0.30345056111914304,45.36059531092652,11.020451876400063
218,0.9528471844721362,0.30345056111914304,45.36063839181975,11.020440233747385
219,0.9528471844721362,0.30345056111914304,45.36066186927335,11.020428175058557
220,0.9528471844721362,0.30345056111914304,45.36070602478771,11.020407771354485
221,0.9528471844721362,0.30345056111914304,45.36073867333317,11.020406635989472
222,0.9528471844721362,0.30345056111914304,45.36077873739979,11.02038742240677
223,0.9528471844721362,0.30345056111914304,45.360808586360044,11.020387298093512
224,0.9528471844721362,0.30345056111914304,45.360840113634914,11.020376317637343
225,0.9528471844721362,0.30345056111914304,45.360883035839414,11.020371025927048
226,0.9528471844721362,0.30345056111914304,45.36091253062911,11.020345620034998
227,0.9528471844721362,0.30345056111914304,45.360950617281304,11.020342879618681
228,0.9528471844721362,0.30345056111914304,45.36099038940566,11.020330913108271
229,0.9528471844721362,0.30345056111914304,45.36102198490932,11.020317447416609
230,0.9528471844721362,0.30345056111914304,45.36105795748779,11.020304197729088
231,0.9528471844721362,0.30345056111914304,45.361094356659656,11.020295478887029
232,0.9528471844721362,0.30345056111914304,45.36111025268926,11.02028320257354
233,0.9528471844721362,0.30345056111914304,45.36115667055354,11.020278676472437
234,0.9528471844721362,0.30345056111914304,45.3611817058254,11.020260506219655
235,0.9528471844721362,0.30345056111914304,45.361222770889434,11.020252476325313
236,0.9528471844721362,0.30345056111914304,45.36125937008448,11.020237696993304
237,0.9528471844721362,0.30345056111914304,45.361300584725036,11.02024584533788
238,0.9528471844721362,0.30345056111914304,45.36132706487611,11.020225231261877
239,0.9528471844721362,0.30345056111914304,45.36136871407557,11.020200807080984
240,0.9528471844721362,0.30345056111914304,45.361400205246355,11.020195943990414
241,0.9528471844721362,0.30345056111914304,45.361438899779436,11.020175597302602
242,0.9528471844721362,0.30345056111914304,45.36146233418826,11.020169563045938
243,0.9528471844721362,0.30345056111914304,45.36151251767315,11.02016137006972
244,0.9528471844721362,0.30345056111914304,45.36153987379801,11.020157523752621
245,0.9528471844721362,0.30345056111914304,45.36157424580545,11.020147600053608
246,0.9528471844721362,0.30345056111914304,45.36161496583445,11.020126636660468
247,0.9528471844721362,0.30345056111914304,45.36164050879238,11.020121383340008
248,0.9528471844721362,0.30345056111914304,45.361676477482106,11.020108812015492
249,0.9528471844721362,0.30345056111914304,45.3617193174058,11.020099175693394
250,0.9528471844721362,0.30345056111914304,45.361744427317404,11.02007695650809
251,0.9528471844721362,0.30345056111914304,45.361773153218095,11.020079038393991
252,0.9528471844721362,0.30345056111914304,45.36180947333715,11.020065753095945
253,0.9528471844721362,0.30345056111914304,45.3618522906813,11.020051727970264
254,0.9528471844721362,0.30345056111914304,45.36188896174105,11.020032352986595
255,0.9528471844721362,0.30345056111914304,45.36191997079047,11.020030531362304
256,0.9528471844721362,0.30345056111914304,45.36194320471095,11.02002603396545
257,0.9528471844721362,0.30345056111914304,45.361990559574075,11.02000287704423
258,0.9528471844721362,0.30345056111914304,45.362030422938055,11.019992055789011
259,0.9528471844721362,0.30345056111914304,45.362063295515064,11.019988389484903
260,0.9528471844721362,0.30345056111914304,45.36210047569,11.01996715185191
261,0.9528471844721362,0.30345056111914304,45.36213078737296,11.01996315225647
262,0.9528471844721362,0.30345056111914304,45.36217069023389,11.019950486216992
263,0.9528471844721362,0.30345056111914304,45.36219732020912,11.01994237625209
264,0.9528471844721362,0.30345056111914304,45.36223822955851,11.01993705547804
265,0.9528471844721362,0.30345056111914304,45.36227073,11.01991931
266,0.2108778085845649,0.9775124295100148,45.362266600759234,11.019920598954636
267,0.2108778085845649,0.9775124295100148,45.3622744976313,11.019928517220569
268,0.2108778085845649,0.9775124295100148,45.36227925452778,11.0199321107705
269,0.2108778085845649,0.9775124295100148,45.36227006130108,11.019939911376143
270,0.2108778085845649,0.9775124295100148,45.36227888871717,11.019936345064044
271,0.2108778085845649,0.9775124295100148,45.36227475009176,11.019950862939371
272,0.2108778085845649,0.9775124295100148,45.36228208943935,11.019947689003393
273,0.2108778085845649,0.9775124295100148,45.362268959115525,11.01994744441099
274,0.2108778085845649,0.9775124295100148,45.36228596206611,11.019962623385393
275,0.2108778085845649,0.9775124295100148,45.36228448424997,11.019965255673592
276,0.2108778085845649,0.9775124295100148,45.3622797594853,11.019977680725964
277,0.2108778085845649,0.9775124295100148,45.36228730214272,11.019968886892212
278,0.2108778085845649,0.9775124295100148,45.36229101893361,11.019986813327389
279,0.2108778085845649,0.9775124295100148,45.362282128312856,11.019990648768768
280,0.2108778085845649,0.9775124295100148,45.36228557,11.0199881
281,-0.9544055299292257,0.29851312272748404,45.362256194669385,11.019992764905696
282,-0.9544055299292257,0.29851312272748404,45.36222088349663,11.020006445993591
283,-0.9544055299292257,0.29851312272748404,45.36220556773522,11.020029414691713
284,-0.9544055299292257,0.29851312272748404,45.36217079598633,11.020036466728804
285,-0.9544055299292257,0.29851312272748404,45.3621420008153,11.02003697774912
286,-0.9544055299292257,0.29851312272748404,45.362109756873224,11.020042181777457
287,-0.9544055299292257,0.29851312272748404,45.36208636744301,11.020055150440177
288,-0.9544055299292257,0.29851312272748404,45.36204638375946,11.020066034560967
289,-0.9544055299292257,0.29851312272748404,45.36201583389122,11.02006956547743
290,-0.9544055299292257,0.29851312272748404,45.36198075447199,11.020091826220087
291,-0.9544055299292257,0.29851312272748404,45.36195455493894,11.020087653814468
292,-0.9544055299292257,0.29851312272748404,45.36192793904315,11.020098323776526
293,-0.9544055299292257,0.29851312272748404,45.36189860048015,11.020117202183725
294,-0.9544055299292257,0.29851312272748404,45.36186759105566,11.02011959543846
295,-0.9544055299292257,0.29851312272748404,45.36182795731935,11.020131649570901
296,-0.9544055299292257,0.29851312272748404,45.36180449204919,11.020147947094594
297,-0.9544055299292257,0.29851312272748404,45.36178487154693,11.020141189939768
298,-0.9544055299292257,0.29851312272748404,45.36174520081333,11.020147747482449
299,-0.9544055299292257,0.29851312272748404,45.36170839209118,11.020170744432544
300,-0.9544055299292257,0.29851312272748404,45.36169133853476,11.020179967871542
301,-0.9544055299292257,0.29851312272748404,45.36166409514693,11.020187329879732
302,-0.9544055299292257,0.29851312272748404,45.361624606849894,11.020194452287068
303,-0.9544055299292257,0.29851312272748404,45.36161334033883,11.02020009646174
304,-0.9544055299292257,0.29851312272748404,45.36158076730459,11.020214609484242
305,-0.9544055299292257,0.29851312272748404,45.36153933555545,11.020216535832795
306,-0.9544055299292257,0.29851312272748404,45.361514214650086,11.02023071626574
307,-0.9544055299292257,0.29851312272748404,45.361481115529116,11.02023820463074
308,-0.9544055299292257,0.29851312272748404,45.36145265475623,11.020252385153611
309,-0.9544055299292257,0.29851312272748404,45.36142784163737,11.020246259167747
310,-0.9544055299292257,0.29851312272748404,45.36139120179867,11.020270853514344
311,-0.9544055299292257,0.29851312272748404,45.36135916552958,11.020275920917213
312,-0.9544055299292257,0.29851312272748404,45.36133425844568,11.020288502683577
313,-0.9544055299292257,0.29851312272748404,45.36130419293017,11.020287980071526
314,-0.9544055299292257,0.29851312272748404,45.36128084548855,11.02030505115794
315,-0.9544055299292257,0.29851312272748404,45.36124974673113,11.020317622118737
316,-0.9544055299292257,0.29851312272748404,45.36121725978087,11.020321821800634
317,-0.9544055299292257,0.29851312272748404,45.361186816268855,11.02032866007141
318,-0.9544055299292257,0.29851312272748404,45.36115582280712,11.020337224019588
319,-0.9544055299292257,0.29851312272748404,45.36113017600749,11.020350398928557
320,-0.9544055299292257,0.29851312272748404,45.361095028197866,11.02036176714473
321,-0.9544055299292257,0.29851312272748404,45.3610671917557,11.020374648068573
322,-0.9544055299292257,0.29851312272748404,45.361033299074236,11.02037823698255
323,-0.9544055299292257,0.29851312272748404,45.36100915626612,11.020385774252597
324,-0.9544055299292257,0.29851312272748404,45.36097719182458,11.020388527417508
325,-0.9544055299292257,0.29851312272748404,45.36094991914844,11.020414520628242
326,-0.9544055299292257,0.29851312272748404,45.36092063961549,11.02041241526504
327,-0.9544055299292257,0.29851312272748404,45.36089365696945,11.0204269576437
328,-0.9544055299292257,0.29851312272748404,45.36085435616583,11.020447615792474
329,-0.9544055299292257,0.29851312272748404,45.360828779753355,11.020447248378785
330,-0.9544055299292257,0.29851312272748404,45.3607967835076,11.020447636297778
331,-0.9544055299292257,0.29851312272748404,45.36076539514186,11.020456432335122
332,-0.9544055299292257,0.29851312272748404,45.36074082160612,11.020473963184335
333,-0.9544055299292257,0.29851312272748404,45.360705553278066,11.020487519414308
334,-0.9544055299292257,0.29851312272748404,45.36067698854542,11.020492678953428
335,-0.9544055299292257,0.29851312272748404,45.360653912632664,11.020497152805923
336,-0.9544055299292257,0.29851312272748404,45.36062036713973,11.020509123562078
337,-0.9544055299292257,0.29851312272748404,45.360590874213656,11.020517467967355
338,-0.9544055299292257,0.29851312272748404,45.360565059358215,11.020523804414344
339,-0.9544055299292257,0.29851312272748404,45.36052468611011,11.020543209219406
340,-0.9544055299292257,0.29851312272748404,45.360504694668435,11.020548207961241
341,-0.9544055299292257,0.29851312272748404,45.36046941907498,11.020549525011546
342,-0.9544055299292257,0.29851312272748404,45.36043965561978,11.02055982184287
343,-0.9544055299292257,0.29851312272748404,45.360406704962664,11.020574437669007
344,-0.9544055299292257,0.29851312272748404,45.36037717268534,11.020578362605795
345,-0.9544055299292257,0.29851312272748404,45.36035899738345,11.020592492196759
346,-0.9544055299292257,0.29851312272748404,45.36032103289664,11.020597075064456
347,-0.9544055299292257,0.29851312272748404,45.360284870451984,11.020608620745662
348,-0.9544055299292257,0.29851312272748404,45.36026194441666,11.020617249531748
349,-0.9544055299292257,0.29851312272748404,45.36022632952902,11.020634840549118
350,-0.9544055299292257,0.29851312272748404,45.36021346171432,11.02062877630082
351,-0.9544055299292257,0.29851312272748404,45.360168028234625,11.020647108893963
352,-0.9544055299292257,0.29851312272748404,45.36015143645892,11.020662650497572
353,-0.9544055299292257,0.29851312272748404,45.36011444749292,11.020667415294024
354,-0.9544055299292257,0.29851312272748404,45.36008211703807,11.02066628968713
355,-0.9544055299292257,0.29851312272748404,45.36005926144283,11.02068755905965
356,-0.9544055299292257,0.29851312272748404,45.36002781779265,11.020689512544713
357,-0.9544055299292257,0.29851312272748404,45.35999892103009,11.020704240031458
358,-0.9544055299292257,0.29851312272748404,45.35998111279626,11.020713910394251
359,-0.9544055299292257,0.29851312272748404,45.35992560731683,11.020728429855085
360,-0.9544055299292257,0.29851312272748404,45.35990923219126,11.020737295593142
361,-0.9544055299292257,0.29851312272748404,45.35987726197144,11.02073960786906
362,-0.9544055299292257,0.29851312272748404,45.35984131128904,11.020749862913926
363,-0.9544055299292257,0.29851312272748404,45.35982219468244,11.020751766610934
364,-0.9544055299292257,0.29851312272748404,45.359784724804385,11.020766649689355
365,-0.9544055299292257,0.29851312272748404,45.35977014456383,11.020771211093196
366,-0.9544055299292257,0.29851312272748404,45.359726044803125,11.0207883806878
367,-0.9544055299292257,0.29851312272748404,45.35970006,11.02079678
368,0.18563850809759755,0.9826181070544641,45.35969620199689,11.020809004170765
369,0.18563850809759755,0.9826181070544641,45.35970665584851,11.020805311776865
370,0.18563850809759755,0.9826181070544641,45.359705845350675,11.02081026763971
371,0.18563850809759755,0.9826181070544641,45.3597064602214,11.020813921360604
372,0.18563850809759755,0.9826181070544641,45.359704207108365,11.02082326544357
373,0.18563850809759755,0.9826181070544641,45.35971303551322,11.020822707102273
374,0.18563850809759755,0.9826181070544641,45.35970624383498,11.020828510877651
375,0.18563850809759755,0.9826181070544641,45.35970935099041,11.02084155700146
376,0.18563850809759755,0.9826181070544641,45.359706398231836,11.020846962905859
377,0.18563850809759755,0.9826181070544641,45.35971644389214,11.020845672378195
378,0.18563850809759755,0.9826181070544641,45.35970699543224,11.020853128419297
379,0.18563850809759755,0.9826181070544641,45.35970788910825,11.020860046262257
380,0.18563850809759755,0.9826181070544641,45.35970915552574,11.020869793254109
381,0.18563850809759755,0.9826181070544641,45.35971544696046,11.020875167949537
382,0.18563850809759755,0.9826181070544641,45.35970641595294,11.020869995292143
383,0.18563850809759755,0.9826181070544641,45.35971575,11.02087983
384,0.9539872079080639,0.29984730638739515,45.35974406761593,11.020875864891238
385,0.9539872079080639,0.29984730638739515,45.35978253889429,11.020857570067161
386,0.9539872079080639,0.29984730638739515,45.35981430514812,11.020850042102452
387,0.9539872079080639,0.29984730638739515,45.359845023554726,11.020839223285476
388,0.9539872079080639,0.29984730638739515,45.35987797405267,11.020825659651035
389,0.9539872079080639,0.29984730638739515,45.35991121792793,11.020822494257043
390,0.9539872079080639,0.29984730638739515,45.35994706321356,11.020803328460767
391,0.9539872079080639,0.29984730638739515,45.35997323415144,11.02080539546681
392,0.9539872079080639,0.29984730638739515,45.36001602821766,11.020784215930268
393,0.9539872079080639,0.29984730638739515,45.36004565857612,11.020774075859679
394,0.9539872079080639,0.29984730638739515,45.360076458966674,11.020765281256194
395,0.9539872079080639,0.29984730638739515,45.36010583292391,11.020762898312666
396,0.9539872079080639,0.29984730638739515,45.3601312672207,11.020747641778645
397,0.9539872079080639,0.29984730638739515,45.36017248948108,11.020744662155101
398,0.9539872079080639,0.29984730638739515,45.36020840990811,11.02072369179914
399,0.9539872079080639,0.29984730638739515,45.36023997786386,11.020722617460821
400,0.9539872079080639,0.29984730638739515,45.360275052492256,11.020697453354146
401,0.9539872079080639,0.29984730638739515,45.36030722278154,11.02069533987553
402,0.9539872079080639,0.29984730638739515,45.36032874749606,11.02068208495176
403,0.9539872079080639,0.29984730638739515,45.36037454205213,11.020678174380956
404,0.9539872079080639,0.29984730638739515,45.3603984838933,11.020670706260603
405,0.9539872079080639,0.29984730638739515,45.3604348546247,11.020649421268901
406,0.9539872079080639,0.29984730638739515,45.36046934858802,11.020647206590057
407,0.9539872079080639,0.29984730638739515,45.36049537702336,11.020631990919664
408,0.9539872079080639,0.29984730638739515,45.36053004540036,11.020620498561838
409,0.9539872079080639,0.29984730638739515,45.36056602192709,11.02061835936546
410,0.9539872079080639,0.29984730638739515,45.36059376684691,11.020605347385134
411,0.9539872079080639,0.29984730638739515,45.3606380448898,11.020591169853036
412,0.9539872079080639,0.29984730638739515,45.36066993540615,11.020575040116835
413,0.9539872079080639,0.29984730638739515,45.36069430477825,11.020566251382958
414,0.9539872079080639,0.29984730638739515,45.36073201476729,11.020557266699683
415,0.9539872079080639,0.29984730638739515,45.36076069681074,11.020550810437106
416,0.9539872079080639,0.29984730638739515,45.360793140232786,11.02054603567921
417,0.9539872079080639,0.29984730638739515,45.36082924710179,11.020530472703365
418,0.9539872079080639,0.29984730638739515,45.360854530887714,11.020522492627821
419,0.9539872079080639,0.29984730638739515,45.36089765415078,11.02050564330942
420,0.9539872079080639,0.29984730638739515,45.36092814843467,11.020496679693894
421,0.9539872079080639,0.29984730638739515,45.36095811185941,11.020495573220645
422,0.9539872079080639,0.29984730638739515,45.3609977764856,11.020484441033798
423,0.9539872079080639,0.29984730638739515,45.36102393019697,11.020470208853279
424,0.9539872079080639,0.29984730638739515,45.361058747504494,11.02045569127145
425,0.9539872079080639,0.29984730638739515,45.36108834754301,11.02044993303424
426,0.9539872079080639,0.29984730638739515,45.361117673856896,11.020444182724393
427,0.9539872079080639,0.29984730638739515,45.36116029036065,11.020427541688782
428,0.9539872079080639,0.29984730638739515,45.36119027436128,11.020412441111265
429,0.9539872079080639,0.29984730638739515,45.36122436003937,11.020406743845903
430,0.9539872079080639,0.29984730638739515,45.361253658775674,11.020394082593238
431,0.9539872079080639,0.29984730638739515,45.361277263770795,11.02038888962093
432,0.9539872079080639,0.29984730638739515,45.3613108952983,11.020371210572884
433,0.9539872079080639,0.29984730638739515,45.36135573087884,11.020373412443016
434,0.9539872079080639,0.29984730638739515,45.36138174016169,11.020354539787894
435,0.9539872079080639,0.29984730638739515,45.361414799187784,11.020341151619194
436,0.9539872079080639,0.29984730638739515,45.36143846387357,11.020334509950464
437,0.9539872079080639,0.29984730638739515,45.36148498143192,11.02032275886948
438,0.9539872079080639,0.29984730638739515,45.36151896664982,11.02031417425406
439,0.9539872079080639,0.29984730638739515,45.36154472160083,11.020306870240297
440,0.9539872079080639,0.29984730638739515,45.361584489119494,11.02028904225605
441,0.9539872079080639,0.29984730638739515,45.36161666642186,11.020276208567392
442,0.9539872079080639,0.29984730638739515,45.36165154668256,11.020281210460727
443,0.9539872079080639,0.29984730638739515,45.3616785740719,11.020262290540773
444,0.9539872079080639,0.29984730638739515,45.361718787057974,11.020258355715926
445,0.9539872079080639,0.29984730638739515,45.36173903826972,11.020251454814032
446,0.9539872079080639,0.29984730638739515,45.36178090740351,11.020232779137041
447,0.9539872079080639,0.29984730638739515,45.36181798697754,11.020221224912458
448,0.9539872079080639,0.29984730638739515,45.36184043236824,11.02021189397471
449,0.9539872079080639,0.29984730638739515,45.36188985950216,11.020195798595806
450,0.9539872079080639,0.29984730638739515,45.36190921918963,11.020188730942843
451,0.9539872079080639,0.29984730638739515,45.36193931969269,11.02018342758166
452,0.9539872079080639,0.29984730638739515,45.36197202978538,11.02016776822125
453,0.9539872079080639,0.29984730638739515,45.36200878375665,11.020153739023081
454,0.9539872079080639,0.29984730638739515,45.36204318722967,11.02014643772144
455,0.9539872079080639,0.29984730638739515,45.36207032353339,11.020145253306847
456,0.9539872079080639,0.29984730638739515,45.36210370872521,11.020125771281009
457,0.9539872079080639,0.29984730638739515,45.36214078710338,11.020117832493494
458,0.9539872079080639,0.29984730638739515,45.362180628783044,11.020108687419572
459,0.9539872079080639,0.29984730638739515,45.36220017101462,11.020097691191229
460,0.9539872079080639,0.29984730638739515,45.36223384852289,11.020090806257329
461,0.9539872079080639,0.29984730638739515,45.36227886546037,11.0200741961892
462,0.9539872079080639,0.29984730638739515,45.36230304,11.02006662
463,0.05017981546841942,0.9987401995111418,45.362301650120834,11.020070527150063
464,0.05017981546841942,0.9987401995111418,45.3622994156621,11.020074369586807
465,0.05017981546841942,0.9987401995111418,45.36230012940066,11.020074732142445
466,0.05017981546841942,0.9987401995111418,45.36230257716119,11.020079543608038
467,0.05017981546841942,0.9987401995111418,45.36230732607928,11.020085818771902
468,0.05017981546841942,0.9987401995111418,45.362306063657414,11.020088927644032
469,0.05017981546841942,0.9987401995111418,45.362306285825994,11.020088069322115
470,0.05017981546841942,0.9987401995111418,45.362305536336706,11.02008748092386
471,0.05017981546841942,0.9987401995111418,45.3623020062428,11.020095459029585
472,0.05017981546841942,0.9987401995111418,45.362309657618034,11.020093981229861
473,0.05017981546841942,0.9987401995111418,45.36230858012232,11.020104384410887
474,0.05017981546841942,0.9987401995111418,45.362302456861194,11.020108764429114
475,0.05017981546841942,0.9987401995111418,45.36230559021762,11.020099063034664
476,0.05017981546841942,0.9987401995111418,45.36230039452516,11.02010972772437
477,0.05017981546841942,0.9987401995111418,45.362304565571456,11.020108352912953
478,0.05017981546841942,0.9987401995111418,45.36230583,11.02012215
479,-0.9547295369557065,0.2974752279843521,45.362277983958506,11.020134588152935
480,-0.9547295369557065,0.2974752279843521,45.36223897859142,11.020142491346405
481,-0.9547295369557065,0.2974752279843521,45.362220464470774,11.020147187456729
482,-0.9547295369557065,0.2974752279843521,45.36218965487958,11.020164717782418
483,-0.9547295369557065,0.2974752279843521,45.36215117371113,11.020172675131958
484,-0.9547295369557065,0.2974752279843521,45.362124262281625,11.020190875783982
485,-0.9547295369557065,0.2974752279843521,45.36209260910996,11.020190535143833
486,-0.9547295369557065,0.2974752279843521,45.36205557697753,11.020200560663017
487,-0.9547295369557065,0.2974752279843521,45.362029333884145,11.020212268027738
488,-0.9547295369557065,0.2974752279843521,45.361993243241464,11.020222534618027
489,-0.9547295369557065,0.2974752279843521,45.36197649833967,11.020226413400003
490,-0.9547295369557065,0.2974752279843521,45.36193550165473,11.02023563421554
491,-0.9547295369557065,0.2974752279843521,45.36190262638899,11.020241949010122
492,-0.9547295369557065,0.2974752279843521,45.361876276892495,11.020255574518295
493,-0.9547295369557065,0.2974752279843521,45.36184219842734,11.020262144549953
494,-0.9547295369557065,0.2974752279843521,45.361811321046765,11.020284746115152
495,-0.9547295369557065,0.2974752279843521,45.36179571305561,11.02028787748299
496,-0.9547295369557065,0.2974752279843521,45.361762785055866,11.020301430612212
497,-0.9547295369557065,0.2974752279843521,45.36173145972552,11.020296712522704
498,-0.9547295369557065,0.2974752279843521,45.36169572118882,11.020304093134564
499,-0.9547295369557065,0.2974752279843521,45.36166729687593,11.020321206194836
500,-0.9547295369557065,0.2974752279843521,45.36163050785892,11.020331682058922
501,-0.9547295369557065,0.2974752279843521,45.36160204200098,11.020338828533275
502,-0.9547295369557065,0.2974752279843521,45.36157321113184,11.020336878184999
503,-0.9547295369557065,0.2974752279843521,45.36153983239766,11.020360359367036
504,-0.9547295369557065,0.2974752279843521,45.361511281649314,11.020379581421944
505,-0.9547295369557065,0.2974752279843521,45.36148550607504,11.020377070948458
506,-0.9547295369557065,0.2974752279843521,45.3614548633078,11.020388781354542
507,-0.9547295369557065,0.2974752279843521,45.36141459860499,11.02039904760525
508,-0.9547295369557065,0.2974752279843521,45.36139941122563,11.02039968731165
509,-0.9547295369557065,0.2974752279843521,45.361359333629636,11.020420485893869
510,-0.9547295369557065,0.2974752279843521,45.361329122598626,11.020424655515487
511,-0.9547295369557065,0.2974752279843521,45.3612928991098,11.020430202019066
512,-0.9547295369557065,0.2974752279843521,45.361265945689574,11.020448649522846
513,-0.9547295369557065,0.2974752279843521,45.36124365236225,11.020454962257105
514,-0.9547295369557065,0.2974752279843521,45.36120134204257,11.020457877349696
515,-0.9547295369557065,0.2974752279843521,45.361173926295926,11.020467267086048
516,-0.9547295369557065,0.2974752279843521,45.36113524365868,11.020488287099498
517,-0.9547295369557065,0.2974752279843521,45.36111091059788,11.020490900850579
518,-0.9547295369557065,0.2974752279843521,45.36108980065435,11.020488397065966
519,-0.9547295369557065,0.2974752279843521,45.36105255674043,11.020516682318435
520,-0.9547295369557065,0.2974752279843521,45.36103117192321,11.020526175981303
521,-0.9547295369557065,0.2974752279843521,45.36099484226507,11.020531851046456
522,-0.9547295369557065,0.2974752279843521,45.36095916035138,11.020545048226015
523,-0.9547295369557065,0.2974752279843521,45.36092479909707,11.020548104675008
524,-0.9547295369557065,0.2974752279843521,45.360909844445814,11.02056341404247
525,-0.9547295369557065,0.2974752279843521,45.36087041844819,11.020572341571395
526,-0.9547295369557065,0.2974752279843521,45.36083875921092,11.020574529895129
527,-0.9547295369557065,0.2974752279843521,45.36081881194161,11.020587010758101
528,-0.9547295369557065,0.2974752279843521,45.36077109959508,11.020593937884975
529,-0.9547295369557065,0.2974752279843521,45.360744851422865,11.020616632234997
530,-0.9547295369557065,0.2974752279843521,45.36071423290558,11.020617076435064
531,-0.9547295369557065,0.2974752279843521,45.3606917616212,11.020628507281803
532,-0.9547295369557065,0.2974752279843521,45.36064993648075,11.020637378271529
533,-0.9547295369557065,0.2974752279843521,45.36063009336317,11.020645965104226
534,-0.9547295369557065,0.2974752279843521,45.3605959991325,11.020656142802272
535,-0.9547295369557065,0.2974752279843521,45.360566204984025,11.020672239170382
536,-0.9547295369557065,0.2974752279843521,45.360534793132324,11.020672803001451
537,-0.9547295369557065,0.2974752279843521,45.360513882233825,11.020675824170121
538,-0.9547295369557065,0.2974752279843521,45.36046634256081,11.02069181774376
539,-0.9547295369557065,0.2974752279843521,45.36045454590423,11.020711445836463
540,-0.9547295369557065,0.2974752279843521,45.36040836952172,11.020716439724477
541,-0.9547295369557065,0.2974752279843521,45.360385560829485,11.020716444577332
542,-0.9547295369557065,0.2974752279843521,45.36035270048005,11.020722501050974
543,-0.9547295369557065,0.2974752279843521,45.36032675157966,11.020737642291735
544,-0.9547295369557065,0.2974752279843521,45.36029961241743,11.020758815590243
545,-0.9547295369557065,0.2974752279843521,45.36027637562076,11.020755905590784
546,-0.9547295369557065,0.2974752279843521,45.36023298024488,11.020766656579353
547,-0.9547295369557065,0.2974752279843521,45.36019666900933,11.020771362046052
548,-0.9547295369557065,0.2974752279843521,45.36017156736856,11.020785257673701
549,-0.9547295369557065,0.2974752279843521,45.36013297174322,11.020807945753013
550,-0.9547295369557065,0.2974752279843521,45.36011467929144,11.02080117342379
551,-0.9547295369557065,0.2974752279843521,45.3600798908345,11.02081776879882
552,-0.9547295369557065,0.2974752279843521,45.36005299656358,11.020827585584849
553,-0.9547295369557065,0.2974752279843521,45.36001587949214,11.020840667768823
554,-0.9547295369557065,0.2974752279843521,45.359980434822695,11.020839060662215
555,-0.9547295369557065,0.2974752279843521,45.35995643310171,11.020850560197422
556,-0.9547295369557065,0.2974752279843521,45.35992019746829,11.020866618812802
557,-0.9547295369557065,0.2974752279843521,45.35988718900011,11.020879819601857
558,-0.9547295369557065,0.2974752279843521,45.35986294502771,11.02088279618684
559,-0.9547295369557065,0.2974752279843521,45.359837807143094,11.020895108544433
560,-0.9547295369557065,0.2974752279843521,45.359801435059005,11.020896599795869
561,-0.9547295369557065,0.2974752279843521,45.35977650125148,11.02091416641815
562,-0.9547295369557065,0.2974752279843521,45.359745361653886,11.020923669793268
563,-0.9547295369557065,0.2974752279843521,45.35971167,11.02093044
564,0.158371280329442,0.9873796319384015,45.35971781180904,11.02093575559213
565,0.158371280329442,0.9873796319384015,45.359715813843955,11.02094807595711
566,0.158371280329442,0.9873796319384015,45.35971082373435,11.020954124058301
567,0.158371280329442,0.9873796319384015,45.35971794784764,11.020967076667134
568,0.158371280329442,0.9873796319384015,45.35971813787747,11.020969213649096
569,0.158371280329442,0.9873796319384015,45.35971583147192,11.020972786580096
570,0.158371280329442,0.9873796319384015,45.35972788447528,11.020981760267212
571,0.158371280329442,0.9873796319384015,45.359713686418935,11.020980706839422
572,0.158371280329442,0.9873796319384015,45.35972441727911,11.020995614950976
573,0.158371280329442,0.9873796319384015,45.3597301249644,11.020994243542367
