,Sin,Cosin,Lat,Lon
0,0.9537169507482269,0.30070579950427306,45.3596665575,11.020597651
1,0.955040636077442,0.2964749288570535,45.35969504738029,11.020588153179283
2,0.955040636077442,0.2964749288570535,45.359719552553656,11.02057747807412
3,0.955040636077442,0.2964749288570535,45.35975685473297,11.020571448512941
4,0.955040636077442,0.2964749288570535,45.35978118752472,11.020568861176075
5,0.955040636077442,0.2964749288570535,45.35980150722845,11.020551415111377
6,0.955040636077442,0.2964749288570535,45.35982805799699,11.020549193176567
7,0.955040636077442,0.2964749288570535,45.35986816606273,11.02052888581679
8,0.955040636077442,0.2964749288570535,45.35989784750366,11.020531302277574
9,0.955040636077442,0.2964749288570535,45.35993255845417,11.02051710437687
10,0.955040636077442,0.2964749288570535,45.359956304533426,11.020503895887314
11,0.955040636077442,0.2964749288570535,45.359985065673904,11.020492685586133
12,0.955040636077442,0.2964749288570535,45.36001671567039,11.020492099843946
13,0.955040636077442,0.2964749288570535,45.360041736467345,11.02048780933691
14,0.955040636077442,0.2964749288570535,45.36007387503773,11.020473476324108
15,0.955040636077442,0.2964749288570535,45.36009893807582,11.020462709379178
16,0.955040636077442,0.2964749288570535,45.360131872512454,11.020454968461898
17,0.955040636077442,0.2964749288570535,45.360162522538765,11.020447774675938
18,0.955040636077442,0.2964749288570535,45.36018285098652,11.020443503055251
19,0.955040636077442,0.2964749288570535,45.36020520709816,11.020436886481278
20,0.955040636077442,0.2964749288570535,45.36023313002518,11.020411036798071
21,0.955040636077442,0.2964749288570535,45.360268371740474,11.020414895536714
22,0.955040636077442,0.2964749288570535,45.360303319829185,11.020391955313999
23,0.955040636077442,0.2964749288570535,45.36032657885149,11.020395773225172
24,0.955040636077442,0.2964749288570535,45.36035314333726,11.020392560571262
25,0.955040636077442,0.2964749288570535,45.36038062673588,11.020376411677315
26,0.955040636077442,0.2964749288570535,45.360415759909095,11.020369011087018
27,0.955040636077442,0.2964749288570535,45.36044459807123,11.02035280901322
28,0.955040636077442,0.2964749288570535,45.360464516808065,11.020353273935056
29,0.955040636077442,0.2964749288570535,45.36050124820653,11.02033698858443
30,0.955040636077442,0.2964749288570535,45.36052104481301,11.02034003594269
31,0.955040636077442,0.2964749288570535,45.360561404607914,11.020328200842954
32,0.955040636077442,0.2964749288570535,45.36058771023337,11.02030903046033
33,0.955040636077442,0.2964749288570535,45.3606199466323,11.02029948784534
34,0.955040636077442,0.2964749288570535,45.36064785964252,11.020292244424553
35,0.955040636077442,0.2964749288570535,45.36066946243618,11.02029060891316
36,0.955040636077442,0.2964749288570535,45.360705587268875,11.020281219417143
37,0.955040636077442,0.2964749288570535,45.36073432480978,11.020267620976714
38,0.955040636077442,0.2964749288570535,45.3607529828734,11.020258584035924
39,0.955040636077442,0.2964749288570535,45.36078502107437,11.020253086005335
40,0.955040636077442,0.2964749288570535,45.360822080417115,11.02024300769751
41,0.955040636077442,0.2964749288570535,45.36084835697774,11.020223207054748
42,0.955040636077442,0.2964749288570535,45.36088031522055,11.020219895984306
43,0.955040636077442,0.2964749288570535,45.360907175570915,11.020209983482038
44,0.955040636077442,0.2964749288570535,45.36093627096908,11.020211351398004
45,0.955040636077442,0.2964749288570535,45.36096161162627,11.020191131064603
46,0.955040636077442,0.2964749288570535,45.36098321007208,11.020187752565896
47,0.955040636077442,0.2964749288570535,45.36102233392242,11.02017560029225
48,0.955040636077442,0.2964749288570535,45.36104632063009,11.020170047780285
49,0.955040636077442,0.2964749288570535,45.36108474843072,11.020158457793777
50,0.955040636077442,0.2964749288570535,45.36111279981937,11.020155014012927
51,0.955040636077442,0.2964749288570535,45.36113692368497,11.020137468892779
52,0.955040636077442,0.2964749288570535,45.36116449731606,11.020134748155234
53,0.955040636077442,0.2964749288570535,45.36119227164033,11.020128409647052
54,0.955040636077442,0.2964749288570535,45.36122541546932,11.020118219911831
55,0.955040636077442,0.2964749288570535,45.36125115696299,11.020111968632982
56,0.955040636077442,0.2964749288570535,45.36128110425391,11.020094085418567
57,0.955040636077442,0.2964749288570535,45.36130169620026,11.0200880019222
58,0.955040636077442,0.2964749288570535,45.361337280381875,11.020083158124557
59,0.955040636077442,0.2964749288570535,45.361369935623394,11.020068376212754
60,0.955040636077442,0.2964749288570535,45.36138359182171,11.020059914856978
61,0.955040636077442,0.2964749288570535,45.36141419828433,11.020053134380442
62,0.955040636077442,0.2964749288570535,45.36144554832615,11.020046983789223
63,0.955040636077442,0.2964749288570535,45.36147304480728,11.02003862229215
64,0.955040636077442,0.2964749288570535,45.36151519034377,11.020018419821941
65,0.955040636077442,0.2964749288570535,45.361537715567835,11.020021546135892
66,0.955040636077442,0.2964749288570535,45.36156771219763,11.020013936342705
67,0.955040636077442,0.2964749288570535,45.36158937238235,11.019999372898143
68,0.955040636077442,0.2964749288570535,45.361630370655895,11.019998950888569
69,0.955040636077442,0.2964749288570535,45.36164889861642,11.019982342850646
70,0.955040636077442,0.2964749288570535,45.36168168741701,11.019976390091264
71,0.955040636077442,0.2964749288570535,45.361706854806506,11.019970995351736
72,0.955040636077442,0.2964749288570535,45.36174383027803,11.019951838138594
73,0.955040636077442,0.2964749288570535,45.36176647521927,11.019937039828077
74,0.955040636077442,0.2964749288570535,45.36179807548643,11.01994758444469
75,0.955040636077442,0.2964749288570535,45.36183031502352,11.019931435952664
76,0.955040636077442,0.2964749288570535,45.36185607657709,11.019922186320741
77,0.955040636077442,0.2964749288570535,45.3618824965129,11.01991025535073
78,0.955040636077442,0.2964749288570535,45.36191209030246,11.01989945456544
79,0.955040636077442,0.2964749288570535,45.36193467537192,11.019899935456994
80,0.955040636077442,0.2964749288570535,45.36196838973691,11.019894500670015
81,0.955040636077442,0.2964749288570535,45.36199671332339,11.019873515514535
82,0.955040636077442,0.2964749288570535,45.362024585575504,11.019873202079946
83,0.955040636077442,0.2964749288570535,45.3620551007657,11.019864551651791
84,0.955040636077442,0.2964749288570535,45.36207263578182,11.019849869506753
85,0.955040636077442,0.2964749288570535,45.36211508291977,11.019834305113479
86,0.955040636077442,0.2964749288570535,45.36213568966508,11.019829851001946
87,0.955040636077442,0.2964749288570535,45.3621721691827,11.01982298106674
88,0.955040636077442,0.2964749288570535,45.36219686253985,11.019818028318475
89,0.955040636077442,0.2964749288570535,45.36222528962821,11.019806824788352
90,0.955040636077442,0.2964749288570535,45.36225589,11.01979384
91,0.1871863868101744,0.9823244151465196,45.362255405369275,11.019799438454262
92,0.1871863868101744,0.9823244151465196,45.36226446101573,11.019801486475625
93,0.1871863868101744,0.9823244151465196,45.36226456241312,11.01982587937625
94,0.1871863868101744,0.9823244151465196,45.36227140074972,11.019815248802178
95,0.1871863868101744,0.9823244151465196,45.362258116779316,11.019813004643353
96,0.1871863868101744,0.9823244151465196,45.36225669435166,11.01982783684504
97,0.1871863868101744,0.9823244151465196,45.362262913102576,11.019838146199767
98,0.1871863868101744,0.9823244151465196,45.3622688801958,11.019832731028146
99,0.1871863868101744,0.9823244151465196,45.36226582358197,11.019847323304015
100,0.1871863868101744,0.9823244151465196,45.36226601755515,11.01984272395773
101,0.1871863868101744,0.9823244151465196,45.36226747,11.01985461
102,-0.954287848765298,0.29888911271389534,45.36223482437178,11.019872137301341
103,-0.954287848765298,0.29888911271389534,45.3622036344729,11.019861937732923
104,-0.954287848765298,0.29888911271389534,45.36217361202855,11.019880379779332
105,-0.954287848765298,0.29888911271389534,45.362140466113324,11.019900489510151
106,-0.954287848765298,0.29888911271389534,45.36210695486315,11.019889148216063
107,-0.954287848765298,0.29888911271389534,45.36208517441272,11.019916830201282
108,-0.954287848765298,0.29888911271389534,45.36205493797255,11.01992376994467
109,-0.954287848765298,0.29888911271389534,45.36202302569388,11.019926113658597
110,-0.954287848765298,0.29888911271389534,45.361992456199175,11.019938791710825
111,-0.954287848765298,0.29888911271389534,45.36195758892764,11.019943251003413
112,-0.954287848765298,0.29888911271389534,45.36194769612194,11.019950287633023
113,-0.954287848765298,0.29888911271389534,45.36191274516386,11.019967302080714
114,-0.954287848765298,0.29888911271389534,45.361882205658915,11.019980583764927
115,-0.954287848765298,0.29888911271389534,45.3618395049587,11.019989502944961
116,-0.954287848765298,0.29888911271389534,45.36181678336588,11.019995678242083
117,-0.954287848765298,0.29888911271389534,45.36178762970037,11.020004647564237
118,-0.954287848765298,0.29888911271389534,45.36175196575366,11.020020737672446
119,-0.954287848765298,0.29888911271389534,45.36173567844953,11.02002508435632
120,-0.954287848765298,0.29888911271389534,45.36169557437277,11.02003057492111
121,-0.954287848765298,0.29888911271389534,45.36167040349643,11.020045265806367
122,-0.954287848765298,0.29888911271389534,45.361637939698134,11.02004476575336
123,-0.954287848765298,0.29888911271389534,45.36160275387863,11.020056937580193
124,-0.954287848765298,0.29888911271389534,45.36157657707746,11.020073667540032
125,-0.954287848765298,0.29888911271389534,45.361544490698996,11.020085908767554
126,-0.954287848765298,0.29888911271389534,45.36151694738347,11.020091251461547
127,-0.954287848765298,0.29888911271389534,45.3614786684904,11.020094114645108
128,-0.954287848765298,0.29888911271389534,45.36145598492634,11.020104641448393
129,-0.954287848765298,0.29888911271389534,45.36141615848159,11.020127771234389
130,-0.954287848765298,0.29888911271389534,45.361398598783,11.02012503777562
131,-0.954287848765298,0.29888911271389534,45.36136171938391,11.02013745147436
132,-0.954287848765298,0.29888911271389534,45.361328890005524,11.020145268559617
133,-0.954287848765298,0.29888911271389534,45.361309611816885,11.020150422031689
134,-0.954287848765298,0.29888911271389534,45.36127455555711,11.020163271410501
135,-0.954287848765298,0.29888911271389534,45.36124160223763,11.02015674447611
136,-0.954287848765298,0.29888911271389534,45.36121386019533,11.020179926741525
137,-0.954287848765298,0.29888911271389534,45.36118426033046,11.020189445287878
138,-0.954287848765298,0.29888911271389534,45.361154450457605,11.020197379860948
139,-0.954287848765298,0.29888911271389534,45.361128600426326,11.020213306110092
140,-0.954287848765298,0.29888911271389534,45.36108866566202,11.020220885693993
141,-0.954287848765298,0.29888911271389534,45.36106180218728,11.020236516906182
142,-0.954287848765298,0.29888911271389534,45.36103880197683,11.020236279696219
143,-0.954287848765298,0.29888911271389534,45.36100571395573,11.020262699022028
144,-0.954287848765298,0.29888911271389534,45.3609675900131,11.020261571037658
145,-0.954287848765298,0.29888911271389534,45.36093749486702,11.020262519295946
146,-0.954287848765298,0.29888911271389534,45.36091348677506,11.020281243861868
147,-0.954287848765298,0.29888911271389534,45.360887579098396,11.020294278916833
148,-0.954287848765298,0.29888911271389534,45.36085196886673,11.020298627620697
149,-0.954287848765298,0.29888911271389534,45.360824736202524,11.020302128675732
150,-0.954287848765298,0.29888911271389534,45.36078999210802,11.020315648539645
151,-0.954287848765298,0.29888911271389534,45.36076132079716,11.020326315702963
152,-0.954287848765298,0.29888911271389534,45.36073731622607,11.02034491056727
153,-0.954287848765298,0.29888911271389534,45.36070179704453,11.020351105720803
154,-0.954287848765298,0.29888911271389534,45.360676075935636,11.020361921638335
155,-0.954287848765298,0.29888911271389534,45.360638780686884,11.02037533781266
156,-0.954287848765298,0.29888911271389534,45.36061619764588,11.020379533060394
157,-0.954287848765298,0.29888911271389534,45.360586652204596,11.020384386054264
158,-0.954287848765298,0.29888911271389534,45.36055781104581,11.020399901977282
159,-0.954287848765298,0.29888911271389534,45.360511698263494,11.020405365915975
160,-0.954287848765298,0.29888911271389534,45.36049231554589,11.020408105302376
161,-0.954287848765298,0.29888911271389534,45.36046643018228,11.02042199120008
162,-0.954287848765298,0.29888911271389534,45.36042814305863,11.020430279044792
163,-0.954287848765298,0.29888911271389534,45.3604081182826,11.020442466093881
164,-0.954287848765298,0.29888911271389534,45.360378944671595,11.020444200660588
165,-0.954287848765298,0.29888911271389534,45.360334289460084,11.020461862798813
166,-0.954287848765298,0.29888911271389534,45.36031945758594,11.02047454728781
167,-0.954287848765298,0.29888911271389534,45.36027540238156,11.020475099115279
168,-0.954287848765298,0.29888911271389534,45.360250242759236,11.020481570887206
169,-0.954287848765298,0.29888911271389534,45.36021922640342,11.020496369115273
170,-0.954287848765298,0.29888911271389534,45.360187547292924,11.020500510620764
171,-0.954287848765298,0.29888911271389534,45.360158924421455,11.020506582451866
172,-0.954287848765298,0.29888911271389534,45.360122629256026,11.02052424620145
173,-0.954287848765298,0.29888911271389534,45.36009133024683,11.020532605003616
174,-0.954287848765298,0.29888911271389534,45.36007165218625,11.020533209751301
175,-0.954287848765298,0.29888911271389534,45.36004765871822,11.020551274804934
176,-0.954287848765298,0.29888911271389534,45.36000474269101,11.02056207751632
177,-0.954287848765298,0.29888911271389534,45.35998106102593,11.020573320269193
178,-0.954287848765298,0.29888911271389534,45.35994522426886,11.020581582728289
179,-0.954287848765298,0.29888911271389534,45.35991510359155,11.020589048414001
180,-0.954287848765298,0.29888911271389534,45.35987900999555,11.02059939341758
181,-0.954287848765298,0.29888911271389534,45.35986318018815,11.020617760429317
182,-0.954287848765298,0.29888911271389534,45.35982070215416,11.020615124498896
183,-0.954287848765298,0.29888911271389534,45.35980234774199,11.020624248637278
184,-0.954287848765298,0.29888911271389534,45.35977996307726,11.020645027090053
185,-0.954287848765298,0.29888911271389534,45.35973655624134,11.020640379905732
186,-0.954287848765298,0.29888911271389534,45.359711243092285,11.020656474748431
187,-0.954287848765298,0.29888911271389534,45.35967972,11.02066511
188,0.18092866714612515,0.9834962213474573,45.35967507805403,11.020677224435913
189,0.18092866714612515,0.9834962213474573,45.35968135018475,11.02066649081198
190,0.18092866714612515,0.9834962213474573,45.35968464610698,11.020681366963935
191,0.18092866714612515,0.9834962213474573,45.35969500071049,11.020685285737397
192,0.18092866714612515,0.9834962213474573,45.359679884697464,11.020700077272512
193,0.18092866714612515,0.9834962213474573,45.35968084848436,11.020693934566195
194,0.18092866714612515,0.9834962213474573,45.35967891468335,11.020702556453433
195,0.18092866714612515,0.9834962213474573,45.35969441564106,11.020712157592978
196,0.18092866714612515,0.9834962213474573,45.35969725344573,11.020723147594863
197,0.18092866714612515,0.9834962213474573,45.35968822295047,11.020730476442523
198,0.18092866714612515,0.9834962213474573,45.359688762485995,11.020731618733617
199,0.18092866714612515,0.9834962213474573,45.35969538086427,11.020731308611682
200,0.18092866714612515,0.9834962213474573,45.35969351,11.02074007
201,0.9528471844721362,0.30345056111914304,45.359732981916544,11.02073240313526
202,0.9528471844721362,0.30345056111914304,45.35974964276049,11.020717813638077
203,0.9528471844721362,0.30345056111914304,45.35977901023017,11.020713943431097
204,0.9528471844721362,0.30345056111914304,45.359820561579774,11.020701716027965
205,0.9528471844721362,0.30345056111914304,45.359846896981914,11.020694094693988
206,0.9528471844721362,0.30345056111914304,45.35989403153188,11.020680705990896
207,0.9528471844721362,0.30345056111914304,45.35991882077405,11.020667731483467
208,0.9528471844721362,0.30345056111914304,45.35993540397961,11.020666352496274
209,0.9528471844721362,0.30345056111914304,45.359972607505696,11.020657470020055
210,0.9528471844721362,0.30345056111914304,45.3600126195359,11.02063655588765
211,0.9528471844721362,0.30345056111914304,45.36004179155898,11.020631320135106
212,0.9528471844721362,0.30345056111914304,45.360079304428716,11.020619435120071
213,0.9528471844721362,0.30345056111914304,45.36010120014022,11.020607258797613
214,0.9528471844721362,0.30345056111914304,45.36013128389618,11.020597004857192
215,0.9528471844721362,0.30345056111914304,45.36016620259867,11.020589291855318
216,0.9528471844721362,0.30345056111914304,45.36020338147045,11.020575277373021
217,0.9528471844721362,0.30345056111914304,45.360219833819265,11.02056857759322
218,0.9528471844721362,0.30345056111914304,45.36025383293681,11.020560126255067
219,0.9528471844721362,0.30345056111914304,45.360292170587655,11.020552137897496
220,0.9528471844721362,0.30345056111914304,45.36032857958555,11.020531019436108
221,0.9528471844721362,0.30345056111914304,45.3603468779686,11.02053466493433
222,0.9528471844721362,0.30345056111914304,45.36038199788208,11.020511532440292
223,0.9528471844721362,0.30345056111914304,45.3604128733802,11.020515971895376
224,0.9528471844721362,0.30345056111914304,45.3604477640908,11.020502253451832
225,0.9528471844721362,0.30345056111914304,45.36048519911483,11.020490461602162
226,0.9528471844721362,0.30345056111914304,45.36051584663381,11.020486709423464
227,0.9528471844721362,0.30345056111914304,45.36053360094118,11.020467223119448
228,0.9528471844721362,0.30345056111914304,45.36057091828405,11.020459060227255
229,0.9528471844721362,0.30345056111914304,45.36061412903778,11.02045171918517
230,0.9528471844721362,0.30345056111914304,45.36063511440501,11.020443181178326
231,0.9528471844721362,0.30345056111914304,45.360667733521225,11.020427472716875
232,0.9528471844721362,0.30345056111914304,45.3606999640081,11.020422904152353
233,0.9528471844721362,0.30345056111914304,45.360731191957925,11.02040748301874
234,0.9528471844721362,0.30345056111914304,45.3607524253174,11.020395340648985
235,0.9528471844721362,0.30345056111914304,45.36079520879245,11.020386915753155
236,0.9528471844721362,0.30345056111914304,45.36082434538147,11.020380405568883
237,0.9528471844721362,0.30345056111914304,45.36085237161411,11.020368923828702
238,0.9528471844721362,0.30345056111914304,45.360900699601494,11.020355642385548
239,0.9528471844721362,0.30345056111914304,45.36092067094332,11.02035741290309
240,0.9528471844721362,0.30345056111914304,45.36095884369669,11.020336657725538
241,0.9528471844721362,0.30345056111914304,45.36097630893512,11.020323730138916
242,0.9528471844721362,0.30345056111914304,45.36101542635446,11.020322639511503
243,0.9528471844721362,0.30345056111914304,45.36104706417071,11.02030793774677
244,0.9528471844721362,0.30345056111914304,45.36107763282349,11.02029390043832
245,0.9528471844721362,0.30345056111914304,45.36111473923365,11.020283444458023
246,0.9528471844721362,0.30345056111914304,45.36113453847418,11.020273498634918
247,0.9528471844721362,0.30345056111914304,45.36116321248057,11.020271255439601
248,0.9528471844721362,0.30345056111914304,45.36120441179406,11.020262983228568
249,0.9528471844721362,0.30345056111914304,45.361232774237926,11.020243372151782
250,0.9528471844721362,0.30345056111914304,45.361263521957056,11.020243667244786
251,0.9528471844721362,0.30345056111914304,45.3612902154203,11.020237639686556
252,0.9528471844721362,0.30345056111914304,45.361319013322245,11.02022349484667
253,0.9528471844721362,0.30345056111914304,45.36135852307984,11.02021064701699
254,0.9528471844721362,0.30345056111914304,45.36138916323057,11.020200444868351
255,0.9528471844721362,0.30345056111914304,45.36143270166886,11.020188804590964
256,0.9528471844721362,0.30345056111914304,45.36144933637621,11.020179761009963
257,0.9528471844721362,0.30345056111914304,45.36148905280334,11.020158793854678
258,0.9528471844721362,0.30345056111914304,45.361515416928846,11.02015657652485
259,0.9528471844721362,0.30345056111914304,45.361543127391684,11.02014623695811
260,0.9528471844721362,0.30345056111914304,45.36158373616073,11.020137692671323
261,0.9528471844721362,0.30345056111914304,45.361610733779045,11.020132022165367
262,0.9528471844721362,0.30345056111914304,45.361643433336916,11.02011633321232
263,0.9528471844721362,0.30345056111914304,45.361663623206375,11.020104339474939
264,0.9528471844721362,0.30345056111914304,45.361705932938655,11.020107378838686
265,0.9528471844721362,0.30345056111914304,45.36173580147891,11.020088892585845
266,0.9528471844721362,0.30345056111914304,45.36177510858453,11.020074894817059
267,0.9528471844721362,0.30345056111914304,45.361792259042886,11.020067247015401
268,0.9528471844721362,0.30345056111914304,45.3618355791247,11.020070799964449
269,0.9528471844721362,0.30345056111914304,45.361857780171796,11.020044810044181
270,0.9528471844721362,0.30345056111914304,45.361891400184,11.02003656228372
271,0.9528471844721362,0.30345056111914304,45.36193494607818,11.020030423381806
272,0.9528471844721362,0.30345056111914304,45.36195653802284,11.020018287446014
273,0.9528471844721362,0.30345056111914304,45.36198893410435,11.020000805666353
274,0.9528471844721362,0.30345056111914304,45.36202179333671,11.019996490058768
275,0.9528471844721362,0.30345056111914304,45.36206199869783,11.01998807160649
276,0.9528471844721362,0.30345056111914304,45.36207692891806,11.019982874623535
277,0.9528471844721362,0.30345056111914304,45.36210289763988,11.019970839199315
278,0.9528471844721362,0.30345056111914304,45.362155597260504,11.019959876615953
279,0.9528471844721362,0.30345056111914304,45.36217617651152,11.01995290128145
280,0.9528471844721362,0.30345056111914304,45.36221003045448,11.019935308562754
281,0.9528471844721362,0.30345056111914304,45.36224234468434,11.019928130411348
282,0.9528471844721362,0.30345056111914304,45.36227073,11.01991931
283,0.2108778085845649,0.9775124295100148,45.36227137642514,11.019917505248095
284,0.2108778085845649,0.9775124295100148,45.36226410366054,11.01992228062444
285,0.2108778085845649,0.9775124295100148,45.362276672029566,11.01992909643379
286,0.2108778085845649,0.9775124295100148,45.362275299075996,11.019932019564106
287,0.2108778085845649,0.9775124295100148,45.362273931492474,11.019944372752061
288,0.2108778085845649,0.9775124295100148,45.36228090450896,11.019943200146988
289,0.2108778085845649,0.9775124295100148,45.36227923040984,11.019940416123761
290,0.2108778085845649,0.9775124295100148,45.36227127998593,11.019953344015482
291,0.2108778085845649,0.9775124295100148,45.362276534819685,11.019954583250277
292,0.2108778085845649,0.9775124295100148,45.362278443615516,11.019957563493106
293,0.2108778085845649,0.9775124295100148,45.362287939937204,11.019965755399674
294,0.2108778085845649,0.9775124295100148,45.36227354354759,11.019956839980871
295,0.2108778085845649,0.9775124295100148,45.3622771023472,11.019961507892695
296,0.2108778085845649,0.9775124295100148,45.362281329835476,11.019971649666115
297,0.2108778085845649,0.9775124295100148,45.36228445997289,11.019981083691203
298,0.2108778085845649,0.9775124295100148,45.36228837067348,11.019984512024788
299,0.2108778085845649,0.9775124295100148,45.362277525485496,11.019981843095914
300,0.2108778085845649,0.9775124295100148,45.36228557,11.0199881
301,-0.9544055299292257,0.29851312272748404,45.36226021059418,11.019997430297654
302,-0.9544055299292257,0.29851312272748404,45.36223203179411,11.020007571138384
303,-0.9544055299292257,0.29851312272748404,45.36218710234859,11.020025153944632
304,-0.9544055299292257,0.29851312272748404,45.36216190778943,11.020029133014507
305,-0.9544055299292257,0.29851312272748404,45.36212910952844,11.020029800909834
306,-0.9544055299292257,0.29851312272748404,45.36209549807225,11.020040423361026
307,-0.9544055299292257,0.29851312272748404,45.36206559306656,11.020057840376085
308,-0.9544055299292257,0.29851312272748404,45.3620346055444,11.020065312975781
309,-0.9544055299292257,0.29851312272748404,45.36200903265933,11.020068491469216
310,-0.9544055299292257,0.29851312272748404,45.36198216895871,11.0200771264985
311,-0.9544055299292257,0.29851312272748404,45.36195143184483,11.020094267346677
312,-0.9544055299292257,0.29851312272748404,45.361917260455186,11.020101610165995
313,-0.9544055299292257,0.29851312272748404,45.3618770578735,11.020112349210835
314,-0.9544055299292257,0.29851312272748404,45.361845033807974,11.020126997992552
315,-0.9544055299292257,0.29851312272748404,45.361817620646455,11.020126877881387
316,-0.9544055299292257,0.29851312272748404,45.361781329054345,11.020157406243237
317,-0.9544055299292257,0.29851312272748404,45.36175601616947,11.020150740076465
318,-0.9544055299292257,0.29851312272748404,45.361719945990465,11.020163773141032
319,-0.9544055299292257,0.29851312272748404,45.36170013200193,11.02016973410451
320,-0.9544055299292257,0.29851312272748404,45.36166617321545,11.020189996632354
321,-0.9544055299292257,0.29851312272748404,45.36163193440209,11.020191629606588
322,-0.9544055299292257,0.29851312272748404,45.3615995066395,11.020197687122312
323,-0.9544055299292257,0.29851312272748404,45.36156407660901,11.020216104542303
324,-0.9544055299292257,0.29851312272748404,45.361532356520755,11.020216585465858
325,-0.9544055299292257,0.29851312272748404,45.36149941925731,11.020230279835172
326,-0.9544055299292257,0.29851312272748404,45.36147918182862,11.020238922896548
327,-0.9544055299292257,0.29851312272748404,45.361443479166816,11.020251232022897
328,-0.9544055299292257,0.29851312272748404,45.36140843410062,11.02026043579253
329,-0.9544055299292257,0.29851312272748404,45.36137802766847,11.020266105329558
330,-0.9544055299292257,0.29851312272748404,45.36135501421325,11.02027144970426
331,-0.9544055299292257,0.29851312272748404,45.36131749975313,11.020285173072033
332,-0.9544055299292257,0.29851312272748404,45.36129368643977,11.020307268825542
333,-0.9544055299292257,0.29851312272748404,45.36125418544345,11.020312871927269
334,-0.9544055299292257,0.29851312272748404,45.36122733402405,11.020316647815562
335,-0.9544055299292257,0.29851312272748404,45.36120151366106,11.020343752224987
336,-0.9544055299292257,0.29851312272748404,45.361164385775666,11.020336675438884
337,-0.9544055299292257,0.29851312272748404,45.36112985900157,11.020340136823842
338,-0.9544055299292257,0.29851312272748404,45.3611040778359,11.020358398932176
339,-0.9544055299292257,0.29851312272748404,45.361072584490486,11.020359149768483
340,-0.9544055299292257,0.29851312272748404,45.361039109676334,11.020374032646133
341,-0.9544055299292257,0.29851312272748404,45.36100490992038,11.020400580047184
342,-0.9544055299292257,0.29851312272748404,45.36097180208631,11.020396828191977
343,-0.9544055299292257,0.29851312272748404,45.3609530430985,11.020408355462893
344,-0.9544055299292257,0.29851312272748404,45.36091757293533,11.020414671808174
345,-0.9544055299292257,0.29851312272748404,45.360880441549384,11.020431980823167
346,-0.9544055299292257,0.29851312272748404,45.36086265619581,11.020437949982442
347,-0.9544055299292257,0.29851312272748404,45.36080947802642,11.0204433492675
348,-0.9544055299292257,0.29851312272748404,45.36079100186854,11.020454447094474
349,-0.9544055299292257,0.29851312272748404,45.36075993273646,11.020463308014403
350,-0.9544055299292257,0.29851312272748404,45.36072212949132,11.020470271878164
351,-0.9544055299292257,0.29851312272748404,45.36069764670973,11.020493085309464
352,-0.9544055299292257,0.29851312272748404,45.36066463677155,11.020488422578502
353,-0.9544055299292257,0.29851312272748404,45.36063402456239,11.020505359311176
354,-0.9544055299292257,0.29851312272748404,45.36059848020246,11.02051360839884
355,-0.9544055299292257,0.29851312272748404,45.36057316902248,11.02051881598237
356,-0.9544055299292257,0.29851312272748404,45.360540641517346,11.020534853464737
357,-0.9544055299292257,0.29851312272748404,45.360509095656006,11.020556208221947
358,-0.9544055299292257,0.29851312272748404,45.360474068850905,11.020549370360035
359,-0.9544055299292257,0.29851312272748404,45.36043727213139,11.02055652622106
360,-0.9544055299292257,0.29851312272748404,45.360419509127496,11.020574067496153
361,-0.9544055299292257,0.29851312272748404,45.36039262876269,11.02058026485539
362,-0.9544055299292257,0.29851312272748404,45.36035405245395,11.02059977931907
363,-0.9544055299292257,0.29851312272748404,45.360326466109484,11.020601033079226
364,-0.9544055299292257,0.29851312272748404,45.360296275321964,11.020610942779662
365,-0.9544055299292257,0.29851312272748404,45.360257563519944,11.020622583628134
366,-0.9544055299292257,0.29851312272748404,45.36022937258533,11.020631558053203
367,-0.9544055299292257,0.29851312272748404,45.36020452601507,11.020640527163119
368,-0.9544055299292257,0.29851312272748404,45.36016487691964,11.020656304435995
369,-0.9544055299292257,0.29851312272748404,45.360133691981865,11.020657165732267
370,-0.9544055299292257,0.29851312272748404,45.360102739883395,11.0206718126105
371,-0.9544055299292257,0.29851312272748404,45.36006848537677,11.020677456444236
372,-0.9544055299292257,0.29851312272748404,45.36004444481243,11.020692862492709
373,-0.9544055299292257,0.29851312272748404,45.360006635481476,11.020691608621219
374,-0.9544055299292257,0.29851312272748404,45.359977342463594,11.020711852595163
375,-0.9544055299292257,0.29851312272748404,45.35994767256468,11.020723915442497
376,-0.9544055299292257,0.29851312272748404,45.35991693653081,11.020729029857273
377,-0.9544055299292257,0.29851312272748404,45.359888293112,11.020739075721819
378,-0.9544055299292257,0.29851312272748404,45.359856621818466,11.020745421244362
379,-0.9544055299292257,0.29851312272748404,45.359830166604425,11.02075608173347
380,-0.9544055299292257,0.29851312272748404,45.3597963064471,11.02077742618542
381,-0.9544055299292257,0.29851312272748404,45.35975334694276,11.0207751828966
382,-0.9544055299292257,0.29851312272748404,45.359728956407295,11.020795557851354
383,-0.9544055299292257,0.29851312272748404,45.35970006,11.02079678
384,0.18563850809759755,0.9826181070544641,45.3596970439323,11.020805504717654
385,0.18563850809759755,0.9826181070544641,45.35970366809038,11.020805013355242
386,0.18563850809759755,0.9826181070544641,45.35969887196816,11.020810114075502
387,0.18563850809759755,0.9826181070544641,45.35970692452986,11.020822097798614
388,0.18563850809759755,0.9826181070544641,45.359705449437136,11.020825810811559
389,0.18563850809759755,0.9826181070544641,45.35970183527896,11.020839626335858
390,0.18563850809759755,0.9826181070544641,45.35970759949295,11.020826187051345
391,0.18563850809759755,0.9826181070544641,45.35970558394843,11.020837455530591
392,0.18563850809759755,0.9826181070544641,45.35970325368525,11.020841166215432
393,0.18563850809759755,0.9826181070544641,45.35970970710362,11.020839362782507
394,0.18563850809759755,0.9826181070544641,45.3597076346776,11.020843996842498
395,0.18563850809759755,0.9826181070544641,45.35971698855001,11.020859148887817
396,0.18563850809759755,0.9826181070544641,45.35970951003941,11.020856261493243
397,0.18563850809759755,0.9826181070544641,45.359713280576806,11.020864374007992
398,0.18563850809759755,0.9826181070544641,45.35970514970081,11.020872276179254
399,0.18563850809759755,0.9826181070544641,45.35971575,11.02087983
400,0.9539872079080639,0.29984730638739515,45.35974791763954,11.02086627420867
401,0.9539872079080639,0.29984730638739515,45.35978014954191,11.020863927759809
402,0.9539872079080639,0.29984730638739515,45.359818998665375,11.020847198818862
403,0.9539872079080639,0.29984730638739515,45.359839194896516,11.020841339125209
404,0.9539872079080639,0.29984730638739515,45.35987998606466,11.020836287827409
405,0.9539872079080639,0.29984730638739515,45.35992534932161,11.020822084203944
406,0.9539872079080639,0.29984730638739515,45.3599466125489,11.020805466644616
407,0.9539872079080639,0.29984730638739515,45.35998914067725,11.020797712091586
408,0.9539872079080639,0.29984730638739515,45.36000656157679,11.02078775205147
409,0.9539872079080639,0.29984730638739515,45.360050213206975,11.020773160251547
410,0.9539872079080639,0.29984730638739515,45.36009519511896,11.020770750928794
411,0.9539872079080639,0.29984730638739515,45.36012017450699,11.020752681518141
412,0.9539872079080639,0.29984730638739515,45.36015151087104,11.020739568854873
413,0.9539872079080639,0.29984730638739515,45.36019161733008,11.020737879309578
414,0.9539872079080639,0.29984730638739515,45.36021457779945,11.020730199910702
415,0.9539872079080639,0.29984730638739515,45.36024091192016,11.02071048868411
416,0.9539872079080639,0.29984730638739515,45.36027220911455,11.02070994377592
417,0.9539872079080639,0.29984730638739515,45.360307915600295,11.020685643791658
418,0.9539872079080639,0.29984730638739515,45.360346744046254,11.02068154211676
419,0.9539872079080639,0.29984730638739515,45.36037551448106,11.02067691545162
420,0.9539872079080639,0.29984730638739515,45.36041659394878,11.020651517951316
421,0.9539872079080639,0.29984730638739515,45.36044183933167,11.020651400587845
422,0.9539872079080639,0.29984730638739515,45.360475771662706,11.020636110199563
423,0.9539872079080639,0.29984730638739515,45.36052364203693,11.020632589771997
424,0.9539872079080639,0.29984730638739515,45.36054753097478,11.02061920603417
425,0.9539872079080639,0.29984730638739515,45.36058188910793,11.020601102534448
426,0.9539872079080639,0.29984730638739515,45.36060475419157,11.020604459116246
427,0.9539872079080639,0.29984730638739515,45.36064770559943,11.020586048445185
428,0.9539872079080639,0.29984730638739515,45.36068344141269,11.020576432271737
429,0.9539872079080639,0.29984730638739515,45.36071571450487,11.02056287308239
430,0.9539872079080639,0.29984730638739515,45.3607391489146,11.020557280847655
431,0.9539872079080639,0.29984730638739515,45.36077844988944,11.020541753052179
432,0.9539872079080639,0.29984730638739515,45.36081460170482,11.020529316697164
433,0.9539872079080639,0.29984730638739515,45.360837223188526,11.020518090130874
434,0.9539872079080639,0.29984730638739515,45.36087577760817,11.020517216924564
435,0.9539872079080639,0.29984730638739515,45.36090860008519,11.020505105011013
436,0.9539872079080639,0.29984730638739515,45.36094245145111,11.020498316833567
437,0.9539872079080639,0.29984730638739515,45.36097354100585,11.020480324610121
438,0.9539872079080639,0.29984730638739515,45.361012630551976,11.020477176882286
439,0.9539872079080639,0.29984730638739515,45.36103651982798,11.020464837304292
440,0.9539872079080639,0.29984730638739515,45.36107906551198,11.02046077362624
441,0.9539872079080639,0.29984730638739515,45.361111999409204,11.02044185474184
442,0.9539872079080639,0.29984730638739515,45.36113977902357,11.02042043954026
443,0.9539872079080639,0.29984730638739515,45.361175954467114,11.02041400327138
444,0.9539872079080639,0.29984730638739515,45.361209797267044,11.020401204659914
445,0.9539872079080639,0.29984730638739515,45.3612404052708,11.020402279280583
446,0.9539872079080639,0.29984730638739515,45.361277412637804,11.020391961043202
447,0.9539872079080639,0.29984730638739515,45.36131223486696,11.020382022134912
448,0.9539872079080639,0.29984730638739515,45.36133698711641,11.020365975565445
449,0.9539872079080639,0.29984730638739515,45.36136387989387,11.020360169170692
450,0.9539872079080639,0.29984730638739515,45.36140420106866,11.020343047355771
451,0.9539872079080639,0.29984730638739515,45.36144241477085,11.020342130857307
452,0.9539872079080639,0.29984730638739515,45.36146487867003,11.02032849389981
453,0.9539872079080639,0.29984730638739515,45.361507695838284,11.020319373567828
454,0.9539872079080639,0.29984730638739515,45.36154233651145,11.020307048223286
455,0.9539872079080639,0.29984730638739515,45.361576355184546,11.02029357584531
456,0.9539872079080639,0.29984730638739515,45.36160059522896,11.02028117156877
457,0.9539872079080639,0.29984730638739515,45.36164082170978,11.020278921382092
458,0.9539872079080639,0.29984730638739515,45.361672984439814,11.020260137177461
459,0.9539872079080639,0.29984730638739515,45.361706120147865,11.020247228794636
460,0.9539872079080639,0.29984730638739515,45.3617301842551,11.02023633735659
461,0.9539872079080639,0.29984730638739515,45.36176200366601,11.020229362168132
462,0.9539872079080639,0.29984730638739515,45.36180478573766,11.02022161827886
463,0.9539872079080639,0.29984730638739515,45.36184310710541,11.020211625496687
464,0.9539872079080639,0.29984730638739515,45.36186845020907,11.020200552321151
465,0.9539872079080639,0.29984730638739515,45.36190729669229,11.020193482406551
466,0.9539872079080639,0.29984730638739515,45.36193647803663,11.020175377981186
467,0.9539872079080639,0.29984730638739515,45.36196641192819,11.020176411419973
468,0.9539872079080639,0.29984730638739515,45.362014076103456,11.020167147684491
469,0.9539872079080639,0.29984730638739515,45.362033121186634,11.020154388783633
470,0.9539872079080639,0.29984730638739515,45.36206966259232,11.020137915716946
471,0.9539872079080639,0.29984730638739515,45.36210827061297,11.020129907310281
472,0.9539872079080639,0.29984730638739515,45.36213429296649,11.020121714965203
473,0.9539872079080639,0.29984730638739515,45.362173690414984,11.020103830051696
474,0.9539872079080639,0.29984730638739515,45.36221251084569,11.020097735561093
475,0.9539872079080639,0.29984730638739515,45.36224211626322,11.0200873215562
476,0.9539872079080639,0.29984730638739515,45.36227173130308,11.020066122909338
477,0.9539872079080639,0.29984730638739515,45.36230304,11.02006662
478,0.05017981546841942,0.9987401995111418,45.36230201862254,11.020063756276313
479,0.05017981546841942,0.9987401995111418,45.36230149228327,11.020073044976245
480,0.05017981546841942,0.9987401995111418,45.362313204950105,11.020074685056729
481,0.05017981546841942,0.9987401995111418,45.36230104762769,11.020070266472656
482,0.05017981546841942,0.9987401995111418,45.3623036402668,11.020084106908962
483,0.05017981546841942,0.9987401995111418,45.36230875453023,11.020082767394372
484,0.05017981546841942,0.9987401995111418,45.36229714761143,11.020090199794229
485,0.05017981546841942,0.9987401995111418,45.362307717994135,11.0200999962996
486,0.05017981546841942,0.9987401995111418,45.36230176144115,11.0200894376697
487,0.05017981546841942,0.9987401995111418,45.36230364989763,11.02009906612994
488,0.05017981546841942,0.9987401995111418,45.362311230546474,11.02009222002753
489,0.05017981546841942,0.9987401995111418,45.36230277990916,11.020099989200475
490,0.05017981546841942,0.9987401995111418,45.362304020789395,11.020105103265628
491,0.05017981546841942,0.9987401995111418,45.36229510162049,11.0201065518029
492,0.05017981546841942,0.9987401995111418,45.362307525545006,11.020108399347796
493,0.05017981546841942,0.9987401995111418,45.36231184992831,11.020115857190246
494,0.05017981546841942,0.9987401995111418,45.362314417179896,11.020115644966678
495,0.05017981546841942,0.9987401995111418,45.36230125517838,11.020111818505793
496,0.05017981546841942,0.9987401995111418,45.36230372847407,11.020117160165679
497,0.05017981546841942,0.9987401995111418,45.36230583,11.02012215
498,-0.9547295369557065,0.2974752279843521,45.36227853274073,11.02013039151664
499,-0.9547295369557065,0.2974752279843521,45.362253546671504,11.020141694964456
500,-0.9547295369557065,0.2974752279843521,45.36221784233713,11.020158004230545
501,-0.9547295369557065,0.2974752279843521,45.36219184393412,11.020152656605813
502,-0.9547295369557065,0.2974752279843521,45.36215931681387,11.020167026118141
503,-0.9547295369557065,0.2974752279843521,45.362127167371554,11.020174129283674
504,-0.9547295369557065,0.2974752279843521,45.36210013243045,11.020187410730436
505,-0.9547295369557065,0.2974752279843521,45.36206090839346,11.02019768926957
506,-0.9547295369557065,0.2974752279843521,45.36203644918059,11.020206170385503
507,-0.9547295369557065,0.2974752279843521,45.36200788392411,11.020212388692366
508,-0.9547295369557065,0.2974752279843521,45.361968876766895,11.020225801304665
509,-0.9547295369557065,0.2974752279843521,45.36193342409366,11.020241896890083
510,-0.9547295369557065,0.2974752279843521,45.36191045874224,11.020244844312693
511,-0.9547295369557065,0.2974752279843521,45.361875998512524,11.020254230704762
512,-0.9547295369557065,0.2974752279843521,45.361846554992745,11.020261791157308
513,-0.9547295369557065,0.2974752279843521,45.361824118337,11.020265234528786
514,-0.9547295369557065,0.2974752279843521,45.36178474285306,11.020280692716778
515,-0.9547295369557065,0.2974752279843521,45.36176688082931,11.020300481961508
516,-0.9547295369557065,0.2974752279843521,45.36173228190342,11.020292111949912
517,-0.9547295369557065,0.2974752279843521,45.3616979691034,11.020315970449092
518,-0.9547295369557065,0.2974752279843521,45.36167693401496,11.020318001042535
519,-0.9547295369557065,0.2974752279843521,45.361645749342614,11.020329027282203
520,-0.9547295369557065,0.2974752279843521,45.36160634644372,11.020329203787163
521,-0.9547295369557065,0.2974752279843521,45.36157989702011,11.020345128735867
522,-0.9547295369557065,0.2974752279843521,45.36155363658759,11.020357790268566
523,-0.9547295369557065,0.2974752279843521,45.36151909632806,11.020365856001801
524,-0.9547295369557065,0.2974752279843521,45.36149364856777,11.020369774392487
525,-0.9547295369557065,0.2974752279843521,45.36145893462654,11.02039449505376
526,-0.9547295369557065,0.2974752279843521,45.361429717140645,11.020398538808088
527,-0.9547295369557065,0.2974752279843521,45.36139836596462,11.020409738095822
528,-0.9547295369557065,0.2974752279843521,45.36136700029618,11.020423539293981
529,-0.9547295369557065,0.2974752279843521,45.36134192106491,11.020423575242813
530,-0.9547295369557065,0.2974752279843521,45.36131084897397,11.020430769129733
531,-0.9547295369557065,0.2974752279843521,45.3612806054452,11.020445480301769
532,-0.9547295369557065,0.2974752279843521,45.36124856577299,11.020449299533459
533,-0.9547295369557065,0.2974752279843521,45.36122044655966,11.020451986067176
534,-0.9547295369557065,0.2974752279843521,45.361186383127055,11.020475645795717
535,-0.9547295369557065,0.2974752279843521,45.36115907310742,11.020484915559122
536,-0.9547295369557065,0.2974752279843521,45.36112259240196,11.020492158619907
537,-0.9547295369557065,0.2974752279843521,45.361100111107596,11.020498686334003
538,-0.9547295369557065,0.2974752279843521,45.36106530830655,11.02050761445135
539,-0.9547295369557065,0.2974752279843521,45.36104293077969,11.020518946137985
540,-0.9547295369557065,0.2974752279843521,45.36100462688603,11.020523065571284
541,-0.9547295369557065,0.2974752279843521,45.36098533297001,11.020528351506922
542,-0.9547295369557065,0.2974752279843521,45.360947778482846,11.020546665595367
543,-0.9547295369557065,0.2974752279843521,45.36092017317962,11.020553913133503
544,-0.9547295369557065,0.2974752279843521,45.36088911529163,11.02056439011436
545,-0.9547295369557065,0.2974752279843521,45.36085650509116,11.020579892289486
546,-0.9547295369557065,0.2974752279843521,45.36083550158555,11.020575623908787
547,-0.9547295369557065,0.2974752279843521,45.360794862941496,11.020591903834234
548,-0.9547295369557065,0.2974752279843521,45.36076559798619,11.020595100972125
549,-0.9547295369557065,0.2974752279843521,45.36073605171428,11.020614736498567
550,-0.9547295369557065,0.2974752279843521,45.36069741388391,11.020621265329025
551,-0.9547295369557065,0.2974752279843521,45.36067755128803,11.020631134891488
552,-0.9547295369557065,0.2974752279843521,45.36063966992896,11.02063989452018
553,-0.9547295369557065,0.2974752279843521,45.36061932146268,11.020648501575364
554,-0.9547295369557065,0.2974752279843521,45.36058506494611,11.020666136860813
555,-0.9547295369557065,0.2974752279843521,45.3605590695566,11.020666846551272
556,-0.9547295369557065,0.2974752279843521,45.360525196292656,11.020679399673742
557,-0.9547295369557065,0.2974752279843521,45.360491427204046,11.020686953365317
558,-0.9547295369557065,0.2974752279843521,45.36046814020502,11.02070063035081
559,-0.9547295369557065,0.2974752279843521,45.36044127951398,11.02070630768548
560,-0.9547295369557065,0.2974752279843521,45.36040498003179,11.020715887557966
561,-0.9547295369557065,0.2974752279843521,45.360378416485986,11.020726889426035
562,-0.9547295369557065,0.2974752279843521,45.360348592485124,11.020744887214011
563,-0.9547295369557065,0.2974752279843521,45.360307451478214,11.020744610568059
564,-0.9547295369557065,0.2974752279843521,45.360283776818804,11.020747358046416
565,-0.9547295369557065,0.2974752279843521,45.36026039049918,11.020757928884079
566,-0.9547295369557065,0.2974752279843521,45.3602233145645,11.02077571026226
567,-0.9547295369557065,0.2974752279843521,45.360196313707696,11.020790703574363
568,-0.9547295369557065,0.2974752279843521,45.36016221270974,11.02078339291867
569,-0.9547295369557065,0.2974752279843521,45.360132251321346,11.020801557710922
570,-0.9547295369557065,0.2974752279843521,45.360110617498435,11.020813019416403
571,-0.9547295369557065,0.2974752279843521,45.3600714556773,11.020817989331448
572,-0.9547295369557065,0.2974752279843521,45.360042864256,11.020831805094055
573,-0.9547295369557065,0.2974752279843521,45.36002240017784,11.020841902009975
574,-0.9547295369557065,0.2974752279843521,45.359982381566226,11.020844583528108
575,-0.9547295369557065,0.2974752279843521,45.359958904096366,11.020860609626778
576,-0.9547295369557065,0.2974752279843521,45.35992793280453,11.020867342125833
577,-0.9547295369557065,0.2974752279843521,45.35989882313498,11.020878482312357
578,-0.9547295369557065,0.2974752279843521,45.359865294095755,11.020877255431927
579,-0.9547295369557065,0.2974752279843521,45.3598242976374,11.020890395999347
580,-0.9547295369557065,0.2974752279843521,45.35981344467976,11.02090197648808
581,-0.9547295369557065,0.2974752279843521,45.35978060873295,11.020911942834447
582,-0.9547295369557065,0.2974752279843521,45.359744082177755,11.020923033655396
583,-0.9547295369557065,0.2974752279843521,45.35971167,11.02093044
584,0.158371280329442,0.9873796319384015,45.35971029753217,11.020929429755979
585,0.158371280329442,0.9873796319384015,45.35970585070528,11.020944336413079
586,0.158371280329442,0.9873796319384015,45.35970703291833,11.02093818776302
587,0.158371280329442,0.9873796319384015,45.359707102590505,11.020949991468214
588,0.158371280329442,0.9873796319384015,45.359704121438284,11.020945449440799
589,0.158371280329442,0.9873796319384015,45.359723900821955,11.020954109189578
590,0.158371280329442,0.9873796319384015,45.359716852461666,11.020942808865357
591,0.158371280329442,0.9873796319384015,45.35971593996996,11.020969379756615
592,0.158371280329442,0.9873796319384015,45.35972029900449,11.020955094575388
593,0.158371280329442,0.9873796319384015,45.359719341997305,11.02097659952812
594,0.158371280329442,0.9873796319384015,45.35971973166272,11.020972630978587
595,0.158371280329442,0.9873796319384015,45.3597245601142,11.020969606954164
596,0.158371280329442,0.9873796319384015,45.35972236325426,11.020981912694573
597,0.158371280329442,0.9873796319384015,45.359716620194476,11.020986298194991
598,0.158371280329442,0.9873796319384015,45.3597237120172,11.020998707911012
599,0.158371280329442,0.9873796319384015,45.359726683453246,11.020995361468614
600,0.158371280329442,0.9873796319384015,45.359719219341535,11.020988851153424
601,0.158371280329442,0.9873796319384015,45.359719740002454,11.021002119113168
602,0.158371280329442,0.9873796319384015,45.35972405879352,11.021006167182351
603,0.158371280329442,0.9873796319384015,45.35972416,11.02100831
604,0.9551369713188397,0.29616442396053255,45.35975096622535,11.021000794400683
605,0.9551369713188397,0.29616442396053255,45.359793929178956,11.020988190315148
606,0.9551369713188397,0.29616442396053255,45.359832522146434,11.020980258430006
607,0.9551369713188397,0.29616442396053255,45.35984985938703,11.020967450578606
608,0.9551369713188397,0.29616442396053255,45.35988502445265,11.020962980599348
609,0.9551369713188397,0.29616442396053255,45.35992292989112,11.020943867473566
610,0.9551369713188397,0.29616442396053255,45.35995257578498,11.020936551001514
611,0.9551369713188397,0.29616442396053255,45.359985519343184,11.020921121458263
612,0.9551369713188397,0.29616442396053255,45.36000988232093,11.02092383905394
613,0.9551369713188397,0.29616442396053255,45.36005150307622,11.020903085838432
614,0.9551369713188397,0.29616442396053255,45.36007319667488,11.020896610036987
615,0.9551369713188397,0.29616442396053255,45.36010152022385,11.02088655927953
616,0.9551369713188397,0.29616442396053255,45.36013861751336,11.020874698468823
617,0.9551369713188397,0.29616442396053255,45.3601750242715,11.020870551605814
618,0.9551369713188397,0.29616442396053255,45.360204159437075,11.020870009758747
619,0.9551369713188397,0.29616442396053255,45.36024411692082,11.020841074301748
620,0.9551369713188397,0.29616442396053255,45.36026838980562,11.02084201967301
621,0.9551369713188397,0.29616442396053255,45.36030630583076,11.020832982880266
622,0.9551369713188397,0.29616442396053255,45.36033510882831,11.020816202900253
623,0.9551369713188397,0.29616442396053255,45.36036379540103,11.02081600422102
624,0.9551369713188397,0.29616442396053255,45.36039514086725,11.020800918843673
625,0.9551369713188397,0.29616442396053255,45.36042213175506,11.020791743390868
626,0.9551369713188397,0.29616442396053255,45.3604696354825,11.020780609429938
627,0.9551369713188397,0.29616442396053255,45.36048637187381,11.020772256681335
628,0.9551369713188397,0.29616442396053255,45.36052722263252,11.020758460288675
629,0.9551369713188397,0.29616442396053255,45.36056415164431,11.02075157158926
630,0.9551369713188397,0.29616442396053255,45.3605936958678,11.020744151173279
631,0.9551369713188397,0.29616442396053255,45.36062697248864,11.02072625771789
632,0.9551369713188397,0.29616442396053255,45.36065845412769,11.02072807009545
633,0.9551369713188397,0.29616442396053255,45.360686064206185,11.020704428891438
634,0.9551369713188397,0.29616442396053255,45.36072355250069,11.020701714498335
635,0.9551369713188397,0.29616442396053255,45.360744684271694,11.020695590892688
636,0.9551369713188397,0.29616442396053255,45.36078117415552,11.020681269740614
637,0.9551369713188397,0.29616442396053255,45.36081243918443,11.020658505737961
638,0.9551369713188397,0.29616442396053255,45.3608443773409,11.020651710417875
639,0.9551369713188397,0.29616442396053255,45.36088076030622,11.020649004170535
640,0.9551369713188397,0.29616442396053255,45.36091633951639,11.020635188457923
641,0.9551369713188397,0.29616442396053255,45.36094717045654,11.020627394216845
642,0.9551369713188397,0.29616442396053255,45.36097808116478,11.020621384443572
643,0.9551369713188397,0.29616442396053255,45.36100152305495,11.020617172076951
644,0.9551369713188397,0.29616442396053255,45.3610411742736,11.02059793190992
645,0.9551369713188397,0.29616442396053255,45.36106972693622,11.020588082448441
646,0.9551369713188397,0.29616442396053255,45.361105024248054,11.020583117179564
647,0.9551369713188397,0.29616442396053255,45.36113507625014,11.020561216055452
648,0.9551369713188397,0.29616442396053255,45.361165430074855,11.020556995501074
649,0.9551369713188397,0.29616442396053255,45.361199444284196,11.020551972332475
650,0.9551369713188397,0.29616442396053255,45.361227724736786,11.02054429422508
651,0.9551369713188397,0.29616442396053255,45.36128103229474,11.020538245597216
652,0.9551369713188397,0.29616442396053255,45.36129649385597,11.020520599709677
653,0.9551369713188397,0.29616442396053255,45.36132677843834,11.020510989713083
654,0.9551369713188397,0.29616442396053255,45.36135771199211,11.020504023813574
655,0.9551369713188397,0.29616442396053255,45.361394054448034,11.020483513382407
656,0.9551369713188397,0.29616442396053255,45.36142768286238,11.020482706671364
657,0.9551369713188397,0.29616442396053255,45.36146241219365,11.020476440432125
658,0.9551369713188397,0.29616442396053255,45.361487458198106,11.020460248019923
659,0.9551369713188397,0.29616442396053255,45.36152691091171,11.02045202541248
660,0.9551369713188397,0.29616442396053255,45.36155111332793,11.020435503580169
661,0.9551369713188397,0.29616442396053255,45.361580078809645,11.020430701116707
662,0.9551369713188397,0.29616442396053255,45.36161454579755,11.020421173661234
663,0.9551369713188397,0.29616442396053255,45.361648981243725,11.020416122343157
664,0.9551369713188397,0.29616442396053255,45.36169192930912,11.020393168809433
665,0.9551369713188397,0.29616442396053255,45.36172285141947,11.020391145574905
666,0.9551369713188397,0.29616442396053255,45.36174741788946,11.020384241771595
667,0.9551369713188397,0.29616442396053255,45.361776100581686,11.020367684368484
668,0.9551369713188397,0.29616442396053255,45.36182055870618,11.02035412090926
669,0.9551369713188397,0.29616442396053255,45.36184066313637,11.020350702501933
670,0.9551369713188397,0.29616442396053255,45.36187682167027,11.020340009058335
671,0.9551369713188397,0.29616442396053255,45.361905692337686,11.02032949768031
672,0.9551369713188397,0.29616442396053255,45.361934580317126,11.020324047017
673,0.9551369713188397,0.29616442396053255,45.36197150995436,11.020315386702089
674,0.9551369713188397,0.29616442396053255,45.36199807166436,11.020303134250586
675,0.9551369713188397,0.29616442396053255,45.362043584986765,11.020298429858613
676,0.9551369713188397,0.29616442396053255,45.36206919117324,11.02028091488751
677,0.9551369713188397,0.29616442396053255,45.362094550069,11.020272176941154
678,0.9551369713188397,0.29616442396053255,45.36213700456866,11.020263858857216
679,0.9551369713188397,0.29616442396053255,45.362171497749145,11.02025688919588
680,0.9551369713188397,0.29616442396053255,45.36219476333252,11.020234548078001
681,0.9551369713188397,0.29616442396053255,45.362229779277236,11.020228889769848
682,0.9551369713188397,0.29616442396053255,45.36225857712978,11.020227105185068
683,0.9551369713188397,0.29616442396053255,45.362291258677416,11.020212416174065
684,0.9551369713188397,0.29616442396053255,45.36232427,11.02020208
685,0.096011835949402,0.9953801923675321,45.362326720368024,11.020197504368161
686,0.096011835949402,0.9953801923675321,45.36232565240943,11.020221471034496
687,0.096011835949402,0.9953801923675321,45.36232873315726,11.020213285640692
688,0.096011835949402,0.9953801923675321,45.3623204573998,11.02021399253739
689,0.096011835949402,0.9953801923675321,45.36232152150169,11.020213129758924
690,0.096011835949402,0.9953801923675321,45.36232608255127,11.020219390691073
691,0.096011835949402,0.9953801923675321,45.36232430754785,11.020222823597315
692,0.096011835949402,0.9953801923675321,45.36232387544375,11.020239334430336
693,0.096011835949402,0.9953801923675321,45.362324558674445,11.020235315723307
694,0.096011835949402,0.9953801923675321,45.36233016605081,11.02023159387767
695,0.096011835949402,0.9953801923675321,45.36232924078477,11.020231846256417
696,0.096011835949402,0.9953801923675321,45.36232930302984,11.020247017158471
697,0.096011835949402,0.9953801923675321,45.36232219629972,11.020238775361172
698,0.096011835949402,0.9953801923675321,45.36232648108381,11.020251557720272
699,0.096011835949402,0.9953801923675321,45.36233223970829,11.02025084032547
700,0.096011835949402,0.9953801923675321,45.36232928,11.02025402
701,-0.9517694449728636,0.30681415159025344,45.362292552619245,11.020261984609405
702,-0.9517694449728636,0.30681415159025344,45.36226229058436,11.020282753850063
703,-0.9517694449728636,0.30681415159025344,45.36223180179799,11.020289269906662
704,-0.9517694449728636,0.30681415159025344,45.36218901090183,11.020301307929948
705,-0.9517694449728636,0.30681415159025344,45.36216801050423,11.020305805011677
706,-0.9517694449728636,0.30681415159025344,45.36212289199049,11.020314949491816
707,-0.9517694449728636,0.30681415159025344,45.36210838736023,11.020327094401186
708,-0.9517694449728636,0.30681415159025344,45.362063771730185,11.020344675813094
709,-0.9517694449728636,0.30681415159025344,45.36202612026438,11.020341975725785
710,-0.9517694449728636,0.30681415159025344,45.36199086317445,11.020366359693385
711,-0.9517694449728636,0.30681415159025344,45.36196499860085,11.020371701157114
712,-0.9517694449728636,0.30681415159025344,45.3619263966571,11.020395324645818
713,-0.9517694449728636,0.30681415159025344,45.36189711023386,11.020392371472827
714,-0.9517694449728636,0.30681415159025344,45.36186774838194,11.020409023024047
715,-0.9517694449728636,0.30681415159025344,45.36182801645111,11.020414681800547
716,-0.9517694449728636,0.30681415159025344,45.36180616331244,11.020432304245688
717,-0.9517694449728636,0.30681415159025344,45.361761305203125,11.020440134290249
718,-0.9517694449728636,0.30681415159025344,45.361726447837405,11.020444693329068
719,-0.9517694449728636,0.30681415159025344,45.361693706282516,11.020459508098462
720,-0.9517694449728636,0.30681415159025344,45.361667894576186,11.020474222490641
721,-0.9517694449728636,0.30681415159025344,45.36161956451687,11.020487407799362
722,-0.9517694449728636,0.30681415159025344,45.36159618071256,11.02049255042348
723,-0.9517694449728636,0.30681415159025344,45.36156344754033,11.020502318060727
724,-0.9517694449728636,0.30681415159025344,45.3615297370157,11.020511338542075
725,-0.9517694449728636,0.30681415159025344,45.36148880350686,11.020529030969907
726,-0.9517694449728636,0.30681415159025344,45.361451282990785,11.020530173430908
727,-0.9517694449728636,0.30681415159025344,45.36142692285197,11.020546233617754
728,-0.9517694449728636,0.30681415159025344,45.36139797795559,11.020551641517555
729,-0.9517694449728636,0.30681415159025344,45.36136426311617,11.020557813506741
730,-0.9517694449728636,0.30681415159025344,45.361330067284655,11.0205804062141
731,-0.9517694449728636,0.30681415159025344,45.36128238627071,11.020587323629893
732,-0.9517694449728636,0.30681415159025344,45.36125501556201,11.020590975048489
733,-0.9517694449728636,0.30681415159025344,45.36122572259217,11.020607997569659
734,-0.9517694449728636,0.30681415159025344,45.36118324054193,11.020621121617923
735,-0.9517694449728636,0.30681415159025344,45.361146252838395,11.020640678522216
736,-0.9517694449728636,0.30681415159025344,45.36111806881569,11.020643558403297
737,-0.9517694449728636,0.30681415159025344,45.36109433429968,11.020649795015629
738,-0.9517694449728636,0.30681415159025344,45.36105434030216,11.020663416722687
739,-0.9517694449728636,0.30681415159025344,45.361011880313846,11.02067352877855
740,-0.9517694449728636,0.30681415159025344,45.36099247138046,11.020693159901137
741,-0.9517694449728636,0.30681415159025344,45.360952900368524,11.020700467510984
742,-0.9517694449728636,0.30681415159025344,45.360920312102664,11.020699455789888
743,-0.9517694449728636,0.30681415159025344,45.36088811181371,11.020716478327435
744,-0.9517694449728636,0.30681415159025344,45.360858838283505,11.020731114912012
745,-0.9517694449728636,0.30681415159025344,45.360821414585956,11.020737581970561
746,-0.9517694449728636,0.30681415159025344,45.3607829895579,11.02075211613881
747,-0.9517694449728636,0.30681415159025344,45.360752256480936,11.020767741884569
748,-0.9517694449728636,0.30681415159025344,45.360726325931815,11.020765529843146
749,-0.9517694449728636,0.30681415159025344,45.360683778899066,11.020787477322413
750,-0.9517694449728636,0.30681415159025344,45.36065098379176,11.020789851231521
751,-0.9517694449728636,0.30681415159025344,45.36061432315846,11.020801850683808
752,-0.9517694449728636,0.30681415159025344,45.36059309272402,11.02081719187768
753,-0.9517694449728636,0.30681415159025344,45.36055707751135,11.020824589356094
754,-0.9517694449728636,0.30681415159025344,45.36052240114164,11.020839730626994
755,-0.9517694449728636,0.30681415159025344,45.36048510616498,11.020849877155161
756,-0.9517694449728636,0.30681415159025344,45.36044328693749,11.0208569674927
757,-0.9517694449728636,0.30681415159025344,45.360411365820184,11.020868583129456
758,-0.9517694449728636,0.30681415159025344,45.360380057034554,11.020885365966052
759,-0.9517694449728636,0.30681415159025344,45.36035597977395,11.020895752596912
760,-0.9517694449728636,0.30681415159025344,45.36032712228834,11.020905658567157
761,-0.9517694449728636,0.30681415159025344,45.36028372331981,11.020920200365419
762,-0.9517694449728636,0.30681415159025344,45.36025220635717,11.02091633289695
763,-0.9517694449728636,0.30681415159025344,45.36022116041483,11.020934541062411
764,-0.9517694449728636,0.30681415159025344,45.36017411748009,11.020942924874747
765,-0.9517694449728636,0.30681415159025344,45.36015128532994,11.020955456409876
766,-0.9517694449728636,0.30681415159025344,45.36011790708705,11.020973274550453
767,-0.9517694449728636,0.30681415159025344,45.360080017426455,11.020975721275008
768,-0.9517694449728636,0.30681415159025344,45.360051043133446,11.020986613365846
769,-0.9517694449728636,0.30681415159025344,45.36002181818273,11.020999343098477
770,-0.9517694449728636,0.30681415159025344,45.35998482926049,11.021012602803607
771,-0.9517694449728636,0.30681415159025344,45.359951363378144,11.021022660191967
772,-0.9517694449728636,0.30681415159025344,45.359916055604295,11.021027729614344
773,-0.9517694449728636,0.30681415159025344,45.35988337942924,11.021040528305614
774,-0.9517694449728636,0.30681415159025344,45.35985857100843,11.021045711530647
775,-0.9517694449728636,0.30681415159025344,45.359830805794445,11.021056478531502
776,-0.9517694449728636,0.30681415159025344,45.35978353036689,11.021078280602703
777,-0.9517694449728636,0.30681415159025344,45.35974926,11.02108572
778,0.08350296661483732,0.9965075286050383,45.35975059550028,11.021083506652547
779,0.08350296661483732,0.9965075286050383,45.35974679082721,11.021098547383271
780,0.08350296661483732,0.9965075286050383,45.35974694764426,11.021094750247235
781,0.08350296661483732,0.9965075286050383,45.35975343792367,11.021097133726032
782,0.08350296661483732,0.9965075286050383,45.35974764267817,11.021106543423942
783,0.08350296661483732,0.9965075286050383,45.35974774804732,11.021107420083508
784,0.08350296661483732,0.9965075286050383,45.359750630339285,11.02110901190297
785,0.08350296661483732,0.9965075286050383,45.35974594650936,11.02112308102686
786,0.08350296661483732,0.9965075286050383,45.359742958534596,11.021130716610756
787,0.08350296661483732,0.9965075286050383,45.35974887700082,11.021125881546405
788,0.08350296661483732,0.9965075286050383,45.35975022901475,11.021132159223626
789,0.08350296661483732,0.9965075286050383,45.3597587602108,11.021137150106552
790,0.08350296661483732,0.9965075286050383,45.3597485708628,11.021139308148316
791,0.08350296661483732,0.9965075286050383,45.35975849270354,11.021146689321691
792,0.08350296661483732,0.9965075286050383,45.35975181505667,11.021154678511635
793,0.08350296661483732,0.9965075286050383,45.359755,11.02115422
794,0.9533506941210361,0.3018649599058138,45.35978178667776,11.021145174475981
795,0.9533506941210361,0.3018649599058138,45.359806240552295,11.021129779890988
796,0.9533506941210361,0.3018649599058138,45.359839840425934,11.021123185858363
797,0.9533506941210361,0.3018649599058138,45.359872486470145,11.02111730288225
798,0.9533506941210361,0.3018649599058138,45.35989554239986,11.021118406158784
799,0.9533506941210361,0.3018649599058138,45.35991860899603,11.021102732919731
800,0.9533506941210361,0.3018649599058138,45.359956240448646,11.02109483757406
801,0.9533506941210361,0.3018649599058138,45.35997753091274,11.021075050243335
802,0.9533506941210361,0.3018649599058138,45.360011816588084,11.021069746287305
803,0.9533506941210361,0.3018649599058138,45.360035306145335,11.021066998159569
804,0.9533506941210361,0.3018649599058138,45.36006491621555,11.021049796213408
805,0.9533506941210361,0.3018649599058138,45.360088019766565,11.021050129214936
806,0.9533506941210361,0.3018649599058138,45.36012087600841,11.021041316977238
807,0.9533506941210361,0.3018649599058138,45.36014429106702,11.02102921978429
808,0.9533506941210361,0.3018649599058138,45.36016944049337,11.02102092682147
809,0.9533506941210361,0.3018649599058138,45.36020310955411,11.021017982615284
810,0.9533506941210361,0.3018649599058138,45.36023113658438,11.021003554541714
811,0.9533506941210361,0.3018649599058138,45.36025409380001,11.020991762677312
812,0.9533506941210361,0.3018649599058138,45.36028786712834,11.02097850493927
813,0.9533506941210361,0.3018649599058138,45.36031606398201,11.02097339767634
814,0.9533506941210361,0.3018649599058138,45.360351463289796,11.02096887401808
815,0.9533506941210361,0.3018649599058138,45.36037205577446,11.02095555323912
816,0.9533506941210361,0.3018649599058138,45.36041440945264,11.02095301485755
817,0.9533506941210361,0.3018649599058138,45.3604239056554,11.02095152517712
818,0.9533506941210361,0.3018649599058138,45.360457563240885,11.020925826799377
819,0.9533506941210361,0.3018649599058138,45.36048297371276,11.020925163087048
820,0.9533506941210361,0.3018649599058138,45.36051885558624,11.020914568357334
821,0.9533506941210361,0.3018649599058138,45.36054020666289,11.02090906232698
822,0.9533506941210361,0.3018649599058138,45.36056668554182,11.02089405148399
823,0.9533506941210361,0.3018649599058138,45.36060122938264,11.020891771606655
824,0.9533506941210361,0.3018649599058138,45.36062466364543,11.020882192359018
825,0.9533506941210361,0.3018649599058138,45.360647541117594,11.020870377864032
826,0.9533506941210361,0.3018649599058138,45.36067735928635,11.020857955655664
827,0.9533506941210361,0.3018649599058138,45.360710265852475,11.020839855710467
828,0.9533506941210361,0.3018649599058138,45.36073686515993,11.020838960439255
829,0.9533506941210361,0.3018649599058138,45.360773082252265,11.02083374126276
830,0.9533506941210361,0.3018649599058138,45.36080721134682,11.020831181616911
831,0.9533506941210361,0.3018649599058138,45.36082115337851,11.020818968608673
832,0.9533506941210361,0.3018649599058138,45.360851038188834,11.020804514220531
833,0.9533506941210361,0.3018649599058138,45.360873870252654,11.020803283837056
834,0.9533506941210361,0.3018649599058138,45.360911766065996,11.020786645906611
835,0.9533506941210361,0.3018649599058138,45.36093104594332,11.020786533828552
836,0.9533506941210361,0.3018649599058138,45.36095473211098,11.020773785651233
837,0.9533506941210361,0.3018649599058138,45.36099046167063,11.020759816465496
838,0.9533506941210361,0.3018649599058138,45.36102342900366,11.020744510584006
839,0.9533506941210361,0.3018649599058138,45.36104548310407,11.020740596981957
840,0.9533506941210361,0.3018649599058138,45.361085732803396,11.020735868809464
841,0.9533506941210361,0.3018649599058138,45.361103422233704,11.02073552535055
842,0.9533506941210361,0.3018649599058138,45.36112817157218,11.020718160645439
843,0.9533506941210361,0.3018649599058138,45.36116337835111,11.0207119323846
844,0.9533506941210361,0.3018649599058138,45.36119105118594,11.02069460942515
845,0.9533506941210361,0.3018649599058138,45.36122143786504,11.020694265092352
846,0.9533506941210361,0.3018649599058138,45.361248547558084,11.020677153091691
847,0.9533506941210361,0.3018649599058138,45.361275344993544,11.020672856912995
848,0.9533506941210361,0.3018649599058138,45.36130021212652,11.020658041851746
849,0.9533506941210361,0.3018649599058138,45.36132832441723,11.020658215416567
850,0.9533506941210361,0.3018649599058138,45.3613642283962,11.020645691254392
851,0.9533506941210361,0.3018649599058138,45.36138450554362,11.020645390384804
852,0.9533506941210361,0.3018649599058138,45.36141727157628,11.020631510854333
853,0.9533506941210361,0.3018649599058138,45.36144382863177,11.020617045338268
854,0.9533506941210361,0.3018649599058138,45.361468550945965,11.020620719618346
855,0.9533506941210361,0.3018649599058138,45.36149030923306,11.020604531165317
856,0.9533506941210361,0.3018649599058138,45.36153060157789,11.020587574552271
857,0.9533506941210361,0.3018649599058138,45.36155279897117,11.020591503480325
858,0.9533506941210361,0.3018649599058138,45.36157619932629,11.02056104523964
859,0.9533506941210361,0.3018649599058138,45.361607286124965,11.020564230106743
860,0.9533506941210361,0.3018649599058138,45.3616324453228,11.02055775027072
861,0.9533506941210361,0.3018649599058138,45.36167198883937,11.020547288398411
862,0.9533506941210361,0.3018649599058138,45.36169966784706,11.020544351175754
863,0.9533506941210361,0.3018649599058138,45.361721911969525,11.020526437543491
864,0.9533506941210361,0.3018649599058138,45.36174451825214,11.020526612993049
865,0.9533506941210361,0.3018649599058138,45.36177343510057,11.020501602939815
866,0.9533506941210361,0.3018649599058138,45.36180843646322,11.020510160623639
867,0.9533506941210361,0.3018649599058138,45.36182399790143,11.02049657338537
868,0.9533506941210361,0.3018649599058138,45.361866252262644,11.020477654888351
869,0.9533506941210361,0.3018649599058138,45.36189497068525,11.020478470445873
870,0.9533506941210361,0.3018649599058138,45.36192441322381,11.02047292218331
871,0.9533506941210361,0.3018649599058138,45.36193799538382,11.02045666663529
872,0.9533506941210361,0.3018649599058138,45.36196788695668,11.020451772237475
873,0.9533506941210361,0.3018649599058138,45.362002880489186,11.0204258684816
874,0.9533506941210361,0.3018649599058138,45.36202927054336,11.02042813746675
875,0.9533506941210361,0.3018649599058138,45.36206004467323,11.02042433471239
876,0.9533506941210361,0.3018649599058138,45.36208123644489,11.020416617648875
877,0.9533506941210361,0.3018649599058138,45.36211180372426,11.020399895784319
878,0.9533506941210361,0.3018649599058138,45.36213611221525,11.020402247061048
879,0.9533506941210361,0.3018649599058138,45.36216595192311,11.020387317994084
880,0.9533506941210361,0.3018649599058138,45.36220190864746,11.020377706913463
881,0.9533506941210361,0.3018649599058138,45.362230523024856,11.020361925512718
882,0.9533506941210361,0.3018649599058138,45.36225751605348,11.020365325277833
883,0.9533506941210361,0.3018649599058138,45.362284735039296,11.020348842500649
884,0.9533506941210361,0.3018649599058138,45.36231452276866,11.020345734515155
885,0.9533506941210361,0.3018649599058138,45.36234141,11.02033527
886,0.21419411244230444,0.9767911149242982,45.36234435448914,11.020342015519994
887,0.21419411244230444,0.9767911149242982,45.36233966346802,11.020341427129466
888,0.21419411244230444,0.9767911149242982,45.36234274257444,11.020348197109616
889,0.21419411244230444,0.9767911149242982,45.36234691622816,11.020349148168895
890,0.21419411244230444,0.9767911149242982,45.36234438179571,11.020359964656778
891,0.21419411244230444,0.9767911149242982,45.362340424807826,11.020363455544624
892,0.21419411244230444,0.9767911149242982,45.36235315099612,11.020370634613867
893,0.21419411244230444,0.9767911149242982,45.362347053273524,11.020373839525824
894,0.21419411244230444,0.9767911149242982,45.36235274074115,11.02038515688153
895,0.21419411244230444,0.9767911149242982,45.3623531,11.02038858
896,-0.9554868306864682,0.2950337546531385,45.362319433780385,11.020404865920382
897,-0.9554868306864682,0.2950337546531385,45.362288291850426,11.020409204846322
898,-0.9554868306864682,0.2950337546531385,45.36224913593844,11.020423471600468
899,-0.9554868306864682,0.2950337546531385,45.362208218250586,11.020433175942198
900,-0.9554868306864682,0.2950337546531385,45.362181297515,11.020442148464674
901,-0.9554868306864682,0.2950337546531385,45.36216189697853,11.02044981730541
902,-0.9554868306864682,0.2950337546531385,45.36212417210417,11.020458347312804
903,-0.9554868306864682,0.2950337546531385,45.36208886979009,11.02047798693055
904,-0.9554868306864682,0.2950337546531385,45.362067649894755,11.020486883499128
905,-0.9554868306864682,0.2950337546531385,45.362030295145814,11.020493785902078
906,-0.9554868306864682,0.2950337546531385,45.36199021619606,11.020506267339316
907,-0.9554868306864682,0.2950337546531385,45.3619523316931,11.020515564208647
908,-0.9554868306864682,0.2950337546531385,45.36192816489402,11.020520282518863
909,-0.9554868306864682,0.2950337546531385,45.361889934438956,11.020535512407102
910,-0.9554868306864682,0.2950337546531385,45.36186452958294,11.020542048541163
911,-0.9554868306864682,0.2950337546531385,45.36182798700914,11.020554723806343
912,-0.9554868306864682,0.2950337546531385,45.36179620124604,11.020557840733497
913,-0.9554868306864682,0.2950337546531385,45.361763265373675,11.020562414470442
914,-0.9554868306864682,0.2950337546531385,45.36173763529451,11.020579221015396
915,-0.9554868306864682,0.2950337546531385,45.361697845243015,11.020599067125705
916,-0.9554868306864682,0.2950337546531385,45.361671336126435,11.020599486167601
917,-0.9554868306864682,0.2950337546531385,45.36162749781016,11.02060880343544
918,-0.9554868306864682,0.2950337546531385,45.36159307847377,11.020619088380476
919,-0.9554868306864682,0.2950337546531385,45.36155392595399,11.020633763313288
920,-0.9554868306864682,0.2950337546531385,45.36153419370315,11.020640052006874
921,-0.9554868306864682,0.2950337546531385,45.36149773849609,11.020649658662881
922,-0.9554868306864682,0.2950337546531385,45.36146536145691,11.02066244174001
923,-0.9554868306864682,0.2950337546531385,45.361439487840926,11.020670081400223
924,-0.9554868306864682,0.2950337546531385,45.36139978779039,11.020681651805846
925,-0.9554868306864682,0.2950337546531385,45.36136255730845,11.020693483002267
926,-0.9554868306864682,0.2950337546531385,45.36134049733558,11.020700757414653
927,-0.9554868306864682,0.2950337546531385,45.361301175895186,11.020715005348505
928,-0.9554868306864682,0.2950337546531385,45.36126793299963,11.020726905350719
929,-0.9554868306864682,0.2950337546531385,45.361235464822606,11.020733773701142
930,-0.9554868306864682,0.2950337546531385,45.36119831481849,11.020746439706802
931,-0.9554868306864682,0.2950337546531385,45.361169564193986,11.020749639531095
932,-0.9554868306864682,0.2950337546531385,45.36113418495593,11.02075996108034
933,-0.9554868306864682,0.2950337546531385,45.361104428446545,11.020767872612355
934,-0.9554868306864682,0.2950337546531385,45.36106662600691,11.020790284028838
935,-0.9554868306864682,0.2950337546531385,45.361036126409275,11.020796112229574
936,-0.9554868306864682,0.2950337546531385,45.361003648347655,11.020805450572961
937,-0.9554868306864682,0.2950337546531385,45.36097274004826,11.020826139729174
938,-0.9554868306864682,0.2950337546531385,45.36093580668248,11.020827671333462
939,-0.9554868306864682,0.2950337546531385,45.360905237079855,11.020828642695442
940,-0.9554868306864682,0.2950337546531385,45.360877196187744,11.020845575830766
941,-0.9554868306864682,0.2950337546531385,45.36084314892168,11.020853002126103
942,-0.9554868306864682,0.2950337546531385,45.3608150719957,11.020865347431583
943,-0.9554868306864682,0.2950337546531385,45.36077715814662,11.020876440571694
944,-0.9554868306864682,0.2950337546531385,45.36074643612144,11.020885897710311
945,-0.9554868306864682,0.2950337546531385,45.36071289860564,11.020893957180414
946,-0.9554868306864682,0.2950337546531385,45.36067499616597,11.020906832773546
947,-0.9554868306864682,0.2950337546531385,45.36064238937646,11.0209138777604
948,-0.9554868306864682,0.2950337546531385,45.36061292794468,11.020928307119773
949,-0.9554868306864682,0.2950337546531385,45.360580919712575,11.020940048767457
950,-0.9554868306864682,0.2950337546531385,45.360548719941306,11.02094698756113
951,-0.9554868306864682,0.2950337546531385,45.36051609816938,11.020959258497669
952,-0.9554868306864682,0.2950337546531385,45.36048066497054,11.02096703059492
953,-0.9554868306864682,0.2950337546531385,45.36044482074451,11.020986310332244
954,-0.9554868306864682,0.2950337546531385,45.3604130639436,11.020988977050328
955,-0.9554868306864682,0.2950337546531385,45.360383623518636,11.020996793986066
956,-0.9554868306864682,0.2950337546531385,45.36034656756886,11.021013398297399
957,-0.9554868306864682,0.2950337546531385,45.36031571737161,11.021015877093516
958,-0.9554868306864682,0.2950337546531385,45.36028173531987,11.02102779938816
959,-0.9554868306864682,0.2950337546531385,45.3602505986512,11.021038649150027
960,-0.9554868306864682,0.2950337546531385,45.36021687578,11.02104813448072
961,-0.9554868306864682,0.2950337546531385,45.360182147468294,11.021046588357157
962,-0.9554868306864682,0.2950337546531385,45.360153764993214,11.021074950232533
963,-0.9554868306864682,0.2950337546531385,45.3601255721811,11.021079954467103
964,-0.9554868306864682,0.2950337546531385,45.36008354872849,11.021097625075674
965,-0.9554868306864682,0.2950337546531385,45.36004838120575,11.021091368131305
966,-0.9554868306864682,0.2950337546531385,45.36002201197863,11.02110966886093
967,-0.9554868306864682,0.2950337546531385,45.35999226371895,11.021127112172467
968,-0.9554868306864682,0.2950337546531385,45.35995655306111,11.021124540178029
969,-0.9554868306864682,0.2950337546531385,45.35992431470698,11.021140499242282
970,-0.9554868306864682,0.2950337546531385,45.359898872594165,11.021145731783895
971,-0.9554868306864682,0.2950337546531385,45.35986093426945,11.021161935022487
972,-0.9554868306864682,0.2950337546531385,45.35982718364091,11.021166180947098
973,-0.9554868306864682,0.2950337546531385,45.359793954754075,11.02117728640314
974,-0.9554868306864682,0.2950337546531385,45.35975891,11.02118961
975,0.18848834669738865,0.9820754264104591,45.3597620126786,11.021198424890757
976,0.18848834669738865,0.9820754264104591,45.359763153641865,11.021192619079423
977,0.18848834669738865,0.9820754264104591,45.35977273620552,11.021195670805177
978,0.18848834669738865,0.9820754264104591,45.359761873125514,11.021198219540038
979,0.18848834669738865,0.9820754264104591,45.359769197229966,11.021201308343171
980,0.18848834669738865,0.9820754264104591,45.359756923432926,11.021205667419032
981,0.18848834669738865,0.9820754264104591,45.35976247407311,11.021208093715844
982,0.18848834669738865,0.9820754264104591,45.35975791178965,11.021217274379824
983,0.18848834669738865,0.9820754264104591,45.35976389930668,11.021215052147445
984,0.18848834669738865,0.9820754264104591,45.359766409945685,11.021221661282384
985,0.18848834669738865,0.9820754264104591,45.35976481695803,11.021215174293692
986,0.18848834669738865,0.9820754264104591,45.35976389234711,11.021221036099494
987,0.18848834669738865,0.9820754264104591,45.35975920128344,11.021225315650412
988,0.18848834669738865,0.9820754264104591,45.359760410285084,11.0212266124767
989,0.18848834669738865,0.9820754264104591,45.35977082769217,11.021236928701823
990,0.18848834669738865,0.9820754264104591,45.3597665470092,11.021232222669065
991,0.18848834669738865,0.9820754264104591,45.359770014641846,11.021240569710837
992,0.18848834669738865,0.9820754264104591,45.35977351453912,11.021240602077802
