,Sin,Cosin,Lat,Lon
0,0.945753078852989,-0.32488630909918625,45.35967345183475,11.020603018517694
1,0.9538538592688262,-0.30027123598168115,45.35971098066723,11.020596733847945
2,0.9514635644269559,-0.30776141013446107,45.35974373368164,11.020576950327149
3,0.9554902403783955,-0.2950227119081446,45.359764669483226,11.020571653935816
4,0.9549550811076307,-0.296750388486213,45.3598025086561,11.020555935718647
5,0.9662725171889944,-0.2575216933099899,45.35982729939247,11.020560061943833
6,0.9398754999993241,-0.3415172682325456,45.359852761680166,11.0205487411826
7,0.9551006838123445,-0.29628142665579293,45.35989771170629,11.020532012325534
8,0.9495475810539431,-0.31362300826725914,45.35992065621168,11.020530006935024
9,0.9544300278769524,-0.2984347866566493,45.35995342880916,11.020510740403086
10,0.9567515320616757,-0.29090635245321844,45.35997097705917,11.020505096808414
11,0.9534788925116233,-0.3014597842744673,45.36001301167779,11.020495548896484
12,0.9500592265158601,-0.3120696494567931,45.3600398702561,11.020485334921444
13,0.9438621260978773,-0.33033965386855196,45.3600798249877,11.020476225053761
14,0.951429779912892,-0.3078658374924147,45.36010233077327,11.020471210249175
15,0.9483986438865769,-0.3170804507914386,45.360131696891266,11.020468985756773
16,0.9504649374886137,-0.3108317914962456,45.36016382993669,11.020449548172465
17,0.9527241234889227,-0.3038367070027319,45.36019165275663,11.020443147713172
18,0.9485538511205134,-0.3166158421880416,45.36023401798605,11.020427929049164
19,0.959038903124881,-0.2832743939946303,45.36025907976952,11.020416189888065
20,0.9504585448422945,-0.31085133832150047,45.36028258673953,11.020406943126211
21,0.9534262479291216,-0.30162624182885206,45.36032279066581,11.020396050138007
22,0.949959047992231,-0.3123744662063375,45.36034899465667,11.02039328930043
23,0.9526566467139086,-0.3040482091244924,45.36037666709594,11.020376711239313
24,0.9586749521412062,-0.28450366629809165,45.360412440731004,11.020364562603474
25,0.9509490312141775,-0.30934760389053806,45.36043528924704,11.020364908133864
26,0.9638985124534967,-0.2662698963268967,45.36047526406906,11.020351806754622
27,0.9464010275635505,-0.322993955093057,45.360504260737706,11.020343117909052
28,0.9574516898452933,-0.28859359246593175,45.36053369618784,11.020344867380144
29,0.9594038175668013,-0.28203601691671903,45.360561192976654,11.020328149503058
30,0.9532210879269783,-0.30227397759533936,45.36059546178573,11.020316752433285
31,0.9639374039153283,-0.26612906893644134,45.36062322703378,11.020308314927917
32,0.9548063810088134,-0.29722848918778383,45.36065975268031,11.02029946976884
33,0.9567115782673841,-0.2910377226565847,45.36069381066428,11.020289259823972
34,0.9536097107219698,-0.30104571017830695,45.3607167534249,11.020285095067562
35,0.9551402799374829,-0.296153753379806,45.36074533861887,11.020271850925148
36,0.9489385943095962,-0.31546084421006615,45.36077665300422,11.020264210813862
37,0.9538537575837482,-0.3002715589984575,45.36080570020718,11.02024553425198
38,0.9527719900372837,-0.3036865736254965,45.3608500895808,11.020248508201597
39,0.9494645613274574,-0.3138742531385123,45.36086977274597,11.020239604954545
40,0.9514964226574217,-0.3076598083437762,45.360905367190675,11.020217846592187
41,0.948108681607147,-0.31794642294128356,45.360936378987304,11.020209915498562
42,0.961335580644283,-0.27537955876811043,45.36096140538946,11.020206614458532
43,0.9524067882026244,-0.30482996864737794,45.360994734006475,11.020198527008676
44,0.9496134306081925,-0.3134235670917866,45.36101898111863,11.020192107865471
45,0.9630264133318713,-0.2694069917896559,45.361055795058384,11.020172300304687
46,0.939179150417698,-0.34342761016070195,45.361080468982216,11.020167197455539
47,0.9526517909437073,-0.304063423008666,45.36111352279047,11.020162657153477
48,0.9491551176926458,-0.31480877141188385,45.36113751628655,11.020150111481579
49,0.9508785401781333,-0.30956421277127943,45.36117684249057,11.020137750526724
50,0.9597526676180077,-0.2808466075994475,45.361204840978054,11.020127028059187
51,0.9560810855837266,-0.2931022991875751,45.36124305646627,11.020116137327898
52,0.9474687781696934,-0.3198482677671216,45.36127051172971,11.020109329256465
53,0.9530416085393296,-0.3028393838204786,45.36131239674883,11.020090921755296
54,0.9599655866538335,-0.28011796165251746,45.36132965023408,11.02009064744337
55,0.9563265880950881,-0.29230028549833426,45.36137013640285,11.02008732611642
56,0.9516862942264778,-0.3070719742690204,45.36138900543642,11.020070023372067
57,0.9618508401761342,-0.273574416297403,45.361421090019206,11.020057006363029
58,0.9505216240099258,-0.3106584012859355,45.36145587614216,11.020052213011386
59,0.9519169228024469,-0.30635628291634615,45.361495879687496,11.020046891191255
60,0.9608337421943176,-0.2771254587021258,45.36152141340348,11.020034525691822
61,0.9603428362892646,-0.27882187286490023,45.36154462987753,11.020031361770412
62,0.9560122969317563,-0.2933265895128969,45.36157698153528,11.02001312695398
63,0.963109568111561,-0.26910956841398725,45.361607673076854,11.02000414947758
64,0.9570194041839836,-0.2900238955936789,45.36164452685531,11.019989145533923
65,0.95720861225063,-0.2893988124253848,45.36167374701237,11.019987904402475
66,0.9574927514605773,-0.2884573294275134,45.36170167650142,11.019980733526575
67,0.9556980300454844,-0.29434890074056763,45.36173263236008,11.019969608817577
68,0.951907709698485,-0.3063849085979671,45.36176456032057,11.01995748105144
69,0.9592741257095394,-0.28247681629506993,45.36178507415169,11.01994423436741
70,0.965141476136489,-0.2617287356044019,45.36183577150058,11.019943213525828
71,0.9438808421447035,-0.3302861726324694,45.36184942471419,11.019928361332186
72,0.9550183782652336,-0.296546618890931,45.36188246145012,11.01991731014491
73,0.948475913246513,-0.31684924173996853,45.36191213646763,11.019908483607658
74,0.9431544742480081,-0.33235468660147316,45.36194694009646,11.019898613455693
75,0.9506755405833361,-0.31018706700406057,45.361977311905974,11.019887837191044
76,0.961325410913885,-0.27541505828703366,45.361991925175815,11.019883962659458
77,0.9485198090611608,-0.31671781102201835,45.362035410661285,11.019874133570134
78,0.9476148531925769,-0.3194152313350305,45.36206185962625,11.019865505821748
79,0.9541387197102652,-0.299364833522002,45.362108189676185,11.01985374678552
80,0.965037402560273,-0.2621122119622082,45.36212768691153,11.019842383445988
81,0.9532926616016371,-0.302048177177858,45.3621567063592,11.019832135532038
82,0.953240719504958,-0.3022120624291325,45.36219050045416,11.019824944502442
83,0.9504317797085173,-0.3109331634292172,45.362215628788206,11.019822668426615
84,0.10947829398273538,0.9939891866346584,45.36225228177419,11.019803361896473
85,0.0965308471441953,0.9953299932934926,45.362231416916536,11.019813812431284
86,0.1432762163323361,0.9896827399896846,45.36225695282844,11.019809810551662
87,0.13126510689979531,0.9913473012575287,45.362262816170144,11.019818715342813
88,0.151330548767018,0.9884832143288389,45.362251448613335,11.019829986242637
89,0.13882933687313828,0.9903163207901629,45.36226676749563,11.01982575825606
90,0.11541098367916325,0.9933178267031192,45.362261628480645,11.019839642697361
91,0.13691916129899773,0.9905822243858301,45.36227662128217,11.019842634282119
92,0.15309756552080414,0.9882110783793122,45.362260477648036,11.019842749373518
93,-0.956276453247894,0.2924642627119226,45.362267505581286,11.019851497398129
94,-0.9593991381565491,0.282051934410085,45.362242291107705,11.019858257235207
95,-0.9473702016549114,0.32014012715736295,45.36220407425124,11.019875986145522
96,-0.9585147423152838,0.28504295950657166,45.36216944661822,11.019877138987505
97,-0.960742614930268,0.2774412151374605,45.36214361268782,11.019894918937865
98,-0.9488993852361449,0.3155787646507067,45.36211096962873,11.019895677503989
99,-0.9498900362145157,0.31258425920123695,45.36208881803149,11.019904133442973
100,-0.9431875829912354,0.33226071584096634,45.36205555174859,11.01991539705003
101,-0.961638570062117,0.2743196321244379,45.36202032311202,11.019923617669173
102,-0.9537139237679647,0.30071539969065886,45.36199190010947,11.019937741193406
103,-0.9528398659723029,0.30347354054988696,45.36195808697094,11.019948981780285
104,-0.9459505523342143,0.324310888714201,45.3619277568701,11.019958853684356
105,-0.9584204273810402,0.2853599207645397,45.36189744679635,11.019974346873338
106,-0.9538829284803106,0.3001788779275227,45.3618626313514,11.019983023978364
107,-0.9582012557181004,0.2860950078911821,45.36183853303895,11.019988000304103
108,-0.9521425649339829,0.3056542753519673,45.361810759644015,11.0199954868716
109,-0.9412665610605312,0.33766442073348707,45.36176758676832,11.020008973769253
110,-0.9604491298489891,0.27845550627042687,45.36173916097174,11.02001967890009
111,-0.9538295516121071,0.3003484417663037,45.36172612652857,11.020028145426993
112,-0.9497119102977393,0.3131250348321239,45.36168469002272,11.020035181175635
113,-0.9494243889044962,0.31399574798605795,45.361658380728734,11.020051183799616
114,-0.9540700211880353,0.29958370227744685,45.361624775206856,11.020056436276183
115,-0.9553137354124858,0.2955937532023354,45.361599532628134,11.020066966905526
116,-0.9473000093210109,0.3203477678093179,45.36156396380248,11.020072306031004
117,-0.9550797450901154,0.2963489168507288,45.361533859511724,11.020081212319806
118,-0.9514824108490958,0.3077031391532959,45.36151272964048,11.020094188513397
119,-0.9489415725259587,0.3154518852883283,45.36147556006185,11.020101805932272
120,-0.9599889782354198,0.2800377861405754,45.3614369501431,11.020118057210098
121,-0.9524636097928195,0.304652378983706,45.36140892826845,11.020124696417982
122,-0.950474496238104,0.31080256112349286,45.36137998278908,11.02013342247096
123,-0.9553252830619293,0.29555643038622026,45.36134632000964,11.020142388827136
124,-0.9536299228084977,0.30098167772184875,45.36132523720025,11.02015126633382
125,-0.9467259795336914,0.3220402454290029,45.36128098148094,11.020162940060143
126,-0.94941597653867,0.31402118319171324,45.36125006869044,11.020168575682211
127,-0.9624484038349002,0.27146467533668717,45.361218083950426,11.020178297272079
128,-0.9519956082345019,0.30611168207407685,45.36119643807715,11.02019329583364
129,-0.9521992219876451,0.30547772692313174,45.361167758318615,11.020198315527088
130,-0.9567115540205646,0.2910378023617485,45.36113723300734,11.020206224339033
131,-0.9591290081275983,0.28296916045422593,45.36110151137482,11.020228089049652
132,-0.9562931641091387,0.29240961728050613,45.361068893700065,11.02023080303229
133,-0.9512596504229917,0.3083911112161434,45.36103467187737,11.020240723411835
134,-0.9549148425312811,0.29687984693046865,45.361012551385954,11.020247880882078
135,-0.9558469769621871,0.2938648611730365,45.3609801658487,11.020262979167885
136,-0.9519839172918471,0.30614803807581353,45.36095549756102,11.020268794389462
137,-0.9568810299278017,0.29048011044529276,45.360914881798074,11.020285520900828
138,-0.9573089165749138,0.28906684044726516,45.3608837927876,11.020286939907264
139,-0.9449898008474447,0.3270997956194818,45.360850593720436,11.02029506261206
140,-0.9554435856646535,0.29517377019692975,45.360822598883665,11.020300683896725
141,-0.9562904744833136,0.2924184132582606,45.36079394633629,11.02030962614875
142,-0.9491977103690726,0.3146803245042661,45.36077252816424,11.020328373092315
143,-0.9565457722807594,0.29158221058872164,45.36073168962578,11.020339347976638
144,-0.9656171185767828,0.2599684217582425,45.360697309835054,11.020348837905026
145,-0.9518692874557207,0.30650425706429985,45.36066959329506,11.02035387911897
146,-0.9501534411885574,0.3117826778343252,45.36064687490518,11.020371744274305
147,-0.9392731528569996,0.34317043043081574,45.36060579088035,11.020380377230659
148,-0.9529639712414264,0.30308360152896746,45.360577512187156,11.020394063177061
149,-0.9533460087145679,0.3018797569695642,45.36054650051023,11.020396589032526
150,-0.9499769194589959,0.3123201122169311,45.36052905888324,11.020405502303603
151,-0.9631395957230462,0.26900208019724886,45.36049045339637,11.020412489037408
152,-0.9473163304076488,0.3202995006911287,45.36045460790805,11.020427643332114
153,-0.9585173119284677,0.2850343185187087,45.360419801392695,11.020441431498497
154,-0.9491063325765899,0.3149558214464616,45.360398093442015,11.020442863355033
155,-0.9565883971047386,0.2914423416811409,45.360362840762484,11.020453273599879
156,-0.9501346383752911,0.3118399733187758,45.360336703526905,11.020458816289977
157,-0.9466880322185216,0.3221517804610483,45.360306226149675,11.020481156971387
158,-0.9595052053405277,0.28169089606238906,45.36027108199518,11.020479651809127
159,-0.956336991438067,0.29226624643839133,45.36024857389218,11.020495277694353
160,-0.9425284740453601,0.3341258379918036,45.36021277486386,11.020502416105842
161,-0.9565034596252922,0.291720982661253,45.3601755267127,11.020516852274069
162,-0.9538888146883682,0.3001601725952662,45.360151673115126,11.020521133384987
163,-0.9606369547825556,0.2778068413594203,45.360126369969706,11.02052234392335
164,-0.9470295000339862,0.32114658034202714,45.36008632939451,11.020544117854147
165,-0.9515249834485011,0.30757146466037727,45.36005267267721,11.020548228240505
166,-0.9466151443729133,0.3223658921844069,45.36002010365522,11.020555032977713
167,-0.9518199850893821,0.3066573266440057,45.359990252111594,11.020570263563
168,-0.9565110623318391,0.29169605351601274,45.35996107305481,11.020582021659544
169,-0.954895155344337,0.29694316341669574,45.35994373619809,11.020586311767602
170,-0.9585261191959203,0.2850046996440731,45.35991123388848,11.02060460111139
171,-0.9524577859585424,0.3046705859891162,45.35986958174981,11.02060715241132
172,-0.9493287688404782,0.3142847254510181,45.35983633395163,11.02061902107521
173,-0.9525600430891452,0.30435072582467376,45.35981856332006,11.020629049456955
174,-0.9518102161066859,0.3066876464987525,45.35978149503866,11.020640458494036
175,-0.950364842715225,0.3111376957728935,45.35975374225516,11.020644365379463
176,-0.9473677625762615,0.3201473448761495,45.35973002563074,11.020651887993836
177,0.11843418494166141,0.9929619045246421,45.35968927011523,11.02066687098221
178,0.14088577306884087,0.9900258577162493,45.35969607111294,11.020676139330845
179,0.1052593123680013,0.994444808503627,45.35968865064205,11.020679227428968
180,0.12802681516811731,0.9917707066645539,45.359692345564575,11.020694062877306
181,0.10474855251082114,0.9944987384340352,45.35970073113554,11.020700901026457
182,0.09900536184026354,0.9950868998870794,45.3596908727572,11.020708921387094
183,0.15402036102012387,0.9880676739936545,45.35968949289317,11.020725587731054
184,0.15867206043427112,0.9873313411603741,45.35969714521452,11.02072480570043
185,0.11335790756098853,0.9935542183461326,45.35969400757695,11.02073993722831
