,Sin,Cosin,Lat,Lon
0,0.9497798198955619,-0.31291898906770405,45.359656032552415,11.02058910169182
1,0.9547102600117087,-0.2975370891643185,45.35969160508553,11.020581352832817
2,0.9579820615771404,-0.2868281187338716,45.35971684254437,11.020573950727995
3,0.9509599484806228,-0.3093140416885905,45.35975970581145,11.020556214208483
4,0.9469101511593134,-0.3214983135748089,45.359786072090884,11.020547481711803
5,0.9500744966429394,-0.3120231575198631,45.35982174343393,11.020535975064039
6,0.9507798710495912,-0.3098671276642986,45.359854208611104,11.020529361682524
7,0.9643334948418765,-0.2646902165287804,45.359873039012264,11.020514182994749
8,0.968558091985709,-0.2487875046078538,45.35990434923237,11.020506933874955
9,0.9562627749132754,-0.29250898330677366,45.35994689887002,11.02050247137427
10,0.9579830936216753,-0.2868246717683895,45.35997900145977,11.02048877330552
11,0.9600455159891897,-0.2798438979664385,45.360016397323996,11.020477622164096
12,0.9636943849702057,-0.2670077384213742,45.36005009334127,11.020467013156532
13,0.9585852885389069,-0.2848056259921505,45.36007735607371,11.02044973690626
14,0.9711777533820383,-0.23835639562599717,45.36009954404241,11.020439237483982
15,0.970181006923694,-0.24238154592403924,45.360130415938556,11.02042576615818
16,0.968970794148321,-0.24717524165573743,45.360167812162956,11.0204150279251
17,0.9758300321540523,-0.2185308864811134,45.360200201622284,11.02039685722216
18,0.9673928542139396,-0.2532806064739408,45.360232572251086,11.02038032530309
19,0.9641959594991912,-0.2651907835605037,45.36026097202619,11.020365924734241
20,0.9761195591875493,-0.21723398944802452,45.36028989285025,11.020349854576756
21,0.9782336141212745,-0.20750661725166608,45.36031575811536,11.020323797098184
22,0.9789294519007814,-0.20419874681602637,45.36034721112825,11.020317212828363
23,0.9797666971629411,-0.20014299670590932,45.360374614845334,11.020302244305409
24,0.9850968285771889,-0.17200069281012928,45.36040721349415,11.020274746312271
25,0.9836502980137287,-0.18008912020858656,45.36044506418247,11.020261519968392
26,0.9898409571575669,-0.1421790404152168,45.360461069574114,11.02023018514329
27,0.9825127592009969,-0.18619526848780005,45.36049182323537,11.020213454479823
28,0.9852065624424224,-0.17137102824102174,45.36053158095842,11.020188929359733
29,0.9902514314751785,-0.1392914299637989,45.3605529088639,11.02016700728816
30,0.9904514618017786,-0.13786189399076185,45.360579515448535,11.020145650435772
31,0.9881669640017529,-0.1533820434586736,45.36059884701041,11.020125652536745
32,0.9928380006260679,-0.11946842475245088,45.36062508628703,11.02009316989273
33,0.9937244694695501,-0.11185561576184354,45.360652399640834,11.020075504903659
34,0.9920889572893723,-0.12553685046426052,45.36067770032595,11.020049822856352
35,0.9942418018441821,-0.10715987805906674,45.36070768925968,11.020038850546419
36,0.9921183024456692,-0.12530472438149978,45.360738097882965,11.020011350340965
37,0.9930910215142842,-0.11734659342186055,45.360772301678495,11.019998532434544
38,0.9940598370473885,-0.10883492256311567,45.36079016392416,11.019968232658629
39,0.995287500019168,-0.09696799629565733,45.360812376613595,11.019951888781051
40,0.9962054867042309,-0.08703234031316333,45.36084013961219,11.019939247672468
41,0.9941444550254727,-0.10805925477304577,45.36087373487416,11.019926890372098
42,0.9921395093853858,-0.1251367009175409,45.36090651640911,11.019900522158856
43,0.9894838143835878,-0.14464363474728373,45.3609412246729,11.019893684870906
44,0.9935695790321164,-0.11322319383387434,45.360967866771276,11.019889399117218
45,0.9943883193272667,-0.10579163665192949,45.36101243875665,11.019877376550236
46,0.9940274832003196,-0.10913002631007744,45.361048677584826,11.019866319461565
47,0.9918570781912464,-0.12735594388140606,45.361083095385226,11.019862812824474
48,0.9922018474151125,-0.12464146174543102,45.36111500459171,11.019865902780332
49,0.9857213944281641,-0.16838447840165033,45.3611534159885,11.01985283130161
50,0.9909800238869322,-0.13400967225187632,45.361187555956036,11.019861101852783
51,0.9848477037846126,-0.17342145296985578,45.361224372226445,11.01985226401111
52,0.9840808067359158,-0.17772159636349547,45.36125956990157,11.019852356067574
53,0.9873354414375834,-0.15864654449830368,45.361300942817785,11.019851821987155
54,0.9850307440375763,-0.17237874956263863,45.36134011348903,11.019856552166692
55,0.9742698194322565,-0.2253848241196336,45.36137741699944,11.019860470786908
56,0.9814107981966104,-0.19191885051524257,45.36141188381462,11.019858947278935
57,0.977209298750508,-0.21227808750679,45.36145190427704,11.01986310916767
58,0.972929701140767,-0.2311012692265834,45.36149435997941,11.019872939019022
59,0.9700417773518318,-0.24293816125116918,45.36152795230891,11.01986707837895
60,0.9697919311874625,-0.2439336184368441,45.36155473207342,11.019873342651607
61,0.979900303100191,-0.19948783417580543,45.36160343101846,11.019870006059357
62,0.9609301712098829,-0.2767909067482983,45.36163562866392,11.019863188343788
63,0.9626013307424635,-0.2709219039738914,45.361671563866004,11.019871005960074
64,0.9568710668060533,-0.29051292830000786,45.36170425882474,11.019874002268583
65,0.9574421986666687,-0.2886250789732856,45.36174762691413,11.019873685876338
66,0.9686140318398566,-0.24856962268736155,45.3617843581877,11.01987643646395
67,0.9578550719367575,-0.2872519123783675,45.36181767077741,11.01987512597372
68,0.9597459411313183,-0.2808695933737934,45.361849991665146,11.01987320352634
69,0.9672589505527435,-0.2537914942932591,45.361881036975056,11.01986784331721
70,0.9584614910810532,-0.28522196639579556,45.36192693661695,11.01986603698101
71,0.9578106721340137,-0.2873999240539026,45.361946758361555,11.019862910639384
72,0.9684158925322984,-0.2493404481644964,45.361986131779204,11.019851971308647
73,0.965454274763972,-0.2605725299028522,45.3620201444737,11.019845372275073
74,0.9502143983929223,-0.3115968502516941,45.3620607390039,11.019844807236229
75,0.9529587927179544,-0.30309988350631023,45.362091181721496,11.019844774784561
76,0.9525919939304612,-0.3042507076402422,45.362121890050766,11.019829803854995
77,0.9471157598680104,-0.32089209620936626,45.36216370083463,11.0198280487019
78,0.9555479097850718,-0.2948358731656995,45.362190892444254,11.019814087805443
79,0.9574039678760662,-0.28875186976912287,45.3622247328077,11.019801846945093
80,0.13511454639866624,0.9908299850890074,45.362257723663184,11.019802807868238
81,0.12027005238425795,0.9927412122499437,45.362261101846656,11.019807825633183
82,0.11383982541778119,0.9934991163301803,45.36226352703092,11.019805839450067
83,0.15858410170591214,0.9873454728139127,45.3622655539642,11.019818119760512
84,0.12108340221439864,0.9926423372535478,45.362262841666784,11.019823536303523
85,0.13237826258529356,0.9911992713853754,45.362262055464356,11.019827490038924
86,0.13948756560216183,0.9902238226998897,45.36225601680173,11.019824562641038
87,0.14801627070929196,0.9889849258736523,45.362260376578924,11.019828415212888
88,0.152667368958603,0.9882776302513671,45.36226175396342,11.019829884405372
89,0.11039715385710078,0.9938875532072285,45.36226351396817,11.01982932901396
90,-0.9504575025795503,0.3108545251242841,45.36226437312135,11.019846443565756
91,-0.9520285789651404,0.3060091254090562,45.362233319876445,11.019856780277212
92,-0.9460003767674301,0.32416552431725415,45.36220274021887,11.019862015315738
93,-0.9479429619441663,0.3184401684783517,45.362167114960926,11.01987624041949
94,-0.9573740909154407,0.2888509131781194,45.3621388013309,11.019881117121441
95,-0.9634162848220434,0.2680094441240668,45.36209216573357,11.019896388462428
96,-0.9547359842588401,0.29745453494829066,45.362078375445776,11.019904289789501
97,-0.9623409758455547,0.2718452615158586,45.36202767753209,11.019925348912244
98,-0.9471600514650749,0.3207613394857252,45.362007646266,11.0199299472936
99,-0.9483991098124636,0.3170790571875202,45.36197703348401,11.019941742501702
100,-0.9498364433511932,0.3127470717400174,45.3619437342399,11.01995136453585
101,-0.954316594231214,0.2987973192231427,45.36190399385415,11.019962428311185
102,-0.9576790782192087,0.2878381196805016,45.36187859128114,11.019976612233474
103,-0.9499605980144818,0.31236975240885273,45.36184712209741,11.019977533607559
104,-0.9541325467978241,0.2993845071828166,45.36180834045574,11.019987090864763
105,-0.9614835584360466,0.27486245079522476,45.36177852590538,11.02000381331542
106,-0.9574020270574085,0.28875830479202724,45.36174159323638,11.020004993680692
107,-0.9640464781056894,0.2657336788064629,45.36170484201497,11.020014663036095
108,-0.9541254961460562,0.29940697654537396,45.361679946279914,11.020031521473715
109,-0.9433253006674861,0.3318695182155135,45.361650160383384,11.020036078588761
110,-0.9462612860055415,0.32340312089888484,45.361619476613726,11.02004368383502
111,-0.950202864307054,0.3116320212408705,45.361576186848424,11.020070540152984
112,-0.9592253868869565,0.28264227771437306,45.36154578915802,11.020078010941551
113,-0.9558537188553526,0.29384293108800913,45.36152143215481,11.020082585592387
114,-0.948499420638871,0.31677886458494353,45.36149072220555,11.020099545104541
115,-0.9512461501470445,0.3084327509043528,45.361451627624184,11.020094503139587
116,-0.9574641115828525,0.2885523783143346,45.36142419521217,11.020115322437562
117,-0.9509447791893102,0.30936067450888777,45.36139508524729,11.0201299562163
118,-0.9484121548662022,0.31704003611854276,45.36135672405056,11.020141912535534
119,-0.9604839669800029,0.27833531787101073,45.36133105843504,11.020152239147079
120,-0.9555890541744806,0.29470249327401643,45.36128596619993,11.020165584369543
121,-0.952193956269609,0.30549414011340686,45.361256239291706,11.020169064722838
122,-0.9526013575330068,0.3042213891662988,45.36122300288033,11.020168786438688
123,-0.9484342001808476,0.31697408084465833,45.36118789600672,11.020185413922357
124,-0.955374582883289,0.29539703177347865,45.36115953483249,11.02020034120507
125,-0.9570878731577889,0.2897978658553237,45.36112675183345,11.020206689239956
126,-0.9559733029886204,0.2934536487642085,45.361094252726794,11.020217878204681
127,-0.9545351619194569,0.2980983472939698,45.36106314642739,11.020216167576772
128,-0.960594325244646,0.27795420901253365,45.36103544468724,11.020232946950275
129,-0.9481540390500472,0.31781113610614936,45.36100100653627,11.020245796816448
130,-0.9545633503847482,0.2980080705320656,45.36095866729182,11.0202560167106
131,-0.9413725529407919,0.33736881386656925,45.36093343660978,11.020263375212814
132,-0.9577318991639654,0.2876623182201382,45.36090369398468,11.020279931409638
133,-0.9570074269527199,0.29006341506183536,45.36087130115119,11.020283226455406
134,-0.9548457177753183,0.29710209566096496,45.360843992017585,11.02030395139271
135,-0.952299152260115,0.3051660607024744,45.3608068602035,11.020308367688004
136,-0.9567028600946853,0.2910663798631663,45.360780771416884,11.020319288459529
137,-0.956261925470034,0.29251176027015247,45.36074002289329,11.020323003530923
138,-0.9492870994793505,0.31441056401158274,45.36072018408284,11.020344167075555
139,-0.9597931742864406,0.28070814486430234,45.360669248293775,11.020352998513236
140,-0.9509167578481944,0.3094467961435027,45.360642985705674,11.020359597085644
141,-0.9574759511484013,0.28851308977664103,45.36061218480232,11.020362486192994
142,-0.960499523805134,0.2782816285170667,45.3605825496627,11.020381443801263
143,-0.9584974113116728,0.28510123203666105,45.36054293428935,11.02039439692492
144,-0.9514447247274153,0.3078196481519218,45.36051432618513,11.020407167909367
145,-0.9517458202570751,0.30688742825861604,45.360483419831944,11.02041364254947
146,-0.9612407845116864,0.27571027219049665,45.360448244806726,11.020416158917563
147,-0.9531943759991551,0.3023582007546368,45.36042184859628,11.020437490231476
148,-0.9596040927731317,0.28135384328822444,45.360396226927094,11.020444917695551
149,-0.9563253699436917,0.2923042709268227,45.3603601434944,11.020446951767688
150,-0.9509772466039886,0.30926085500996836,45.360318605305636,11.020465043252102
151,-0.9525779452613076,0.3042946897363563,45.360297312487276,11.020472636333496
152,-0.9442302587431272,0.3292859220706027,45.360258089565015,11.020480868484016
153,-0.9556844020710356,0.2943931446860256,45.360222851162675,11.020499015879711
154,-0.9504655961444322,0.31082977744387563,45.36019731478995,11.020501634459942
155,-0.9487416746013979,0.316052582451932,45.36017216747216,11.020521931256889
156,-0.9602855750595093,0.27901902145306795,45.36012406768548,11.020528534618995
157,-0.9597861263112488,0.2807322420749844,45.36009089790989,11.02053678853614
158,-0.9537928918222778,0.30046483905658017,45.36006002974736,11.020539553112089
159,-0.9588438375782427,0.28393396263608306,45.36001710365387,11.020555162354494
160,-0.9562770843681503,0.2924621991169961,45.35999889960236,11.020563984499306
161,-0.9601093215236691,0.27962491077041,45.35996027602591,11.020586336418653
162,-0.9564505530626622,0.2918943979354991,45.35992715979334,11.020594166051671
163,-0.9568402065842161,0.2906145541157131,45.359882380577005,11.02060312960456
164,-0.9607491628859322,0.27741853942009814,45.3598590842386,11.020606271747027
165,-0.9517846627272739,0.30676694052183895,45.3598326320483,11.020613895268932
166,-0.9505707712976084,0.3105079850095162,45.35980310151397,11.020628203727222
167,-0.9637838049379724,0.2666847902286224,45.359764564287495,11.020637077772468
168,-0.9521823068139776,0.30553044789416994,45.359739650284446,11.020646075739291
169,-0.9501972261827584,0.31164921202305634,45.35971181348158,11.020657987429324
170,0.1229526696513127,0.9924125357055982,45.35967173371771,11.020669054854237
171,0.11377088704505901,0.9935070131916435,45.359680465673996,11.020671342697108
172,0.12723988968727573,0.9918719728232923,45.35968236592234,11.020682542010649
173,0.1621783693158279,0.9867614587761618,45.35967887214622,11.020692304294965
174,0.1311439591458565,0.9913633349986017,45.35967484013915,11.020687179356933
175,0.160941870118621,0.9869638871016106,45.35968815009777,11.02070495783264
176,0.1672152499337596,0.9859204127056049,45.359681202845344,11.020708809034785
177,0.1300372211725477,0.9915091129736135,45.35969954620063,11.020718744318062
178,0.15072536248328053,0.9885756749507261,45.359685996877836,11.020723986127804
179,0.1120811731341775,0.9936990543564317,45.35969262546341,11.0207199617433
180,0.948334984041681,-0.31727079607594605,45.35969667188347,11.020731606656145
181,0.9482175875854002,-0.31762148320559797,45.35972603664143,11.020726002757348
182,0.9556962118558628,-0.2943548040109993,45.35975664843679,11.020713012927732
183,0.9508276184760805,-0.30972058366066824,45.35979150619077,11.020701797204262
184,0.9550463635123876,-0.29645647832652333,45.35982138631043,11.0206881357102
185,0.9549530730205879,-0.2967568505166069,45.359856436745766,11.020683789242044
186,0.9493425359306583,-0.31424313751098315,45.359897068434265,11.02066870174517
187,0.9559707971116191,-0.293461811944545,45.35992184066625,11.020660182039666
188,0.9522909021322836,-0.305191804798362,45.35996451715359,11.020651443821503
189,0.9561569328010471,-0.2928547760520457,45.360002436018775,11.020636853974613
190,0.9492324405949211,-0.3145755453340415,45.360007166268254,11.020629743860455
191,0.9570784602722582,-0.2898289510778443,45.36003978908889,11.020629731459247
192,0.9407348456602783,-0.33914296419140455,45.36008425641068,11.020605270824039
193,0.9536448829240112,-0.300934274008211,45.36010793577699,11.02058562663651
194,0.9631216646570696,-0.2690662726322182,45.36014657943577,11.020584110195925
195,0.9608839919663508,-0.2769511761715589,45.36016734569184,11.020567230987233
196,0.960080725842437,-0.27972307710637556,45.36020698995262,11.020555903305286
197,0.9650723238009771,-0.26198360603935117,45.360240773817374,11.02054359381207
198,0.9630448814570524,-0.2693409666192128,45.36027423902704,11.020536543111783
199,0.9654559133159121,-0.26056645878419965,45.36031123815843,11.020515057708474
200,0.9675402206553528,-0.25271707780478764,45.36033903208038,11.020503641996955
201,0.968525787919921,-0.2489132341481588,45.3603655508357,11.020489142781825
202,0.9627775682986836,-0.2702949388739525,45.36039127804246,11.020487241590088
203,0.9717896775033367,-0.23584915242154467,45.36042559361107,11.020462054965954
204,0.9625149223555426,-0.27122873048942236,45.360454300247305,11.020453939816242
205,0.9687836308832488,-0.24790779845069225,45.36047670039076,11.02043561688004
206,0.9783358080800807,-0.20702426579581298,45.3605194339755,11.020416897758258
207,0.9804864624493707,-0.1965866143803258,45.36054742211744,11.020398999815416
208,0.9681586983726417,-0.2503372420663616,45.360571573210876,11.020389548975164
209,0.9807412824903176,-0.19531138425408598,45.360603190919,11.020383951045432
210,0.9793091464150895,-0.20236994773866235,45.36063600293884,11.020352722614989
211,0.97749033304505,-0.21098020950666743,45.36066372546429,11.020333216091151
212,0.9770880935817442,-0.21283528227432738,45.36070050574458,11.020319013405722
213,0.9729480729070548,-0.23102391094094235,45.360729036281086,11.020302848672625
214,0.9754790122216052,-0.22009247309974383,45.36075318254042,11.020288758111176
215,0.9788160550523262,-0.2047416185630111,45.36077282491381,11.020261391078916
216,0.9746837655641737,-0.22358791815669027,45.36081570302213,11.02024218906767
217,0.9829850536726009,-0.18368555810480533,45.36084259132879,11.020231185917728
218,0.9769582763698477,-0.2134303779513508,45.360875199458754,11.020214806265619
219,0.9791304587288894,-0.2032327355259352,45.36090352071954,11.020208945898759
220,0.9826871249345835,-0.18527281097830375,45.36093400764552,11.020192573339603
221,0.9780870378157275,-0.2081964131700054,45.36095798826329,11.020173364941929
222,0.9845908508974142,-0.17487382974334945,45.36100186294945,11.020166159136068
223,0.9778397064150778,-0.2093549821668319,45.36102764529814,11.020146116436417
224,0.9824127194112791,-0.18672238414002612,45.361063289542514,11.020137456271824
225,0.9844279283512937,-0.1757886625524529,45.36109121947454,11.02013394309386
226,0.9845034117693312,-0.17536542479789635,45.361132492580055,11.020116238283654
227,0.9801832498469655,-0.19809289921509382,45.36115726070207,11.020105858116919
228,0.9797193271613418,-0.20037474887452209,45.36120218610959,11.020095970611168
229,0.9744587894720541,-0.22456639913544268,45.36122977518568,11.020095106173383
230,0.9740794923479844,-0.22620597380947524,45.361258597950865,11.020087360983878
231,0.9760650411060843,-0.2174788162800646,45.36130248961819,11.02008701790553
232,0.9735209567801362,-0.22859778369417366,45.36133064976945,11.020080397537562
233,0.969713293294494,-0.24424604153997426,45.36137375199381,11.020074352386668
234,0.9692187460230663,-0.24620118268902547,45.361409298458355,11.0200846109965
235,0.9735015003828466,-0.22868062609750453,45.36143691671782,11.02007235579479
236,0.9689272218493318,-0.24734598998030213,45.36147444694081,11.020061939591518
237,0.9702156932611818,-0.24224266459425425,45.36150564189694,11.02006627896173
238,0.9702084784763013,-0.24227155898433547,45.36153430480401,11.020069330327658
239,0.9564676851662672,-0.2918382552591115,45.36157352931072,11.020056497081729
240,0.9555006851530017,-0.2949888822856623,45.361605522536436,11.02006439900982
241,0.9717957286928645,-0.23582421778584275,45.36164793729658,11.020051715675846
242,0.9642341399101277,-0.2650519259159914,45.361675370210314,11.020042621625366
243,0.9512236062802185,-0.3085022704215577,45.36171842352612,11.020040526582042
244,0.9633338109735493,-0.26830573723865475,45.361747464802384,11.020043217867949
245,0.9645552886581417,-0.2638808350782775,45.361786937688485,11.020029832547543
246,0.9632937730056893,-0.26844944940987214,45.361816992805025,11.020030965732184
247,0.9517261767357622,-0.3069483417709381,45.36185410062225,11.02002977445344
248,0.9453243498996041,-0.32613168120697944,45.361882342155695,11.020014978143415
249,0.9671178368536181,-0.2543287039238368,45.361915201735115,11.020006590357218
250,0.9566890098661367,-0.29111190013695926,45.36195175685241,11.020001950808322
251,0.9523879244337611,-0.3048889000812469,45.36198533311847,11.019996322306849
252,0.9629686125207759,-0.2696135221011954,45.36201918940222,11.019995013965028
253,0.9613676427546,-0.27526760700173913,45.36205248595172,11.019975585989462
254,0.9550481858181998,-0.29645060763197184,45.362084693647574,11.01997871979776
255,0.9521092642777784,-0.3057579906992252,45.36211958872928,11.019959468575774
256,0.9556372926242027,-0.2945460319642482,45.36215071122869,11.0199504166118
257,0.9574716192570699,-0.28852746544695634,45.3621762541033,11.019946369540289
258,0.9501064968185082,-0.31192570381945445,45.36221189325035,11.019932991967519
259,0.9497354197408316,-0.3130537214116874,45.362242528406625,11.019936692391553
260,0.13113021818703977,0.9913651526446848,45.362278842453264,11.019922663890057
261,0.15497798904757681,0.9879179231650619,45.362276323654264,11.019933647332397
262,0.14009144641810742,0.9901385694136364,45.362286142024374,11.019932345537534
263,0.10829706536390885,0.9941185772500005,45.362276903823386,11.01994303446759
264,0.10859067218729067,0.9940865485026504,45.36227561850958,11.019945841046818
265,0.138450048140093,0.990369418030467,45.36229256673223,11.019953213304548
266,0.11058773528579223,0.993866365667115,45.36227562287754,11.019952421842264
267,0.17650726598339778,0.9842993371200989,45.36227993299036,11.019976792844153
268,0.1598276401850666,0.9871449363861787,45.36228665906043,11.019964770002225
269,0.1399600806236663,0.9901571470386995,45.36228075611459,11.019979048628395
270,-0.9614479763446995,0.27498688838321383,45.36227977951686,11.019982706097187
271,-0.9534203564200486,0.30164486397727286,45.36225186622947,11.019992157123509
272,-0.9484377189941775,0.3169635518306822,45.36221688946696,11.020006310312022
273,-0.9481625319001272,0.3177857975126329,45.362190988216106,11.020010316516574
274,-0.9540304256200598,0.29970977126414744,45.362148000787414,11.020026375510566
275,-0.9532779263499745,0.3020946790890108,45.36212316299171,11.0200380271975
276,-0.9483590929313145,0.31719872454739556,45.36208875528292,11.020046230057861
277,-0.9600179409411562,0.27993848086874856,45.36204241167533,11.020052878802089
278,-0.9551794091547992,0.2960275262989725,45.362022156926706,11.020068739257093
279,-0.9501179343734077,0.3118908635757208,45.361993275881076,11.02007250581025
280,-0.9525872786150618,0.3042654706350207,45.361957184613495,11.020076229815507
281,-0.9590910968345813,0.283097629754542,45.36192113251333,11.020099731735424
282,-0.9443191185996541,0.3290310049937124,45.36189502430889,11.020106160445488
283,-0.9418491223859287,0.3360360555965028,45.36186183379298,11.020115479553587
284,-0.9575734758168898,0.2881892406249066,45.36183150936982,11.020120152689794
285,-0.9570905918009559,0.2897888870990328,45.36179578246312,11.020132844541438
286,-0.9505628139993357,0.31053234395415913,45.36176376588515,11.020145490009496
287,-0.9474870576018866,0.3197941145126334,45.36172834979205,11.020153802753068
288,-0.9521006458588842,0.30578482656125305,45.36169630661403,11.020162185319451
289,-0.9481122353025082,0.3179358257096568,45.36166601549414,11.020172971280871
290,-0.9579374023908758,0.28697723446402756,45.36163152647741,11.020178337653425
291,-0.9566124848559117,0.2913632677909113,45.36159637605286,11.020190810658516
292,-0.952183124574361,0.3055278993411352,45.36157430964258,11.020207794856544
293,-0.9487363217462842,0.316068650453238,45.36153587047207,11.020210516782239
294,-0.9556876643927028,0.2943825540476552,45.361512070155904,11.020228074450452
295,-0.9617069032037405,0.2740799743328055,45.36147526030953,11.02024584302991
296,-0.9539724443289761,0.2998942738049504,45.36143419524931,11.020251008650844
297,-0.9582536537033126,0.2859194557287974,45.36141329914843,11.020255988865706
298,-0.9502056230111953,0.31162360950015683,45.361375674647924,11.020271296831199
299,-0.9551483751307328,0.296127643905666,45.361345288227476,11.020271795148481
300,-0.9507103030257106,0.31008050522527464,45.36131366607926,11.020287088429024
301,-0.9587647283271021,0.2842009776827977,45.36128382195237,11.020302273531103
302,-0.9653238764496761,0.26105519254780285,45.36124317660873,11.020303376335457
303,-0.9591690469780871,0.282833412663971,45.361212416943,11.020310200342504
304,-0.9522974052852787,0.30517151224668,45.36117800523902,11.02033235587252
305,-0.9569075532886686,0.2903927245285146,45.36115582778897,11.020335549779494
306,-0.9677293611507765,0.2519918323412688,45.361113698738336,11.02034365547746
307,-0.9514543572031348,0.30778987338632446,45.36107553273416,11.020349063117235
308,-0.9482595507652432,0.31749618010694125,45.36105183919438,11.020364996745194
309,-0.9631021322871808,0.2691361788832666,45.36101952238805,11.020383362494924
310,-0.94793403227496,0.31846674937100583,45.360987538750265,11.020383276366905
311,-0.9502153739056552,0.3115938754105026,45.3609558502057,11.02039921916245
312,-0.9597091782311479,0.2809951836222372,45.36092674105132,11.020409511905301
313,-0.959336308827532,0.28226556035968364,45.36088887507627,11.02041601287235
314,-0.9539872509063839,0.29984716958490715,45.360860508474474,11.020436323334392
315,-0.949324737570238,0.3142969020483636,45.360822439628286,11.020440990208371
316,-0.9479487620382632,0.31842290205028345,45.36078707583482,11.020453161943117
317,-0.9552414189709129,0.2958273677035932,45.36077066531154,11.0204561334327
318,-0.9504185108382939,0.31097371955829306,45.36074101336805,11.020474419469721
319,-0.9534651214819091,0.30150333682645747,45.36070081292837,11.020475876900012
320,-0.9548343985336746,0.2971384717212428,45.36066017591331,11.020494170117681
321,-0.9561241097397912,0.2929619203485183,45.360629504666754,11.020495374876251
322,-0.9455139149074904,0.32558168977433455,45.3605929275477,11.020512223442637
323,-0.9560353968039861,0.2932512916558849,45.360576880241915,11.020515848643006
324,-0.9558746431333888,0.293774857015737,45.36053500425665,11.020528083526019
325,-0.9552049894763833,0.29594497474939907,45.36049684991619,11.020530974181478
326,-0.9574871956815844,0.2884757703964326,45.360464583787845,11.020553033646397
327,-0.9586718538536256,0.2845141062036339,45.36044064893889,11.020563194860523
328,-0.9571886247536908,0.28946491435429295,45.36040561238256,11.02057241697136
329,-0.9571024868739522,0.2897495981355217,45.36037144976303,11.020576493915648
330,-0.949358533325303,0.31419480454397986,45.36033581610098,11.020594815090835
331,-0.9595486284777706,0.28154294447993106,45.36030685728468,11.020591060580957
332,-0.9548439478754771,0.297107783818555,45.360266648891816,11.02061094592563
333,-0.9652594024829928,0.26129348617632187,45.360248090209275,11.0206174601868
334,-0.9541485049771015,0.29933364403281193,45.360210732461866,11.020630082234613
335,-0.9564348903876977,0.2919457149010288,45.360172349258654,11.020642671119498
336,-0.9518317152342082,0.30662091558519833,45.36014853239537,11.020655144709322
337,-0.9424407108910017,0.33437330404095283,45.360119141619144,11.020660235882104
338,-0.9441682845319705,0.32946357990520886,45.36008014082841,11.020669421601442
339,-0.95453461235465,0.29810010703949463,45.360053331102776,11.020690218296293
340,-0.9593542738507828,0.2822044954359113,45.360024938832254,11.020695487206089
341,-0.9535882804247416,0.30111358560613666,45.35998681626186,11.02070077012225
342,-0.9515966403636597,0.307349693425251,45.359953121814705,11.020716347462976
343,-0.9535672086756029,0.3011803090154123,45.3599250291853,11.020720219146089
344,-0.942489740004915,0.33423508191910034,45.359888083403135,11.020729249466786
345,-0.9552437286334035,0.29581990958445087,45.359848595555604,11.020741993725833
346,-0.9645111422077004,0.26404214920576075,45.35982226611607,11.020757071142386
347,-0.9532437691831939,0.3022024429309229,45.35979542583261,11.020766321503595
348,-0.9578801503720175,0.2871682738801089,45.35975659490259,11.020775565503618
349,-0.9624823975156737,0.27134412555366066,45.35972316443339,11.020778371343741
350,0.12733903548649578,0.9918592491081428,45.3596943146375,11.020791811541526
351,0.12000985815264441,0.9927727000407405,45.359702837987335,11.020806042123894
352,0.14046661631633628,0.9900854153559879,45.359706149623975,11.02080506484226
353,0.12910825617382943,0.9916305048695068,45.359696947119566,11.020823666770436
354,0.14077723507974602,0.9900412971605285,45.359705816118186,11.020829810433279
355,0.1298758941321686,0.9915302577951768,45.359706273921745,11.020835827597034
356,0.11274427012785869,0.9936240383330792,45.3597019786415,11.020846237551865
357,0.1266143713332216,0.9919520154583552,45.3597028595204,11.020860308896445
358,0.15796993973823972,0.9874439215161015,45.35971438225692,11.020860250842064
359,0.15026564262629502,0.9886456577794223,45.35971126243342,11.020876285130607
360,0.956773507438808,-0.2908340686082724,45.35971602175854,11.02088248008183
361,0.9536079302495873,-0.30105135004696143,45.35974504501468,11.020880806973315
362,0.9551136542541216,-0.29623961156019984,45.35977451668905,11.020853146479222
363,0.9565453927733776,-0.29158345557322846,45.35982111751633,11.020848835106431
364,0.9580206727582387,-0.28669912899737215,45.359844217811165,11.020842209058348
365,0.9584898161939212,-0.2851267652335419,45.359873868685106,11.020834671315175
366,0.9555747594875639,-0.29474884059192563,45.35992224206958,11.020820275249013
367,0.95328923612042,-0.3020589881081939,45.359934660138215,11.02080061862043
368,0.959762735631911,-0.2808121993296422,45.35997118804276,11.02080005495999
369,0.9689863242000133,-0.24711435311075444,45.36000259676282,11.020782731914863
370,0.9640402298480792,-0.2657563456146674,45.36002892878076,11.020776782657524
371,0.9668659413938074,-0.25528464774182263,45.360072356649525,11.020767178109717
372,0.9584015183678469,-0.28542342158660605,45.360095642894905,11.020749292839504
373,0.957053439349196,-0.2899115627736758,45.36013410011113,11.020742840510824
374,0.9589872042047795,-0.2834493643871875,45.36016802827118,11.020731928026878
375,0.9640816231431736,-0.2656061443521664,45.36019436478432,11.020713721352408
376,0.9633363490341164,-0.26829662433511764,45.36022549483043,11.02070266990373
377,0.9744684163162923,-0.22452462137150386,45.360263463319114,11.020685988989982
378,0.9666105406815846,-0.2562500002795214,45.360286980787215,11.0206653942075
379,0.9611482218177282,-0.2760327801124699,45.36031922928038,11.020655028906928
380,0.9747432910705748,-0.22332827074265507,45.360353084163044,11.020631474449345
381,0.9752314167515531,-0.22118698827182065,45.36038355030006,11.020619268311865
382,0.9799795941151986,-0.1990979535751449,45.36040172954442,11.020608629757726
383,0.9756353747908209,-0.2193983032221866,45.36042991490389,11.020583281461906
384,0.9847806147684554,-0.17380201603049134,45.36046978646914,11.020565645548876
385,0.976493152096675,-0.21554842590077056,45.36049284358792,11.02054234642138
386,0.9749876833278874,-0.22225889714231703,45.36052157708582,11.020529266082322
387,0.9805149447854971,-0.19644450374671657,45.36054889509764,11.020513119818911
388,0.9887380317816191,-0.1496566220005313,45.36058143660852,11.020492308591725
389,0.9829956062980861,-0.18362907721452504,45.36059744786047,11.02046690807179
390,0.9878457693516257,-0.1554372412715004,45.360635483439,11.020446858899163
391,0.9896386431080388,-0.14358048637360077,45.3606566601821,11.020419684546622
392,0.9923888235429595,-0.12314391136804397,45.36068706534919,11.020393686620327
393,0.9926902230280843,-0.12069018644633966,45.36070635749272,11.020390896009724
394,0.9915006083860003,-0.13010205059948618,45.36073576138425,11.020360603400043
395,0.9914093285655314,-0.1307958073993285,45.36076186276571,11.020333514881576
396,0.9920679225084318,-0.1257029718415768,45.360795981635,11.020318210587252
397,0.9897427315173593,-0.1428612103006148,45.36082760754157,11.02029543729951
398,0.9941507281464038,-0.1080015264983561,45.36084300529816,11.02027069059516
399,0.9891248508021584,-0.14707831086060177,45.36088324245852,11.020265034263051
400,0.9892070212831745,-0.14652463630416968,45.36090221938285,11.020246022076147
401,0.9913890062083566,-0.13094975513229198,45.360941449268516,11.02021990155577
402,0.995411847956885,-0.09568308600300948,45.360967339247345,11.020222688062432
403,0.9907548066797924,-0.1356647081627611,45.36099770834572,11.020200840423646
404,0.9913221859311776,-0.13145464495647022,45.361031448100334,11.020188139502567
405,0.9867274242940268,-0.16238531382509805,45.36106000256488,11.020182698238
406,0.9882386540283372,-0.1529194647004118,45.361093887125335,11.02017193355067
407,0.9895034235808216,-0.14450942779567427,45.36113476591574,11.020167652299175
408,0.9884798836079924,-0.15135230326073557,45.36117010896811,11.02014372955231
409,0.981498475354739,-0.19146995293341124,45.361197839563644,11.020160609875996
410,0.9806527065945103,-0.1957556360589941,45.36124755421645,11.020154984161433
411,0.9803365077511366,-0.19733304733446383,45.36127667177676,11.020150285566006
412,0.9802429486851627,-0.19779727387660678,45.361315466513155,11.020135624894218
413,0.9856953659114983,-0.16853677824319951,45.36135637054319,11.020151615572646
414,0.9791412587765028,-0.203180696331038,45.36138082640625,11.020152305698476
415,0.976175262534714,-0.2169835404248035,45.36142674135685,11.020145870997824
416,0.9755941729258828,-0.21958144218731868,45.36146924998015,11.020149370475705
417,0.9721389693064689,-0.2344052566726187,45.36150186882641,11.020151426775303
418,0.9607380857472703,-0.27745689862512124,45.36153497805667,11.020147255531997
419,0.9636058216095589,-0.2673271788654624,45.361574518633034,11.020149273109485
420,0.9684053931573259,-0.2493812232382482,45.36161334850309,11.02016280567991
421,0.9691911045421412,-0.24630997315655806,45.36164583539445,11.020155467320619
422,0.9708216043477406,-0.23980286180877625,45.361689627884026,11.020148927920852
423,0.9674752139275211,-0.2529658285933049,45.3617178705134,11.020149484297914
424,0.9623749425098483,-0.27172498970312997,45.36175716163144,11.020155373559524
425,0.9594224180512904,-0.2819727358107785,45.36178976876248,11.020153965826035
426,0.9529954638355255,-0.3029845638129304,45.36182693523905,11.02014928099325
427,0.9561211792869114,-0.2929714841396784,45.36185111175552,11.02015031389649
428,0.9569477456281811,-0.29026024897863995,45.36189387710326,11.020152880672432
429,0.9524717869504049,-0.30462681277836084,45.36193265281476,11.020134339825137
430,0.9632466774280801,-0.26861838809687644,45.36195870282051,11.02013405632839
431,0.9647342928846556,-0.2632256524967569,45.361992730232146,11.020121989301545
432,0.9585664592474206,-0.28486899305797253,45.362022265650296,11.020121285957336
433,0.9557948626418037,-0.2940343186560639,45.3620581825213,11.020113707104278
434,0.9561666821045585,-0.2928229431468104,45.36210291584212,11.020106192381505
435,0.9660899891593957,-0.25820560188733077,45.362137553472024,11.020099389566065
436,0.9534126608174198,-0.3016691866814502,45.36216812567731,11.020095193791448
437,0.9491494658613306,-0.3148258112911817,45.36219633141377,11.020082312911862
438,0.960806224688884,-0.27722084805997865,45.3622322564085,11.020080245126366
439,0.9481676228662758,-0.31777060743265073,45.36226744205397,11.020073907566651
440,0.12837613401891076,0.9917255508528349,45.36229565478897,11.020064772753697
441,0.14931815783232888,0.9887892028848008,45.36230403401781,11.020071250400653
442,0.16432094506072467,0.9864069276998972,45.36229470085227,11.020075515618771
443,0.13440160500605922,0.9909269441143456,45.362300143393846,11.020087706775069
444,0.14082076612259573,0.9900351063617114,45.362302061167085,11.020097044100293
445,0.14921179753056169,0.9888052586215845,45.36229635950023,11.020102682349023
446,0.11041281128146248,0.9938858139167317,45.3622988268074,11.020096413952114
447,0.12111140909135328,0.9926389205486086,45.3623142489915,11.020112135283876
448,0.14683807937301105,0.989160542301423,45.36230773465315,11.020108379640869
449,0.12146019090280402,0.9925963036531289,45.36230362082289,11.020122155289807
450,-0.9497155597038751,0.31311396592352014,45.36230597813269,11.020130073628343
451,-0.9547366649283454,0.2974523502033566,45.36227762715114,11.02014159586365
452,-0.9581475014029013,0.28627498241267474,45.36224934951163,11.020152328271418
453,-0.957352579311759,0.28892220213255027,45.36220893570965,11.020156492208615
454,-0.9577746318098636,0.2875200074107544,45.36216087807012,11.020175200331328
455,-0.9390291945805532,0.3438374204844456,45.36214921125698,11.020183726333427
456,-0.9570942110482064,0.2897769334816202,45.362111628295445,11.020198746989559
457,-0.9454233127913079,0.3258446863625503,45.36207522734334,11.02020026730187
458,-0.9515474328085851,0.3075020050591397,45.36205137742189,11.020211317499774
459,-0.9490981033140895,0.3149806189047159,45.36200682626338,11.02022676453902
460,-0.9513685042968634,0.3080551395967108,45.36197526835907,11.02022321927958
461,-0.9573690851213262,0.2888675039770913,45.361958709943536,11.02024255861832
462,-0.9513033970593079,0.3082561382088293,45.361914251920375,11.020245963936846
463,-0.9525070732234586,0.3045164617213343,45.361881083304716,11.020257114049185
464,-0.9535733954049374,0.301160720506342,45.36184254642626,11.020269007950823
465,-0.9497536668343171,0.31299835835794587,45.36181333178615,11.020278167132066
466,-0.9446127913186699,0.32818695049796087,45.361796931233194,11.020285098087815
467,-0.9575232613125537,0.28835603694975925,45.36175229063922,11.020315707675287
468,-0.9528092254629521,0.303569728188911,45.36172308813452,11.020312806937847
469,-0.9559416170061122,0.293556851181742,45.36167961415357,11.020323911331158
470,-0.949106226738388,0.3149561403853238,45.361655208463986,11.020334461054032
471,-0.9530995499764474,0.3026569804823497,45.361618768070805,11.020339223498965
472,-0.9525667674431865,0.3043296790699822,45.361576857174114,11.020355321187093
473,-0.9522784986810064,0.3052305046188017,45.36155659286871,11.020355671108659
474,-0.9617270488879938,0.27400927618821663,45.361532098550505,11.02036605932617
475,-0.961367550554741,0.275267929008044,45.36148972637309,11.020382157354407
476,-0.94734627655668,0.3202109184493782,45.36145795584555,11.020391338660392
477,-0.9650865501521917,0.2619311946205363,45.36141757857792,11.02040156764469
478,-0.9365657458261761,0.35049194533549344,45.36138992815007,11.020415336265376
479,-0.9509204689695351,0.3094353917940859,45.361363222787816,11.02042153601204
480,-0.954800864268013,0.29724621039309373,45.36133747395896,11.020433422618982
481,-0.9532683222478692,0.3021249837380759,45.361294136836065,11.02043983664733
482,-0.9481297119957117,0.3178837039404957,45.36127013293012,11.020447411114237
483,-0.9503456637180875,0.31119627159114194,45.361234386217006,11.020454472410282
484,-0.9459312215488291,0.32436726730534915,45.36120329725175,11.020466866493965
485,-0.9456430792857519,0.32520634464745785,45.36115800853537,11.020474488775147
486,-0.9580708877265555,0.28653127942835477,45.361141079691535,11.02048724904781
487,-0.9546294548392201,0.29779624570060204,45.36110504935904,11.020506360037434
488,-0.9440119252173819,0.3299113290679364,45.36107730119727,11.020511722624375
489,-0.9586352026732052,0.2846375734081899,45.361038665681626,11.02052330870807
490,-0.9466000935858383,0.32241008486597034,45.36100232196523,11.020526799444639
491,-0.9479845892058459,0.3183162242616977,45.36097215741853,11.020545413517699
492,-0.9482927563428808,0.31739698843502223,45.36094028409983,11.020555283102876
493,-0.9532924929738437,0.30204870938263273,45.36090792788653,11.020557919210233
494,-0.9606894429909586,0.27762527645321095,45.360870228491535,11.020569433240516
495,-0.9558631844749589,0.2938121382199698,45.36085522505293,11.020581425328432
496,-0.9628634287765094,0.26998892111481876,45.36080967589142,11.020586520811944
497,-0.9441389425381601,0.3295476554049882,45.36078038465718,11.020606344419532
498,-0.9485694309882928,0.31656916241880917,45.36075455649728,11.020619116200809
499,-0.9425732536850767,0.3339994931695675,45.36071490868157,11.020617866044402
500,-0.9475401538188646,0.31963675774372763,45.3606724393114,11.02063198269044
501,-0.952955603923352,0.3031099090281929,45.36065744151298,11.020635686477743
502,-0.9520831150772409,0.3058394055461417,45.360624993716456,11.02064597448785
503,-0.9519326976964634,0.30630726249361706,45.3605804264993,11.020667177691946
504,-0.9417661608502057,0.3362684913539542,45.36054963793195,11.02066964707731
505,-0.962290042844548,0.2720255014557239,45.36051736250941,11.02068400485563
506,-0.9465080577673785,0.3226801769266667,45.36048747046077,11.020691219462357
507,-0.9539119716915123,0.30008657128170746,45.36044607825049,11.020704245062095
508,-0.9498547081242646,0.3126915947929654,45.3604292902265,11.02071937544465
509,-0.9486849974621977,0.31622266773612234,45.36038490825056,11.020713879875421
510,-0.9593376488514441,0.28226100597883375,45.36036127278889,11.020740407711287
511,-0.9517747464427566,0.30679770539204865,45.360330987279035,11.020743638247417
512,-0.9643343546890779,0.2646870838677244,45.360295863980646,11.020752497820718
513,-0.9590020958402028,0.2833989770166761,45.36025357169899,11.020771062440103
514,-0.956334347804351,0.29227489664633627,45.36022595565574,11.020773315166917
515,-0.9516447085449681,0.30720082795845916,45.36019218128323,11.020780640111843
516,-0.9598912230293066,0.28037268046530844,45.36015765894869,11.020791710409416
517,-0.9520679323631275,0.30588666555735844,45.36012707846217,11.02079320216305
518,-0.9517530048066822,0.3068651460193083,45.36010180825031,11.02080467961506
519,-0.9511340727257553,0.30877819822668445,45.36006225738739,11.020832761469611
520,-0.9476638025146688,0.31926997573125926,45.36003505605828,11.020827865583419
521,-0.9524177411264776,0.30479574535668624,45.3600057715445,11.020832072292695
522,-0.9648622849669429,0.262756105634807,45.35996235904563,11.020856671171824
523,-0.9601780197254594,0.27938892325232845,45.35993361737762,11.020858526376706
524,-0.9537184521784621,0.3007010375344898,45.3598984734413,11.020876218606263
525,-0.9551845561346803,0.29601091824761094,45.359865743614314,11.020884086661756
526,-0.9528425012637097,0.30346526619288305,45.35983836042513,11.020892841495739
527,-0.9524901467423695,0.30456940154700274,45.35980783889439,11.020906607105461
528,-0.9621800707138034,0.27241422782442976,45.3597637617293,11.020924221215232
529,-0.9473558017327315,0.32018273676657455,45.359744430826005,11.020921609968042
530,0.1876350264114835,0.9822388186503127,45.359708577049545,11.020933905515294
531,0.15340899374832276,0.9881627804350491,45.35971061272562,11.020939130401366
532,0.11474634314469273,0.9933948241937445,45.35970851858177,11.02094622895871
533,0.12504074804046234,0.9921516070286243,45.35971993916279,11.020953618151264
534,0.15888141448156767,0.9872976735171294,45.35971151613592,11.02095478199279
535,0.11166000919915549,0.9937464678405878,45.359717986390564,11.020975971442844
536,0.1360976261845477,0.9906954305673016,45.35972813945124,11.020974746410225
537,0.11570694308254614,0.9932833952717082,45.359724758086614,11.020978575185874
538,0.15686111332778585,0.987620671677931,45.35973674682034,11.020995102412838
539,0.15697370201081107,0.987602782943133,45.359733893417506,11.021002818237065
540,0.9501631821379456,-0.31175299085893815,45.35973314333062,11.021011819135406
541,0.9604419060193766,-0.27848042150547475,45.359766354238175,11.021003027817407
542,0.9489332958628303,-0.31547678203459967,45.359799283899086,11.020985432061893
543,0.9435006446981742,-0.3313706888880333,45.35983262737282,11.020971098944107
544,0.9559408760205786,-0.29355926412397326,45.3598620017646,11.020965979383254
545,0.9571962854298858,-0.28943958118963037,45.35989313151943,11.02095627944736
546,0.9536508529200588,-0.3009153547508741,45.35993138512381,11.020959937030364
547,0.9533491735543076,-0.30186976212154604,45.35995488829047,11.020931824056284
548,0.9593587024043343,-0.2821894401303349,45.35999083916155,11.020933646168253
549,0.9527069530774748,-0.30389054206709726,45.36002666286847,11.020911535012083
550,0.9616374320495035,-0.2743236214423332,45.36006121325984,11.020915747729143
551,0.9622808702228367,-0.27205794750968043,45.36009276433794,11.020899071905058
552,0.9594299985215506,-0.281946941705239,45.360115469127386,11.020880738884046
553,0.9471747591912283,-0.3207179065020204,45.3601531892562,11.020877499826756
554,0.9581576913997558,-0.28624087480912014,45.360180298668965,11.02086086648933
555,0.9523285496020162,-0.3050743083462128,45.36020987818987,11.020849205977672
556,0.9580921563471498,-0.2864601542031082,45.36025244349752,11.02084404750457
557,0.9582826468029103,-0.2858222679155855,45.36028104518146,11.020822735736282
558,0.9583439861413252,-0.28561653353185884,45.360308669686596,11.020816966874412
559,0.9640878229885851,-0.2655836394907087,45.36033857614708,11.020801380001304
560,0.9640106869261246,-0.26586349033333145,45.36037210684053,11.020786401531831
561,0.9657808671799266,-0.25935943512659976,45.36039981267149,11.02077859782605
562,0.9618289932726383,-0.27365121541872073,45.36043392408568,11.020764822513359
563,0.9638207065490612,-0.26655139396984695,45.36045498586741,11.020749721853441
564,0.9688711861799296,-0.24756539457342622,45.36049627090694,11.020737415394104
565,0.9618706027417838,-0.273504924235666,45.36052915519224,11.020720255863816
566,0.9742912179034617,-0.2252923050532113,45.36055358378066,11.020700759212255
567,0.9724305157398575,-0.2331928216260412,45.3605858030255,11.020682016304141
568,0.9715989647340376,-0.23663358114973082,45.36062420081804,11.020665198469425
569,0.9750181099302909,-0.2221253819534433,45.36064719786692,11.020648966010524
570,0.9744203332220741,-0.22473320672161914,45.36067547458241,11.020632655962666
571,0.9792336395859156,-0.20273499723363275,45.36070707770176,11.02061498027374
572,0.9736367883883609,-0.22810393310243093,45.36073948325141,11.02060460370611
573,0.9773188318640387,-0.21177322985663438,45.36076564438199,11.020585441844311
574,0.974731308919687,-0.22338056184841576,45.36079654224531,11.020573997430253
575,0.9620038423969176,-0.2730359082860102,45.360835646940984,11.02055095562349
576,0.9779526876295541,-0.20882658058334375,45.360855384195844,11.020547003927529
577,0.9789359203170257,-0.204167734750273,45.36088522173382,11.020523430430963
578,0.9816351441596035,-0.19076803650180635,45.36091778815229,11.020516671777369
579,0.9754119975820429,-0.22038928053108395,45.360957194156335,11.020494982447708
580,0.9870205624588525,-0.1605939266703773,45.360980696770305,11.020469416554803
581,0.9804481950722234,-0.19677737872941464,45.361008768199326,11.020469778712572
582,0.9738747930927334,-0.22708563886469313,45.36103302262644,11.02045779559023
583,0.9771107399687508,-0.21273129021777779,45.36107486717816,11.020444111137715
584,0.9703170437362882,-0.24183637988290763,45.361108640228025,11.020429423011077
585,0.9708893357574209,-0.23952849039835342,45.36114111449714,11.02042846934548
586,0.9704430305689724,-0.241330322214405,45.36117856172795,11.0204182178039
587,0.9755638871491695,-0.21971595775091643,45.3612108544033,11.020409545465546
588,0.9680311507035001,-0.2508300047196455,45.361242093693264,11.020409354648727
589,0.9669272665491467,-0.2550522715127142,45.36128238593867,11.020397779230974
590,0.9755759672309005,-0.21966231393093574,45.36131631364905,11.02038170784765
591,0.9681627661100561,-0.25032150989901913,45.36134432273401,11.020386347912758
592,0.9702872760398695,-0.24195578512432808,45.361369563583224,11.020379251682435
593,0.9661294772521555,-0.25805780977230036,45.36140363450455,11.020372102553788
594,0.9653065731419709,-0.2611191679078823,45.36144611282183,11.02037157397361
595,0.9653017528173136,-0.26113698705434657,45.36147637885521,11.020355529677328
596,0.9606783759824479,-0.2776635696661097,45.36151107008968,11.020353285190502
597,0.9663161804714454,-0.25735780415421045,45.36154833114128,11.020364638790872
598,0.9684952723536338,-0.24903194057923736,45.36158587431284,11.020346764966115
599,0.9684313773077565,-0.24928029895240755,45.3616180826969,11.020351694613803
600,0.96081074278889,-0.27720518851829135,45.36164532340039,11.020354189196775
601,0.9685538726828475,-0.2488039302564538,45.36168429933009,11.020349698976464
602,0.9727814245532574,-0.23172462114357884,45.361727050079566,11.020336751014316
603,0.9635458541858719,-0.2675432430117017,45.3617626881716,11.02032919693038
604,0.962160410669107,-0.27248365848442246,45.361792577923914,11.020329855612232
605,0.9565225730194178,-0.29165830573517465,45.36182325047865,11.020332048228651
606,0.9528402304887696,-0.30347239604634274,45.36185628830219,11.020313028953042
607,0.9570957725825395,-0.2897717758937744,45.361890628332134,11.020304532647573
608,0.9528463236221483,-0.3034532642100861,45.36192202137748,11.020306754839218
609,0.9547945800237015,-0.2972663956073127,45.36195466606579,11.020295310098923
610,0.9529705203898909,-0.3030630087421103,45.36199227691871,11.020277777915723
611,0.9506364722683945,-0.310306779805247,45.362019499526085,11.020279823439603
612,0.9505530270257294,-0.31056230101579113,45.36205667650455,11.020283938576648
613,0.9596511909334722,-0.2811931573491229,45.36209303684257,11.020255373675008
614,0.9591143922763089,-0.2830186964291345,45.36211670368691,11.020254250795423
615,0.9526762552394216,-0.30398676402598945,45.362151004156836,11.020247012239127
616,0.9463553757573453,-0.32312768803550995,45.3621872496534,11.020237957571485
617,0.9594834716224823,-0.2817649156358352,45.36222641338845,11.020226566191711
618,0.9483627992599065,-0.3171876431702758,45.36225263791116,11.02022751034611
619,0.9594620215091106,-0.28183794861879574,45.362285447281636,11.020209459639114
620,0.13685455820562406,0.9905911517363475,45.362318341772735,11.020204801808779
621,0.11684475483907818,0.9931501916963998,45.362314761077684,11.020199651487639
622,0.13019640246371933,0.991488223220783,45.3623202845963,11.020209329185462
623,0.11601940109488787,0.9932469474252531,45.36231948955954,11.020214245304736
624,0.11336285095734097,0.9935536543251319,45.362320139227805,11.020222082069715
625,0.12601893540494002,0.992027836262373,45.36232248912507,11.020224487398536
626,0.11838391758885897,0.9929678988045456,45.36233118403834,11.020224346867398
627,0.130197799564087,0.9914880397607778,45.36232665877979,11.02024369527819
628,0.10147375717961077,0.9948382162964254,45.362333330406116,11.02022971546371
629,0.13712203385529156,0.990554161987818,45.36233555608621,11.020249267359976
630,-0.9515559637856038,0.30747560518527417,45.362333624140824,11.020243438132578
631,-0.9615222709435953,0.2747269962698811,45.362309523453604,11.020263066559103
632,-0.9502718584253017,0.31142157132241727,45.3622572157842,11.020265561027106
633,-0.9513606612728266,0.30807936020209153,45.36223455193881,11.02027888065318
634,-0.9514903582582505,0.3076785630192428,45.36220827982554,11.020285730842089
635,-0.9565131609857537,0.29168917165544833,45.362177865186695,11.02030079338839
636,-0.9499515585803714,0.3123972412661854,45.362132322386095,11.020303493157927
637,-0.9521269269068334,0.30570298503441123,45.36210933823234,11.020317336447771
638,-0.9588537898921561,0.2839003515486535,45.362074241045356,11.020331974305911
639,-0.9435597029563635,0.33120248633864324,45.3620472282865,11.020340412680094
640,-0.9544323404036238,0.29842739082004716,45.362010324173745,11.020344337495517
641,-0.9602033706818893,0.2793017846902131,45.3619846473823,11.020353870339068
642,-0.9524175807427655,0.30479624651904386,45.36194896345899,11.020371057948378
643,-0.9536948002854687,0.3007760427767808,45.36191367362303,11.020379875351596
644,-0.9557122054246383,0.294302871889443,45.36188543909816,11.020394634778379
645,-0.9467587206039343,0.32194397798437163,45.36184693645201,11.02039856548302
646,-0.9563635660059899,0.2921792765004159,45.36181312688632,11.020416270093415
647,-0.9559554489269654,0.2935118049872,45.36179701880042,11.020420749619202
648,-0.9676753694432619,0.25219908678035785,45.361755232330005,11.020431920210644
649,-0.9534070248085804,0.3016869984696902,45.36172636588049,11.020448322746875
650,-0.9647775323701413,0.26306712647873937,45.361685160330914,11.020459702901201
651,-0.9558680061818446,0.2937964512344304,45.361667416668396,11.020459574593598
652,-0.9526511125308194,0.30406554851510564,45.361624490788465,11.020479102415763
653,-0.9541554804444663,0.2993114082987644,45.36158040959167,11.020482854079324
654,-0.9583877104624384,0.2854697819990151,45.36155684436761,11.020497875157417
655,-0.9522948853733996,0.30517937560009495,45.36151836835955,11.020500098724863
656,-0.9448625194894611,0.32746727968459344,45.361501793819784,11.020517012788812
657,-0.9495202655345807,0.31370569860800973,45.36145839139264,11.020527318082248
658,-0.9503516313707235,0.3111780467047836,45.36143289187132,11.020544066233617
659,-0.9612091743793261,0.27582045444276654,45.36138789931268,11.020546502101592
660,-0.9562033364829925,0.29270322734604937,45.36136277624763,11.020561797194762
661,-0.9559830608618505,0.29342185901055073,45.36133831248917,11.020577195343247
662,-0.956429331811434,0.29196392457071463,45.361298502326825,11.020576727322167
663,-0.940192665608418,0.3406431439734808,45.36126480279735,11.020591676308916
664,-0.9525601925326872,0.3043502580943375,45.36123859200847,11.02060214842047
665,-0.9594098517045514,0.2820154897381538,45.3612000741691,11.02061446899466
666,-0.9528213415467688,0.3035316970153461,45.36116562964321,11.02062959080357
667,-0.9548857765176535,0.29697332170462365,45.36113522695514,11.0206378787215
668,-0.9584321459223791,0.28532055948112717,45.361105762612354,11.020646422588305
669,-0.9567520797304184,0.2909045512389228,45.361063240272415,11.020662761262601
670,-0.9610386144206065,0.27641414868367525,45.36104300585019,11.020661062193565
671,-0.9479466811151771,0.3184290969159709,45.36100472250528,11.020674387663993
672,-0.9487357324780649,0.3160704192412028,45.360972814563446,11.020679792997198
673,-0.9549632220279014,0.29672418939831846,45.36094418359793,11.020700587069472
674,-0.9549987312146361,0.29660988415498774,45.36091119883002,11.020707515744153
675,-0.9599781144152529,0.28007502538379875,45.36088151333721,11.020718743989198
676,-0.9493446115356132,0.31423686694640957,45.36085546730704,11.020725752754252
677,-0.9522291795593617,0.3053843309597022,45.360820957695324,11.020738706503584
678,-0.9533946524460181,0.3017260954696104,45.36079166466965,11.020749130786323
679,-0.9596102817796395,0.2813327337918588,45.36074971372281,11.020751164460027
680,-0.96107737310255,0.2762793566488488,45.36071415073911,11.02076050693433
681,-0.9502074566314467,0.3116180183525935,45.36069617049191,11.020775087167133
682,-0.9543675580971749,0.29863449909820444,45.36065746503607,11.020783183953023
683,-0.9556889039705188,0.2943785298346818,45.3606247238788,11.020802714346361
684,-0.9479456223777345,0.31843224870431963,45.36059694880402,11.020812488060956
685,-0.9414183923707605,0.33724087905539085,45.36056121878845,11.02082402116003
686,-0.9587094258350902,0.2843874765438023,45.360521195276085,11.020839530043464
687,-0.9471513449099831,0.32078704748666237,45.36049293665802,11.020848043101896
688,-0.9500703168795501,0.3120358841293598,45.360459639594865,11.020849554435763
689,-0.9559831284639466,0.293421638759457,45.360423294718174,11.020860233730135
690,-0.9588224301082721,0.28400624556736026,45.36040103505575,11.020862585269127
691,-0.9606305764333661,0.27782889630364,45.36036719476453,11.020888303524767
692,-0.9503647124283625,0.3111380937316353,45.360329168996586,11.02089188776076
693,-0.9435871648701318,0.331124239964921,45.36030110263439,11.020912586357246
694,-0.9518516786917943,0.30655893686469676,45.36027178294669,11.020916499607283
695,-0.9584707498801252,0.28519085122813914,45.360233976336296,11.020935504910819
696,-0.9577227240347371,0.2876928637757334,45.360199921589135,11.020939306842383
697,-0.9545814701746252,0.2979500239960571,45.360172010562614,11.02095136245358
698,-0.9521509757533827,0.3056280735990744,45.360139260910586,11.020958514977252
699,-0.9503038599367616,0.31132390494353585,45.360118290748126,11.020980845364152
700,-0.9617927826176896,0.2737784566114024,45.36008266534775,11.020980486412826
701,-0.951389524856649,0.307990214118955,45.360038342901255,11.021000578005168
702,-0.9554786231556931,0.295060333986968,45.36000200425817,11.021002275924358
703,-0.9557897365211708,0.29405098122739004,45.35997522640284,11.021004984615649
704,-0.9425751710172403,0.3339940822556894,45.35994926576362,11.021024654739696
705,-0.9573039788629183,0.2890831922703659,45.35991429064941,11.021034864719352
706,-0.94923989532254,0.3145530497834238,45.35988743127752,11.021042659350146
707,-0.9602790869322702,0.2790413503417109,45.35985223725517,11.021051962787064
708,-0.9476717409482418,0.31924641173884544,45.35982165601736,11.021063207804215
709,-0.9581282277856817,0.2863394822937778,45.35977836728292,11.02108038262772
710,0.12921527565148325,0.991616565280306,45.359752817753105,11.02108437383513
711,0.12835901667750985,0.9917277664952125,45.359749894441215,11.021090938841393
712,0.09202934944612738,0.9957562949037895,45.3597545312537,11.021103356536514
713,0.12831072243263433,0.9917340160087358,45.35974902159647,11.021095948559912
714,0.14223972954665698,0.9898322379769684,45.35975125378798,11.021106756613648
715,0.13267896234228696,0.9911590654137075,45.359760372456236,11.021110868018663
716,0.1355520552415491,0.9907702257939487,45.35974639635614,11.02112272224585
717,0.13383485164199668,0.9910036490780267,45.359767099290956,11.021129521470039
718,0.14979929394752242,0.9887164262481046,45.35975701355327,11.021136857086114
719,0.10716467561001389,0.9942412847500351,45.35975424409282,11.021151007002342
720,0.9437805182983082,-0.3305727352347388,45.35975512077411,11.021149765955753
721,0.9550089139124124,-0.2965770968025591,45.35977447035239,11.021137223869367
722,0.9591759789023414,-0.28280990346297125,45.35982208516715,11.021122737688255
723,0.9608625882112594,-0.27702542586549683,45.35983754895935,11.021112174654752
724,0.9511749345471745,-0.30865230258201254,45.35988310844366,11.021112868195404
725,0.9572921225008266,-0.2891224519089833,45.35992345289452,11.0210973979659
726,0.9520053506577051,-0.30608138185636174,45.359946520891754,11.021083936074074
727,0.9549627883528009,-0.2967255851143335,45.35997892681161,11.02107833499068
728,0.9471246738251563,-0.32086578538633753,45.36001300688096,11.021065675976981
729,0.9531446176632753,-0.30251502081636983,45.36004051292826,11.021056355673945
730,0.9593288264674523,-0.2822909894215201,45.360075825628,11.021048016999096
731,0.9510074515918713,-0.30916795923370605,45.36011804880013,11.021038187195499
732,0.9623083697253393,-0.2719606617813683,45.3601488712854,11.02101812298214
733,0.9593093058012157,-0.2823573193724393,45.360176996158636,11.021018217270633
734,0.9585166165862357,-0.2850366568146548,45.36020915232592,11.020992918900413
735,0.9560759126847971,-0.2931191723240433,45.36024252480936,11.020984694625762
736,0.953831128966511,-0.3003434324477082,45.36027692626627,11.020976739990358
737,0.9559131125888748,-0.29364965721187075,45.36030530039847,11.020964493822213
738,0.9617642966128704,-0.2738785091253979,45.36032977037053,11.020954861699432
739,0.9574208747235452,-0.28869580641845405,45.36036487820476,11.020941383150827
740,0.9582061267181491,-0.2860786932293324,45.36038993459124,11.020921380278745
741,0.9565677117014103,-0.29151022783142194,45.36042935344325,11.02092295911796
742,0.9642381824190435,-0.2650372192074531,45.36045665954126,11.020899744617958
743,0.9712344762470009,-0.2381251606807098,45.360495216911985,11.02089111780136
744,0.9652260043851107,-0.26141683277622774,45.36053205062156,11.020884074170452
745,0.9675995922528916,-0.2524896613171278,45.3605543606425,11.02086115554075
746,0.9660954337509209,-0.25818522979756214,45.36057624331659,11.020839004273702
747,0.9647903213872712,-0.26302021929396613,45.360610671340325,11.020834115529526
748,0.9737128041871703,-0.2277792241666421,45.36064273079214,11.02081305854356
749,0.9794024783897642,-0.20191776871783065,45.36066890842065,11.020804520154588
750,0.9737756423242623,-0.22751043583970018,45.36069741683913,11.020785052034151
751,0.9656071704837231,-0.2600053697722763,45.36073872036665,11.020768922220697
752,0.9687062629897252,-0.24820994348430417,45.36077347668509,11.020752186783833
753,0.9677569789288131,-0.2518857473827705,45.36079861581168,11.020738510532226
754,0.9774885318753124,-0.21098855431574093,45.360827621419695,11.020715067771153
755,0.9815463033673912,-0.19122461752036327,45.3608556197695,11.020710016712531
756,0.9786932644908586,-0.2053277722087936,45.36089798757635,11.02070386781458
757,0.9717927566603047,-0.23583646474318978,45.36091945241388,11.020677897292094
758,0.9794830995536559,-0.2015263200893696,45.360961066156655,11.020667018444241
759,0.9795067199515268,-0.20141148321235586,45.36097351600351,11.020650058827925
760,0.9725306420904862,-0.23277489167662962,45.36101668293851,11.020637923660445
761,0.9739707389749309,-0.2266737735615373,45.36104149232145,11.02063026336129
762,0.9750442625605358,-0.2220105539108015,45.36107538804755,11.02061118351306
763,0.9761350705320655,-0.2171642790086792,45.36111051229343,11.02060481136979
764,0.9678984429300834,-0.2513416085201972,45.36113789276709,11.02058136790503
765,0.9775778426565058,-0.21057436108665273,45.36117353782304,11.020581296543497
766,0.9702432817080909,-0.2421321422288131,45.361203967131054,11.020566812955545
767,0.9655983817758071,-0.2600380070527047,45.36123692674547,11.02056096006089
768,0.9683428291444058,-0.24962404780911654,45.361273032842334,11.020557623164141
769,0.9752878987527251,-0.2209378069649786,45.36130398806495,11.020551982338983
770,0.9737844726954378,-0.22747263733747894,45.361345167500104,11.020538906844553
771,0.9727003022882157,-0.23206490886907852,45.36138531306977,11.020533525795008
772,0.9681580459774556,-0.2503397651375327,45.36141157357144,11.020530174213425
773,0.9668511826331879,-0.2553405385770265,45.36144963177181,11.020520185060448
774,0.9678330964171901,-0.2515931189033476,45.36147509454711,11.020515311632101
775,0.960950841253299,-0.27671913684199195,45.36151373049139,11.020515418801832
776,0.9617428102326527,-0.27395395044751525,45.361548356237634,11.020506217745218
777,0.9584524265528457,-0.2852524251167059,45.361575483341404,11.020502518538567
778,0.9560625377166355,-0.293162794322245,45.3616140622556,11.020495257211785
779,0.9627205838911519,-0.27049783243545533,45.36164843232556,11.02049953970927
780,0.962236584900964,-0.27221453796248635,45.36167244567939,11.020486685898101
781,0.9626035206594894,-0.2709141229503475,45.36171097783094,11.020481749107503
782,0.9598046433976989,-0.2806689268733113,45.361748066134844,11.020483935270308
783,0.9582806879582974,-0.2858288352951331,45.36178638663203,11.020468699550943
784,0.9572387579163524,-0.28929908458679726,45.361813824837945,11.020467895824654
785,0.9590962518591996,-0.28308016474072295,45.36185845794795,11.020465334299208
786,0.955138400045751,-0.2961598162446128,45.36188459350102,11.020459577122905
787,0.9599065999205623,-0.28032003037411657,45.36191852192373,11.020451274108579
788,0.9476986061104289,-0.31916665235633573,45.361955960041385,11.02043517799602
789,0.96157192511143,-0.27455315120664436,45.36198704497015,11.020434793023835
790,0.9506218099459787,-0.3103516947835657,45.36201613666332,11.020425798238529
791,0.9555253460360814,-0.2949089911864792,45.36205153087933,11.020418777403627
792,0.9501183866281844,-0.3118894858616687,45.362087787557186,11.0204079623623
793,0.9548211374459564,-0.29718108197933807,45.362115676940114,11.020396461646229
794,0.9593873409476794,-0.2820920594936008,45.362144569788285,11.020388564500198
795,0.9487372314398003,-0.3160659198330988,45.362187004174686,11.020385311740906
796,0.9562921338647181,-0.29241298655918846,45.36220825592218,11.020374466195893
797,0.9438408714986238,-0.33040037725268756,45.362243324995546,11.02036643872882
798,0.9510667052310909,-0.30898563429531356,45.362276504584926,11.02035694792262
799,0.9499880828731275,-0.31228615467074394,45.36230938503497,11.02034472704154
800,0.14262910295622913,0.9897762065183732,45.36234590483485,11.020339781125733
801,0.11295204498177827,0.9936004405868761,45.362343951546386,11.02035057210518
802,0.12819016610429573,0.9917496061578008,45.362352428968535,11.020355414086287
803,0.14125738357967074,0.9899729044697263,45.36234808367089,11.020362263691325
804,0.15955344883330266,0.987189291354702,45.36234496035856,11.020357244362268
805,0.11963069233620537,0.9928184614778072,45.3623542497687,11.02036628451929
806,0.12633973537713575,0.9919870318027526,45.36234427172475,11.020380287376815
807,0.1268004350799309,0.9919282482435613,45.36234602571846,11.020379889339711
808,0.13260348924715668,0.9911691655007632,45.362348302940575,11.020387513614478
809,0.12812242711843627,0.9917583595157043,45.36236053319212,11.020392666094356
810,-0.9525294351070371,0.3044465063926154,45.36235252156892,11.020398954713857
811,-0.9603080489959581,0.2789416624198981,45.36231875308905,11.020409916986875
812,-0.9547896666936553,0.2972821763493713,45.36228721365699,11.020430975727809
813,-0.9570244264389838,0.29000732266467705,45.36226047093621,11.02042142429782
814,-0.9511554963478062,0.3087121989286437,45.362221742636315,11.02044120536126
815,-0.9589015051194335,0.2837391468932074,45.36218806121561,11.02043381181757
816,-0.951275693860042,0.30834161942737437,45.36215806232715,11.020456782228768
817,-0.957702088963339,0.28776154850024127,45.362125569085336,11.020457983756009
818,-0.957077516909117,0.289832066250577,45.36208843459977,11.020474435477105
819,-0.9504474329812085,0.3108853118747026,45.36206021064876,11.020491818036996
820,-0.9522243909582254,0.3053992620558156,45.36202441702023,11.02049790833122
821,-0.9657176385190712,0.259594766228344,45.36198913092565,11.020504202150304
822,-0.9529835052108643,0.3030221754195799,45.36196700548595,11.020514552647453
823,-0.9599218746184497,0.28026771956292323,45.36193168980802,11.020525120647122
824,-0.9540191188170671,0.29974576048963025,45.36189423222912,11.020535491084413
825,-0.9621151673241818,0.2726433655982878,45.36186026738487,11.020547988132725
826,-0.940502059075846,0.33978798812508615,45.36182668936534,11.020555324443478
827,-0.9616116826389535,0.2744138695698173,45.361804686903156,11.020570329791774
828,-0.9544314459428235,0.2984302514750997,45.36177021986732,11.020569858513312
829,-0.9468278176222971,0.3217407089203948,45.361739499819855,11.020587518686524
830,-0.946635539424091,0.3223059966852314,45.36170394796731,11.020591085709812
831,-0.9550901163708498,0.29631548999456053,45.361667432816034,11.0206132759371
832,-0.9493616688072857,0.3141853303377571,45.361638297299905,11.020620688282033
833,-0.9511668432948642,0.3086772363108158,45.36160596958544,11.020630599459773
834,-0.949716776622779,0.31311027482540166,45.36157437750842,11.020636808405209
835,-0.9505793604284137,0.3104816895205059,45.36153217744909,11.020649970514045
836,-0.9505288960641752,0.3106361500968945,45.36150647641847,11.020656936889159
837,-0.949577560605826,0.31353222544722387,45.3614763258244,11.020662140893911
838,-0.9606642898106595,0.27771230128062574,45.361438053652904,11.020673217029696
839,-0.9562443713239318,0.2925691410783071,45.3614034203977,11.020679749131698
840,-0.9548096325118131,0.2972180439721932,45.36137805468952,11.020698820932596
841,-0.9483615438773577,0.3171913966275797,45.361337466443366,11.020701839874423
842,-0.9546175333926032,0.2978344589523214,45.36130835715956,11.020713504239941
843,-0.953718088778777,0.30070219010868027,45.361275694116145,11.020739721075293
844,-0.9533895568322769,0.30174219612635345,45.361244542503194,11.02073239780882
845,-0.953699090038596,0.30076244057321055,45.36121222857643,11.020746590365924
846,-0.946943339039459,0.32140054861309775,45.36118582435337,11.020754371003088
847,-0.9613029628002406,0.2754934004862533,45.36115857275372,11.020764996556489
848,-0.9502362254324814,0.31153028083290757,45.36112167144285,11.020780827544531
849,-0.9557704710685776,0.2941135947781899,45.36108201390641,11.020789833703049
850,-0.9474205170096638,0.31999119354935607,45.36105311888705,11.020794313421872
851,-0.9469520351302831,0.32137492615730784,45.361018649725764,11.020793821633632
852,-0.9576200209124808,0.288034538810157,45.36097846019936,11.020818468055767
853,-0.955858642139748,0.29382691545662915,45.36095750183626,11.020828927510236
854,-0.9538498380638074,0.30028400960698576,45.36092237350279,11.0208317775937
855,-0.9495328857568014,0.31366749730624155,45.36089070156304,11.020845475020623
856,-0.955513740021977,0.2949465928421854,45.360848583277495,11.020845561937076
857,-0.9506104037263426,0.3103866303938362,45.36081698081809,11.020868540028319
858,-0.9528336815982795,0.30349295743372434,45.36079472295856,11.02087508891254
859,-0.9560974310808834,0.2930489759076722,45.360771641505806,11.020883767928048
860,-0.9586657567853342,0.28453464950195884,45.36072847903136,11.020895750447446
861,-0.95940384852274,0.28203591161367264,45.360695986348674,11.02090461578001
862,-0.9444833490452226,0.3285592844165575,45.36065843786302,11.020912920804166
863,-0.9578891350054602,0.2871383029804475,45.360632579863726,11.020929261939589
864,-0.9491183016923548,0.3149197507185288,45.36059895767982,11.020929468681073
865,-0.9523208780033952,0.30509825518813216,45.360566623240466,11.020946718256589
866,-0.955436646053434,0.2951962319850391,45.36053550223913,11.020941518644449
867,-0.9640422949465807,0.2657488542856392,45.36049249026709,11.020961456471559
868,-0.9572743775271806,0.289181199475258,45.360478762083254,11.020962549441172
869,-0.9581018344201135,0.28642778301137845,45.36043032266387,11.02097516577892
870,-0.9580018754967329,0.28676193356989055,45.36040007950068,11.020993062997725
871,-0.958499359126095,0.28509468349105566,45.360372862528344,11.0210028279502
872,-0.9484633222822555,0.31688692981141753,45.3603314665362,11.021009527810188
873,-0.9442267942445716,0.329295856382402,45.360298105917906,11.021017729302827
874,-0.9490574075138077,0.31510321680866776,45.36027385955636,11.021033655722189
875,-0.9604371835172039,0.2784967082705663,45.36024983787559,11.021046749417449
876,-0.9540672419682451,0.29959255298339105,45.36020109196721,11.021055598673279
877,-0.9525401625739942,0.3044129410578805,45.36017563224053,11.021066401470371
878,-0.9644018809138495,0.26444094253694783,45.36014961676738,11.021070563312902
879,-0.954507605406132,0.29818657116284053,45.36010808231369,11.021073101371927
880,-0.9545726621929331,0.2979782418128821,45.36007683002427,11.021092093710763
881,-0.9557275206793628,0.2942531328908462,45.36003866167974,11.021105471037096
882,-0.9517014292611815,0.3070250633779338,45.36002243237934,11.021112044388348
883,-0.9559854344747227,0.2934141255498371,45.35997797913794,11.021123024321847
884,-0.9437919048379915,0.33054022502908137,45.35994012747637,11.021141336625396
885,-0.9563871266298137,0.292102146545979,45.359910796219225,11.021135541034068
886,-0.9576659854056829,0.28788167777224444,45.359872807755515,11.02114997272515
887,-0.9467245912055144,0.3220443267731191,45.35984777647074,11.021158294414867
888,-0.950060396338345,0.3120660880477512,45.35981243907145,11.021176113004726
889,-0.9551009777088597,0.2962804792415125,45.35979098831926,11.021183199459271
890,0.14850218010453514,0.9889120802701321,45.35975233375062,11.021188169202606
891,0.10583985074988063,0.9943831887120995,45.35975133388535,11.021195811979066
892,0.13234073998074988,0.9912042819426011,45.35974899372009,11.021199466400677
893,0.13872976426509578,0.9903302744574413,45.3597604901669,11.021191518092104
894,0.13499040387307779,0.9908469058649693,45.35975942276681,11.021209569207652
895,0.11586779893377669,0.9932646440754055,45.35975444251448,11.021208621095465
896,0.10263005311666182,0.9947195947588804,45.359754213722226,11.02122700811581
897,0.14823818865819083,0.9889516871027313,45.35975625565666,11.02123266406546
898,0.13736496926561348,0.9905205021697718,45.35977119222268,11.021240507505915
899,0.12647730232874183,0.991969501545105,45.35976223246037,11.021246441406412
