,Sin,Cosin,Lat,Lon
0,0.9537169507482269,0.30070579950427306,45.3596665575,11.020597651
1,0.955040636077442,0.2964749288570535,45.35970224362839,11.020582242603467
2,0.955040636077442,0.2964749288570535,45.359745391096176,11.020570547008484
3,0.955040636077442,0.2964749288570535,45.35977282729454,11.020566540036787
4,0.955040636077442,0.2964749288570535,45.359802983813196,11.020550483452789
5,0.955040636077442,0.2964749288570535,45.35984280650283,11.020541331466402
6,0.955040636077442,0.2964749288570535,45.35986659064869,11.02053451425902
7,0.955040636077442,0.2964749288570535,45.35990679578056,11.020531158907009
8,0.955040636077442,0.2964749288570535,45.35994432123834,11.020511223155879
9,0.955040636077442,0.2964749288570535,45.35998491661823,11.020506686928792
10,0.955040636077442,0.2964749288570535,45.36001157765662,11.020496289289659
11,0.955040636077442,0.2964749288570535,45.36004775593903,11.020477084167217
12,0.955040636077442,0.2964749288570535,45.3600832232357,11.020474635917436
13,0.955040636077442,0.2964749288570535,45.360116356752656,11.020455630902031
14,0.955040636077442,0.2964749288570535,45.36015202436305,11.02045152047125
15,0.955040636077442,0.2964749288570535,45.36019082165984,11.020443950659882
16,0.955040636077442,0.2964749288570535,45.360228564022,11.020437336138924
17,0.955040636077442,0.2964749288570535,45.36025360995509,11.020421826190294
18,0.955040636077442,0.2964749288570535,45.36029283923898,11.02039827693517
19,0.955040636077442,0.2964749288570535,45.360321716481415,11.020391202184276
20,0.955040636077442,0.2964749288570535,45.360360746728155,11.020380574572739
21,0.955040636077442,0.2964749288570535,45.36038781110779,11.020377991099494
22,0.955040636077442,0.2964749288570535,45.36042325536096,11.02036265455767
23,0.955040636077442,0.2964749288570535,45.36046225092586,11.020352388774231
24,0.955040636077442,0.2964749288570535,45.360504039335765,11.020338794812819
25,0.955040636077442,0.2964749288570535,45.36053130901978,11.02032910413799
26,0.955040636077442,0.2964749288570535,45.36056430985261,11.020327907736648
27,0.955040636077442,0.2964749288570535,45.360600841645045,11.020319339997206
28,0.955040636077442,0.2964749288570535,45.36063246961574,11.020291190970692
29,0.955040636077442,0.2964749288570535,45.36066956648185,11.02029466885872
30,0.955040636077442,0.2964749288570535,45.360696491931215,11.020273667607372
31,0.955040636077442,0.2964749288570535,45.360738725519646,11.020278750113297
32,0.955040636077442,0.2964749288570535,45.360768956671855,11.020262743089846
33,0.955040636077442,0.2964749288570535,45.36080365117955,11.02023045670971
34,0.955040636077442,0.2964749288570535,45.36084125587719,11.020227875880657
35,0.955040636077442,0.2964749288570535,45.360864655169806,11.020220858520346
36,0.955040636077442,0.2964749288570535,45.36090165568455,11.020209774875871
37,0.955040636077442,0.2964749288570535,45.36094630620009,11.02019386574246
38,0.955040636077442,0.2964749288570535,45.36096681632514,11.020192573784675
39,0.955040636077442,0.2964749288570535,45.36101619703318,11.020180294767867
40,0.955040636077442,0.2964749288570535,45.36104082351018,11.02016778592738
41,0.955040636077442,0.2964749288570535,45.36107301601225,11.020162454853745
42,0.955040636077442,0.2964749288570535,45.36111033319467,11.02014817904582
43,0.955040636077442,0.2964749288570535,45.36114935609849,11.020136014301023
44,0.955040636077442,0.2964749288570535,45.36118707984056,11.02012163789754
45,0.955040636077442,0.2964749288570535,45.361220849556474,11.020117369156713
46,0.955040636077442,0.2964749288570535,45.3612494435244,11.020109394379002
47,0.955040636077442,0.2964749288570535,45.36128842213811,11.020098887594678
48,0.955040636077442,0.2964749288570535,45.36131685929255,11.020088455766674
49,0.955040636077442,0.2964749288570535,45.36135752737418,11.020071983977807
50,0.955040636077442,0.2964749288570535,45.36139181228589,11.02005543742111
51,0.955040636077442,0.2964749288570535,45.36143438489653,11.02005967657683
52,0.955040636077442,0.2964749288570535,45.36145792476962,11.020036007715888
53,0.955040636077442,0.2964749288570535,45.36149296924162,11.02002233873582
54,0.955040636077442,0.2964749288570535,45.36153213742224,11.020024436482903
55,0.955040636077442,0.2964749288570535,45.36157002729377,11.020010400802814
56,0.955040636077442,0.2964749288570535,45.36159004220434,11.019999852190798
57,0.955040636077442,0.2964749288570535,45.36163681537521,11.01998724918701
58,0.955040636077442,0.2964749288570535,45.36166541061519,11.019985609209481
59,0.955040636077442,0.2964749288570535,45.36170776569787,11.01996441253004
60,0.955040636077442,0.2964749288570535,45.36173140305791,11.019961753886642
61,0.955040636077442,0.2964749288570535,45.361761322004604,11.019944430270321
62,0.955040636077442,0.2964749288570535,45.361807232207276,11.01993807777725
63,0.955040636077442,0.2964749288570535,45.36183713922458,11.019918276952227
64,0.955040636077442,0.2964749288570535,45.361874143884954,11.019912845960782
65,0.955040636077442,0.2964749288570535,45.36190334635701,11.019906995024447
66,0.955040636077442,0.2964749288570535,45.36195957308757,11.019894673749524
67,0.955040636077442,0.2964749288570535,45.3619893075264,11.019884805931442
68,0.955040636077442,0.2964749288570535,45.36201070399095,11.019865730864712
69,0.955040636077442,0.2964749288570535,45.36205177572616,11.019855431212585
70,0.955040636077442,0.2964749288570535,45.362080275422905,11.019846548520837
71,0.955040636077442,0.2964749288570535,45.36211279300771,11.019837960536156
72,0.955040636077442,0.2964749288570535,45.36216014321708,11.019827723033247
73,0.955040636077442,0.2964749288570535,45.362178838369076,11.019811200146025
74,0.955040636077442,0.2964749288570535,45.36221905016306,11.019798901999566
75,0.955040636077442,0.2964749288570535,45.36225589,11.01979384
76,0.1871863868101744,0.9823244151465196,45.36225409389267,11.019800860265835
77,0.1871863868101744,0.9823244151465196,45.3622521946364,11.01980054997157
78,0.1871863868101744,0.9823244151465196,45.36226541145696,11.019808348031964
79,0.1871863868101744,0.9823244151465196,45.36226444813153,11.019817041294283
80,0.1871863868101744,0.9823244151465196,45.36225111147715,11.019815251206982
81,0.1871863868101744,0.9823244151465196,45.36226059988046,11.01981987792459
82,0.1871863868101744,0.9823244151465196,45.36226803949317,11.019832877612611
83,0.1871863868101744,0.9823244151465196,45.36225362075539,11.01982450691562
84,0.1871863868101744,0.9823244151465196,45.36225886666047,11.019829874995752
85,0.1871863868101744,0.9823244151465196,45.362266203778205,11.019835871900574
86,0.1871863868101744,0.9823244151465196,45.362272098185905,11.019846144206271
87,0.1871863868101744,0.9823244151465196,45.362270513355305,11.019852092865525
88,0.1871863868101744,0.9823244151465196,45.362280358784616,11.019845529200255
89,0.1871863868101744,0.9823244151465196,45.36226747,11.01985461
90,-0.954287848765298,0.29888911271389534,45.36223937263682,11.019868033614058
91,-0.954287848765298,0.29888911271389534,45.36221144101093,11.019872889783013
92,-0.954287848765298,0.29888911271389534,45.36216542949039,11.019877980831312
93,-0.954287848765298,0.29888911271389534,45.36213537899135,11.019903524757476
94,-0.954287848765298,0.29888911271389534,45.362102421046195,11.019897918965574
95,-0.954287848765298,0.29888911271389534,45.36206964441176,11.019916040658043
96,-0.954287848765298,0.29888911271389534,45.36204501772304,11.019927576383202
97,-0.954287848765298,0.29888911271389534,45.36201246357936,11.019934891812438
98,-0.954287848765298,0.29888911271389534,45.36197310053027,11.019947019965917
99,-0.954287848765298,0.29888911271389534,45.36194897140549,11.019955367777634
100,-0.954287848765298,0.29888911271389534,45.36190904627526,11.019968528231646
101,-0.954287848765298,0.29888911271389534,45.361876232646885,11.01997370445478
102,-0.954287848765298,0.29888911271389534,45.361845114863684,11.019993660700019
103,-0.954287848765298,0.29888911271389534,45.36181783455843,11.019994296720949
104,-0.954287848765298,0.29888911271389534,45.361784761961076,11.02001127453885
105,-0.954287848765298,0.29888911271389534,45.36175263246203,11.020018365617052
106,-0.954287848765298,0.29888911271389534,45.36171957716866,11.020026496767485
107,-0.954287848765298,0.29888911271389534,45.361681942665136,11.020031769933246
108,-0.954287848765298,0.29888911271389534,45.361654973431435,11.020042073746636
109,-0.954287848765298,0.29888911271389534,45.36161822464111,11.020056100055067
110,-0.954287848765298,0.29888911271389534,45.36158069341974,11.02007172326786
111,-0.954287848765298,0.29888911271389534,45.361560409897514,11.020079905833581
112,-0.954287848765298,0.29888911271389534,45.36152188032969,11.020078810031475
113,-0.954287848765298,0.29888911271389534,45.36149246812281,11.020096434334612
114,-0.954287848765298,0.29888911271389534,45.36145649355155,11.02010627724602
115,-0.954287848765298,0.29888911271389534,45.361423673769856,11.02011227298478
116,-0.954287848765298,0.29888911271389534,45.36139691894502,11.020127866803987
117,-0.954287848765298,0.29888911271389534,45.361358931206794,11.02013063012455
118,-0.954287848765298,0.29888911271389534,45.361327927444044,11.020143424692233
119,-0.954287848765298,0.29888911271389534,45.36129585548116,11.020158631397573
120,-0.954287848765298,0.29888911271389534,45.361264649721264,11.020164387746513
121,-0.954287848765298,0.29888911271389534,45.36122766157781,11.02017801365307
122,-0.954287848765298,0.29888911271389534,45.3612023344538,11.020190519490264
123,-0.954287848765298,0.29888911271389534,45.36116860670875,11.020203645872135
124,-0.954287848765298,0.29888911271389534,45.361140255407776,11.020209166932515
125,-0.954287848765298,0.29888911271389534,45.361108404633335,11.020213657894645
126,-0.954287848765298,0.29888911271389534,45.3610735932892,11.020234932300008
127,-0.954287848765298,0.29888911271389534,45.36104202557888,11.020244030388197
128,-0.954287848765298,0.29888911271389534,45.3610048383772,11.020249897030471
129,-0.954287848765298,0.29888911271389534,45.360972161596834,11.02025693053584
130,-0.954287848765298,0.29888911271389534,45.36094065553308,11.020274413710936
131,-0.954287848765298,0.29888911271389534,45.360915288050315,11.02027648915343
132,-0.954287848765298,0.29888911271389534,45.36087621409228,11.020284708126526
133,-0.954287848765298,0.29888911271389534,45.36084591777569,11.020287624637543
134,-0.954287848765298,0.29888911271389534,45.36081228907747,11.020310354537363
135,-0.954287848765298,0.29888911271389534,45.36078811862827,11.020317414961875
136,-0.954287848765298,0.29888911271389534,45.3607504783467,11.020339843557982
137,-0.954287848765298,0.29888911271389534,45.3607134231875,11.020345924907812
138,-0.954287848765298,0.29888911271389534,45.36068901398391,11.020350308748895
139,-0.954287848765298,0.29888911271389534,45.360651229920805,11.020365572679504
140,-0.954287848765298,0.29888911271389534,45.360609801137194,11.020372438697319
141,-0.954287848765298,0.29888911271389534,45.36059279874431,11.020387092563324
142,-0.954287848765298,0.29888911271389534,45.36055071147664,11.020390734821873
143,-0.954287848765298,0.29888911271389534,45.36052259022983,11.020399293272035
144,-0.954287848765298,0.29888911271389534,45.36048924359114,11.020411062186442
145,-0.954287848765298,0.29888911271389534,45.36046233043111,11.020419264590704
146,-0.954287848765298,0.29888911271389534,45.360423687399084,11.020426671309222
147,-0.954287848765298,0.29888911271389534,45.36038897924798,11.020437695375572
148,-0.954287848765298,0.29888911271389534,45.360353839889946,11.020443805861241
149,-0.954287848765298,0.29888911271389534,45.360323023386194,11.02046187009204
150,-0.954287848765298,0.29888911271389534,45.36029120825645,11.020474627100425
151,-0.954287848765298,0.29888911271389534,45.36026708468902,11.020482486669753
152,-0.954287848765298,0.29888911271389534,45.36023265301294,11.020492149419901
153,-0.954287848765298,0.29888911271389534,45.36020507968364,11.02050098580217
154,-0.954287848765298,0.29888911271389534,45.36016414092958,11.020515307210742
155,-0.954287848765298,0.29888911271389534,45.36012531652555,11.020525379022422
156,-0.954287848765298,0.29888911271389534,45.36009205363211,11.020532871650294
157,-0.954287848765298,0.29888911271389534,45.36006760714663,11.02054407948254
158,-0.954287848765298,0.29888911271389534,45.360036108547284,11.020550952831762
159,-0.954287848765298,0.29888911271389534,45.36000426084358,11.020561097132132
160,-0.954287848765298,0.29888911271389534,45.35997465710898,11.020576850757564
161,-0.954287848765298,0.29888911271389534,45.35993961388622,11.020595095930071
162,-0.954287848765298,0.29888911271389534,45.35990280401722,11.020587931151901
163,-0.954287848765298,0.29888911271389534,45.35988678666332,11.020608724650716
164,-0.954287848765298,0.29888911271389534,45.359840228089816,11.02060293239631
165,-0.954287848765298,0.29888911271389534,45.359801441419506,11.02062022433961
166,-0.954287848765298,0.29888911271389534,45.35978271413941,11.020637216538892
167,-0.954287848765298,0.29888911271389534,45.359744813533595,11.02064363527363
168,-0.954287848765298,0.29888911271389534,45.35971045060496,11.020647231632244
169,-0.954287848765298,0.29888911271389534,45.35967972,11.02066511
170,0.18092866714612515,0.9834962213474573,45.359684768486915,11.020668373325366
171,0.18092866714612515,0.9834962213474573,45.35968433128808,11.02067699336561
172,0.18092866714612515,0.9834962213474573,45.35968326811806,11.020677443879505
173,0.18092866714612515,0.9834962213474573,45.359688880725635,11.020683579569686
174,0.18092866714612515,0.9834962213474573,45.359679516936865,11.020677886286656
175,0.18092866714612515,0.9834962213474573,45.359682218645915,11.020690930956556
176,0.18092866714612515,0.9834962213474573,45.35968709418935,11.02069783846649
177,0.18092866714612515,0.9834962213474573,45.359694257246325,11.020701778604213
178,0.18092866714612515,0.9834962213474573,45.35968437539628,11.020705364059419
179,0.18092866714612515,0.9834962213474573,45.35969076677198,11.020714744849137
180,0.18092866714612515,0.9834962213474573,45.35970150119108,11.020723195263816
181,0.18092866714612515,0.9834962213474573,45.35969581540305,11.020721723215637
182,0.18092866714612515,0.9834962213474573,45.359699243348544,11.020734192725987
183,0.18092866714612515,0.9834962213474573,45.35969087267784,11.020728250516466
184,0.18092866714612515,0.9834962213474573,45.359692500784256,11.020733177148811
185,0.18092866714612515,0.9834962213474573,45.35969351,11.02074007
186,0.9528471844721362,0.30345056111914304,45.359720641342534,11.020742571695466
187,0.9528471844721362,0.30345056111914304,45.35975369772541,11.02071886823322
188,0.9528471844721362,0.30345056111914304,45.359778298763565,11.020713145684315
189,0.9528471844721362,0.30345056111914304,45.3598182658558,11.020701776003978
190,0.9528471844721362,0.30345056111914304,45.35983932773202,11.020698955985319
191,0.9528471844721362,0.30345056111914304,45.35988256432672,11.020682299717805
192,0.9528471844721362,0.30345056111914304,45.3599113973089,11.02067597021574
193,0.9528471844721362,0.30345056111914304,45.35993956825919,11.020664097197493
194,0.9528471844721362,0.30345056111914304,45.35997380493707,11.020647233396122
195,0.9528471844721362,0.30345056111914304,45.35999742118644,11.02063425972998
196,0.9528471844721362,0.30345056111914304,45.36003583567541,11.020626744935633
197,0.9528471844721362,0.30345056111914304,45.36005622779955,11.02062007877062
198,0.9528471844721362,0.30345056111914304,45.360096748713126,11.020623131286515
199,0.9528471844721362,0.30345056111914304,45.36012051297491,11.020603371191648
200,0.9528471844721362,0.30345056111914304,45.36015418262976,11.020589747180342
201,0.9528471844721362,0.30345056111914304,45.36018769856729,11.020583985510173
202,0.9528471844721362,0.30345056111914304,45.36021226245799,11.020570782280005
203,0.9528471844721362,0.30345056111914304,45.36024633548858,11.02056417297573
204,0.9528471844721362,0.30345056111914304,45.360274185500465,11.020556019366891
205,0.9528471844721362,0.30345056111914304,45.36030655707186,11.020548364623533
206,0.9528471844721362,0.30345056111914304,45.36033510320282,11.020535197372261
207,0.9528471844721362,0.30345056111914304,45.360367032534704,11.020525096663917
208,0.9528471844721362,0.30345056111914304,45.36040426041235,11.020519126026036
209,0.9528471844721362,0.30345056111914304,45.360421181594404,11.020514197885877
210,0.9528471844721362,0.30345056111914304,45.36046465515185,11.020493065396236
211,0.9528471844721362,0.30345056111914304,45.36048721320987,11.020486101189245
212,0.9528471844721362,0.30345056111914304,45.3605280676742,11.020471332866094
213,0.9528471844721362,0.30345056111914304,45.360550838967285,11.020456287151609
214,0.9528471844721362,0.30345056111914304,45.36057653927613,11.020449007915767
215,0.9528471844721362,0.30345056111914304,45.36061601976718,11.020445778943818
216,0.9528471844721362,0.30345056111914304,45.36064387969433,11.020440944601022
217,0.9528471844721362,0.30345056111914304,45.36067351006547,11.020421027032956
218,0.9528471844721362,0.30345056111914304,45.3607057940824,11.020423626749372
219,0.9528471844721362,0.30345056111914304,45.36073770179209,11.020414597066392
220,0.9528471844721362,0.30345056111914304,45.36077027490491,11.020397828735883
221,0.9528471844721362,0.30345056111914304,45.36079730233238,11.020394037856866
222,0.9528471844721362,0.30345056111914304,45.36083013829456,11.02037454248747
223,0.9528471844721362,0.30345056111914304,45.36085980615484,11.020363507053917
224,0.9528471844721362,0.30345056111914304,45.36088403537265,11.020354497987984
225,0.9528471844721362,0.30345056111914304,45.3609171301514,11.020348690786964
226,0.9528471844721362,0.30345056111914304,45.360950462364904,11.020326716457092
227,0.9528471844721362,0.30345056111914304,45.36097972104186,11.020331667188687
228,0.9528471844721362,0.30345056111914304,45.36101248624733,11.020324765372944
229,0.9528471844721362,0.30345056111914304,45.36104559269506,11.020308786539644
230,0.9528471844721362,0.30345056111914304,45.36107407369494,11.02030164309117
231,0.9528471844721362,0.30345056111914304,45.36110633926269,11.020283993954385
232,0.9528471844721362,0.30345056111914304,45.361131006608105,11.02028640851187
233,0.9528471844721362,0.30345056111914304,45.36117128763994,11.02026771109832
234,0.9528471844721362,0.30345056111914304,45.361193563907975,11.020257236831858
235,0.9528471844721362,0.30345056111914304,45.361228662096515,11.02024315388894
236,0.9528471844721362,0.30345056111914304,45.36126089522144,11.020239529705659
237,0.9528471844721362,0.30345056111914304,45.36129414122494,11.020236474218818
238,0.9528471844721362,0.30345056111914304,45.361322021300836,11.020215891253953
239,0.9528471844721362,0.30345056111914304,45.36133738483667,11.020206200714384
240,0.9528471844721362,0.30345056111914304,45.36138129004264,11.020197313305133
241,0.9528471844721362,0.30345056111914304,45.361414269479184,11.020187430822196
242,0.9528471844721362,0.30345056111914304,45.36144130550584,11.020179947590666
243,0.9528471844721362,0.30345056111914304,45.36147644281007,11.020166037730293
244,0.9528471844721362,0.30345056111914304,45.36150172817516,11.020157859057198
245,0.9528471844721362,0.30345056111914304,45.36153039339117,11.020147534916603
246,0.9528471844721362,0.30345056111914304,45.36155324137579,11.020155245950319
247,0.9528471844721362,0.30345056111914304,45.361594271746014,11.020129745282583
248,0.9528471844721362,0.30345056111914304,45.36162513770023,11.020116977024374
249,0.9528471844721362,0.30345056111914304,45.36166066475579,11.020114231270634
250,0.9528471844721362,0.30345056111914304,45.36167970337853,11.020105625424742
251,0.9528471844721362,0.30345056111914304,45.361727535681936,11.020093322885996
252,0.9528471844721362,0.30345056111914304,45.361754798821735,11.020088440129294
253,0.9528471844721362,0.30345056111914304,45.36177542514761,11.02007015499722
254,0.9528471844721362,0.30345056111914304,45.36181828122486,11.020063397883638
255,0.9528471844721362,0.30345056111914304,45.361849026161295,11.020062268001947
256,0.9528471844721362,0.30345056111914304,45.36187390536336,11.020043127239221
257,0.9528471844721362,0.30345056111914304,45.36189901101991,11.020037566520173
258,0.9528471844721362,0.30345056111914304,45.36193474150593,11.020022841979113
259,0.9528471844721362,0.30345056111914304,45.361958400571545,11.020014273860427
260,0.9528471844721362,0.30345056111914304,45.361996471349336,11.020010915959668
261,0.9528471844721362,0.30345056111914304,45.362023511345996,11.019991145529612
262,0.9528471844721362,0.30345056111914304,45.36205678818004,11.019989078181311
263,0.9528471844721362,0.30345056111914304,45.362096734168674,11.019975251849512
264,0.9528471844721362,0.30345056111914304,45.36210875753161,11.019966412393977
265,0.9528471844721362,0.30345056111914304,45.362153745821765,11.019950500976737
266,0.9528471844721362,0.30345056111914304,45.362175093417925,11.019945437559723
267,0.9528471844721362,0.30345056111914304,45.36220110750155,11.019941368218227
268,0.9528471844721362,0.30345056111914304,45.36224042203926,11.019929613555083
269,0.9528471844721362,0.30345056111914304,45.36227073,11.01991931
270,0.2108778085845649,0.9775124295100148,45.36228194899589,11.019925567754646
271,0.2108778085845649,0.9775124295100148,45.362279291526924,11.019926047703278
272,0.2108778085845649,0.9775124295100148,45.362285132290395,11.019943614191124
273,0.2108778085845649,0.9775124295100148,45.36227981996111,11.019936730813459
274,0.2108778085845649,0.9775124295100148,45.3622722882593,11.019942490833653
275,0.2108778085845649,0.9775124295100148,45.362272910180636,11.019955954725097
276,0.2108778085845649,0.9775124295100148,45.36227877196543,11.019955519035111
277,0.2108778085845649,0.9775124295100148,45.362280957659436,11.019970250744885
278,0.2108778085845649,0.9775124295100148,45.362275878952076,11.019975386437931
279,0.2108778085845649,0.9775124295100148,45.362280547184,11.019976169993948
280,0.2108778085845649,0.9775124295100148,45.36227970619365,11.019984172383545
281,0.2108778085845649,0.9775124295100148,45.36228152893686,11.019987106521482
282,0.2108778085845649,0.9775124295100148,45.36228557,11.0199881
283,-0.9544055299292257,0.29851312272748404,45.3622565905786,11.019988909029962
284,-0.9544055299292257,0.29851312272748404,45.362222316445305,11.020008146598526
285,-0.9544055299292257,0.29851312272748404,45.362187772415446,11.020015516143202
286,-0.9544055299292257,0.29851312272748404,45.362162052590136,11.020019500627368
287,-0.9544055299292257,0.29851312272748404,45.362124636157645,11.020030640425889
288,-0.9544055299292257,0.29851312272748404,45.36209587089508,11.020049577904565
289,-0.9544055299292257,0.29851312272748404,45.36206307304118,11.02005670548846
290,-0.9544055299292257,0.29851312272748404,45.36202848496111,11.020062196655314
291,-0.9544055299292257,0.29851312272748404,45.361989355240155,11.020077130965356
292,-0.9544055299292257,0.29851312272748404,45.36196006620025,11.020078375329238
293,-0.9544055299292257,0.29851312272748404,45.361929345805194,11.02009588429436
294,-0.9544055299292257,0.29851312272748404,45.36190227827196,11.020108371066668
295,-0.9544055299292257,0.29851312272748404,45.36185549919631,11.02011248013364
296,-0.9544055299292257,0.29851312272748404,45.36182906585156,11.02013680296421
297,-0.9544055299292257,0.29851312272748404,45.361789177414025,11.020146098552594
298,-0.9544055299292257,0.29851312272748404,45.36175621735979,11.020149655927286
299,-0.9544055299292257,0.29851312272748404,45.3617372634149,11.020156695297086
300,-0.9544055299292257,0.29851312272748404,45.36170797301149,11.0201692381915
301,-0.9544055299292257,0.29851312272748404,45.36167275393945,11.020172527435234
302,-0.9544055299292257,0.29851312272748404,45.36164070676878,11.02020045597399
303,-0.9544055299292257,0.29851312272748404,45.36160898686542,11.020203479550544
304,-0.9544055299292257,0.29851312272748404,45.36157077859969,11.02021432368264
305,-0.9544055299292257,0.29851312272748404,45.36152981892001,11.020221003904288
306,-0.9544055299292257,0.29851312272748404,45.36150998933441,11.020231024858111
307,-0.9544055299292257,0.29851312272748404,45.361481881615326,11.020239577709338
308,-0.9544055299292257,0.29851312272748404,45.361444235905786,11.020253340717655
309,-0.9544055299292257,0.29851312272748404,45.361407035290334,11.020250105250074
310,-0.9544055299292257,0.29851312272748404,45.361389885429205,11.020266874842335
311,-0.9544055299292257,0.29851312272748404,45.36134486268768,11.02027818696955
312,-0.9544055299292257,0.29851312272748404,45.36131994751583,11.020289100779976
313,-0.9544055299292257,0.29851312272748404,45.3612827001116,11.020312112258717
314,-0.9544055299292257,0.29851312272748404,45.3612509849527,11.020302037186697
315,-0.9544055299292257,0.29851312272748404,45.36122118812356,11.020314618295284
316,-0.9544055299292257,0.29851312272748404,45.36118257675546,11.02032976966919
317,-0.9544055299292257,0.29851312272748404,45.36115416164944,11.020340296161926
318,-0.9544055299292257,0.29851312272748404,45.36111729599852,11.020348148211777
319,-0.9544055299292257,0.29851312272748404,45.36108739069569,11.020366581701147
320,-0.9544055299292257,0.29851312272748404,45.36104911318045,11.020369528952278
321,-0.9544055299292257,0.29851312272748404,45.36102833489287,11.020382974805988
322,-0.9544055299292257,0.29851312272748404,45.36099899181106,11.020389369426562
323,-0.9544055299292257,0.29851312272748404,45.360963831921566,11.020397887540827
324,-0.9544055299292257,0.29851312272748404,45.360924898754895,11.02041111893446
325,-0.9544055299292257,0.29851312272748404,45.36089402018402,11.02042145166245
326,-0.9544055299292257,0.29851312272748404,45.36085718966072,11.020435281965316
327,-0.9544055299292257,0.29851312272748404,45.3608267550415,11.020441029258716
328,-0.9544055299292257,0.29851312272748404,45.360800067553306,11.020463938613862
329,-0.9544055299292257,0.29851312272748404,45.36076529738399,11.020458637332153
330,-0.9544055299292257,0.29851312272748404,45.360727421937185,11.020474702947824
331,-0.9544055299292257,0.29851312272748404,45.360703040997926,11.02047317557002
332,-0.9544055299292257,0.29851312272748404,45.360669568755654,11.02050509656955
333,-0.9544055299292257,0.29851312272748404,45.360642453686,11.020510748739813
334,-0.9544055299292257,0.29851312272748404,45.36060794488984,11.020516037443178
335,-0.9544055299292257,0.29851312272748404,45.360570139855675,11.020525881211988
336,-0.9544055299292257,0.29851312272748404,45.36053598767134,11.020535011102185
337,-0.9544055299292257,0.29851312272748404,45.36050843216445,11.020547673055802
338,-0.9544055299292257,0.29851312272748404,45.36046437033504,11.02055320022015
339,-0.9544055299292257,0.29851312272748404,45.36043671877097,11.02056787191308
340,-0.9544055299292257,0.29851312272748404,45.360413919481026,11.0205747393011
341,-0.9544055299292257,0.29851312272748404,45.360379659220854,11.020591519290827
342,-0.9544055299292257,0.29851312272748404,45.36034784521945,11.020590056720376
343,-0.9544055299292257,0.29851312272748404,45.360317765060095,11.02060473598279
344,-0.9544055299292257,0.29851312272748404,45.360288269255456,11.020609270838333
345,-0.9544055299292257,0.29851312272748404,45.36024735790431,11.020624268669168
346,-0.9544055299292257,0.29851312272748404,45.360228868609,11.020630507880057
347,-0.9544055299292257,0.29851312272748404,45.360186178315864,11.020646665231142
348,-0.9544055299292257,0.29851312272748404,45.36015358146383,11.02065509898286
349,-0.9544055299292257,0.29851312272748404,45.36011943804207,11.020676207429958
350,-0.9544055299292257,0.29851312272748404,45.360092387707546,11.02067666488394
351,-0.9544055299292257,0.29851312272748404,45.36005887323467,11.020682331894932
352,-0.9544055299292257,0.29851312272748404,45.36002838105405,11.020698520665697
353,-0.9544055299292257,0.29851312272748404,45.35999795633703,11.02070744206535
354,-0.9544055299292257,0.29851312272748404,45.35996288768529,11.020726659347853
355,-0.9544055299292257,0.29851312272748404,45.359928739085575,11.020732787377574
356,-0.9544055299292257,0.29851312272748404,45.35988455800498,11.020745975363576
357,-0.9544055299292257,0.29851312272748404,45.35985855763317,11.020743560794926
358,-0.9544055299292257,0.29851312272748404,45.359828398225766,11.020744284689243
359,-0.9544055299292257,0.29851312272748404,45.35980366785157,11.020771162314375
360,-0.9544055299292257,0.29851312272748404,45.359754635116474,11.020779557786229
361,-0.9544055299292257,0.29851312272748404,45.35972521511498,11.020787029431133
362,-0.9544055299292257,0.29851312272748404,45.35970006,11.02079678
363,0.18563850809759755,0.9826181070544641,45.35969773116196,11.020798484193698
364,0.18563850809759755,0.9826181070544641,45.35970089402931,11.0208120948553
365,0.18563850809759755,0.9826181070544641,45.35971114185837,11.020808053601025
366,0.18563850809759755,0.9826181070544641,45.35970167988021,11.020812949367516
367,0.18563850809759755,0.9826181070544641,45.359706629003654,11.020824943163195
368,0.18563850809759755,0.9826181070544641,45.35971391289498,11.020833536202279
369,0.18563850809759755,0.9826181070544641,45.35971219153731,11.020842944258122
370,0.18563850809759755,0.9826181070544641,45.35971411041952,11.020849935962652
371,0.18563850809759755,0.9826181070544641,45.35971623279086,11.020857248944528
372,0.18563850809759755,0.9826181070544641,45.359701614443836,11.020857622636141
373,0.18563850809759755,0.9826181070544641,45.35970919035328,11.02086616709813
374,0.18563850809759755,0.9826181070544641,45.35971850584952,11.020872806222236
375,0.18563850809759755,0.9826181070544641,45.35971575,11.02087983
376,0.9539872079080639,0.29984730638739515,45.35974433507585,11.020868308181031
377,0.9539872079080639,0.29984730638739515,45.35979277112954,11.020864484680548
378,0.9539872079080639,0.29984730638739515,45.35982367554807,11.020852947329093
379,0.9539872079080639,0.29984730638739515,45.359847278632,11.020842680326451
380,0.9539872079080639,0.29984730638739515,45.35987576965288,11.020815817462221
381,0.9539872079080639,0.29984730638739515,45.35991737517138,11.020815521332267
382,0.9539872079080639,0.29984730638739515,45.35994800754865,11.020798574498725
383,0.9539872079080639,0.29984730638739515,45.359995148166234,11.020785436669847
384,0.9539872079080639,0.29984730638739515,45.36002768174837,11.020778692914439
385,0.9539872079080639,0.29984730638739515,45.360064173449615,11.020760945166515
386,0.9539872079080639,0.29984730638739515,45.360100175942385,11.020762019150695
387,0.9539872079080639,0.29984730638739515,45.36012629824634,11.020757206138459
388,0.9539872079080639,0.29984730638739515,45.36016388028198,11.020741086988167
389,0.9539872079080639,0.29984730638739515,45.36019668661986,11.020730971022472
390,0.9539872079080639,0.29984730638739515,45.36023019561793,11.02071721135086
391,0.9539872079080639,0.29984730638739515,45.36026421978002,11.02069711505944
392,0.9539872079080639,0.29984730638739515,45.36030202027376,11.020693839803561
393,0.9539872079080639,0.29984730638739515,45.360335880572826,11.020680596133513
394,0.9539872079080639,0.29984730638739515,45.36037202791633,11.020674347309404
395,0.9539872079080639,0.29984730638739515,45.360415783256094,11.020669219053316
396,0.9539872079080639,0.29984730638739515,45.36044332864481,11.020642113505595
397,0.9539872079080639,0.29984730638739515,45.36047549276521,11.020641840422192
398,0.9539872079080639,0.29984730638739515,45.360499670901575,11.020631553696164
399,0.9539872079080639,0.29984730638739515,45.36054287817864,11.020623744287404
400,0.9539872079080639,0.29984730638739515,45.36058973568385,11.02061066149804
401,0.9539872079080639,0.29984730638739515,45.36062060204705,11.020595123795143
402,0.9539872079080639,0.29984730638739515,45.360644257043226,11.020597703534222
403,0.9539872079080639,0.29984730638739515,45.360681397267555,11.020578424496309
404,0.9539872079080639,0.29984730638739515,45.36071683528567,11.020565172665659
405,0.9539872079080639,0.29984730638739515,45.36074152706607,11.020558053152588
406,0.9539872079080639,0.29984730638739515,45.36078443145656,11.020539546082226
407,0.9539872079080639,0.29984730638739515,45.360827736703456,11.020540737313334
408,0.9539872079080639,0.29984730638739515,45.360861163929165,11.020512154971602
409,0.9539872079080639,0.29984730638739515,45.36088950956536,11.020518543793084
410,0.9539872079080639,0.29984730638739515,45.360920533830885,11.020502418710256
411,0.9539872079080639,0.29984730638739515,45.36097014983851,11.02048626436834
412,0.9539872079080639,0.29984730638739515,45.36098751446809,11.020473446818333
413,0.9539872079080639,0.29984730638739515,45.36102467302709,11.020469257805637
414,0.9539872079080639,0.29984730638739515,45.36105315587029,11.02046432253593
415,0.9539872079080639,0.29984730638739515,45.361100496999235,11.020450380461629
416,0.9539872079080639,0.29984730638739515,45.36112148296153,11.020440463395868
417,0.9539872079080639,0.29984730638739515,45.361159621071565,11.020428522215209
418,0.9539872079080639,0.29984730638739515,45.361191700288444,11.020408946217081
419,0.9539872079080639,0.29984730638739515,45.361226610764845,11.02040115540187
420,0.9539872079080639,0.29984730638739515,45.361265650800696,11.020389286244432
421,0.9539872079080639,0.29984730638739515,45.361305491524206,11.020377333505847
422,0.9539872079080639,0.29984730638739515,45.36132834775348,11.020379118288343
423,0.9539872079080639,0.29984730638739515,45.361376495749994,11.02035554283352
424,0.9539872079080639,0.29984730638739515,45.36140554216054,11.020342515613756
425,0.9539872079080639,0.29984730638739515,45.3614316497677,11.020331764441053
426,0.9539872079080639,0.29984730638739515,45.36147344746791,11.020330626164572
427,0.9539872079080639,0.29984730638739515,45.36150497486654,11.020322901074202
428,0.9539872079080639,0.29984730638739515,45.36154776159597,11.020308871858315
429,0.9539872079080639,0.29984730638739515,45.36157660852645,11.020294395899723
430,0.9539872079080639,0.29984730638739515,45.36161232282792,11.020282087506763
431,0.9539872079080639,0.29984730638739515,45.361653561563294,11.020264570365544
432,0.9539872079080639,0.29984730638739515,45.36167865543425,11.02026632677544
433,0.9539872079080639,0.29984730638739515,45.36171568435579,11.020257338258691
434,0.9539872079080639,0.29984730638739515,45.3617462971306,11.02023652635147
435,0.9539872079080639,0.29984730638739515,45.361778198432994,11.020231729037008
436,0.9539872079080639,0.29984730638739515,45.36182183363845,11.020213749794433
437,0.9539872079080639,0.29984730638739515,45.36186100799139,11.020206269274253
438,0.9539872079080639,0.29984730638739515,45.36188767357421,11.02019579241184
439,0.9539872079080639,0.29984730638739515,45.361920586492566,11.020173467279314
440,0.9539872079080639,0.29984730638739515,45.361959486668866,11.020176258015702
441,0.9539872079080639,0.29984730638739515,45.36199559493783,11.020163679350842
442,0.9539872079080639,0.29984730638739515,45.362031265597565,11.020156469258229
443,0.9539872079080639,0.29984730638739515,45.36206032909068,11.020138122182532
444,0.9539872079080639,0.29984730638739515,45.362096710617955,11.020130589624609
445,0.9539872079080639,0.29984730638739515,45.36213021787438,11.020120521420107
446,0.9539872079080639,0.29984730638739515,45.3621710233299,11.020123261936423
447,0.9539872079080639,0.29984730638739515,45.36219868358626,11.020101642760219
448,0.9539872079080639,0.29984730638739515,45.36224340559536,11.020084983900425
449,0.9539872079080639,0.29984730638739515,45.36227251271675,11.020080679142293
450,0.9539872079080639,0.29984730638739515,45.36230304,11.02006662
451,0.05017981546841942,0.9987401995111418,45.3623026958928,11.020079272245605
452,0.05017981546841942,0.9987401995111418,45.36230655736482,11.020075429564155
453,0.05017981546841942,0.9987401995111418,45.36229742979285,11.020074906984043
454,0.05017981546841942,0.9987401995111418,45.36230219285588,11.020081301157576
455,0.05017981546841942,0.9987401995111418,45.36230609684496,11.020087954201925
456,0.05017981546841942,0.9987401995111418,45.36230281103269,11.020094731412835
457,0.05017981546841942,0.9987401995111418,45.362310237295034,11.02010306691379
458,0.05017981546841942,0.9987401995111418,45.36230800421054,11.02010090981848
459,0.05017981546841942,0.9987401995111418,45.36230984081988,11.020110025842266
460,0.05017981546841942,0.9987401995111418,45.36230698247949,11.020107612342262
461,0.05017981546841942,0.9987401995111418,45.36230857483501,11.020113574600304
462,0.05017981546841942,0.9987401995111418,45.36230583,11.02012215
463,-0.9547295369557065,0.2974752279843521,45.36227446383192,11.020134698819314
464,-0.9547295369557065,0.2974752279843521,45.36223353065576,11.020146768264963
465,-0.9547295369557065,0.2974752279843521,45.36221010442607,11.020146743407523
466,-0.9547295369557065,0.2974752279843521,45.36216879086883,11.020162665847279
467,-0.9547295369557065,0.2974752279843521,45.36213736271384,11.020173985173233
468,-0.9547295369557065,0.2974752279843521,45.36211128855417,11.02018130010166
469,-0.9547295369557065,0.2974752279843521,45.3620712286229,11.020198137653328
470,-0.9547295369557065,0.2974752279843521,45.36203423917743,11.020207987967153
471,-0.9547295369557065,0.2974752279843521,45.36200340517558,11.020222487981385
472,-0.9547295369557065,0.2974752279843521,45.361971490649196,11.020236184447587
473,-0.9547295369557065,0.2974752279843521,45.36193384229861,11.020239668971817
474,-0.9547295369557065,0.2974752279843521,45.361903498800565,11.020247748353968
475,-0.9547295369557065,0.2974752279843521,45.36185774222753,11.02025067880969
476,-0.9547295369557065,0.2974752279843521,45.36182973683321,11.020266382221772
477,-0.9547295369557065,0.2974752279843521,45.36180204076105,11.020270696663049
478,-0.9547295369557065,0.2974752279843521,45.361765839306585,11.020293967101846
479,-0.9547295369557065,0.2974752279843521,45.36172752860082,11.020294315570288
480,-0.9547295369557065,0.2974752279843521,45.361697646899145,11.020311297607668
481,-0.9547295369557065,0.2974752279843521,45.36166417502451,11.020319848436966
482,-0.9547295369557065,0.2974752279843521,45.361621796048354,11.020334357333635
483,-0.9547295369557065,0.2974752279843521,45.361594307225594,11.020334091626188
484,-0.9547295369557065,0.2974752279843521,45.36156716959626,11.020350047467407
485,-0.9547295369557065,0.2974752279843521,45.36152953863652,11.02035845791664
486,-0.9547295369557065,0.2974752279843521,45.36148811168814,11.020369973812818
487,-0.9547295369557065,0.2974752279843521,45.36146654828467,11.020386350602978
488,-0.9547295369557065,0.2974752279843521,45.36142445752066,11.02039062447541
489,-0.9547295369557065,0.2974752279843521,45.36139578847124,11.020412769446189
490,-0.9547295369557065,0.2974752279843521,45.36136399142587,11.020411117020874
491,-0.9547295369557065,0.2974752279843521,45.36132913435794,11.020433913606082
492,-0.9547295369557065,0.2974752279843521,45.36129238444131,11.020432461716414
493,-0.9547295369557065,0.2974752279843521,45.3612558837649,11.020447069918854
494,-0.9547295369557065,0.2974752279843521,45.36122848966243,11.020456281734146
495,-0.9547295369557065,0.2974752279843521,45.36118765713585,11.020468861269853
496,-0.9547295369557065,0.2974752279843521,45.36115666502328,11.020480794953551
497,-0.9547295369557065,0.2974752279843521,45.36112489769762,11.020484594892915
498,-0.9547295369557065,0.2974752279843521,45.361089644945324,11.020507556004022
499,-0.9547295369557065,0.2974752279843521,45.361054138889344,11.020510325569896
500,-0.9547295369557065,0.2974752279843521,45.361025154803876,11.02051450817339
501,-0.9547295369557065,0.2974752279843521,45.36099711364699,11.020534339751475
502,-0.9547295369557065,0.2974752279843521,45.3609588924046,11.020537322234006
503,-0.9547295369557065,0.2974752279843521,45.36093149772864,11.020549668761806
504,-0.9547295369557065,0.2974752279843521,45.36089186805227,11.020550571604824
505,-0.9547295369557065,0.2974752279843521,45.36085581453971,11.020575408338326
506,-0.9547295369557065,0.2974752279843521,45.36082068535977,11.020578697677777
507,-0.9547295369557065,0.2974752279843521,45.3607877346936,11.02059742676753
508,-0.9547295369557065,0.2974752279843521,45.3607549761375,11.020606275724118
509,-0.9547295369557065,0.2974752279843521,45.360727644846826,11.020615116983251
510,-0.9547295369557065,0.2974752279843521,45.36068838616898,11.02062943769803
511,-0.9547295369557065,0.2974752279843521,45.36065105422178,11.020631055981875
512,-0.9547295369557065,0.2974752279843521,45.360625101529905,11.020644985496892
513,-0.9547295369557065,0.2974752279843521,45.3605940974868,11.02065596746672
514,-0.9547295369557065,0.2974752279843521,45.3605536142154,11.020670086466568
515,-0.9547295369557065,0.2974752279843521,45.3605184615506,11.020673257484022
516,-0.9547295369557065,0.2974752279843521,45.36047771077082,11.020689537773348
517,-0.9547295369557065,0.2974752279843521,45.360460235101186,11.020689112379863
518,-0.9547295369557065,0.2974752279843521,45.36041924675429,11.020696394629859
519,-0.9547295369557065,0.2974752279843521,45.360397447677286,11.020719047981846
520,-0.9547295369557065,0.2974752279843521,45.36034539028726,11.020721639451386
521,-0.9547295369557065,0.2974752279843521,45.36031814755052,11.020740002073241
522,-0.9547295369557065,0.2974752279843521,45.36028932929032,11.020750764870018
523,-0.9547295369557065,0.2974752279843521,45.36025436442086,11.020760306298795
524,-0.9547295369557065,0.2974752279843521,45.36021810979414,11.02077489221191
525,-0.9547295369557065,0.2974752279843521,45.360186209357174,11.020771091307465
526,-0.9547295369557065,0.2974752279843521,45.360146117906204,11.02079135043999
527,-0.9547295369557065,0.2974752279843521,45.36012085886656,11.020806844184708
528,-0.9547295369557065,0.2974752279843521,45.36009258160615,11.020817859263076
529,-0.9547295369557065,0.2974752279843521,45.36004706073927,11.020830279065631
530,-0.9547295369557065,0.2974752279843521,45.36001649203444,11.020837971519233
531,-0.9547295369557065,0.2974752279843521,45.359983675838016,11.020850973223922
532,-0.9547295369557065,0.2974752279843521,45.359956537412586,11.020858445775097
533,-0.9547295369557065,0.2974752279843521,45.3599147976323,11.020871841805318
534,-0.9547295369557065,0.2974752279843521,45.35988055876922,11.020871505340615
535,-0.9547295369557065,0.2974752279843521,45.359836327739984,11.020885482283374
536,-0.9547295369557065,0.2974752279843521,45.35980811057237,11.020895859401168
537,-0.9547295369557065,0.2974752279843521,45.35977256701661,11.020901697559102
538,-0.9547295369557065,0.2974752279843521,45.35973484937063,11.020923140968478
539,-0.9547295369557065,0.2974752279843521,45.35971167,11.02093044
540,0.158371280329442,0.9873796319384015,45.359716450829396,11.020925455949255
541,0.158371280329442,0.9873796319384015,45.3597121996,11.020943480039403
542,0.158371280329442,0.9873796319384015,45.359720165315274,11.02094921444643
543,0.158371280329442,0.9873796319384015,45.359711023152265,11.02094857792382
544,0.158371280329442,0.9873796319384015,45.359705765860745,11.020956858975426
545,0.158371280329442,0.9873796319384015,45.35972110221197,11.020946133231082
546,0.158371280329442,0.9873796319384015,45.359724061961145,11.020953435244648
547,0.158371280329442,0.9873796319384015,45.35971122589183,11.020958444699309
548,0.158371280329442,0.9873796319384015,45.359721894267054,11.020965784498168
549,0.158371280329442,0.9873796319384015,45.35972172589694,11.020973969333031
550,0.158371280329442,0.9873796319384015,45.3597135459082,11.020956990255469
551,0.158371280329442,0.9873796319384015,45.359720865558316,11.020974611963108
552,0.158371280329442,0.9873796319384015,45.35971985754005,11.020981720013697
553,0.158371280329442,0.9873796319384015,45.35971931321534,11.020985370074497
554,0.158371280329442,0.9873796319384015,45.359717768493425,11.020992458884708
555,0.158371280329442,0.9873796319384015,45.35971806850032,11.0210013402652
556,0.158371280329442,0.9873796319384015,45.359720616821626,11.020997795632876
557,0.158371280329442,0.9873796319384015,45.359718552515844,11.021006029755343
558,0.158371280329442,0.9873796319384015,45.35972416,11.02100831
559,0.9551369713188397,0.29616442396053255,45.359757702904496,11.021001395180274
560,0.9551369713188397,0.29616442396053255,45.359791078077,11.020985579699605
561,0.9551369713188397,0.29616442396053255,45.35982825065077,11.020977855088338
562,0.9551369713188397,0.29616442396053255,45.3598502767337,11.02096072745491
563,0.9551369713188397,0.29616442396053255,45.359882974826135,11.020947168054002
564,0.9551369713188397,0.29616442396053255,45.359933251084954,11.020943134163584
565,0.9551369713188397,0.29616442396053255,45.35995337679906,11.020934465980758
566,0.9551369713188397,0.29616442396053255,45.35998770934618,11.020924673808175
567,0.9551369713188397,0.29616442396053255,45.36002326020092,11.020915529539156
568,0.9551369713188397,0.29616442396053255,45.36006045644676,11.020907347266194
569,0.9551369713188397,0.29616442396053255,45.36009567536071,11.020897933466593
570,0.9551369713188397,0.29616442396053255,45.36013803475881,11.020872178160062
571,0.9551369713188397,0.29616442396053255,45.36015841913676,11.020882645327873
572,0.9551369713188397,0.29616442396053255,45.36019790682524,11.02085743571243
573,0.9551369713188397,0.29616442396053255,45.36022624100119,11.020856102163318
574,0.9551369713188397,0.29616442396053255,45.36026478932299,11.020835387324713
575,0.9551369713188397,0.29616442396053255,45.360300636824576,11.020826967873472
576,0.9551369713188397,0.29616442396053255,45.3603261364905,11.020827345925445
577,0.9551369713188397,0.29616442396053255,45.36036622989984,11.020809529210158
578,0.9551369713188397,0.29616442396053255,45.3603990398394,11.020807408029539
579,0.9551369713188397,0.29616442396053255,45.360426391780194,11.020780005535132
580,0.9551369713188397,0.29616442396053255,45.360466652145725,11.020779190851941
581,0.9551369713188397,0.29616442396053255,45.36051084847549,11.020759572396196
582,0.9551369713188397,0.29616442396053255,45.36053186245072,11.020768134365488
583,0.9551369713188397,0.29616442396053255,45.3605622705468,11.020741789215819
584,0.9551369713188397,0.29616442396053255,45.36060371333461,11.02073692578131
585,0.9551369713188397,0.29616442396053255,45.360643186275645,11.020725726270511
586,0.9551369713188397,0.29616442396053255,45.360663968030074,11.020709385129328
587,0.9551369713188397,0.29616442396053255,45.360706427160046,11.020700986679167
588,0.9551369713188397,0.29616442396053255,45.360736742373234,11.020694153196773
589,0.9551369713188397,0.29616442396053255,45.36076938158627,11.020683708415483
590,0.9551369713188397,0.29616442396053255,45.3608097930893,11.020672437102338
591,0.9551369713188397,0.29616442396053255,45.36083575087992,11.020663918308903
592,0.9551369713188397,0.29616442396053255,45.36087279580599,11.020649022840518
593,0.9551369713188397,0.29616442396053255,45.36090366097939,11.020644518054237
594,0.9551369713188397,0.29616442396053255,45.36094905622738,11.020628874921734
595,0.9551369713188397,0.29616442396053255,45.36096640924288,11.020614391709458
596,0.9551369713188397,0.29616442396053255,45.36100451635951,11.020600344546082
597,0.9551369713188397,0.29616442396053255,45.36105218940155,11.020594932994166
598,0.9551369713188397,0.29616442396053255,45.36107233033415,11.020583557649191
599,0.9551369713188397,0.29616442396053255,45.3611107069748,11.02058926201375
600,0.9551369713188397,0.29616442396053255,45.36113496794575,11.02056495974409
601,0.9551369713188397,0.29616442396053255,45.361182570403784,11.02057056203832
602,0.9551369713188397,0.29616442396053255,45.36119831786387,11.020543231296026
603,0.9551369713188397,0.29616442396053255,45.361251367185886,11.020536032855436
604,0.9551369713188397,0.29616442396053255,45.36127705883677,11.020530331045586
605,0.9551369713188397,0.29616442396053255,45.36130747474917,11.020519242537906
606,0.9551369713188397,0.29616442396053255,45.36133689535364,11.020512900787013
607,0.9551369713188397,0.29616442396053255,45.36138399033866,11.020492825429372
608,0.9551369713188397,0.29616442396053255,45.36141421660502,11.020476713949135
609,0.9551369713188397,0.29616442396053255,45.36144070960101,11.020471788268713
610,0.9551369713188397,0.29616442396053255,45.361475647949234,11.020459430090837
611,0.9551369713188397,0.29616442396053255,45.36150992243979,11.020452812902374
612,0.9551369713188397,0.29616442396053255,45.36154802440596,11.020439982959333
613,0.9551369713188397,0.29616442396053255,45.361571518595994,11.02043120238968
614,0.9551369713188397,0.29616442396053255,45.36161959269139,11.020416324294787
615,0.9551369713188397,0.29616442396053255,45.36164944767078,11.020409091046075
616,0.9551369713188397,0.29616442396053255,45.36167184664155,11.020397941022374
617,0.9551369713188397,0.29616442396053255,45.36171113387868,11.020390432889632
618,0.9551369713188397,0.29616442396053255,45.361750153216185,11.020377715098277
619,0.9551369713188397,0.29616442396053255,45.361785012995995,11.020370867429314
620,0.9551369713188397,0.29616442396053255,45.361822648369,11.020360402520623
621,0.9551369713188397,0.29616442396053255,45.361858581775046,11.020348277442682
622,0.9551369713188397,0.29616442396053255,45.361878331853006,11.020335212182001
623,0.9551369713188397,0.29616442396053255,45.36191998067368,11.02033192537133
624,0.9551369713188397,0.29616442396053255,45.36195953003909,11.020316525690559
625,0.9551369713188397,0.29616442396053255,45.361987167739805,11.02030674139719
626,0.9551369713188397,0.29616442396053255,45.36201669025145,11.020295756478374
627,0.9551369713188397,0.29616442396053255,45.362051194057564,11.020280980722037
628,0.9551369713188397,0.29616442396053255,45.36208212090874,11.020273546025136
629,0.9551369713188397,0.29616442396053255,45.362130763836774,11.020267375146993
630,0.9551369713188397,0.29616442396053255,45.362162736911465,11.020255918118288
631,0.9551369713188397,0.29616442396053255,45.362186144985934,11.020244848134855
632,0.9551369713188397,0.29616442396053255,45.36222077999428,11.020233913952492
633,0.9551369713188397,0.29616442396053255,45.362262328807994,11.020227765656797
634,0.9551369713188397,0.29616442396053255,45.362289107121086,11.020217404595472
635,0.9551369713188397,0.29616442396053255,45.36232427,11.02020208
636,0.096011835949402,0.9953801923675321,45.3623266883114,11.020210397216058
637,0.096011835949402,0.9953801923675321,45.36233124449611,11.020208258201345
638,0.096011835949402,0.9953801923675321,45.36232730723014,11.020216513153155
639,0.096011835949402,0.9953801923675321,45.362323041757136,11.020207914548728
640,0.096011835949402,0.9953801923675321,45.36232810512177,11.020229454088513
641,0.096011835949402,0.9953801923675321,45.36232275273593,11.020210900501018
642,0.096011835949402,0.9953801923675321,45.36232566720402,11.020233144346259
643,0.096011835949402,0.9953801923675321,45.3623239615054,11.020233792800916
644,0.096011835949402,0.9953801923675321,45.36232336834171,11.020240585853829
645,0.096011835949402,0.9953801923675321,45.36234250593441,11.020248912887217
646,0.096011835949402,0.9953801923675321,45.36232511444687,11.020244381786764
647,0.096011835949402,0.9953801923675321,45.36232762460175,11.020245769757965
648,0.096011835949402,0.9953801923675321,45.36232928,11.02025402
649,-0.9517694449728636,0.30681415159025344,45.362295681211585,11.020265778775668
650,-0.9517694449728636,0.30681415159025344,45.36226509108863,11.020274429191474
651,-0.9517694449728636,0.30681415159025344,45.36223297156648,11.020281805126928
652,-0.9517694449728636,0.30681415159025344,45.36219780709674,11.020300325172322
653,-0.9517694449728636,0.30681415159025344,45.36216295172865,11.020309710976422
654,-0.9517694449728636,0.30681415159025344,45.362126772500744,11.02031433438486
655,-0.9517694449728636,0.30681415159025344,45.362094880639944,11.020331799291178
656,-0.9517694449728636,0.30681415159025344,45.36206722718747,11.020332039328201
657,-0.9517694449728636,0.30681415159025344,45.362031282966626,11.020347317064482
658,-0.9517694449728636,0.30681415159025344,45.361999524538305,11.020363172034722
659,-0.9517694449728636,0.30681415159025344,45.36197241811012,11.020370492463412
660,-0.9517694449728636,0.30681415159025344,45.36193650935167,11.020381196871917
661,-0.9517694449728636,0.30681415159025344,45.361903014911945,11.020392089343142
662,-0.9517694449728636,0.30681415159025344,45.361860775602366,11.020397647824202
663,-0.9517694449728636,0.30681415159025344,45.36182965181568,11.020416533729795
664,-0.9517694449728636,0.30681415159025344,45.36180651103841,11.020421998029244
665,-0.9517694449728636,0.30681415159025344,45.36177375735283,11.020433716126313
666,-0.9517694449728636,0.30681415159025344,45.36172460159687,11.020444389871534
667,-0.9517694449728636,0.30681415159025344,45.36169756060235,11.020454931355118
668,-0.9517694449728636,0.30681415159025344,45.36166576142062,11.020461130999166
669,-0.9517694449728636,0.30681415159025344,45.361638786880896,11.020477263974378
670,-0.9517694449728636,0.30681415159025344,45.3615978165206,11.020491304238206
671,-0.9517694449728636,0.30681415159025344,45.36156744786586,11.020503570101802
672,-0.9517694449728636,0.30681415159025344,45.36153333237651,11.020512591936896
673,-0.9517694449728636,0.30681415159025344,45.36149843230796,11.020519297660066
674,-0.9517694449728636,0.30681415159025344,45.3614675837251,11.020530760997977
675,-0.9517694449728636,0.30681415159025344,45.36143039541057,11.020534860387087
676,-0.9517694449728636,0.30681415159025344,45.36139916480523,11.020548200052316
677,-0.9517694449728636,0.30681415159025344,45.36136589377573,11.020564593553642
678,-0.9517694449728636,0.30681415159025344,45.36133716939707,11.020574797895643
679,-0.9517694449728636,0.30681415159025344,45.36130597313092,11.020584159403194
680,-0.9517694449728636,0.30681415159025344,45.361265677316396,11.020596054778276
681,-0.9517694449728636,0.30681415159025344,45.36123908412182,11.020605252794562
682,-0.9517694449728636,0.30681415159025344,45.361200504205875,11.02061506322452
683,-0.9517694449728636,0.30681415159025344,45.36116827136051,11.0206286409645
684,-0.9517694449728636,0.30681415159025344,45.361140594709155,11.020638431516845
685,-0.9517694449728636,0.30681415159025344,45.36110879825524,11.020654089330788
686,-0.9517694449728636,0.30681415159025344,45.361066981029836,11.020668335323807
687,-0.9517694449728636,0.30681415159025344,45.361049230303436,11.020674427166451
688,-0.9517694449728636,0.30681415159025344,45.36100267946306,11.020688694273062
689,-0.9517694449728636,0.30681415159025344,45.36097489386802,11.020693765811378
690,-0.9517694449728636,0.30681415159025344,45.36093410961026,11.020698564312234
691,-0.9517694449728636,0.30681415159025344,45.36091104239681,11.020709097105923
692,-0.9517694449728636,0.30681415159025344,45.36087387057772,11.020728343320604
693,-0.9517694449728636,0.30681415159025344,45.36083660807954,11.020739979772316
694,-0.9517694449728636,0.30681415159025344,45.36080330525757,11.02074010147191
695,-0.9517694449728636,0.30681415159025344,45.36078217596757,11.020758265587002
696,-0.9517694449728636,0.30681415159025344,45.36073849284318,11.020764182340239
697,-0.9517694449728636,0.30681415159025344,45.36070756188147,11.020781845400446
698,-0.9517694449728636,0.30681415159025344,45.36067594355984,11.020785161156905
699,-0.9517694449728636,0.30681415159025344,45.36064219437832,11.020804009171188
700,-0.9517694449728636,0.30681415159025344,45.360607151474035,11.020808665133101
701,-0.9517694449728636,0.30681415159025344,45.36058266083792,11.020813914016228
702,-0.9517694449728636,0.30681415159025344,45.36054545823763,11.02082951977217
703,-0.9517694449728636,0.30681415159025344,45.360513025097745,11.020842353876148
704,-0.9517694449728636,0.30681415159025344,45.36047156818003,11.020849219918848
705,-0.9517694449728636,0.30681415159025344,45.36043651031874,11.020860226429718
706,-0.9517694449728636,0.30681415159025344,45.36040078252322,11.020881332309026
707,-0.9517694449728636,0.30681415159025344,45.36037700241243,11.020882408888015
708,-0.9517694449728636,0.30681415159025344,45.36034436762214,11.020891103320912
709,-0.9517694449728636,0.30681415159025344,45.36031271784087,11.02089965551047
710,-0.9517694449728636,0.30681415159025344,45.36028264725185,11.0209137374514
711,-0.9517694449728636,0.30681415159025344,45.360245546068626,11.020922964389273
712,-0.9517694449728636,0.30681415159025344,45.360214406357265,11.020940125637583
713,-0.9517694449728636,0.30681415159025344,45.36018141490571,11.020939176971176
714,-0.9517694449728636,0.30681415159025344,45.36015728306025,11.020952957471469
715,-0.9517694449728636,0.30681415159025344,45.360115875619684,11.020965947124424
716,-0.9517694449728636,0.30681415159025344,45.36007971996878,11.020983904679873
717,-0.9517694449728636,0.30681415159025344,45.36004904857291,11.020991317320789
718,-0.9517694449728636,0.30681415159025344,45.360011492145254,11.021000874313582
719,-0.9517694449728636,0.30681415159025344,45.359973172273186,11.021017266930818
720,-0.9517694449728636,0.30681415159025344,45.35994554411137,11.021016306662524
721,-0.9517694449728636,0.30681415159025344,45.35991958691957,11.021035554842047
722,-0.9517694449728636,0.30681415159025344,45.35988460887848,11.021043849659712
723,-0.9517694449728636,0.30681415159025344,45.35984467576182,11.021063672665216
724,-0.9517694449728636,0.30681415159025344,45.35981675482607,11.021057908241785
725,-0.9517694449728636,0.30681415159025344,45.35977487990527,11.021077302782007
726,-0.9517694449728636,0.30681415159025344,45.35974926,11.02108572
727,0.08350296661483732,0.9965075286050383,45.359745370167644,11.021094108257904
728,0.08350296661483732,0.9965075286050383,45.3597436087079,11.021087458781864
729,0.08350296661483732,0.9965075286050383,45.35975712644099,11.021091752745937
730,0.08350296661483732,0.9965075286050383,45.35974805951644,11.021104530077883
731,0.08350296661483732,0.9965075286050383,45.35974916106853,11.021110333739367
732,0.08350296661483732,0.9965075286050383,45.35975087827608,11.021115799640544
733,0.08350296661483732,0.9965075286050383,45.359755475322345,11.021115039735294
734,0.08350296661483732,0.9965075286050383,45.35974934499962,11.021123247946425
735,0.08350296661483732,0.9965075286050383,45.35975721868614,11.0211284802205
736,0.08350296661483732,0.9965075286050383,45.359759989105854,11.021122210932452
737,0.08350296661483732,0.9965075286050383,45.35976616264097,11.021136069856409
738,0.08350296661483732,0.9965075286050383,45.359754427315714,11.021139147659339
739,0.08350296661483732,0.9965075286050383,45.359768241225005,11.021146741984094
740,0.08350296661483732,0.9965075286050383,45.359749879462015,11.021148323062514
