,Sin,Cosin,Lat,Lon
0,0.9525407532956511,-0.30441109262139837,45.35966593675186,11.0205933734303
1,0.9557660842345914,-0.2941278501381259,45.35970046176442,11.020580304816455
2,0.9530146061809484,-0.3029243476608838,45.3597371338489,11.020571922996897
3,0.9435683166624627,-0.3311779458097515,45.35976462049613,11.020566827280696
4,0.9666801954581977,-0.25598710848185424,45.3598018206108,11.020554618238322
5,0.9575940479198206,-0.288120876349723,45.359830587977676,11.020544372573228
6,0.9586851218686064,-0.28446939573137775,45.35986560650774,11.020538816824937
7,0.9583040123779965,-0.2857506253015605,45.359901468700514,11.020522086561197
8,0.944090962452935,-0.32968508400394886,45.35992441250615,11.020504045287352
9,0.949082656569838,-0.31502715914399954,45.35995462797117,11.020506253718
10,0.9595093531536851,-0.28167676725388036,45.35998650803537,11.020487582953892
11,0.9647516411080346,-0.263162062196195,45.360027303837356,11.020479411388804
12,0.9518706085345009,-0.3065001543362726,45.36004372212144,11.020467222597992
13,0.9544716051370448,-0.298301785088714,45.36007936122923,11.020456687254734
14,0.9533385168269972,-0.3019034155721017,45.360123270497894,11.02045405211536
15,0.95431114767139,-0.29881471421286193,45.36014888401647,11.020444610001071
16,0.9557300844313381,-0.2942448057534192,45.36019149529388,11.020432781424285
17,0.9601130630457586,-0.27961206370414565,45.36021163348898,11.020421995945792
18,0.9429656037126429,-0.33289017740818194,45.36025813502766,11.020424660857861
19,0.9518812991715874,-0.3064669513787923,45.360286853560204,11.020409473676159
20,0.9556635993791309,-0.29446066769897106,45.36031330633998,11.020399660520205
21,0.9510828607011401,-0.3089359028674649,45.360348156297476,11.02038469664314
22,0.9526702397163335,-0.3040056156698817,45.36037998770921,11.020371534536844
23,0.9604744754514227,-0.2783680693009066,45.360406333930655,11.020366264841917
24,0.964867633358336,-0.26273646510806936,45.360442773888806,11.020348192654074
25,0.9522478112978477,-0.30532622861205133,45.360478743705876,11.020338509326633
26,0.9534882564502417,-0.30143016572910886,45.36051087844601,11.02033337847467
27,0.9452253696144602,-0.3264184440824491,45.36053561792752,11.020324380870724
28,0.9484103244638544,-0.31704551163889133,45.36057683704041,11.020300397386519
29,0.9550675176076608,-0.29638832097560874,45.36059965863763,11.020305488031015
30,0.954824474415823,-0.2971703603264422,45.36063544364649,11.020291937137044
31,0.9537325503188919,-0.30065631951153515,45.36066307863541,11.020282575621932
32,0.9553171591821581,-0.2955826878762205,45.3607021257193,11.020271150850387
33,0.9628863202232549,-0.2699072698667441,45.36072155028119,11.020265986146693
34,0.9522802989269066,-0.30522488803451364,45.360769244849266,11.020256783626138
35,0.9527389435522102,-0.3037902326260973,45.360810734922445,11.020238807441384
36,0.9603230319820244,-0.27889007555818796,45.36083384000237,11.020230516545753
37,0.9515670566094109,-0.3074412737023157,45.360870314876024,11.020229924933735
38,0.944013509805849,-0.3299067948740102,45.360894160035095,11.02021249568247
39,0.9621396254821599,-0.27255704187756563,45.36092813388942,11.020193881586108
40,0.9540457442354866,-0.2996610049808893,45.36096631529947,11.02018826411676
41,0.948820683876741,-0.31581530971071303,45.36099087953421,11.020181500977943
42,0.947306536870614,-0.3203284645519412,45.36103016149318,11.020170686658824
43,0.9574028646603839,-0.2887555276355598,45.361061940277,11.020163313864396
44,0.9433598890182532,-0.33177118589695087,45.36108989353921,11.020156871513006
45,0.9498489392569697,-0.31270911817919483,45.36112342245347,11.020147616014501
46,0.9550290328342215,-0.2965123040343039,45.361152929492775,11.020137233496508
47,0.9556745831246174,-0.2944250179070873,45.361187071276944,11.020129063594954
48,0.9568190554170194,-0.29068418462462436,45.36121564667103,11.020109840933015
49,0.9543816244718318,-0.29858954246675695,45.361246970316806,11.020103890133962
50,0.942639182555538,-0.33381337826849755,45.361289627252134,11.020088150265703
51,0.9494647431131841,-0.313873703239082,45.361315186652774,11.020078937152434
52,0.9512680012903788,-0.3083653510383551,45.36135544829928,11.020072879513954
53,0.9585800472885542,-0.28482326614985887,45.3613913986996,11.020069770473448
54,0.9594699522479314,-0.28181094856898703,45.36141747639009,11.02004994025991
55,0.9521734916747269,-0.3055579188172987,45.36144548501835,11.020040108301071
56,0.9552589836498112,-0.29577064451417356,45.361476976045516,11.02004043961846
57,0.9575634488543809,-0.2882225553597486,45.36151160385011,11.020032935330093
58,0.9513071753787081,-0.30824447776559405,45.361545250181216,11.02000978449737
59,0.9568469668202422,-0.2905922952985889,45.361579198829844,11.020001864058974
60,0.9564786691453073,-0.29180225405233196,45.361611950810236,11.019993165072078
61,0.9458313650889949,-0.32465832626607394,45.36163912106984,11.019988756028985
62,0.9506282266555577,-0.31033203941215876,45.36167059439716,11.01997419890041
63,0.9561412284976756,-0.2929060449477884,45.3617100608321,11.01995195717588
64,0.9617253715460325,-0.27401516331153225,45.36174214906793,11.019959403549516
65,0.9577953886227334,-0.2874508541177553,45.36177063744121,11.019951115361572
66,0.9634368613737037,-0.26793546638395405,45.36180219243023,11.019929321777397
67,0.9520349439260898,-0.30598932259745126,45.36184081967115,11.019921627084651
68,0.9566367910381474,-0.2912834530697477,45.36186585195667,11.019911814277581
69,0.9511771864332447,-0.30864536285020794,45.361903471569306,11.019908337473378
70,0.9477827937374006,-0.3189165657273514,45.36192889381625,11.019894417065451
71,0.9584332014226441,-0.2853170138823504,45.3619656026094,11.019874693111701
72,0.9588559571195509,-0.2838930317854773,45.36200128045065,11.019885000597647
73,0.9562559143288327,-0.2925314108110923,45.3620372620982,11.019868577554378
74,0.9529664054386391,-0.3030759477513176,45.36206859541437,11.01985486960165
75,0.9579336013124669,-0.2869899222560397,45.36209069016527,11.01984696851825
76,0.95754991335179,-0.28826752061232913,45.36212808145819,11.019827309507113
77,0.9496181340128893,-0.31340931631634394,45.362158667745604,11.019824908703928
78,0.9629350874722132,-0.26973323361217655,45.36219201806251,11.019814537878494
79,0.944134888142798,-0.3295592708324048,45.362226814348105,11.019804402150804
80,0.12066187252341858,0.992693664993961,45.362257403918456,11.019793931406591
81,0.15084868987174355,0.9885568636977736,45.362255025827864,11.019807240772673
82,0.14028468228912605,0.9901112098724258,45.3622672891428,11.019813446414267
83,0.12614165056583296,0.9920122398400775,45.36225536545718,11.01981587525302
84,0.11531255905593549,0.9933292574589613,45.36226410935446,11.019818625480077
85,0.14967928142773618,0.9887346017568499,45.362261058410375,11.01982644243089
86,0.10722595337384543,0.9942346779926106,45.36225531621561,11.019839816475958
87,0.11811527823425495,0.9929998897520808,45.36226718910706,11.019835689320194
88,0.1640873403601017,0.9864458143930401,45.362264705144085,11.019849262316455
89,0.11445829760319651,0.9934280538165701,45.362266404673115,11.019854951139106
90,-0.9532374283640721,0.30222244318688585,45.362269225885434,11.019863277470167
91,-0.9557232097773035,0.2942671342385493,45.36224160063073,11.019874244090488
92,-0.9603394726434297,0.27883345796898074,45.36220386064658,11.019891856035104
93,-0.9504378620524475,0.3109145708666172,45.36217694004713,11.019882712303732
94,-0.9523640255266956,0.30496354353034966,45.362148204597666,11.019907931287689
95,-0.9555629643951092,0.29478707752618866,45.36211016684846,11.019909110643711
96,-0.9568065183714877,0.2907254484936468,45.362079925753505,11.019922294334537
97,-0.9492046935638955,0.31465925970209646,45.36203613985103,11.019927400622121
98,-0.9488904299388842,0.31560569064958177,45.36199955737437,11.019936084565552
99,-0.9569746161512499,0.29017164582737554,45.361974695489955,11.019963016148369
100,-0.9496451763819443,0.3133273671010972,45.36195378922529,11.019957811107364
101,-0.9441991858350686,0.3293750103884532,45.36191102399894,11.019980234213087
102,-0.953773533457284,0.30052628317071883,45.36187782381832,11.019981793944078
103,-0.9475456671896973,0.31962041328743585,45.36184618013601,11.019996905669306
104,-0.9459500609881505,0.3243123218696977,45.36181438566427,11.0199989462889
105,-0.950830308318128,0.30971232585038266,45.36178484508821,11.020012499729761
106,-0.9500304536030055,0.31215723157868314,45.361752668844794,11.020026367210653
107,-0.9603863414927857,0.2786719847313367,45.36172353656338,11.020036996864322
108,-0.9547642315579437,0.29736385479336475,45.36168686716255,11.020044861587104
109,-0.950039455757572,0.3121298327681231,45.36164927786125,11.020058078531747
110,-0.9511540483540117,0.30871666022386013,45.36162505025988,11.02006353606157
111,-0.9611331345994939,0.2760853085097996,45.3615830206661,11.020070989409529
112,-0.948122043027979,0.3179065767241236,45.361557309306114,11.020083339533612
113,-0.9481793984098519,0.31773546926827556,45.36151736628762,11.020094128757558
114,-0.9498910554254384,0.3125811619767685,45.36149657531554,11.020107595254867
115,-0.9440946728394478,0.32967445869550766,45.361452888109774,11.020101455220688
116,-0.9436751248916361,0.33087347832782704,45.36143481784371,11.02012490751555
117,-0.9497859450795213,0.31290039713845136,45.361387208774445,11.020126150228345
118,-0.9613857741269722,0.2752042755959332,45.36136529661197,11.02013606204458
119,-0.9599592215739065,0.2801397738901414,45.361329151116855,11.020157529702564
120,-0.9469657117616084,0.32133462425924547,45.36129798409038,11.020152941597829
121,-0.9446255840414459,0.32815012718930525,45.361264735700566,11.020168081362954
122,-0.9395348618494923,0.34245327180427904,45.36122830927851,11.020191787322378
123,-0.957855363508869,0.2872509401155938,45.361199371395436,11.020194775344528
124,-0.9548416356048927,0.29711521488367665,45.36115861965057,11.020205146807044
125,-0.9547272776112002,0.2974824791228992,45.36113997646626,11.020216530894205
126,-0.9469396418499629,0.3214114414470397,45.36110205399074,11.020229272234896
127,-0.9528631921609444,0.303400291734954,45.36107491513828,11.02023719248873
128,-0.9630528522581617,0.2693124649128209,45.36102963621657,11.020239502409181
129,-0.9511476259811377,0.30873644681256185,45.361005429631966,11.020255204502925
130,-0.952345003221164,0.3050229414973261,45.36097500700313,11.020261758896394
131,-0.952761851660174,0.30371837945879493,45.360941406194605,11.02027802486258
132,-0.9480419937044999,0.3181452155428351,45.36091365549847,11.02028240070828
133,-0.958426571632597,0.2853392836406972,45.360879451032304,11.02029274728965
134,-0.9465560257836036,0.32253943953065617,45.36085178519759,11.020299518375474
135,-0.9613816662748815,0.27521862536996333,45.36081314959268,11.020312917741906
136,-0.9523447149141145,0.30502384165037627,45.360775528802705,11.020326798407021
137,-0.9586150009145461,0.28470560237130005,45.36075433025916,11.02033199647668
138,-0.9479900477422197,0.3182999676118486,45.36072270634837,11.02034501362857
139,-0.9541471718493211,0.29933789344475287,45.360681076147415,11.020353624110529
140,-0.9559197900780991,0.29362791920565545,45.36065028228081,11.020361894742223
141,-0.9476431287024357,0.31933133360673965,45.3606188509484,11.020373261003035
142,-0.9623567061650541,0.2717895695186768,45.360591395677275,11.020380589581741
143,-0.9510843564935658,0.30893129791787005,45.360555517106874,11.020396897425895
144,-0.9567739903423151,0.2908324799681828,45.36052402523345,11.020404828805058
145,-0.9547259794612641,0.2974866453166087,45.36049274905545,11.02040861640161
146,-0.9519563057994387,0.30623388422688563,45.36046883188463,11.02042902492033
147,-0.9471798856706585,0.32070276609489723,45.36042845306283,11.020431550292248
148,-0.9660156924225705,0.2584834269220015,45.36039994056759,11.020443689541239
149,-0.9557966281778708,0.2940285795017433,45.36035356743056,11.020453049847525
150,-0.9465081945895277,0.322679775590093,45.36033265964255,11.02045566672084
151,-0.9527950916424617,0.30361408620489433,45.36029547301502,11.020470769733127
152,-0.9524714769341162,0.30462778209963637,45.36027162791013,11.020488526549086
153,-0.9540328688749217,0.29970199383101626,45.36022752978469,11.020488562398091
154,-0.9494153440695825,0.31402309540101697,45.36019497785677,11.020498676670345
155,-0.9579141623812693,0.2870547987917837,45.36016721422002,11.020514582207587
156,-0.9551617652077453,0.2960844512723084,45.36014073748421,11.02052905100627
157,-0.9520710398360543,0.3058769934230005,45.36010765336866,11.0205289625967
158,-0.9481787206566674,0.31773749179768734,45.360067659867866,11.020545467685137
159,-0.9494988519297242,0.31377050559945197,45.36002850976293,11.020547661431072
160,-0.9485845153812,0.3165239598814186,45.36000894258903,11.020556982944493
161,-0.9534643868838573,0.3015056598874891,45.35997584135375,11.02057505682362
162,-0.9599253725086252,0.28025573894958367,45.35993638683014,11.020585114714983
163,-0.9551400915133881,0.2961543610750932,45.359906206007835,11.020592450172977
164,-0.9599291797761768,0.28024269805694607,45.35987262322002,11.020598115428843
165,-0.9529206629494088,0.3032197390079664,45.359852420842806,11.020606871103023
166,-0.9573932023739359,0.2887875621424508,45.35980383713514,11.020610224957322
167,-0.9466061953009002,0.3223921695977649,45.3597796994016,11.020631325821162
168,-0.9445286025831382,0.3284291687751625,45.35974701546973,11.020645092159292
169,-0.9462686280552479,0.323381637633368,45.35971393880922,11.020648799426057
170,0.10365305094325823,0.9946135154069415,45.35968338769499,11.020662965095562
171,0.12906839839289597,0.9916356934561668,45.35969261341643,11.020672515937257
172,0.1177421376953283,0.993044202949161,45.3596919392701,11.020674366020016
173,0.14073663318588564,0.9900470696282584,45.35968392508065,11.020691082523223
174,0.1209156944877927,0.9926627800147111,45.359681558208266,11.020694806232829
175,0.11777231571970835,0.993040624370432,45.359696341697585,11.020706575772008
176,0.1579787382995,0.9874425138939978,45.35969297462046,11.020716983099113
177,0.1382638882730445,0.9903954246661376,45.359683000986344,11.020713513200851
178,0.11758466152160357,0.9930628617438324,45.359692958102855,11.020731361225275
179,0.11525083075716806,0.9933364213647774,45.35969147144124,11.020736429517621
