,Sin,Cosin,Lat,Lon
0,0.9509038260459747,-0.30948653219668015,45.359663194603165,11.020599080964004
1,0.9508094313073643,-0.3097764118472653,45.35969013869708,11.020588904838952
2,0.9524331048743518,-0.30474773295203017,45.35973955305184,11.020584236461293
3,0.9465904652838077,-0.3224383522997602,45.359757951999114,11.020567911259267
4,0.9474765851244499,-0.31982514072679014,45.35979837288318,11.020558018871059
5,0.9597565168313348,-0.28083345313509883,45.359840595888436,11.020558152301753
6,0.9566802550674901,-0.2911406697182687,45.35987171107621,11.020534585690468
7,0.9482350273803096,-0.31756941422162094,45.35988782307973,11.020521752293526
8,0.9477071385351419,-0.31914131598640355,45.35993223170673,11.020521744038508
9,0.959272339683841,-0.2824828814591949,45.35996533429927,11.020513487255094
10,0.9505839943555875,-0.3104675018016805,45.359999023285454,11.020501362768934
11,0.9577961351682995,-0.28744836659245177,45.360041703144205,11.020485670385886
12,0.9557672356586246,-0.2941241085689357,45.36007008643378,11.020477387356253
13,0.9574894231706853,-0.2884683769779079,45.36010351331553,11.020468132787657
14,0.9551163150773541,-0.296231032596277,45.36015151263847,11.02046626881579
15,0.9382272654733909,-0.3460196501968108,45.360159544111724,11.020454507949289
16,0.9518982338441526,-0.3064143475824571,45.36020123753337,11.020445736300601
17,0.9516970628128412,-0.30703859795376076,45.36024134398522,11.020434227021545
18,0.9556586307034932,-0.2944767929089224,45.36026774928571,11.020431918681737
19,0.9509090094502765,-0.3094706056256296,45.360302478058735,11.020414231169838
20,0.9517111846671856,-0.3069948223983298,45.360338041887864,11.020409908883897
21,0.9475886574309925,-0.31949293624136543,45.360380310311605,11.020405316390347
22,0.9462260103322829,-0.3235063173581782,45.36041755398507,11.020400105360334
23,0.9393366813218219,-0.3429965001618907,45.360435540993855,11.020393777504106
24,0.9396333687450736,-0.3421828931153404,45.36047994928665,11.02038442471231
25,0.9362218542695926,-0.35140950412304683,45.360520398466164,11.020380590690863
26,0.9256670485347398,-0.37833915374566196,45.360547199900566,11.02037326300376
27,0.9447915702967787,-0.3276719223493935,45.360585380343956,11.020355684469392
28,0.929707554625263,-0.3682986055807347,45.36061872500142,11.020358602170115
29,0.9326802414938076,-0.36070426546833745,45.360648075657586,11.020361146736095
30,0.9346455084876487,-0.35558089580834434,45.360689776756416,11.0203506223242
31,0.9265435278847937,-0.3761875741366274,45.36071936459703,11.020341172267063
32,0.9316297598706869,-0.36340884761283176,45.36076528076524,11.020343335644311
33,0.9363674875927193,-0.35102126456854255,45.360796978867214,11.020342704712194
34,0.929469181082667,-0.36889977150645736,45.36083724649315,11.020329952067318
35,0.9312406520006066,-0.36440478600244147,45.36086770766185,11.020325237316847
36,0.9304453936011791,-0.36643057940945234,45.36089635301076,11.020315319753239
37,0.9364514786198775,-0.3507971325291086,45.36094808201007,11.0203122670289
38,0.928339442792536,-0.3717336128945617,45.360975527201745,11.02030978740992
39,0.9293768675984966,-0.369132277067187,45.36099607020682,11.020303386453753
40,0.9242905151750546,-0.38168972157687486,45.36103587731102,11.02029122014782
41,0.9205013386404156,-0.39073940876395225,45.36106493865034,11.020285415403018
42,0.9194172216989157,-0.3932835776427066,45.361106400481326,11.020263356875866
43,0.9300672171079473,-0.367389400583466,45.361132532813784,11.020265882211104
44,0.9389208838462912,-0.3441330758257614,45.361167366371475,11.020240423698766
45,0.9197685193217736,-0.392461298556472,45.36120847594183,11.020238419722986
46,0.926146965333941,-0.377162827705398,45.36123552112149,11.020231211217226
47,0.9406194863979043,-0.3394627841288979,45.36127311262523,11.02022023479752
48,0.9355616811059947,-0.3531633345155257,45.361298371173284,11.02019956412333
49,0.9293001041135573,-0.36932548855248465,45.36133266794984,11.020186157019644
50,0.9383358509481381,-0.3457250798328544,45.36136196833414,11.020168354801811
51,0.9275449300439913,-0.3737116572301263,45.361410911643425,11.020155433260104
52,0.9438604587932934,-0.3303444177317268,45.36142289584522,11.020143052403768
53,0.9342188302512203,-0.3567004025846363,45.36147569558803,11.020118094320445
54,0.936530777083677,-0.3505853727340089,45.361497860651774,11.020108171734734
55,0.9457358284003904,-0.32493652130812767,45.36153229733018,11.020098336219199
56,0.9362246531991139,-0.351402047151406,45.36155546886624,11.020073817327404
57,0.9451563061506079,-0.32661836590084514,45.36159594850754,11.020060550712826
58,0.9400584352126069,-0.3410133991291618,45.36163088504941,11.020041694163087
59,0.9423039884898609,-0.33475841031421477,45.36166626180439,11.020040608395414
60,0.942439592272822,-0.3343764568815169,45.361695208375295,11.020014831695619
61,0.9442939395795096,-0.3291032598948384,45.3617160877515,11.020003128255638
62,0.9466685433016608,-0.32220904568790676,45.361753903344166,11.020001259118407
63,0.9506159301029192,-0.31036970444062656,45.3617979814832,11.019980829919334
64,0.9545173518112875,-0.2981553707233308,45.361815514623046,11.019962623385744
65,0.9508206504989006,-0.30974197420570454,45.361853018396026,11.019946300550247
66,0.954205761529135,-0.29915107331347374,45.36189261770945,11.01993637466487
67,0.9446594975469059,-0.32805248618845606,45.36192143133757,11.019915004274042
68,0.9452813781167576,-0.32625621248595943,45.36195434142584,11.019906378367216
69,0.959917008960564,-0.2802843839891986,45.36198749758298,11.019892556264956
70,0.9520539978290291,-0.30593003320655365,45.362020518536156,11.019886135125178
71,0.9598712246137238,-0.2804411384917526,45.36205545835601,11.019877708208801
72,0.9495066800914975,-0.3137468158589385,45.362091426220125,11.019852595436335
73,0.9389112303986905,-0.34415941281798057,45.362128387989934,11.01984658364285
74,0.9512985584655295,-0.308271070101308,45.36215403836265,11.019831654571277
75,0.949193526428037,-0.31469294460967395,45.36218257128007,11.019824654720491
76,0.9622947874786713,-0.2720087167562448,45.362213037663864,11.019811049309675
77,0.1368529650018603,0.9905913718432033,45.362252395686504,11.01980072912103
78,0.143804835731145,0.9896060676957971,45.362252108412726,11.019796675633158
79,0.12378177767490012,0.9923094635826273,45.36225251683914,11.019821062600547
80,0.1168146446571643,0.9931537337157931,45.362245260616504,11.01981099162485
81,0.13461203376729858,0.9908983804432379,45.362258373873175,11.019822726535395
82,0.12494961972601,0.9921630876677108,45.36226063021175,11.019822477145622
83,0.11295918602018372,0.9935996287708936,45.3622622933866,11.019830989736068
84,0.1406912520847671,0.9900535195568069,45.36226399235048,11.019834551164973
85,0.13459402430944412,0.9909008268339414,45.362261719665,11.019832988871416
86,0.12308828246575652,0.9923957248596097,45.362269507569714,11.019855732037367
87,0.1794296951203864,0.9837707987681913,45.36227126413379,11.019858786301464
88,-0.9513581818965895,0.30808701650412945,45.36226859303963,11.019854953893189
89,-0.9503299078621562,0.3112443834396144,45.36222309686957,11.019875066871428
90,-0.9508694820003646,0.309592035104843,45.362208855284855,11.019876794974932
91,-0.9430554758484816,0.3326354903978135,45.36216175587319,11.019878425699892
92,-0.954577711246013,0.2979620667003158,45.36212964244976,11.019897163664552
93,-0.9534542558377188,0.3015376958606366,45.362104689466875,11.019910521211019
94,-0.9537161282368103,0.3007084081647668,45.36207351585852,11.019912536619685
95,-0.9472587091292842,0.3204698706254961,45.36203336165636,11.019932789654977
96,-0.9486757401813075,0.316250438721353,45.36200006135415,11.019938553192725
97,-0.9511986107893237,0.30857932988529985,45.36196390911438,11.019948653420235
98,-0.9525416300932119,0.3044083489974717,45.361929923025336,11.019960774370592
99,-0.9580106611004223,0.2867325813679566,45.361913561694855,11.019966186588809
100,-0.954196782491855,0.2991797123506063,45.36186022170241,11.0199765162606
101,-0.9569749526165463,0.29017053617581323,45.36182996124261,11.019982287495834
102,-0.9557010086157995,0.29433922968361415,45.361792752326956,11.01999523209558
103,-0.9453526509393847,0.326049636346796,45.36176225775624,11.020019436292735
104,-0.9610959738969089,0.27621464291226894,45.36173966609356,11.020017789214316
105,-0.9496052968593575,0.3134482097199656,45.36170250072331,11.020035641710141
106,-0.9621942875875316,0.27236400814704304,45.36165719334534,11.020043470757065
107,-0.9580166219184283,0.2867126647499257,45.361624129432705,11.020049712843983
108,-0.9546137953275994,0.29784643991532983,45.36159398762784,11.020064668119922
109,-0.9484025720661091,0.31706870122796516,45.3615616217768,11.020086907782513
110,-0.9450815134279249,0.32683471813254933,45.36152751768121,11.020075497100216
111,-0.9540807047424372,0.2995496767452343,45.361492573956966,11.020091005487236
112,-0.9390628794134576,0.34374541234423195,45.36145552295961,11.020102198669882
113,-0.9521548003811844,0.3056161581315144,45.36143517035452,11.020115475936544
114,-0.9467806117099102,0.3218795943986014,45.36138812606142,11.020122727373447
115,-0.9473143286182264,0.3203054211133477,45.36136234744113,11.020139360870328
116,-0.945537671519833,0.32551269059262866,45.36133188727077,11.0201457481574
117,-0.9476302931730662,0.3193694216119141,45.36128851828091,11.02015885514927
118,-0.9489862081562236,0.31531758074879457,45.36126185810435,11.020170722228757
119,-0.9537173066701378,0.3007046706618613,45.36122779419465,11.02017587109758
120,-0.9577639387314897,0.2875556253415036,45.36119527834518,11.020193268962652
121,-0.960646153428802,0.277775031099713,45.361163348080574,11.02020658742721
122,-0.9508722709538395,0.3095834690856214,45.361120569123194,11.020214578156397
123,-0.9545654641338857,0.29800129980062073,45.361092570125074,11.02022339489089
124,-0.9631272820785263,0.2690461642841815,45.361049000342305,11.020239642432518
125,-0.9552505189562869,0.29579798179457656,45.36102321168646,11.020242457861974
126,-0.9454524930672291,0.3257600088300604,45.360992063606204,11.020252610162341
127,-0.9477637762177121,0.318973078001173,45.360947344237005,11.02026175124536
128,-0.9549268604349656,0.29684118855007285,45.36092289234843,11.02026418157624
129,-0.9588955391806192,0.28375930811078165,45.36089540553597,11.020289333623124
130,-0.9472838018095786,0.3203956910278148,45.36085960356328,11.020298924834002
131,-0.9535029627299303,0.3013836426637072,45.36082713082367,11.020300862885989
132,-0.9546296260044491,0.29779569700485187,45.36078009070439,11.0203146235722
133,-0.9650234292665845,0.2621636530233765,45.36075755377387,11.020321051319353
134,-0.9537713344248698,0.300533262101557,45.36072770303982,11.020341779383399
135,-0.9469315432146577,0.3214353005895696,45.36069667403519,11.020338217052812
136,-0.9522055095557687,0.3054581273622278,45.360665089559625,11.020354534766362
137,-0.9573947622487972,0.2887823907695363,45.360625782137205,11.020365294295237
138,-0.9476357322168539,0.3193532824722914,45.36058170880843,11.020383597142986
139,-0.955163177953421,0.2960798937481595,45.36055768051724,11.020388810065194
140,-0.9649209542603089,0.26254057215861876,45.36051251187671,11.020398093208199
141,-0.9486603332342847,0.3162966521286876,45.360481791640225,11.020414494356473
142,-0.950443854477377,0.31089625196548554,45.36045634865619,11.020413366114672
143,-0.9619666394405957,0.2731669537176249,45.360419378352525,11.020426552836827
144,-0.9605133027613484,0.2782340655248496,45.360388046690055,11.020438260080777
145,-0.9472389641033396,0.3205282279057994,45.36034643188032,11.020457209182235
146,-0.9540401043906125,0.29967896024637625,45.360330699460526,11.020466368456466
147,-0.9505324893131752,0.3106251547445867,45.360290426009165,11.020471186634829
148,-0.9524142566107233,0.3048066334656176,45.36024584460868,11.020483610251999
149,-0.9493958171638787,0.31408212676262076,45.360212122139224,11.020499868357868
150,-0.9511615938365695,0.30869341167293624,45.360179137504076,11.02049852589699
151,-0.9596116782951395,0.28132797031149553,45.36015398302594,11.02051338950214
152,-0.9560286586877134,0.2932732578462816,45.360114488024934,11.020527493435678
153,-0.9441144847781474,0.3296177174122976,45.36008673216674,11.020532653333538
154,-0.951823611020615,0.3066460720499728,45.36005113116128,11.020535745656955
155,-0.9518409880458785,0.30659212885500814,45.36001981720582,11.020558111126899
156,-0.9550769042466951,0.2963580722277514,45.35998562819214,11.020559472124198
157,-0.9492987703550371,0.31437532441719174,45.35995568411307,11.0205795807393
158,-0.952610728937195,0.30419204314667075,45.35991262916696,11.020580899661176
159,-0.9473823817392899,0.32010408115172545,45.359872836384326,11.02059309453394
160,-0.96109225881952,0.27622756929240927,45.359855656033226,11.020604563277287
161,-0.95351773338326,0.30133690800107854,45.35981403657825,11.020619879034816
162,-0.9562437310291984,0.29257123383435724,45.35977650590739,11.020632573700377
163,-0.9560463191114736,0.2932156812201595,45.35973766591308,11.020637026043907
164,-0.9563162553634111,0.29233408923302634,45.35970830773292,11.02065629396581
165,0.160660741687098,0.9870096889496838,45.359680876203434,11.020659721404265
166,0.10892169897004679,0.9940503324749097,45.359683087746575,11.020665520226387
167,0.1251224450288035,0.9921413073499228,45.35967877500549,11.020678606547301
168,0.14267907108854783,0.9897690047042841,45.3596836745587,11.020680967421217
169,0.12779028023363578,0.991801212077203,45.359682900319655,11.020687038229344
170,0.13480445518456005,0.990872221258823,45.359688321486246,11.020695327925159
171,0.12605019438011242,0.9920238648826629,45.35969593492564,11.020701221151802
172,0.13087808768321227,0.9913984699223544,45.359695395206174,11.020707106800552
173,0.1324305226958556,0.9911922904555415,45.35969201194764,11.020728506356624
174,0.12596976647581742,0.9920340810345318,45.3596975521445,11.020712294001195
175,0.11702704367357122,0.9931287283373813,45.359694884424556,11.020735538630728
176,0.948549495154333,-0.31662889198943955,45.359697222594605,11.020744592468413
177,0.9590243485133383,-0.2833236646638736,45.35973586517403,11.020729022451944
178,0.9461632458140469,-0.32368983961599324,45.35976656122778,11.020727337637275
179,0.9617808257955632,-0.2738204578405427,45.35979704707492,11.020714075071199
180,0.9478407385521204,-0.3187443087193417,45.359835340609955,11.020708594233195
181,0.9481796532119874,-0.31773470889217514,45.35986805619146,11.020686748404371
182,0.9519732809410776,-0.306181110413886,45.359901996074186,11.020673547234924
183,0.9508532162034131,-0.30964198881228205,45.35993615374413,11.02067040024589
184,0.9605825261994972,-0.2779949826169391,45.359965315480885,11.020656336825516
185,0.9543336077140426,-0.29874297512661246,45.35999881142533,11.020655207318013
186,0.9532219190982426,-0.30227135648397674,45.36003040331161,11.020650246876558
187,0.9558013835612381,-0.29401312076576286,45.360066849692636,11.02063103468645
188,0.9347747262166083,-0.35524106072731104,45.360095372083414,11.020620852037391
189,0.934873989519164,-0.35497975114155744,45.360139146446365,11.020613487349062
190,0.9355947597331933,-0.3530756938105317,45.36016488546202,11.020613123897142
191,0.9415571869362268,-0.33685317829692407,45.36020780255404,11.02060377625014
192,0.945493980270152,-0.3256395757166281,45.360239026367644,11.02059711091175
193,0.9397748108168548,-0.34179424359421984,45.36027470332886,11.02058195857616
194,0.9424515675435613,-0.334342702678979,45.360312723348606,11.02057645600987
195,0.9404008391712124,-0.34006802508627515,45.360348122932955,11.020571078329255
196,0.9349107711438169,-0.3548828679991096,45.36038051490233,11.020566402521084
197,0.9289100350097057,-0.3703054777589272,45.36041568239155,11.020565213541415
198,0.9258796557660418,-0.37781855835646283,45.36044363231833,11.020555470487091
199,0.9203718341241488,-0.39104435419904765,45.360496512275574,11.02055362522108
200,0.9195849644543445,-0.3928911975973782,45.36051810042836,11.020557727726311
201,0.9237551891846968,-0.3829834858767999,45.36055336904014,11.020544614340912
202,0.9232953524201474,-0.3840907343315585,45.36059473927004,11.020544819282755
203,0.9176796222720306,-0.3973211684099693,45.36063010086588,11.020540836390603
204,0.917180428900424,-0.3984721581767469,45.36066503544777,11.020537125009136
205,0.9232853564402502,-0.38411476225602187,45.36069121010624,11.020548692351907
206,0.899502594458782,-0.43691541808675055,45.360736484542464,11.020533049660187
207,0.9129514397987258,-0.4080682155834162,45.3607682564708,11.020541161578777
208,0.9084272689309134,-0.4180429368650091,45.3607959058234,11.02053457817493
209,0.8970977296406751,-0.4418321666351899,45.36084713122805,11.020540094576189
210,0.9007711440306184,-0.43429407788015123,45.360866703547394,11.020533936428809
211,0.8945180337955303,-0.4470318637575833,45.360905506706324,11.02052816102593
212,0.8976238125506389,-0.44076239760448643,45.36094593451934,11.020524941063258
213,0.9147976268053313,-0.40391249298744636,45.360981598258874,11.020523776457631
214,0.9073321954784087,-0.4204144229784829,45.36101797408118,11.020523933010637
215,0.9087500770671045,-0.41734074499206464,45.36105126228404,11.02050512278971
216,0.9020025907533435,-0.43173061771694643,45.36108589967359,11.020508260115262
217,0.9071665009703311,-0.42077183783761746,45.36111982449898,11.020504364857132
218,0.9082763263919368,-0.4183707864036015,45.361154337385635,11.020492076721668
219,0.8958770875253935,-0.4443019739400426,45.36118342441253,11.020484552184909
220,0.8972052005232519,-0.44161389035449433,45.36120992492312,11.020473391463081
221,0.9232589670534928,-0.3841781875058989,45.36126076293448,11.020462956470524
222,0.9029314844951831,-0.42978452078608514,45.36128911386219,11.02044249596315
223,0.9185232568432526,-0.39536695187896537,45.36131522851341,11.020421115871969
224,0.9174905844446082,-0.3977574983020324,45.36135464872758,11.020406318161774
225,0.9226685868904105,-0.385593929886938,45.36138612468928,11.020385491640386
226,0.9206206633805578,-0.39045818490171463,45.361415946386714,11.020375792012421
227,0.9347619748374346,-0.3552746126562089,45.361439275307035,11.020348416648604
228,0.9221915096187376,-0.3867335252950199,45.361477031295394,11.020332887055238
229,0.9370615703153202,-0.34916416402343775,45.361511009267005,11.020315286415297
230,0.9334816643208762,-0.3586251279215207,45.361543279753825,11.02029307009174
231,0.938224357072679,-0.34602753618109366,45.36157440372654,11.020268277942536
232,0.9242552877136332,-0.3817750163818859,45.36159209825076,11.020250023358852
233,0.9448647903977012,-0.3274607272127578,45.36163824791863,11.02023991424304
234,0.950729342364013,-0.310022124320332,45.36165291722135,11.020216181481818
235,0.9417646087291994,-0.33627283825063514,45.36169611853936,11.020188042096786
236,0.9403083484789628,-0.34032368383755696,45.36173095884774,11.020178580349878
237,0.950559180375229,-0.3105434665298449,45.361762107669236,11.020153601182587
238,0.952973707914526,-0.303052985505241,45.36178946193402,11.02013607030251
239,0.9435139842496137,-0.3313327051853161,45.36182612817353,11.02013137844621
240,0.9348745160942868,-0.35497836435122776,45.3618555604109,11.020105978972305
241,0.94840095042067,-0.3170735517843926,45.36189228053807,11.02008866059744
242,0.945390673076965,-0.32593937359435887,45.36192607527212,11.020073397796244
243,0.9484442621904582,-0.31694397220644116,45.36194984605253,11.02005484006493
244,0.9500861607204516,-0.311987639510722,45.361977896576185,11.020049315231992
245,0.9489808408641491,-0.3153337338008295,45.362011013984564,11.020038385037434
246,0.9465707482744014,-0.3224962302279516,45.3620470481777,11.020024470794809
247,0.9496410886392022,-0.3133397561244837,45.36208094043742,11.019998757727445
248,0.9544297842090239,-0.2984355659346186,45.36211862106827,11.019988881599133
249,0.9533785668293473,-0.301776918120687,45.362143234273184,11.019982351382913
250,0.9488949058483973,-0.31559223319809576,45.36217583547853,11.019969774106753
251,0.9528098669943107,-0.3035677146178165,45.36220433509007,11.01995124397615
252,0.9594478030870519,-0.28188634793375444,45.362240121503554,11.019942233328882
253,0.1301729747477783,0.9914912993291036,45.36227673265921,11.019925868315548
254,0.14045396466900656,0.990087210203605,45.362265710434606,11.019917016554578
255,0.14990230924211911,0.9887008130288354,45.36228091417424,11.01994402668992
256,0.13594806360624162,0.9907159653511763,45.36227811885634,11.019941257942746
257,0.11633364475868092,0.9932101907940539,45.362275868888496,11.019950894284054
258,0.14750654374431746,0.9890610797886072,45.362273915487904,11.019946316095659
259,0.13105566978999406,0.9913750104858887,45.362281479819266,11.01995867300456
260,0.14153102825797714,0.989933820030531,45.36228034338636,11.01997113592042
261,0.13606896734030136,0.9906993671780274,45.36227913725982,11.019968793129769
262,0.12889960657304228,0.9916576482966866,45.36227909073471,11.019976342673079
263,0.10750080463431642,0.9942049974743511,45.36228564108238,11.019989310615454
264,-0.9512412902165037,0.3084477391508021,45.36227761957449,11.019985970719102
265,-0.9487216590625452,0.3161126597047509,45.362241392521504,11.019997445644405
266,-0.9501867091512645,0.3116812759090452,45.36220832506118,11.020003905266845
267,-0.9630572871261777,0.2692966054616489,45.362187739804206,11.020016109744388
268,-0.9499662587806701,0.31235253669252794,45.36214289315395,11.020029551192396
269,-0.9475783761251798,0.31952342809247536,45.362103365046245,11.020035919364238
270,-0.9571958480232354,0.2894410277190834,45.36206896571851,11.020047786668842
271,-0.9460852631283387,0.32391769771252393,45.3620383526424,11.020051344566433
272,-0.9520518424431034,0.30593674068456084,45.3619980547613,11.020067034303166
273,-0.9516822816419175,0.30708440990847136,45.361979119602054,11.020078634275816
274,-0.9585698256793208,0.2848576649786986,45.361949241854184,11.020094128083922
275,-0.939168623816623,0.34345639612386086,45.36191717159139,11.020107625849501
276,-0.9576488983794247,0.28793851328482317,45.36187253614279,11.02011407210078
277,-0.9595787170957096,0.28144037680644185,45.36184331181321,11.020126399741693
278,-0.9545744002256565,0.29797267397167165,45.36181081659563,11.0201330980164
279,-0.9429888136752916,0.3328244241086675,45.361775533473875,11.020147094770874
280,-0.9506442210405649,0.31028304014589264,45.36174318654319,11.020152791171235
281,-0.947844159676116,0.31873413524107747,45.36170948821824,11.02016551813231
282,-0.9473647386684524,0.32015629296900444,45.36167123040264,11.020178530613522
283,-0.9553965712127758,0.2953259076255779,45.36163182584805,11.020186800331539
284,-0.9398171855666814,0.3416777102965921,45.3616076585378,11.020194310792128
285,-0.9502248314370859,0.31156503289098675,45.36156937195912,11.020214332667681
286,-0.9513465446308009,0.30812294951696706,45.361537477069966,11.020206084919316
287,-0.9554843077741022,0.29504192515207844,45.36150703192518,11.020228128916463
288,-0.957284315195155,0.28914830084464116,45.361467278173365,11.020243531039268
289,-0.9430818418188591,0.33256073074184267,45.361437855521544,11.02025119585814
290,-0.9518137058703434,0.30667681574805006,45.36141032685268,11.02025766870552
291,-0.9589992062589112,0.28340875497199863,45.36137605702452,11.020263504386977
292,-0.9486473801790495,0.31633549924000925,45.36134299853047,11.020275682584916
293,-0.9568208347669823,0.29067832763351154,45.36131092308571,11.020295358873767
294,-0.9495351051960674,0.3136607785495233,45.36127554708987,11.02030383214555
295,-0.9564098218062723,0.29202782872954836,45.36123806812027,11.020323662211101
296,-0.9555803762032217,0.2947306306024355,45.361210138625744,11.020326419877982
297,-0.9499866192704507,0.3122906069786598,45.36116855012779,11.020343155140734
298,-0.9607307851154457,0.277482176961799,45.3611389273589,11.020354289919123
299,-0.954903046051886,0.29691778768007426,45.361109036512076,11.020357846464682
300,-0.9522469195089187,0.3053290098987892,45.36106785730418,11.020371023733068
301,-0.9503992796781852,0.3110324889576438,45.361039786369844,11.02037955178301
302,-0.956075497439794,0.2931205267381498,45.36100523736628,11.020382701855393
303,-0.9616894390606582,0.27414124607434875,45.36096427807737,11.020397698125374
304,-0.9518091564173059,0.30669093524291924,45.360937148798264,11.020404667801944
305,-0.9534920274852767,0.30141823687696184,45.36089972098772,11.020420248873688
306,-0.9572019275323329,0.2894209217185006,45.36087109435251,11.020431831681647
307,-0.9470926690616173,0.32096024085506586,45.360832783602724,11.020439202232941
308,-0.9498310086224779,0.31276357693824614,45.360802180153186,11.020450977626899
309,-0.95140551337772,0.30794082079918733,45.360769325848445,11.020459731042534
310,-0.9568668844768845,0.29052670340521286,45.36073547781197,11.020475012726884
311,-0.9575202295617262,0.28836610407615393,45.36069067176467,11.020491396496963
312,-0.9511529742013375,0.3087199696617467,45.360666051193604,11.020496150834141
313,-0.9572273951569439,0.28933667925282475,45.36062977788274,11.020507647134751
314,-0.952953168646973,0.3031175652542982,45.360605244871856,11.020520043026625
315,-0.9560397574054352,0.2932370751800608,45.36055877068379,11.020527584471125
316,-0.9690595970598561,0.24682685701963067,45.36054387126398,11.020535349955198
317,-0.9499825587588354,0.3123029587660287,45.3605002031994,11.020543030798061
318,-0.9507669060352447,0.30990690600270276,45.36045892721922,11.020554949931155
319,-0.9406497416885728,0.33937893785740625,45.360428645236674,11.0205706093204
320,-0.9474872776380296,0.3197934625880824,45.36040120204083,11.02056832775526
321,-0.9483419488885919,0.3172499771129814,45.360363190922214,11.020582599036821
322,-0.9514560966016206,0.3077844964250273,45.36034268436499,11.020609162484128
323,-0.9553322796190742,0.29553381450829463,45.36030310698423,11.020609856428276
324,-0.9521345391914949,0.3056792751865908,45.36026643751447,11.02061820708194
325,-0.9547261654113502,0.29748604854503524,45.36023240226537,11.020631040087029
326,-0.9529319917961108,0.30318413383865767,45.36020407270329,11.020643497546013
327,-0.9456526304814231,0.3251785701173512,45.36016741025425,11.020653342000962
328,-0.9614860993074862,0.2748535625355342,45.36011903613638,11.02067104481431
329,-0.9456556730904874,0.325169721763539,45.36009340743498,11.020681151975685
330,-0.9512121881120948,0.3085374745261922,45.360063940403464,11.020687238207845
331,-0.9577423237717764,0.28762760864742787,45.36003309253517,11.020703765740953
332,-0.9506072304803691,0.3103963488162232,45.360000854882045,11.02069773330222
333,-0.9505692256215994,0.3105127168106854,45.3599678195061,11.020711782244485
334,-0.94522619566278,0.3264160520453429,45.3599367558582,11.020720340257435
335,-0.9491422495258224,0.31484756655413654,45.35989171581787,11.02073352420223
336,-0.942492001805747,0.3342287039321963,45.35986485291162,11.020755956577746
337,-0.9606445229307531,0.2777806698874955,45.35983510140132,11.020766762867103
338,-0.9529001504036352,0.3032841956989011,45.35979710045348,11.020771993833884
339,-0.9567514941138703,0.290906477258374,45.35977581522987,11.020777407311096
340,-0.9534974811643885,0.3014009844263397,45.35973086194046,11.020796578669966
341,0.12950385041490103,0.9915789190617734,45.35969622022354,11.020801003759633
342,0.10974466287654583,0.9939598125528584,45.35969745724374,11.020812956945434
343,0.12470074696982365,0.9921943981424044,45.35969952906111,11.020815886382517
344,0.12885486301414356,0.9916634632160279,45.35969582966573,11.020822679013452
345,0.11992320557130041,0.9927831710728701,45.35970893924337,11.02082810509434
346,0.11135459307635497,0.9937807376885504,45.359704932228354,11.020839860785848
347,0.08858821314908275,0.9960683352516797,45.35970098562124,11.02084862038516
348,0.15172997148325876,0.9884219826337785,45.35970049286616,11.020855559907396
349,0.09974656796948353,0.9950128753831827,45.359707254742446,11.02086298404609
350,0.13353048649792476,0.991044705941981,45.35971356911913,11.020862046619094
351,0.1146171008238639,0.9934097443646968,45.35971625983137,11.020866685246173
352,0.9525323533231947,-0.3044373759454914,45.35971372661392,11.020880141569311
353,0.9577720930790381,-0.28752846418919714,45.35974561026055,11.020867262120811
354,0.9418070449840379,-0.33615396772674627,45.359780626441214,11.02086132633139
355,0.9540204348768124,-0.2997415717538322,45.359801871615105,11.020849524906373
356,0.9591295978832555,-0.28296716145924883,45.359848812968835,11.020837762073832
357,0.9625257312894356,-0.27119036967734894,45.359877345944795,11.020831898929721
358,0.9466794238649338,-0.32217707620306746,45.359915884315704,11.020816168048265
359,0.9493447547169662,-0.31423643437924753,45.359956602946774,11.020808442070251
360,0.9540467620537292,-0.29965776448274295,45.35998409239084,11.020800765180763
361,0.9518020633687815,-0.3067129475045519,45.36001756807385,11.020782179530942
362,0.9435602971693647,-0.3312007934858552,45.36004858844924,11.020773875352349
363,0.9475477152337426,-0.3196143415982991,45.360080925834644,11.020768132801518
364,0.9584874380749696,-0.2851347594602969,45.36012010200828,11.020753610330745
365,0.9551206730272566,-0.2962169812079661,45.36015401758731,11.020744822649357
366,0.9521139328027144,-0.3057434528537747,45.36018777862182,11.020731313236988
367,0.9551363186517741,-0.29616652881839434,45.36022482394268,11.020722221423568
368,0.9529899418258762,-0.30300193197191544,45.360258313838806,11.020716708273437
369,0.947010540725002,-0.32120248404353813,45.360287345868656,11.020714809861056
370,0.9475702932077681,-0.319547397783403,45.36032461905821,11.020692898991003
371,0.947908661045907,-0.31854225828633126,45.360349977811836,11.020692676580335
372,0.948943629912854,-0.3154456961947911,45.36038290053497,11.020683918743794
373,0.945998218551558,-0.3241718224912194,45.360429212667114,11.020672678749735
374,0.9479580341161413,-0.3183952976327706,45.36045970144851,11.020663032374342
375,0.9508217840627325,-0.3097384944622842,45.36049497941877,11.02066104864623
376,0.9547062247864878,-0.29755003672312363,45.360533714517665,11.020653970688743
377,0.9407068306621386,-0.3392206637951094,45.3605614330775,11.020642283243713
378,0.9314301752031627,-0.36392008562458544,45.36059580557104,11.020643016866446
379,0.9339429208607516,-0.3574221881390241,45.3606327082161,11.020625000003609
380,0.94331281588813,-0.33190500354952,45.36067520737376,11.020628878384452
381,0.9368928308312966,-0.34961668086193987,45.36070535334748,11.02061788421721
382,0.935662564947969,-0.35289596845952736,45.36073351689373,11.02061684860223
383,0.9305651351757308,-0.3661263841836229,45.360774268805756,11.02059237073468
384,0.9334202009570747,-0.35878507277373495,45.36079655468482,11.02060359875194
385,0.9203233908738819,-0.3911583518351615,45.360838768004534,11.020596373258991
386,0.926259806607084,-0.37688562013455423,45.36087282925633,11.02058188736664
387,0.9380967407468076,-0.34637336069654223,45.360910401802556,11.020585481623142
388,0.931759087124946,-0.3630771316953014,45.360948492223756,11.020568918449358
389,0.9305679384756629,-0.36611925909620613,45.36097631813717,11.020560538082762
390,0.932316636922971,-0.3616430401883066,45.361000622935485,11.02055222370138
391,0.9404035885605323,-0.3400604220171367,45.36103850592533,11.020542381835929
392,0.9295055218692369,-0.3688081951565037,45.36107190601981,11.020545955460182
393,0.927321359302106,-0.3742660772526604,45.36111114966511,11.02052186306831
394,0.9388917750542164,-0.3442124848629735,45.36114223577411,11.020515840545439
395,0.9310764268901717,-0.36482418682076273,45.36119157812225,11.020509149641232
396,0.9352060141611075,-0.35410409638536294,45.36122264847537,11.02048757561836
397,0.9360468671735714,-0.3518753507345213,45.361249404247616,11.02048291927603
398,0.9415433399681183,-0.33689188022521444,45.36127453882293,11.020463853135611
399,0.9403228427130235,-0.34028363385872457,45.361310997030145,11.020455306836933
400,0.9465614395038459,-0.322523551456955,45.361342141683224,11.020453879539385
401,0.9456154621465473,-0.325286639364994,45.36137684387402,11.020434737395275
402,0.9446048159539123,-0.3282099049033644,45.361409574816406,11.020416533213561
403,0.9513892651729995,-0.3079910162871315,45.36144525275316,11.020404007185887
404,0.9437073957663329,-0.33078142507693187,45.36147895585472,11.020386370696652
405,0.9447305977666393,-0.32784767445185353,45.361517447675816,11.020378831595071
406,0.9466033764384404,-0.3224004462083519,45.36154089914032,11.020363452774852
407,0.9419292079708329,-0.33581150541850036,45.36157805716205,11.020344294650647
408,0.938919267544381,-0.3441374856564204,45.361618543509465,11.0203232868579
409,0.9499926085503465,-0.3122723870272683,45.36163234675093,11.02030862379861
410,0.9553280006600868,-0.29554764616691004,45.36167654577949,11.020300408798045
411,0.9495602335891431,-0.3135846979463954,45.361708528093935,11.020283753983968
412,0.9516628088618239,-0.3071447512643245,45.36175015179379,11.020272736991137
413,0.9451566896384935,-0.3266172561754881,45.36176945168987,11.020268720259194
414,0.9465423467959871,-0.3225795804479032,45.36180798975889,11.020240275879198
415,0.9610275985272613,-0.2764524459449133,45.361833574132966,11.020236324317931
416,0.9489537133307313,-0.31541536100167394,45.36186740116595,11.020214520299174
417,0.9497017845218532,-0.31315574475970825,45.361909546390855,11.020208502041486
418,0.9587611867435061,-0.2842129251005025,45.361928700310294,11.02018513924996
419,0.9578390109739499,-0.2873054629770299,45.361971985486136,11.020188992379824
420,0.9561944977429375,-0.2927321001976575,45.36200752999593,11.020174523901584
421,0.9549004157460796,-0.29692624674818524,45.36203233641388,11.020155253049465
422,0.9579477874058497,-0.2869425667345941,45.362070409726456,11.020142385110667
423,0.9523578055504109,-0.3049829670771887,45.36211244306546,11.020138850139425
424,0.9501866722283798,-0.3116813884715567,45.362135075259786,11.020126216484629
425,0.9624569241184664,-0.2714344657857963,45.362167785103225,11.020107288354495
426,0.9502201466983913,-0.3115793202516622,45.36220533725913,11.020087822534693
427,0.9520287891721781,-0.3060084714307046,45.36223956760513,11.020083474641272
428,0.9564581015804509,-0.2918696625569708,45.36227054383766,11.020075856781338
429,0.12254700637559122,0.9924627102457708,45.36230230560632,11.020063847055907
430,0.13977699044060882,0.9901830098236214,45.36229673634853,11.02006622062657
431,0.11048182670682369,0.9938781444259268,45.36230466558467,11.020071609808095
432,0.11851875162630389,0.9929518142956094,45.3623039447874,11.020079989625138
433,0.08683237598058495,0.9962229361350633,45.36230713085276,11.02008463788963
434,0.1317496742035463,0.9912830187929477,45.36230620137778,11.020087108723871
435,0.1285148095647112,0.991707589828043,45.36230233237106,11.020090848752158
436,0.1250057554306476,0.9921560165161591,45.362311276658914,11.020104586004605
437,0.13464085341539558,0.99089446491116,45.362309310520416,11.020118141147826
438,0.10517355828960519,0.9944538816037187,45.36231091031155,11.020112399781882
439,0.14934112444203784,0.9887857343987057,45.36231395418273,11.02012765063888
440,-0.9641088128141011,0.26550743314299985,45.362312537534535,11.020123806307966
441,-0.9407932847394366,0.33898081861542173,45.36227126764075,11.020125717986428
442,-0.9515602855366456,0.3074622301835096,45.3622449548511,11.020148021009856
443,-0.9566042242962043,0.29139038772522546,45.36221392689247,11.020158257794296
444,-0.9633809569565225,0.2681364051626241,45.362181225540894,11.020170239676931
445,-0.960109945919731,0.27962276685922993,45.36214545409772,11.020180942100701
446,-0.9511223012729663,0.3088144556545511,45.36210992389931,11.020190626129317
447,-0.958018311902052,0.28670701780797536,45.36207451917167,11.020203349533492
448,-0.9506238903039774,0.31034532247696517,45.36204058174961,11.020197102201957
449,-0.9474216876121089,0.319987727643145,45.36199922849206,11.020210055726434
450,-0.9616665305007127,0.2742215967328647,45.36197250338701,11.0202289702516
451,-0.9553742091453951,0.29539824051576685,45.36194577104612,11.02023836813312
452,-0.9569848723670187,0.2901378190803139,45.361907288133835,11.020255271017739
453,-0.9640211863310569,0.2658254169654618,45.361875336636366,11.020251576510475
454,-0.9521064738775911,0.30576667967648147,45.36183427838698,11.020275958111446
455,-0.9569409248995917,0.29028273502279445,45.36180824133431,11.02027702113018
456,-0.9543315842224622,0.298749439088085,45.3617800722468,11.0202863631036
457,-0.9535321668255039,0.3012912325791431,45.36175013024,11.020298015469931
458,-0.9594447464886441,0.2818967513742248,45.36170080352862,11.020317345376762
459,-0.9510632509472716,0.30899626647842693,45.36167458618176,11.02033009167166
460,-0.9471783336927916,0.3207073497488741,45.36163002938399,11.020340168763047
461,-0.9441441660622135,0.32953268986655554,45.361596096170615,11.020344434006814
462,-0.9562158505317677,0.2926623433101841,45.36157070595768,11.020358854657504
463,-0.9444062417274744,0.32878085495689546,45.361534471617986,11.020354076609445
464,-0.9532932524043273,0.30204631254226494,45.361509681387055,11.020371068725662
465,-0.9546616273327604,0.2976930924599454,45.36146747772944,11.020382333794656
466,-0.9653634759584209,0.2609087183010092,45.361428921434644,11.020401924213486
467,-0.9507061240807656,0.3100933176244337,45.36139942537355,11.02040190084335
468,-0.9471097668948893,0.3209097839772238,45.36137046693681,11.020425683167668
469,-0.9552134676347369,0.29591760888669916,45.361334336751405,11.020436181974555
470,-0.949501266418866,0.31376319903546623,45.36130647848014,11.020449199316477
471,-0.9493627860330992,0.3141819544395763,45.361261487205745,11.020449135769823
472,-0.958121319690913,0.2863625966388476,45.36124014720126,11.020450180458138
473,-0.9612391692497015,0.27571590360395165,45.361198150869015,11.020470680849945
474,-0.9501662773783777,0.3117435570030533,45.361158968970884,11.020481310528773
475,-0.9517374038341047,0.3069135287717345,45.36113351606188,11.020495506406865
476,-0.9525691376028994,0.30432226025459996,45.361101006685026,11.020500627390858
477,-0.9549499682693187,0.2967668413122116,45.361066071572615,11.020517591021557
478,-0.95379242097926,0.300466333692349,45.361022196608786,11.02053004185622
479,-0.9464738807110264,0.3227804100806144,45.36100123301598,11.020534709134752
480,-0.9492318175332054,0.3145774254179841,45.36096463210021,11.020543783517438
481,-0.9593266954742637,0.2822982312208654,45.360917367320454,11.020553556878824
482,-0.9572292338824615,0.28933059603297356,45.36088838216868,11.020564004834307
483,-0.9620227545512087,0.27296926516680386,45.360861555513125,11.020570916156034
484,-0.9559646895866819,0.29348170686337316,45.36083228526902,11.02058357950037
485,-0.9435230183974369,0.3313069781248048,45.360792426800224,11.020595010947147
486,-0.9527529477375466,0.3037463095700355,45.36076926816118,11.020608730364133
487,-0.9592124057463834,0.2826863291038948,45.3607199884738,11.02062404615747
488,-0.9547595824442835,0.2973787815746401,45.36068452740378,11.020618949493537
489,-0.9583772368952347,0.2855049418154704,45.36067076183789,11.020635861981772
490,-0.9538276658999281,0.300354430238502,45.36063120414621,11.020654166970699
491,-0.9597431384043941,0.28087917025953363,45.36060235480597,11.020657428415936
492,-0.9484751292340401,0.3168515886412295,45.360552922457344,11.020666547344225
493,-0.9568344186568895,0.290633610020473,45.360519146991365,11.020683720463056
494,-0.9622907500875154,0.27202299957174036,45.36048512026085,11.020691062923607
495,-0.9525998238194645,0.30422619160605674,45.360453667918215,11.020705387399302
496,-0.9552648853090044,0.29575158308211064,45.36043026952716,11.020718227408182
497,-0.9555338587828063,0.29488140789076556,45.360393260352495,11.020720905920854
498,-0.9504158434456725,0.31098187170227604,45.36035299027757,11.020733281788205
499,-0.9544549689098613,0.29835501055500263,45.360321838014805,11.02074749329607
500,-0.9496574168225186,0.3132902658461975,45.36029216446443,11.020751413102653
501,-0.9537804509766247,0.30050432831296536,45.36024781058672,11.020757633556398
502,-0.9539070003518857,0.30010237366550035,45.36021793526414,11.020765142885024
503,-0.9478115441594882,0.31883111008495774,45.36017335100379,11.020788921853631
504,-0.9548429325099258,0.2971110469771282,45.3601544128107,11.020794963804079
505,-0.9459291858188631,0.32437320391188723,45.36012535966791,11.020809972787427
506,-0.9492489289536533,0.3145257873058139,45.36008484304991,11.020817842921238
507,-0.9531862157956575,0.3023839248656486,45.36005815505978,11.020830437382452
508,-0.9643702734103314,0.26455618639994516,45.360023717455334,11.020839409065074
509,-0.9480331137773236,0.3181716756433109,45.359995212709926,11.020853941776494
510,-0.9497571620523646,0.31298775236459075,45.35995181477371,11.020860646284003
511,-0.9616440074251056,0.27430057051231843,45.35992944201822,11.020867415000293
512,-0.9556953479756582,0.2943576087986948,45.35987884750689,11.020885553656159
513,-0.9582927211135922,0.28578848937755885,45.35985446981908,11.02089642002152
514,-0.9507886399680676,0.3098402202872834,45.35981292164849,11.020904080779609
515,-0.9565723067431023,0.2914951491400503,45.359787069494836,11.020918269663843
516,-0.9549971995340437,0.2966148156821132,45.35974363439102,11.020921822533154
517,0.1296365154027395,0.9915615835006091,45.35971435642514,11.020933110849363
518,0.10723168677925485,0.9942340596411269,45.35970915358242,11.020938514910153
519,0.12401528507555967,0.9922803077092821,45.359721223818596,11.020952308254394
520,0.13816867471896838,0.9904087122629748,45.35971027033163,11.0209551027903
521,0.12422574080840122,0.9922539822649259,45.3597197694798,11.020955341496851
522,0.15223283173184962,0.9883446589843558,45.359724847649396,11.020970101755633
523,0.125579436599401,0.9920835676007224,45.359715417467044,11.020983777343659
524,0.13203173575081908,0.9912454896515928,45.359716524171084,11.020982822517174
525,0.11586561076662052,0.9932648993303237,45.359711690231876,11.020986030885782
526,0.09470469044910514,0.9955054101344398,45.35971579845471,11.021001799466255
527,0.1554215690951695,0.9878482352365648,45.35972148802657,11.021006025631301
