,Sin,Cosin,Lat,Lon
0,0.954684428141434,-0.297619963484077,45.35967699220162,11.020602268918024
1,0.9605371306031425,-0.27815179440852367,45.35971157293148,11.020591147798886
2,0.9568658057830386,-0.29053025612348243,45.35974295448504,11.02058140410316
3,0.9550778472812156,-0.29635503308140226,45.35977532504853,11.020570043961358
4,0.9492844217878312,-0.3144186485419448,45.359807121457074,11.020560917473315
5,0.952254180454256,-0.30530636385013843,45.35983342681528,11.020548915399695
6,0.9527490855944684,-0.3037584235850991,45.3598745942337,11.020533530156236
7,0.96334337748085,-0.26827138696437364,45.35990074388656,11.020530304456402
8,0.9554764077348739,-0.2950675079741263,45.359923671906614,11.020523498733265
9,0.9561448361187964,-0.2928942682323434,45.35997169323169,11.020515813252645
10,0.9475315675277187,-0.319662210056904,45.360002192974655,11.020503140025752
11,0.954991114215489,-0.2966344075953745,45.36003134745885,11.02049054065117
12,0.9557017034184272,-0.29433697369361633,45.360066823711875,11.020489181873502
13,0.9531925507043826,-0.30236395499740565,45.36009053787618,11.020466310688754
14,0.9421782369589469,-0.3351121749518072,45.36012740781161,11.020463539998229
15,0.9453579887285989,-0.3260341594787549,45.360164150130935,11.020455492398815
16,0.9499619405397087,-0.3123656695701863,45.36019501993816,11.020442474953859
17,0.9623381751197176,-0.271855175980248,45.36022570798277,11.020434368027418
18,0.9593609824206941,-0.28218168864899923,45.360256058712146,11.020421443539963
19,0.9477277399988216,-0.31908013231275617,45.360292185394,11.020401785347106
20,0.9588790198552202,-0.2838151251809746,45.36032343579915,11.020398101028757
21,0.9598950136372366,-0.28035970251512504,45.360352105038594,11.020394864707797
22,0.953020796649796,-0.3029048714580012,45.36039282621052,11.020371599983212
23,0.9491407934447594,-0.3148519560349794,45.36041775867279,11.020370599865114
24,0.9467797625671088,-0.32188209206690743,45.360454275914734,11.020364690219878
25,0.947143179026429,-0.32081115695017515,45.36047961023267,11.02035955085669
26,0.9598072305906704,-0.2806600792878596,45.36051484560343,11.0203408414846
27,0.9567736486658576,-0.290833604005146,45.36054835059891,11.020329113885314
28,0.9499617434920622,-0.312366268827992,45.360586655347355,11.020320797760878
29,0.9421067274599882,-0.3353131582187486,45.36060927068501,11.020310009978614
30,0.9554149982768165,-0.29526628840372326,45.360639944641264,11.020301704359778
31,0.943956077335049,-0.33007108940685315,45.36067666748509,11.020293318670802
32,0.9566289058274406,-0.29130934852042367,45.360709221540624,11.020285214176441
33,0.9574155074037192,-0.28871360581531125,45.36074319470601,11.020273877764208
34,0.948402445188453,-0.3170690807388248,45.36077693213706,11.020260648196995
35,0.9540875970663923,-0.2995277234649198,45.360807455577635,11.020253174679407
36,0.9597781137684674,-0.2807596344402857,45.360838360555114,11.020232789003352
37,0.9564235909060952,-0.29198273023980414,45.36086754526384,11.020235610375028
38,0.9459674458999814,-0.3242616093487876,45.3608992900809,11.02022342234555
39,0.9607899557015139,-0.27727722773982527,45.36092401677366,11.02020874972239
40,0.9412405143846625,-0.33773701911531095,45.36095359280585,11.020198843299374
41,0.9449000649911401,-0.32735892714227166,45.36100715937994,11.02019250786076
42,0.9509191003227896,-0.30943959772675583,45.36103419187444,11.02018455580632
43,0.95356319396157,-0.3011930197096363,45.36106559545636,11.020169152431649
44,0.956435066504692,-0.2919451379286274,45.36109239238102,11.020165175222374
45,0.9502013573231015,-0.3116366161755314,45.36112525521898,11.020144288770815
46,0.9488358659655725,-0.3157696936967863,45.36116649816342,11.02013978522442
47,0.9683027366622715,-0.24977952312460633,45.36119172503996,11.020126438091452
48,0.9442961037548844,-0.32909705017417673,45.361223606311434,11.020118035354292
49,0.9517368995395138,-0.3069150925824819,45.36125424078192,11.020101252826787
50,0.9545893053547123,-0.2979249202440237,45.361283736778795,11.020102842678414
51,0.9665336397201854,-0.25653990584166614,45.36132086154344,11.020089453253807
52,0.9531282500256494,-0.3025665860650234,45.36135160774362,11.020077028750263
53,0.9472937041545837,-0.3203664122049751,45.361388130052845,11.02007337775966
54,0.9489967685819347,-0.3152857960978354,45.36142039978254,11.020057552096198
55,0.9649967443319759,-0.26226186041566746,45.36145026362749,11.020052327112785
56,0.9605062982615112,-0.27825824516080183,45.36148741387438,11.020042284263365
57,0.9502108019613549,-0.3116078173537351,45.361513224249954,11.02002710715484
58,0.9500294742784988,-0.31216021207405525,45.36153041072736,11.02002280193701
59,0.9501239161436661,-0.31187264062726605,45.361588043341825,11.020017026421197
60,0.9564092584594887,-0.29202967371993394,45.36161004973216,11.020006119374697
61,0.965450507694552,-0.2605864869718531,45.361643069123005,11.019987931748465
62,0.9462727736077629,-0.323369506800922,45.36166888632364,11.019981454537596
63,0.9552091419506006,-0.2959315717087271,45.361706055461056,11.019973665342139
64,0.9507464141900592,-0.3099697661139622,45.36173483134563,11.019958072891322
65,0.9497279531825238,-0.31307637238177843,45.36176495790835,11.019947146064705
66,0.9560974308457049,-0.29304897667496244,45.36180001079635,11.019935763898186
67,0.9525677806656481,-0.30432650761595137,45.361835177754294,11.019930323439068
68,0.9525326361004278,-0.3044364911825944,45.361872846654336,11.019921594356534
69,0.9569679746093761,-0.2901935484672748,45.361903811797404,11.019912595678663
70,0.9531046786812866,-0.30264082916196483,45.36193187675738,11.019894148773947
71,0.9501604561094572,-0.31176129914706885,45.36195998833014,11.019897959311692
72,0.9485804484381322,-0.31653614776343025,45.362004955943206,11.019886815816125
73,0.9492203342913706,-0.3146120737794062,45.362036545693734,11.01987396251954
74,0.9602596117502039,-0.2791083625428438,45.36206378763657,11.01986169857288
75,0.9585024981010749,-0.2850841299230787,45.36209232728858,11.019848191405096
76,0.954901310088206,-0.2969233705719842,45.36213084354412,11.019835259277137
77,0.9557328255579307,-0.294235902212925,45.36216764919698,11.01982847921598
78,0.9426632503201083,-0.33374540670386593,45.36219742224807,11.019821587517756
79,0.9582032776131381,-0.2860882359892475,45.36221515771492,11.019808201357042
80,0.14834615356121475,0.988935497756852,45.362255035532264,11.019798083718465
81,0.13349138666903304,0.9910499733541083,45.362254057229,11.019803487477638
82,0.1279169585835711,0.9917848817695947,45.36225892604656,11.019807801740543
83,0.14854627601388676,0.9889054575046121,45.36226191388328,11.019810040058294
84,0.12923765824157654,0.9916136483995334,45.36225823926065,11.019824696244056
85,0.12239280932655902,0.9924817379806807,45.36226372595033,11.019818654967429
86,0.1251099110008119,0.9921428879800374,45.36225206300498,11.019829427353859
87,0.13473126348302092,0.9908821759625454,45.362261647803265,11.019833222855693
88,0.150186088502363,0.9886577460478223,45.3622569105934,11.019844543179309
89,0.12297394949315689,0.9924098990568637,45.362266858683114,11.019842459322804
90,-0.9562646255219404,0.2925029332765456,45.36226979347043,11.019852902756025
91,-0.9549224402798157,0.29685540764830587,45.362235146600945,11.019863018567065
92,-0.9508784038922878,0.30956463139586066,45.3622002218886,11.0198721986294
93,-0.9564145108424398,0.29201247139465913,45.362176671431165,11.01988228603072
94,-0.9555877314668932,0.29470678219198937,45.36213709989593,11.019890039910521
95,-0.9546203025226216,0.29782558320536934,45.36209970643312,11.019905968302604
96,-0.9487602617467173,0.3159967812024363,45.36207145492721,11.019908354914902
97,-0.9562738834768444,0.2924726650135267,45.362050495028434,11.019918552198796
98,-0.9450089463372209,0.3270444791501846,45.36201538172198,11.019938177090417
99,-0.9534175676909893,0.30165367827725525,45.361972610148534,11.019947011995525
100,-0.9554906689301054,0.2950213239538792,45.36195072139761,11.019953434473404
101,-0.9545934158345794,0.2979117494246741,45.36191433236815,11.01996224014204
102,-0.9558507312653266,0.2938526493662094,45.36188027099301,11.019973180250643
103,-0.9549062929629172,0.29690734524396545,45.36184720075473,11.019980485783845
104,-0.9416562362355648,0.3365761916099684,45.3618138866206,11.019991574539823
105,-0.9518407651224448,0.3065928209386496,45.361784146512974,11.020006523656626
106,-0.9679383362835499,0.25118793194067585,45.36175426300816,11.020016027582498
107,-0.9526061590053931,0.30420635401810997,45.36172586253739,11.020025768713069
108,-0.9455360557128524,0.32551738409335657,45.361684691835094,11.020028640824277
109,-0.9515352142082935,0.30753981225457167,45.36165877572763,11.020040916211649
110,-0.9448249994505353,0.3275755186415737,45.36162622148267,11.020058094168803
111,-0.9474385895113006,0.3199376800329046,45.36158420488447,11.02006793603911
112,-0.9651315176499833,0.2617654553959327,45.36156704046931,11.020083028666333
113,-0.9501417187195063,0.3118183996314885,45.361538819812914,11.020080926092604
114,-0.9535525514188589,0.3012267114360618,45.361499028336425,11.02009692966655
115,-0.9537834619735718,0.30049477144487596,45.36145562039264,11.020094584086625
116,-0.9539965576149682,0.2998175579561523,45.361432581406916,11.020124026678403
117,-0.9565893491290879,0.29143921687512814,45.36139373121818,11.02013249268393
118,-0.9558130217352387,0.2939752837933014,45.36136288102065,11.020137758275833
119,-0.9579798170003871,0.28683561532680146,45.361338166926494,11.020143959784244
120,-0.9525996480801507,0.30422674188435983,45.36129130034841,11.020153040550676
121,-0.9538598910678655,0.3002520744507851,45.36126073968869,11.020167501887126
122,-0.9547469915120667,0.2974192028075149,45.36124131658019,11.020183535421994
123,-0.950088472061506,0.3119806007684338,45.3612090754782,11.020187632689032
124,-0.9600430396684856,0.27985239320773125,45.361175707655924,11.020194931252174
125,-0.9602116519365794,0.27927331323494775,45.36114324134334,11.020197343568059
126,-0.946872000761248,0.32161065618911194,45.36110691238871,11.020219330324862
127,-0.9550094023119216,0.2965755241010733,45.36107853701426,11.02022802992409
128,-0.9543209280646192,0.2987834772170038,45.36104435184171,11.020238853350602
129,-0.9560886693297367,0.29307756034758686,45.36101143162887,11.020242193458424
130,-0.9498527396607084,0.3126975742775223,45.36097866092769,11.020256583147884
131,-0.9520699361040598,0.30588042887182487,45.36093973303615,11.020264470379551
132,-0.9570810416036266,0.2898204268213632,45.36091500283697,11.020269083361235
133,-0.953319960146616,0.3019620068585689,45.360875116508986,11.020288306549288
134,-0.9573138988615725,0.2890503399867486,45.36085149574446,11.02030129218525
135,-0.9495642548906553,0.3135725208527599,45.36081419857896,11.020315825910979
136,-0.9560761832041947,0.29311828996106515,45.36078614585334,11.020326396358836
137,-0.9428094251753952,0.33333224836556224,45.3607555782834,11.020331028833612
138,-0.9634848911252848,0.26776270198311425,45.3607187033687,11.020344081933878
139,-0.9584045172699537,0.2854133516087623,45.360686829203274,11.020366010361245
140,-0.9490031365236969,0.3152666282183787,45.36065489005992,11.02035606321985
141,-0.9456462133944912,0.325197231065488,45.36063082814429,11.020363205402576
142,-0.9531639832707924,0.30245399814741486,45.36060121683645,11.020379548413937
143,-0.9522627473005433,0.30527964246510403,45.36055603822469,11.020384648632934
144,-0.9486308419573247,0.31638509081076677,45.36052862900425,11.020396876605266
145,-0.9540822348814408,0.2995448031324116,45.36049773191972,11.020407262387598
146,-0.9571314364779038,0.28965395441068026,45.36046168422724,11.020421447714135
147,-0.9490693929970094,0.31506711551078764,45.36043638905465,11.020438220779639
148,-0.9557788341759438,0.2940864161114447,45.360399483934565,11.020438622935519
149,-0.9470311768925425,0.3211416354095588,45.36036424271354,11.020447268972829
150,-0.9516446702331043,0.3072009466406739,45.36033382754108,11.020451881371585
151,-0.9540914236576652,0.2995155343265014,45.360305558829765,11.020469247857736
152,-0.9532569141995162,0.3021609761878859,45.36026326628527,11.020482613511213
153,-0.9560997244357394,0.2930414935361597,45.36023226706549,11.020496925085109
154,-0.9422862254993919,0.3348084067554297,45.36020931681751,11.020500809877214
155,-0.9612863253356662,0.27555144841327134,45.36017722138076,11.02050876230119
156,-0.9542650489825801,0.29896189772322823,45.36013713603254,11.020524005187461
157,-0.9559271080947829,0.2936040939931616,45.360110275818755,11.020539351542514
158,-0.9575535970207447,0.2882552841365329,45.36007889597696,11.02053789091651
159,-0.9561799568538848,0.29277959305747914,45.36003069688213,11.02054984971801
160,-0.95558946357144,0.2947011657785687,45.36000903219469,11.020566778250021
161,-0.9488002582031483,0.3158766690239075,45.35998267157669,11.020579220573918
162,-0.950640213745345,0.31029531741585265,45.359947065860844,11.020571734565621
163,-0.9553036851985065,0.2956262319993827,45.35990933498294,11.020585935832969
164,-0.9468585567404304,0.32165023476974053,45.35988135344813,11.020603395686528
165,-0.9459343600976617,0.32435811441465,45.3598464764206,11.020617463940432
166,-0.9572611219910566,0.2892250755457131,45.35981456773795,11.020616615826265
167,-0.9560206614787888,0.2932993263300462,45.35978811897395,11.020630804251356
168,-0.9585635349107448,0.28487883308420325,45.359741663841696,11.02064208645584
169,-0.9592809998891785,0.28245347094985035,45.359716413161976,11.020658202372578
170,0.15428655147996348,0.9880261433952143,45.35968654985351,11.020662283529905
171,0.10549266207052121,0.9944200813787274,45.359675806547884,11.02067590781918
172,0.14701606015474566,0.9891341051933131,45.35968264517037,11.020678105044027
173,0.13291450974009184,0.9911275059751652,45.35969043449578,11.020688810164087
174,0.11424067495167403,0.9934531031642037,45.359684505448506,11.020697481733954
175,0.15092716807969014,0.9885448851394887,45.35968937722475,11.020701678383118
176,0.1198829491661572,0.9927880330157212,45.359693167743806,11.020715283965718
177,0.10018555573181914,0.9949687705765978,45.35969041481293,11.020719537825851
178,0.1555706530537322,0.9878247678148363,45.35968696126868,11.020721425425334
179,0.1652888383633982,0.9862452027323014,45.35969744626925,11.020729304778579
180,0.9569636195245074,-0.29020790979322725,45.359690067186285,11.020739421981219
181,0.9547755231569784,-0.29732759774416867,45.35972383972649,11.020734248491959
182,0.9608970107789527,-0.27690600332255916,45.359756350120044,11.020725670445485
183,0.9589331514499386,-0.28363217562591364,45.35978963709574,11.020708038070282
184,0.9526150929505884,-0.3041783764220293,45.359834026109894,11.020690765434264
185,0.9650377543866361,-0.2621109166143191,45.35985419250468,11.020686853019761
186,0.9494337504916082,-0.3139674400753027,45.35988577477762,11.02067742182621
187,0.963021256524523,-0.26942542471327563,45.359912503262265,11.02066782885914
188,0.9469751145633977,-0.3213069130872224,45.35994713722648,11.020662987681831
189,0.9596560279453117,-0.2811766491517872,45.3599824486642,11.020637926780568
190,0.9458143629374345,-0.32470785463436974,45.36000111852168,11.02064750090989
191,0.9523970410872393,-0.30486042073098213,45.360042894496594,11.020634904578477
192,0.9529252776158837,-0.3032052362356081,45.36008140336444,11.020623935328336
193,0.9503293945159572,-0.3112459508474513,45.36010959690094,11.020609003667685
194,0.9531853928346804,-0.3023865190225849,45.36013339793783,11.020596121101638
195,0.9518694563696259,-0.30650373249047513,45.36018194031422,11.020582936593588
196,0.9562899999932015,-0.2924199649699088,45.36020531576572,11.020572083798045
197,0.9586530979127792,-0.2845772968144707,45.36023927662162,11.020561666431435
198,0.9592356240519042,-0.28260753271941247,45.36026932157524,11.020555544806278
199,0.9520092125079916,-0.3060693700779507,45.36030451116459,11.020546874495041
200,0.9660239811094045,-0.2584524480857879,45.36033819441793,11.020530086174386
201,0.9496173079554314,-0.313411819227481,45.360365774016195,11.02051974757814
202,0.9562199344502215,-0.292648999588268,45.36038968792236,11.020512160783031
203,0.9538146548258647,-0.300395746040813,45.36042977370149,11.020501533874276
204,0.9542582767520397,-0.29898351334183576,45.36046144288678,11.020493080315555
205,0.9494939011208936,-0.31378548681261004,45.360506492141724,11.02047762303943
206,0.9489539816145565,-0.3154145538460141,45.36052707320667,11.020475339789634
207,0.9460868950337807,-0.323912931272186,45.36055016864572,11.020462553206567
208,0.9508229788214257,-0.3097348268198953,45.36058787122162,11.020456870277743
209,0.9495059580656731,-0.31374900095106023,45.360617844618716,11.020445560633343
210,0.949280013862956,-0.3144319565189676,45.36065869932473,11.020436312568412
211,0.9546531049006858,-0.2977204213746183,45.36068311687471,11.020416869411543
212,0.9553814907563387,-0.2953746893696137,45.360720184303325,11.02041136513618
213,0.9605907859799792,-0.27796644022321454,45.36075335216889,11.02039735248181
214,0.9565197164646106,-0.29166767392781284,45.360791958426766,11.020396439797704
215,0.9594719186975166,-0.2818042533939226,45.36081177705785,11.020386648984699
216,0.9543162593667116,-0.298798388731143,45.36084442032336,11.02037189085834
217,0.95244602712212,-0.3047073438880164,45.360871216377625,11.020360523356969
218,0.9443334612675922,-0.32898983864303305,45.36092283297201,11.020348627187284
219,0.9522504085691227,-0.3053181281547803,45.36094585129646,11.020353797871936
220,0.959264687674973,-0.28250886531193425,45.36097958669867,11.020327767813344
221,0.9569498619509692,-0.29025327166462905,45.36100911412686,11.02031226025825
222,0.9507984892802822,-0.30980999464564246,45.3610441653022,11.020317057121881
223,0.958765490406733,-0.28419840676037716,45.3610750264328,11.02030104355449
224,0.9440129711024144,-0.3299083363457068,45.36111257404407,11.020288552055312
225,0.9533573911802681,-0.3018438084207682,45.361131269173285,11.02028168645964
226,0.9544390882978079,-0.2984058088061444,45.361165436455735,11.020286660212097
227,0.9471511891961664,-0.32078750724473026,45.36119793622336,11.020266023146565
228,0.9591272298249963,-0.2829751879727775,45.361234534719074,11.02024936769207
229,0.9448258296537899,-0.3275731240792315,45.36127440197186,11.020243331332827
230,0.9543222431467641,-0.2987792767835957,45.36130298176856,11.020227485475285
231,0.9482735386902961,-0.3174543995911596,45.36133943504141,11.020219047095265
232,0.9507603783449327,-0.30992693166196533,45.361362238448315,11.020211858867878
233,0.9545516392776119,-0.29804558032694245,45.36140011917566,11.020202214134079
234,0.9593102979636229,-0.28235394847769546,45.361439405510644,11.020187161087557
235,0.9577356404976908,-0.2876498616729685,45.361456400628924,11.020173661714246
236,0.9554497470968916,-0.29515382561045345,45.36148810910499,11.020169223878167
237,0.9580319278834242,-0.2866615166986484,45.36152127684167,11.02014384347471
238,0.9519963159233988,-0.30610948117997944,45.36156575347497,11.020143502171145
239,0.9538130589356278,-0.300400813254326,45.3615941737774,11.020129273711216
240,0.9511130991847534,-0.308842795867369,45.36162044086716,11.02012308475865
241,0.9501612482701725,-0.311758884854414,45.36165418701596,11.020115421799463
242,0.9444843593405361,-0.3285563801862584,45.36168719499976,11.020108261565941
243,0.9591720609889149,-0.2828231910899056,45.36171334986426,11.02009391451641
244,0.9589665433146461,-0.28351925649443777,45.361739644880714,11.020080868682761
245,0.9578587818654534,-0.28723954115551326,45.36178622130694,11.020076312825482
246,0.9621692270907641,-0.27245252511136964,45.361821573798814,11.02005927929773
247,0.9526917417866143,-0.3039382258479296,45.361846051180905,11.020052385912402
248,0.9530298169763781,-0.3028764896025626,45.36187744705856,11.020042085065016
249,0.9495447709398811,-0.31363151624275387,45.361913603577875,11.020035682749201
250,0.9611996595744774,-0.2758536105145424,45.3619353196002,11.02001753680033
251,0.9604868881231192,-0.27832523734574743,45.36198525532101,11.020008230412676
252,0.9525300231882898,-0.3044446664418938,45.36201695955253,11.020002039342783
253,0.9574451625937673,-0.2886152466966956,45.3620312638783,11.019996737994765
254,0.9553671313962542,-0.29542113033378703,45.36207526489703,11.019980085769616
255,0.9484086882122721,-0.3170504062818361,45.36210064776712,11.019975830175296
256,0.9538620079850303,-0.3002453492108845,45.36213910518319,11.019975828259282
257,0.9550262274487773,-0.2965213396788777,45.3621679952417,11.019947316496824
258,0.9592880577828745,-0.28242949951299423,45.3621993994089,11.019940485762161
259,0.9546154665523418,-0.29784108349765115,45.362230983822855,11.019927492701816
260,0.11672430275867114,0.9931643555552636,45.3622659275343,11.019923003812332
261,0.12219079571974359,0.9925066294193585,45.36227076531813,11.019925267524341
262,0.1409657887228063,0.9900144677780003,45.36227558780431,11.019931719432936
263,0.13283268020551214,0.9911384762329732,45.36227220025489,11.01993868284355
264,0.11789403864448647,0.9930261807485704,45.362275577810486,11.019947091471433
265,0.11261861232774231,0.9936382883913913,45.362275954025506,11.01995271786833
266,0.11847579014833623,0.992956941235987,45.362278828471,11.019955337384198
267,0.14074968575571345,0.9900452140986632,45.3622871107185,11.019968143657756
268,0.11561953732419247,0.9932935732143542,45.36229131512444,11.019965153063628
269,0.13807866394448115,0.9904212652014833,45.36228082679224,11.019978842094957
270,-0.9591976639964782,0.2827363460605998,45.36228620736533,11.019981392516634
271,-0.9447759452452539,0.3277169713120408,45.36225313384045,11.019989392462822
272,-0.9482900555780205,0.3174050574452696,45.362221116660365,11.020006917583332
273,-0.9527568672056612,0.30373401520484017,45.36219102068103,11.020013419102657
274,-0.9540092111873824,0.2997772922848369,45.36216003411014,11.02001667874402
275,-0.9445170913290547,0.3284622720911826,45.36211669442291,11.020040626079554
276,-0.9637540906446701,0.26679215274378865,45.362098475736865,11.020052368544054
277,-0.943049480040004,0.33265248863683267,45.36204874677755,11.020052780596023
278,-0.9472118269915022,0.32060841350067604,45.36202646935996,11.020058562546653
279,-0.9476220838489136,0.31939377921594325,45.36199792207078,11.020075858182338
280,-0.9438684929405833,0.3303214616613218,45.36196098870975,11.0200829230304
281,-0.9561088597814997,0.2930116861958246,45.361937543808466,11.0201098215687
282,-0.9504567669169155,0.310856774450621,45.36189666039775,11.020106032977989
283,-0.9484623559878115,0.3168898219792645,45.36186543343907,11.020109603782702
284,-0.9513196653794711,0.3082059283373556,45.36183587393029,11.020121304859027
285,-0.9487401681307094,0.31605710461135533,45.36179002614532,11.020125183572194
286,-0.9653982932981284,0.26077985983787316,45.361767081642405,11.020152165943989
287,-0.9591414454788705,0.2829270004165437,45.36174604580527,11.020148761716166
288,-0.9519899119536656,0.30612939672375805,45.36170753867971,11.020165637177005
289,-0.9488026180419946,0.31586958067635573,45.36167143860283,11.02017826676143
290,-0.9473528734001478,0.3201914009783578,45.36163019262063,11.020185167936672
291,-0.9421334505836954,0.3352380665903855,45.36161171493693,11.020199847224912
292,-0.9524113111392901,0.30481583688177727,45.361566848799214,11.020212101843432
293,-0.9474403740033908,0.3199323955280474,45.36154609165365,11.02022319928175
294,-0.9542169359216773,0.29911542788737167,45.36152355976134,11.020222290084396
295,-0.9585215271887132,0.28502014300013406,45.36147721021215,11.020240051029202
296,-0.9488994419448065,0.3155785941359694,45.36144692371774,11.020241606559166
297,-0.9512385741958767,0.3084561151311411,45.36141975998591,11.020259324404506
298,-0.9540859477002024,0.2995329771511088,45.36139448028738,11.020264192735203
299,-0.9531413125842682,0.30252543404669047,45.36135751675159,11.02028315042389
300,-0.9516054768560185,0.3073223330928452,45.361312659153235,11.020286784645513
301,-0.9521906961351385,0.30550430143237,45.36128643334465,11.020290866050685
302,-0.9602256248550478,0.27922526635627554,45.36125677606906,11.020311125823385
303,-0.9484731145595117,0.3168576193778199,45.36122395183487,11.020315079554104
304,-0.9524910163641795,0.30456668193604536,45.36119244985033,11.020332379027039
305,-0.9556196578620644,0.2946032408300884,45.36115396546085,11.02033412580421
306,-0.9648055632927779,0.26296430373589785,45.361123108790665,11.020350750820468
307,-0.9605962036863442,0.27794771714008276,45.36109173724744,11.020359457925672
308,-0.958647853417456,0.2845949633041735,45.36105425852549,11.020375121258962
309,-0.9577057587594774,0.28774933473239106,45.361023661725476,11.020381988251879
310,-0.9645395312307159,0.2639384259505064,45.360993239111586,11.020392915228364
311,-0.9540097131252266,0.2997756949165872,45.36096064109141,11.020387377594547
312,-0.9582725460420614,0.2858561307757196,45.36092399680179,11.020422886892478
313,-0.9490650839539282,0.3150800952448811,45.36089293562685,11.020410842184715
314,-0.9489542758806929,0.3154136685176304,45.36087005040408,11.020423000774327
315,-0.9540770301075157,0.29956138039010066,45.360835666888434,11.020436623417659
316,-0.949340153363194,0.31425033526210794,45.360800622717655,11.020446289005335
317,-0.9462428524728138,0.3234570514675987,45.36076431947829,11.020460603352856
318,-0.9516896356724337,0.3070616181708006,45.36073799651669,11.020463672441817
319,-0.9517834966140696,0.3067705585174292,45.36069592896802,11.020476856925661
320,-0.9474938048894028,0.31977412293086244,45.36066886373741,11.02049170078826
321,-0.9470901818857683,0.3209675799447387,45.36064061185661,11.020494361241742
322,-0.9455261317017716,0.32554620911490306,45.3606102925113,11.020511104886822
323,-0.9557644996916163,0.2941329990484483,45.360577578059576,11.020524690469376
324,-0.9538586017036613,0.3002561705543051,45.36053867104521,11.020544746515187
325,-0.9568091614946014,0.2907167495690569,45.360515287174934,11.020538784881053
326,-0.9583770020342952,0.28550573019075576,45.36047132447486,11.020540782737788
327,-0.9503037609546042,0.3113242070824791,45.360439337805765,11.020558765507408
328,-0.9533324511156658,0.30192256896395925,45.36042065184915,11.020575496534954
329,-0.9583528339111692,0.28558684447017324,45.36037618821415,11.020577854785154
330,-0.9589986735586803,0.2834105575180497,45.36035095012229,11.020591267846545
331,-0.9529927456994265,0.3029931131961058,45.3603220150864,11.020603965561751
332,-0.9540524702838643,0.2996395900832469,45.36028426414339,11.020602331199084
333,-0.9607741743343436,0.27733190572337724,45.36024705296124,11.020624344449395
334,-0.9529896446231804,0.3030028667207364,45.360217395883446,11.020642164473449
335,-0.9507350157916546,0.31000472536340823,45.36018871546032,11.020655068860068
336,-0.9474558009089008,0.3198867070137072,45.360155892538806,11.020644380507377
337,-0.9452539841537583,0.32633557182974476,45.36012267755729,11.020671164226506
338,-0.9603807141801813,0.2786913773886176,45.360082978937676,11.020673615969521
339,-0.9518684339244023,0.306506907749737,45.3600476340342,11.020680240828666
340,-0.9468920888965908,0.3215515075148158,45.36002517863675,11.0207039137402
341,-0.957421637992,0.2886932751290125,45.359990780523866,11.020711994490519
342,-0.9555670982474873,0.2947736771607615,45.35996320708156,11.020711340769259
343,-0.9575235198290831,0.2883551785110222,45.35993135485717,11.020725052492264
344,-0.9556039670378157,0.2946541331486616,45.35989410435597,11.02072797823467
345,-0.9525798380130704,0.3042887645165238,45.35985802309048,11.020738506145703
346,-0.9537283834436349,0.3006695372231629,45.35982751488795,11.020755188651234
347,-0.9567396160928822,0.29094553957475333,45.35979602634952,11.020763127063201
348,-0.9545089641283417,0.29818222180176995,45.35976216633246,11.02077605096177
349,-0.9559861432983012,0.29341181609069505,45.35973472147146,11.020784504210168
350,0.12024646494493146,0.9927440695709279,45.359701219893864,11.020796027567378
351,0.1358683918866078,0.990726894803077,45.359702082530056,11.020802997131586
352,0.09870210063880044,0.9951170259469426,45.3597014928121,11.020808312527764
353,0.12720419736774294,0.991876550873156,45.35970125582597,11.02081921971755
354,0.12803673749073755,0.9917694257501226,45.35971061037668,11.020835759099588
355,0.13092671348881083,0.9913920494410972,45.35970417763022,11.020832295116712
356,0.1341419306056202,0.9909621296767082,45.35971510371276,11.02085619693496
357,0.09862806337204057,0.9951243666574952,45.35970728695879,11.020859101905202
358,0.12399340582317897,0.992283041935298,45.35971168762157,11.020865482999843
359,0.1384102113365669,0.9903749862540788,45.359702826957374,11.020875985428313
360,0.9585486963023013,-0.28492875744150253,45.359715530922074,11.020881910728487
361,0.9571683741830453,-0.2895318695131602,45.35974881590235,11.020868628550149
362,0.9534416913603264,-0.30157742152880096,45.359768946228904,11.020858148120169
363,0.9588225391398941,-0.2840058774696857,45.35980416470471,11.02084665850636
364,0.9524386814995004,-0.3047303036842466,45.35984419031916,11.020838621424524
365,0.9532296790704061,-0.3022468840853957,45.359873767997236,11.020822324117503
366,0.9526098125241171,-0.30419491297976425,45.35990945581748,11.020821699459505
367,0.9469628703763407,-0.3213429976343063,45.359943259593905,11.020810351662982
368,0.9515900550889025,-0.3073700815887901,45.359965697123194,11.020805414727635
369,0.9566958293339297,-0.2910894881905984,45.36000696493472,11.020789342935847
370,0.9508754938341482,-0.3095735699727366,45.360046216185935,11.020785801540638
371,0.950961832572039,-0.30930824914836846,45.3600740757285,11.02077074317586
372,0.9476872088470599,-0.3192004921482249,45.36009805207118,11.020752997750408
373,0.9573281036497732,-0.28900329057353147,45.36014297521736,11.020742763112153
374,0.9521461443795397,-0.30564312480927286,45.360175641510175,11.020737709159146
375,0.9525293102911472,-0.3044468969069508,45.3602039045272,11.020731630891872
376,0.9568679682520234,-0.2905231339037302,45.36023048900122,11.020719795956445
377,0.9550519020332296,-0.29643863517212177,45.36026520639071,11.020709899230981
378,0.9550012033939012,-0.29660192432990157,45.36028856639537,11.020703903598038
379,0.9525326224576197,-0.3044365338687354,45.36032982476849,11.020683193048953
380,0.9618369885253008,-0.2736231121535248,45.36035859695293,11.02067807310441
381,0.9574895569956778,-0.28846793278321353,45.36038710572224,11.020665239541506
382,0.9429678014526555,-0.33288395188645753,45.36042824764514,11.020652852938037
383,0.9498887004005845,-0.31258831848181506,45.36046276154053,11.020656699165466
384,0.9600233388291939,-0.2799199687468667,45.360493577245514,11.020640084416542
385,0.9495437915567209,-0.3136344813889038,45.36051926061266,11.020624710524915
386,0.9501961359927973,-0.31165253591838066,45.36056398292414,11.020615267476177
387,0.9498444342918055,-0.3127228016069181,45.36059787282803,11.02060291874883
388,0.9570473559817366,-0.28993164437219887,45.360610332765674,11.020590387441699
389,0.949008616209337,-0.31525013300622007,45.36065439551193,11.020584608290555
390,0.9524190651986435,-0.3047916078997945,45.36068943109167,11.020572853594974
391,0.9582826542271289,-0.28582224302424225,45.36071337870726,11.020560226926545
392,0.9449273979076852,-0.32728002182139254,45.360747441437034,11.02055509481148
393,0.9414392446918207,-0.33718266348389586,45.36077810960971,11.020537265181689
394,0.9473103275743372,-0.3203172540950642,45.36080583133641,11.020527368874019
395,0.9579352264703103,-0.28698449764277395,45.360846433432435,11.020522921192676
396,0.9627468004917903,-0.27040450836260294,45.36088072510071,11.020510567499043
397,0.9491223450093341,-0.3149075645391557,45.36090859892957,11.02049483864015
398,0.958953621976483,-0.2835629575564914,45.36093652407655,11.020489098768145
399,0.9568620106380458,-0.29054275519743467,45.36097520242087,11.020489401406744
400,0.9584586252526826,-0.2852315965645073,45.36101479722838,11.020474732702612
401,0.9516148971953895,-0.3072931620388068,45.36104967252658,11.020465052389905
402,0.9568956706424414,-0.29043187756469196,45.361066549965244,11.020453465003104
403,0.9562748555477285,-0.2924694866942038,45.36110044210493,11.020438497123575
404,0.9571051174125842,-0.28974090878342235,45.36113629415515,11.020429425473884
405,0.9502038174376951,-0.3116291150178868,45.361166200030105,11.02041549656135
406,0.9580690106838591,-0.2865375555965598,45.36120396321832,11.0204081703084
407,0.9486129555117135,-0.3164387154495036,45.36124070109355,11.020403002006352
408,0.9588180556988853,-0.2840210134229671,45.361261782520714,11.020393986545072
409,0.9565736422893737,-0.291490766367035,45.3613035070206,11.020382084290802
410,0.9445244956019521,-0.32844097979374914,45.36132474237267,11.020366596905149
411,0.9527584480772187,-0.3037290562614808,45.36137146361228,11.020355034955632
412,0.9533038778923343,-0.30201277521892567,45.36139139656925,11.0203460069151
413,0.9538712204761054,-0.3002160800946963,45.36143598526315,11.020340365751325
414,0.948668194771295,-0.3162730722482902,45.361459900339725,11.020321766498181
415,0.9520527673128006,-0.3059338625455479,45.36149168994072,11.02032599181166
416,0.955090705501204,-0.2963135910909459,45.36153127700041,11.020306779139704
417,0.955667123206533,-0.2944492309756459,45.36155825275014,11.020303728572054
418,0.9469857589246523,-0.3212755396756813,45.3615887188548,11.02029124634517
419,0.9539080645482102,-0.30009899098445436,45.36162929686339,11.020281172628197
420,0.9532618856462544,-0.30214529182852984,45.361652675688454,11.020261964565234
421,0.9544552573737934,-0.29835408774060024,45.36168858601528,11.020257192124012
422,0.9528702212750826,-0.303378215116338,45.36171295888071,11.0202467976257
423,0.9493429594144185,-0.3142418581447637,45.36175349400068,11.020244091819796
424,0.9502405658012651,-0.3115170414370479,45.361779685950324,11.020232762670034
425,0.9459729576054036,-0.3242455296211273,45.36181730273444,11.02021370086834
426,0.9523653595443979,-0.3049593775240722,45.36184568010671,11.020214529866006
427,0.9519754632261854,-0.3061743252059024,45.36187467149223,11.020202762059057
428,0.9552998592432855,-0.29563859512884794,45.36190959384632,11.020190746747286
429,0.9541501582363956,-0.29932837409350493,45.361947127050485,11.020176978144336
430,0.9526330738858934,-0.30412205861909153,45.36197863268557,11.020169514749796
431,0.9608234237807038,-0.277161231622184,45.36200646792801,11.020154058916795
432,0.9672155917288432,-0.2539566874815934,45.36204479434241,11.020148496625943
433,0.9548143847373811,-0.2972027770707674,45.36206552675975,11.02012551164412
434,0.9558045088224428,-0.2940029607243585,45.36210696013522,11.020134416827286
435,0.9475567395388272,-0.3195875863586491,45.362147457059415,11.020115922164884
436,0.9503288619105116,-0.31124757705060435,45.362171085547466,11.02010674605251
437,0.9502768541899667,-0.31140632683171504,45.362198306321936,11.020095959652014
438,0.9473601999692175,-0.32016972298186525,45.36222402357798,11.020080405790194
439,0.9474331118590567,-0.3199539006686186,45.36226653177537,11.020068102790702
440,0.1314277603822617,0.9913257505991171,45.362299688864184,11.020062311120505
441,0.10660048458575119,0.9943019343670629,45.36230478915257,11.020067087285483
442,0.1266283284508982,0.9919502338493255,45.36228904431559,11.020076508698562
443,0.13747359348705482,0.9905054321374295,45.36230322191704,11.020080309426247
444,0.1564107828183502,0.9876920911995554,45.3623043772732,11.020091007661613
445,0.12888419737698623,0.9916596511235546,45.3623132922921,11.020091342017373
446,0.15802835470900514,0.9874345745961931,45.362302529825236,11.020114050541531
447,0.12384419576369456,0.9923016754876733,45.36230198682332,11.020105287690498
448,0.13530788242250752,0.9908036016054528,45.36230183579807,11.020112215346543
449,0.15368543772799031,0.9881198238221699,45.36229406070715,11.020118297633045
450,-0.9621564119818298,0.272497777756538,45.36230137592993,11.020122553430642
451,-0.9546867438600605,0.2976125351827025,45.362274780301185,11.020126979284905
452,-0.9547666298330989,0.297356154395947,45.36222996068894,11.020138925183488
453,-0.9587669585295947,0.284193453886451,45.36219328994998,11.020151033242664
454,-0.9499838767225037,0.31229894967367855,45.36217952252074,11.020157432569663
455,-0.9556353285774454,0.29455240412306616,45.36214571119414,11.02016391049831
456,-0.9584414896700868,0.285289170630406,45.362096501718476,11.020187203518105
457,-0.9597982103975105,0.28069092489379904,45.36207620286424,11.02019358072694
458,-0.9485336983075487,0.31667621188684836,45.36204366026996,11.020209065948121
459,-0.9463119720039593,0.3232547782198704,45.36200493434039,11.020210927027712
460,-0.9467539451710809,0.3219580210260243,45.361980176072834,11.020219468529346
461,-0.9578353793698492,0.2873175699942786,45.361939748084644,11.02024263827602
462,-0.9564080112824501,0.29203375824508504,45.361914516438226,11.02024566447903
463,-0.9453482536750444,0.3260623855545805,45.36187480218044,11.020261124269252
464,-0.9500053813535322,0.31223352702637475,45.361846968061776,11.02026555113259
465,-0.9578699790443352,0.2872021992353206,45.36181146931692,11.020274751832313
466,-0.9481945555589189,0.31769023404634944,45.36178347877285,11.020287115998467
467,-0.9500418727482713,0.31212247600094006,45.36174853614636,11.020299814965579
468,-0.9571753012124684,0.28950896833918704,45.36172021115885,11.02030050060525
469,-0.9507450119684903,0.3099740670072827,45.361687968885974,11.020317398453905
470,-0.9520764574631332,0.30586013003405765,45.3616519409527,11.020334731371108
471,-0.9545390397775783,0.2980859297929021,45.361626176310914,11.020343842083236
472,-0.9524816849989083,0.30459586297525526,45.36159018570249,11.02034974966372
473,-0.9522023104047787,0.3054680999053773,45.361564694749255,11.020365010429016
474,-0.9434842069601899,0.3314174877955321,45.36152758875538,11.020373855189904
475,-0.9539472913513793,0.29997427443593666,45.361486213084234,11.020381910866544
476,-0.951753252821907,0.3068643767903325,45.36146051311133,11.020383751831856
477,-0.9562025659065155,0.29270574465458626,45.36142062659863,11.020392864903878
478,-0.957678077747954,0.28784144837216147,45.36139797493907,11.02041360384899
479,-0.9521432520204286,0.3056521350031152,45.361357738476315,11.020414997965688
480,-0.9471276214998539,0.32085708437251254,45.361338130305256,11.020427714727836
481,-0.9506144908086448,0.3103741127488259,45.36129169295951,11.020424832757335
482,-0.9539327846306176,0.30002040331763413,45.361255215383814,11.020446970136266
483,-0.9530809006491029,0.3027157029588898,45.36123652458686,11.020466222837248
484,-0.9534104499996015,0.3016761737883148,45.36120006440532,11.020460419896054
485,-0.9559962798200337,0.29337878752605107,45.361172054716576,11.020479521918514
486,-0.9550621406484114,0.29640564687615845,45.361142677883336,11.020492124569984
487,-0.9571299979356321,0.28965870788177045,45.36109989915949,11.020500343300402
488,-0.950886594440244,0.3095394716572265,45.361071595893804,11.020512831288755
489,-0.9571977519577769,0.2894347312382849,45.36102864993206,11.020514493009847
490,-0.947601506185986,0.31945482540423564,45.36101031136793,11.020530240106485
491,-0.9470774419694301,0.3210051696042303,45.36097439570854,11.020528274129642
492,-0.9479544392291627,0.3184060004863659,45.36093951133937,11.020556603978854
493,-0.9486401923040763,0.3163570538889328,45.36090867300711,11.020558835128064
494,-0.9534043657675917,0.3016954015812908,45.360876050943126,11.020574431943949
495,-0.9576465273175566,0.2879463990339596,45.36084403874543,11.02057488689544
496,-0.9456440273181732,0.32520358792219084,45.360807340676686,11.020591497199545
497,-0.9600623058921933,0.2797862913099292,45.360786525838975,11.0206042699116
498,-0.9576321875921829,0.2879940855076893,45.36076319159495,11.020609954836344
499,-0.9484146349590733,0.3170326169267882,45.360710509916366,11.02062352048278
500,-0.9505774346347462,0.3104875855219092,45.36068531671225,11.020633070578281
501,-0.9427767325810366,0.33342470289980725,45.36065835104121,11.020641846220007
502,-0.9573012263629579,0.2890923070646758,45.36062113833137,11.020647423535758
503,-0.9495041208189288,0.31375456099931537,45.3605827261382,11.020661220532325
504,-0.9467046467512158,0.3221029522057437,45.36055251154815,11.020667159626274
505,-0.941088583350504,0.3381601370465499,45.3605312830466,11.0206851139388
506,-0.9563800201289007,0.29212541330436065,45.360492456685336,11.020691215164907
507,-0.9614698068324462,0.2749105500878031,45.360462578684654,11.020705649564325
508,-0.9557660278126989,0.29412803348054933,45.36042405236616,11.02070445108677
509,-0.9543561507496555,0.2986709519292105,45.36039119217268,11.020718964422757
510,-0.9550647407013242,0.29639726899739216,45.36036392527698,11.02072404465202
511,-0.9518600091307381,0.3065330700228462,45.36032223303274,11.020740888513794
512,-0.9559734306927391,0.2934532327468123,45.36029997165405,11.02074969401462
513,-0.9556422093644936,0.29453007941626164,45.36026944413652,11.02076054103009
514,-0.9535651952414252,0.30118668367672335,45.36023013676611,11.020763285883904
515,-0.9560417292349264,0.2932306463545236,45.36020760660519,11.020787426732072
516,-0.9473532884588174,0.32019017293830965,45.360162631616035,11.020792343902736
517,-0.9517641523087217,0.30683056950059645,45.360127910487286,11.020809090848848
518,-0.9509066850708953,0.30947774764509534,45.360097877872896,11.020815255091641
519,-0.957155072787694,0.2895758391799706,45.360068351882695,11.020826630796403
520,-0.9562201311439246,0.2926483568979941,45.360026898287636,11.020828763981902
521,-0.9470317837037124,0.32113984594715883,45.36000016162738,11.020845592599624
522,-0.9565963413746418,0.29141626527812364,45.35997069508366,11.020847902887844
523,-0.9592920614053569,0.2824159006229302,45.35995044431982,11.0208568430379
524,-0.9440443056544049,0.3298186607235747,45.35991157283983,11.02086260924151
525,-0.9567039444265932,0.29106281576078735,45.359870338040174,11.020881023211285
526,-0.958876113309482,0.28382494485950566,45.35984458002946,11.020890957210398
527,-0.9397660749316548,0.3418182622499145,45.35980119270917,11.02089721045015
528,-0.9526122107920265,0.30418740251681636,45.359779211642284,11.02091245731112
529,-0.9625075620492588,0.27125484880088735,45.35973373549051,11.02091706341055
530,0.15398658199124957,0.9880729388899648,45.359714854269285,11.020932734513499
531,0.15774968718632024,0.9874791320289347,45.35971058405894,11.02093456903976
532,0.12792389418718658,0.9917839872149506,45.3597197732614,11.020942413175113
533,0.09349443221882049,0.9956198025070013,45.359718732877226,11.020959557245787
534,0.14695002390266565,0.9891439179790805,45.359714101395824,11.020951763590894
535,0.17080949049456048,0.9853040738558776,45.359716667059075,11.020967264261586
536,0.10343079737834979,0.9946366523277125,45.35971613116863,11.02097575968928
537,0.12673103495561175,0.9919371173512359,45.359721077341966,11.02099355918306
538,0.15603352915304255,0.9877517591885355,45.35971151478179,11.020984120495918
539,0.14433624477898654,0.9895287001613953,45.35971433779534,11.020998979633697
