,Sin,Cosin,Lat,Lon
0,0.9539418249188935,-0.2999916576680279,45.359671723742125,11.020603331489069
1,0.9551013723516208,-0.296279207053162,45.35970346544861,11.020602013660488
2,0.9454331734018075,-0.3258160748511156,45.359730461266096,11.020585585092647
3,0.9472693873848039,-0.32043830564340814,45.359779510354514,11.02057110224877
4,0.9620173229200658,-0.2729884070829929,45.35980289736855,11.020571557024724
5,0.9624755832043699,-0.27136829537624324,45.35982886789579,11.02054600142905
6,0.9568013468508518,-0.2907424679409528,45.35986559381982,11.020534837368503
7,0.9551198299248781,-0.2962196996897269,45.35989339690802,11.020522254245913
8,0.9508950216380736,-0.30951358261621975,45.3599280075746,11.020521526301936
9,0.9650020964582088,-0.2622421663868377,45.35995919111252,11.02050630240659
10,0.9596820681894076,-0.281087758530501,45.3600003725782,11.02050803336907
11,0.9551746626144693,-0.2960428413242494,45.36003666700175,11.020497446892476
12,0.9579847800898803,-0.28681903897081823,45.36006062817749,11.020484163292311
13,0.9600465684838511,-0.2798402872039377,45.360097804510396,11.020462148663423
14,0.9461037926808125,-0.32386357231862667,45.3601252765872,11.02046846774607
15,0.9597199996389245,-0.2809582216149988,45.36015381318177,11.020442341500306
16,0.9518336394711137,-0.30661494218510305,45.36019127482843,11.02043090624504
17,0.9650644166627735,-0.2620127319260279,45.36022332090802,11.020425178670543
18,0.9652673739985598,-0.2612640363577132,45.36024616362342,11.020425247202713
19,0.9546661560323698,-0.29767856914191687,45.360289883320306,11.02040774544535
20,0.9650063716286859,-0.26222643405278323,45.36031973644025,11.020390179766638
21,0.9541195714021166,-0.29942585637757035,45.3603520905569,11.020378855596048
22,0.9608845614622351,-0.2769492002940756,45.360384778682445,11.020383746211126
23,0.9668080680808536,-0.25550373675108445,45.360411376653545,11.020354734303634
24,0.950297060244181,-0.31134465996908844,45.36045156613463,11.020354136043538
25,0.9533056871809606,-0.30200706413664613,45.36047004342168,11.020341284014028
26,0.9614284273415653,-0.2750552291804766,45.36050620192064,11.020324507075342
27,0.9620804938613154,-0.27276569309861426,45.360543843604695,11.020311395837359
28,0.9638884406416685,-0.26630635365565863,45.36057970203688,11.020294116510643
29,0.9582657032600924,-0.2858790687606221,45.36060730540093,11.020294277145075
30,0.9650000999718527,-0.2622495129725019,45.360640000659345,11.02028383221801
31,0.9644572919794318,-0.2642387782815026,45.3606761040741,11.020267089996205
32,0.970746108118244,-0.2401082955111764,45.36070616200034,11.02026688549653
33,0.9531136390738907,-0.30261260881087776,45.36072745982398,11.020245837304595
34,0.9627096451064043,-0.2705367613081464,45.360757713774575,11.020231260752267
35,0.9642941497599866,-0.2648335189107763,45.36078981967774,11.020217912977612
36,0.9546961317701111,-0.29758241880727176,45.36083302259413,11.020207977857357
37,0.965026035456642,-0.26215405945900555,45.360855640427324,11.020197758545704
38,0.9652099585030998,-0.2614760715752865,45.360893438696216,11.020179755760227
39,0.9645105417025865,-0.26404434276193667,45.360918891053196,11.020168767591612
40,0.9649878863211839,-0.2622944514345924,45.36095988868974,11.020160743100424
41,0.9629413889269992,-0.2697107367001573,45.36098832008894,11.020149611442813
42,0.9587443164092041,-0.28426982912903,45.36102065530321,11.020138870961494
43,0.9617674778566577,-0.27386733747791714,45.36105117115573,11.020132838782015
44,0.9542723579608586,-0.2989385669863005,45.3610921978402,11.020129556940477
45,0.9691955708325444,-0.24629239833697342,45.36111870844068,11.020115691749506
46,0.9642119269760606,-0.2651327212493999,45.36115104523579,11.020094468035607
47,0.9650702667869774,-0.2619911833701896,45.36117133252746,11.020098790194385
48,0.9700100202531897,-0.24306493084854178,45.36121518986206,11.020084392978351
49,0.9638559160263875,-0.2664240476025641,45.36125179519468,11.020062788924394
50,0.9625039758518356,-0.27126757356788733,45.36128740074379,11.020065295484347
51,0.9612339915567171,-0.27573395415860785,45.361312653860956,11.02005370122617
52,0.9575108597857364,-0.2883972146057933,45.36134650635117,11.02004481261183
53,0.9591720139017571,-0.28282335078215765,45.36137735326625,11.020040269120836
54,0.9611313527499145,-0.27609151157020306,45.36141771955603,11.020021311928485
55,0.9582501497569824,-0.2859311988760945,45.36144476743305,11.020025244739239
56,0.9494513658365761,-0.3139141664708047,45.3614795252308,11.020019217964606
57,0.9645816328425434,-0.2637845211205785,45.36151266885316,11.020007314632638
58,0.9512331603485653,-0.3084728102333828,45.36154571512491,11.019995520593714
59,0.9541838133534175,-0.299221072677595,45.36157860412477,11.019978221088286
60,0.946693929295105,-0.3221344505572088,45.36161251477552,11.019982063364116
61,0.9573428858456554,-0.28895431978205893,45.36164888301893,11.019978952265586
62,0.9582071837020596,-0.28607515289127694,45.361677572790576,11.019955411784636
63,0.9579071851949458,-0.28707808093251524,45.361717547366666,11.019948977048495
64,0.9528609674708821,-0.30340727853902016,45.36173626867892,11.01994131808595
65,0.9537371330370351,-0.30064178197033237,45.3617764051875,11.019931849356162
66,0.9624075608882918,-0.2716094378791887,45.36179642424101,11.019928622428738
67,0.9576377964434725,-0.2879754344087188,45.36184076199316,11.019915637483459
68,0.9512902441617785,-0.30829672616267567,45.361874837882155,11.019912040260246
69,0.9474504301120963,-0.3199026140568465,45.36190495934013,11.019900482961129
70,0.9473097532660318,-0.32031895255674436,45.361935467453584,11.019884845908837
71,0.9499564908993398,-0.31238224245019547,45.3619751993331,11.019879593430518
72,0.9551924210266607,-0.2959855381825716,45.36199905120126,11.019872952969504
73,0.9621422455030494,-0.2725477929067668,45.362037698978185,11.01985947033721
74,0.9483193704481849,-0.31731746190961224,45.36206437749433,11.019862889357139
75,0.9577206330706509,-0.2876998244538073,45.362092410375155,11.019838873010498
76,0.9617118237136538,-0.2740627083887155,45.36214148928493,11.019834235442962
77,0.9517816990337055,-0.306776135617673,45.36216682782302,11.019814336537532
78,0.9480596321396696,-0.31809264987923636,45.36219586527226,11.019807307166811
79,0.945717352976984,-0.32499028951371245,45.36223104897352,11.019806110726844
80,0.130762580957115,0.9914137115359228,45.36226342551196,11.019793804882685
81,0.13485101965990645,0.9908658852219525,45.36225520554703,11.019798917829855
82,0.1655196538893774,0.9862064916518958,45.36226696689953,11.019806120286287
83,0.10781190668805221,0.9941713095720912,45.362263910053606,11.01981330502746
84,0.10696996838389669,0.994262252056241,45.362266229352215,11.01981810646454
85,0.1287856557457993,0.9916724534210499,45.36225418527735,11.019819039712225
86,0.1324240248403326,0.9911931585947751,45.36226568877217,11.019829975832332
87,0.132808504812594,0.9911417159263569,45.362263871130764,11.019838807236821
88,0.14201222628333057,0.9898649037045673,45.36227344984849,11.019849870524869
89,0.12014744446004051,0.9927560584502728,45.362271280120105,11.019854345108632
90,-0.9624563964333682,0.27143633685358903,45.3622679678067,11.019851638782132
91,-0.9459043654347967,0.32444557548438613,45.36223916901544,11.019859398554365
92,-0.9592311285687203,0.28262279098611137,45.36220308581873,11.019866579586196
93,-0.9582243452327605,0.2860176641454991,45.36216445633464,11.019878496290328
94,-0.9550062740198292,0.2965855973960348,45.362139875130026,11.01989152005974
95,-0.9596427131873541,0.28122208843974866,45.36210434437519,11.019897503025936
96,-0.9594410628849392,0.28190928833619167,45.36207161321101,11.019914175386802
97,-0.9543910762527162,0.2985593300655364,45.362042209627504,11.019925019482336
98,-0.9628055613331832,0.27019520918383055,45.36200767661092,11.01992343564766
99,-0.9611889084995097,0.27589106940515723,45.36197736294979,11.019943898547346
100,-0.9550268599218941,0.29651930262248855,45.361940735992526,11.019943255041017
101,-0.9632326246936901,0.26866877512227727,45.36190832020767,11.019958642812014
102,-0.9661656567560342,0.25792232106814866,45.36187258358538,11.019959548846352
103,-0.9613376233501639,0.27537242768922665,45.36184430198713,11.019975380774701
104,-0.9622800377908685,0.2720608918407875,45.36180969401305,11.019972223979996
105,-0.9703407155969563,0.24174138175907492,45.36177603280998,11.019993736297634
106,-0.9642855901979525,0.26486468344531405,45.36174045680554,11.019998390776525
107,-0.9714608616128784,0.23719990378236683,45.3617150694625,11.019996370814033
108,-0.9701525282010847,0.24249550928840638,45.36167207863113,11.020008119007992
109,-0.9655511344127841,0.2602133871156244,45.36163574748249,11.020020962121361
110,-0.972540724690693,0.23273276266589907,45.36160399242833,11.020004408446123
111,-0.9715842192471943,0.23669411676216193,45.361575984611655,11.02001941286937
112,-0.9748973751194664,0.2226546832769849,45.36153964679301,11.020011417282653
113,-0.9784314572103023,0.20657173945466106,45.36150338377926,11.020012212668085
114,-0.9839457072571602,0.17846805083881753,45.36146768658666,11.020006849450827
115,-0.9830286260575205,0.18345222907193975,45.36144077142049,11.020019295559957
116,-0.9810333173430801,0.19383918660279054,45.36141310217123,11.020011911347575
117,-0.9861670694381048,0.16575436994498854,45.361364307373776,11.020011065639975
118,-0.9894710522203513,0.14473091175678726,45.36133063557956,11.020008180813186
119,-0.992014052011235,0.12612739834092626,45.361296062613015,11.020003950460042
120,-0.9926971435405602,0.12063325083248175,45.36126470878419,11.020001400199131
121,-0.9925106892700836,0.12215781466866416,45.361229697506964,11.0200009289684
122,-0.984333484736967,0.17631673438893766,45.36119538905093,11.019990382376767
123,-0.9915879147823857,0.1294349537703019,45.36115429397738,11.019991746527545
124,-0.9923691754081665,0.1233021479931136,45.36111941092657,11.019978467380161
125,-0.9953815727471156,0.09599752411119114,45.36109623048988,11.019983628809571
126,-0.9934028627545722,0.1146767294224099,45.36105651436359,11.019981401137418
127,-0.9953247452887994,0.09658494404298515,45.36101394312691,11.019980212660869
128,-0.9956981580075893,0.09265623638101038,45.36098893049409,11.019970620200242
129,-0.9900118889901405,0.14098389857772345,45.360945919151725,11.019987062732929
130,-0.9930451913179755,0.11773380143461491,45.36091770971113,11.019981084303947
131,-0.9934496907791908,0.11427034563144652,45.36088749954186,11.019990242513297
132,-0.9979841345013787,0.06346390535993017,45.3608550137717,11.019996766047631
133,-0.9969768508748736,0.0776991558488246,45.36082608741743,11.020007004701204
134,-0.9935587902301634,0.11331782894308469,45.36079220405338,11.02000482853116
135,-0.9865342678040838,0.16355469558609478,45.36075962522303,11.020029539729732
136,-0.9909203392924114,0.13445029258656258,45.360720315920474,11.020034518801504
137,-0.9935650234118448,0.11326316370568236,45.36069504251379,11.020056753332375
138,-0.9908013917612896,0.135324063210841,45.36065283611698,11.020063232156803
139,-0.9887950326362281,0.14927954794251128,45.36063286246961,11.02008373118893
140,-0.9864733599301473,0.16392165856934876,45.36059186014669,11.020102831010517
141,-0.986270948546879,0.1651351448130876,45.360556995391335,11.02011573230161
142,-0.979163849064499,0.20307180179728276,45.36054396175729,11.020138583253285
143,-0.983387497440653,0.18151867638733385,45.360499657739666,11.020172337135064
144,-0.9809505674144848,0.1942575205473399,45.36047733002969,11.02019281598427
145,-0.9770829383928085,0.21285894743156866,45.36043780514552,11.020222285967783
146,-0.9765789035134794,0.21515958080552738,45.3604142292745,11.020232672624685
147,-0.9728670781540125,0.23136475151603036,45.36038797652481,11.020247142449064
148,-0.9708436646603584,0.23971353484700356,45.36035506870095,11.02028927240786
149,-0.9744614840172114,0.22455470640129963,45.3603405172667,11.020305974934478
150,-0.9736364715124732,0.22810528564840601,45.36029624036335,11.0203347592573
151,-0.9726883105816184,0.23211516636763965,45.360268382625144,11.020350561217223
152,-0.9673102269249527,0.25359598752030044,45.36023634953362,11.020374884352746
153,-0.962921266810735,0.2697825678645848,45.360206552874644,11.02039923260007
154,-0.9673876621734847,0.2533004363883326,45.36018509352848,11.020418090363469
155,-0.9638307933865867,0.2665149183812845,45.360141567225426,11.020431951677324
156,-0.9621643551965826,0.2724697296749574,45.360121219549725,11.020457661465583
157,-0.9568525074055746,0.2905740509262049,45.360089758991336,11.020474752825903
158,-0.9623161519784176,0.27193312347239185,45.3600573534104,11.02050144059538
159,-0.964344067075885,0.26465169618867135,45.36002809379055,11.020512390035782
160,-0.9447502198315946,0.32779112576174746,45.3599954977371,11.020522655184989
161,-0.9527535912412862,0.3037442911016304,45.35996825131123,11.020549605909334
162,-0.9610925093363103,0.27622669765544794,45.35992920151032,11.020546301172441
163,-0.9411157013889835,0.3380846589230598,45.359906990873505,11.020581255001415
164,-0.9509390085635615,0.3093784122917285,45.359874815931555,11.020585395368332
165,-0.9631402829896873,0.26899961948401535,45.35984047470695,11.020593386662686
166,-0.959188424985423,0.2827676879949041,45.35981294180485,11.020607243401262
167,-0.9584654779166069,0.2852085686687734,45.35978190456876,11.020617097520777
168,-0.9633497122972032,0.2682486380522663,45.35974853998132,11.020639512956565
169,-0.9488298771363161,0.31578768857174183,45.35970835053136,11.020648814295276
170,0.13193682811471352,0.9912581265175224,45.35968517990749,11.020664595416456
171,0.13336875350690938,0.9910664839394041,45.35967405737388,11.020671506452071
172,0.1127453550599162,0.9936239152276949,45.35969709966596,11.02068147792215
173,0.11420009977877983,0.9934577682068406,45.35968806071743,11.0206875114675
174,0.11104604880550172,0.9938152620304672,45.35968934427715,11.020699689161669
175,0.14976060575278075,0.9887222870779034,45.35968195593603,11.0207012362358
176,0.13646769951766682,0.990644521000523,45.35968705434768,11.020713143671045
177,0.12918750505684135,0.9916201836072058,45.35969558368207,11.020710469283493
178,0.12263112296860665,0.9924523201038217,45.35968551789637,11.02071919079289
179,0.13297219528866872,0.9911197683832728,45.35969133565322,11.02073119598096
180,0.9560651436251313,-0.2931542957984021,45.35969162044607,11.020737362835265
181,0.9513811101075718,-0.3080162062789625,45.35972298201219,11.020724858362312
182,0.961501348411492,-0.2748002128872584,45.3597618614596,11.020721440139074
183,0.9584351805722899,-0.28531036546428185,45.359781298647846,11.02070719292429
184,0.9491669488983315,-0.3147730978324421,45.359826452001776,11.020694682103267
185,0.9483450718388319,-0.31724064165708793,45.35985442078483,11.020683981390176
186,0.9535307015277896,-0.30129586994169266,45.3598771691521,11.020665546131454
187,0.9615608318115306,-0.2745920004769209,45.35991680361486,11.020668126947601
188,0.9588200121878375,-0.2840144084868144,45.35995106262961,11.020660829244289
189,0.9621057232567569,-0.27267669001326955,45.359978630239326,11.020649187462233
190,0.9568346420085961,-0.2906328746929391,45.36001758007622,11.02062652691812
191,0.9572933470184922,-0.2891183974674262,45.360045027419666,11.020614843923356
192,0.9520527641634677,-0.3059338723461339,45.360077989138844,11.020610699266102
193,0.9538843037028953,-0.3001745078271015,45.36010173637589,11.02059227032708
194,0.9511320742507484,-0.30878435409111776,45.360136627694736,11.020595156413025
195,0.9587011570304763,-0.28441535033894705,45.36017226788108,11.020580549860883
196,0.9633281138616476,-0.2683261914978865,45.360194830501165,11.020560387668539
197,0.9611029102216277,-0.27619050664988076,45.36023541712753,11.020561087590956
198,0.9538637270062319,-0.30023988792593964,45.360266368291434,11.020545751882285
199,0.9562625910610406,-0.2925095843510517,45.360294926985944,11.02053100812847
200,0.9581023131733075,-0.28642618157556304,45.36032977396802,11.020519454053947
201,0.9662987785506059,-0.25742313526877725,45.36036478044883,11.020507373280891
202,0.9538190507212583,-0.3003817878653726,45.3603881255433,11.020496472908967
203,0.9612727905690021,-0.27559866130241556,45.36042387757453,11.020477643731862
204,0.9590071854766186,-0.28338175347790934,45.36046131097565,11.020455770493395
205,0.9738404521711539,-0.2272328623132721,45.36048654582525,11.02045134528212
206,0.9686768533789271,-0.24832469415646263,45.36052383501489,11.020435896584218
207,0.9703439158284617,-0.24172853578898615,45.360552093220136,11.020416775327083
208,0.9679236205409847,-0.25124463138310404,45.360580552474346,11.020406999099382
209,0.9690023905699576,-0.24705134500687745,45.36061063641596,11.020386743194736
210,0.9677757286166698,-0.25181369919143365,45.360647075114336,11.020373582603726
211,0.9648616185138414,-0.26275855289381206,45.36066914787193,11.020365048892048
212,0.9711283039493154,-0.23855778601530922,45.36069949846044,11.020352713433564
213,0.9731982738140942,-0.2299676495624272,45.36073115767759,11.020331919559572
214,0.9682867588282669,-0.24984145508271802,45.36076364724391,11.020320721790068
215,0.9674325901575408,-0.2531287883688296,45.360791178007474,11.020310534956868
216,0.9761895177732215,-0.21691939837111238,45.3608199966009,11.020292583006409
217,0.971485101885371,-0.23710060483847437,45.36085963995724,11.020284650138283
218,0.9738728044933265,-0.22709416696230492,45.36088777086519,11.020258034913045
219,0.9766607960006136,-0.2147875451590425,45.36092147162841,11.020257169616636
220,0.9686668395298788,-0.2483637533844184,45.360959647787155,11.020236544618486
221,0.9661042100342093,-0.2581523878529429,45.360981116528016,11.020223893947003
222,0.968093343717743,-0.2505898598295625,45.36099955708227,11.020210890308524
223,0.9741586120116972,-0.22586500092631379,45.36103847138655,11.02020471810312
224,0.9718447902514868,-0.23562195071988415,45.36107182878532,11.02019517880354
225,0.9694263511716846,-0.24538245588051658,45.36110246612688,11.020178370493742
226,0.963423555740086,-0.2679833059075314,45.36114750985687,11.02016911425478
227,0.9784309085154297,-0.20657433834257047,45.3611735200198,11.02016365215367
228,0.962790470204591,-0.27024897869043385,45.36120488984144,11.02015746780022
229,0.9656941980240554,-0.259681951438055,45.361232827393835,11.020142419784536
230,0.9748087737564298,-0.2230422708983333,45.36127466393117,11.020138263032452
231,0.9735123071744072,-0.22863461632036972,45.36131641347484,11.02013891246709
232,0.9717523659269633,-0.2360028375154613,45.36134040842207,11.020116325513907
233,0.9616623816090955,-0.27423614604556146,45.36137325305597,11.02011669296568
234,0.9624976600227457,-0.27128998221596584,45.36140916188014,11.020110438700351
235,0.9704516728195312,-0.24129556714074468,45.36145052650123,11.020095673919156
236,0.9603707785196316,-0.2787256137594762,45.361470541767616,11.020103011193283
237,0.9578929209241768,-0.28712567290883056,45.36150844076985,11.020104321006173
238,0.963956877434046,-0.2660585244783629,45.36155053050799,11.020079301533585
239,0.9605255516433889,-0.27819177672994455,45.361578647341474,11.02008550677075
240,0.9614326940618059,-0.27504031484322083,45.361621001743,11.020084980239899
241,0.9617632069834414,-0.2738823354890306,45.36164822514166,11.02006424412281
242,0.9618095348886011,-0.2737195984897187,45.361670366697524,11.020066719154732
243,0.9498184387760623,-0.3128017476949314,45.36171460485582,11.020057184686378
244,0.9634813460960339,-0.26777545765991073,45.36174177665763,11.020053024914654
245,0.96347275097907,-0.2678063817776247,45.361781034636174,11.02004753558657
246,0.9595575793177007,-0.28151243662395203,45.361818500015396,11.020040410983611
247,0.9593019015339765,-0.282382474161016,45.36185228522604,11.020033826143333
248,0.9583926806932728,-0.28545309526008383,45.36188191178718,11.02002119687649
249,0.9526655711810884,-0.3040202451913533,45.36191377257855,11.02001454923984
250,0.9601750005710777,-0.27939929899398597,45.36194930649292,11.020001678626027
251,0.9536076193565178,-0.30105233482767507,45.36198019520832,11.019996028377413
252,0.956048387534053,-0.29320893692644734,45.362014893189205,11.019995857873074
253,0.9525472653948127,-0.30439071468897366,45.36204277417083,11.01997694515344
254,0.9548114335023802,-0.2972122582484271,45.36207642912851,11.019974424535139
255,0.957055428592137,-0.2899049958215982,45.362114359390205,11.019956695923424
256,0.9520982940629423,-0.30579214908567387,45.3621337598477,11.019948041520404
257,0.9548832027389399,-0.29698159728680945,45.36217851006762,11.019940843586225
258,0.9443979547399282,-0.32880465794000013,45.36221171369864,11.019929912083487
259,0.9499021590368147,-0.3125474176140284,45.362241942802854,11.019914820184832
260,0.1447417148490363,0.9894694719811017,45.36227201662034,11.019915840677541
261,0.11266609197809521,0.9936329059156522,45.3622687225583,11.019918029577447
262,0.1383246017808401,0.9903869468759027,45.36227792744149,11.019924388123842
263,0.1514322297520279,0.988467642258627,45.36227542852415,11.019940372735284
264,0.140884299915542,0.9900260673524246,45.36227068711974,11.019945071414876
265,0.13365726793272126,0.9910276155227769,45.36227353800412,11.019961165599502
266,0.1306705637999936,0.991425843800832,45.36226918283413,11.019953113225789
267,0.12783276901981214,0.9917957366135062,45.36228521539341,11.01996819250238
268,0.12941006678195985,0.9915911630382195,45.36228406406857,11.019966499206717
269,0.13339603934298386,0.9910628116762353,45.36227960407218,11.019972670441293
270,-0.9610138800731316,0.27650013075364843,45.36227840495613,11.019986165455549
271,-0.9586066934878166,0.2847335723098967,45.36225342887244,11.019989710760807
272,-0.945092094834282,0.32680411913216223,45.3622066679777,11.020010365798377
273,-0.9475417719758501,0.3196319607937637,45.36217795760401,11.020010165799183
274,-0.9509409011505541,0.30937259497080877,45.36215134548963,11.020026710351916
275,-0.9498288663263501,0.31277008279757285,45.362115195456006,11.020037444935783
276,-0.9550880719184888,0.2963220796346835,45.362078265360665,11.020052066248255
277,-0.9480501101236894,0.31812102837514583,45.36205360352662,11.02004665009171
278,-0.9506694478286394,0.31020573973604976,45.36202371029604,11.020071955431218
279,-0.9509793707365364,0.30925432322530466,45.36198287426876,11.020078910285013
280,-0.9631014328431537,0.26913868182679407,45.36195788055732,11.020086794885469
281,-0.9596147514244158,0.281317487633913,45.36191861224616,11.020094347262166
282,-0.9586159466319659,0.2847024180840406,45.361887404326716,11.020114099930515
283,-0.961097736041926,0.2762085114095586,45.3618620456665,11.020117693856996
284,-0.954299927568768,0.2988505449923825,45.36182427380233,11.020116255902362
285,-0.9613455773762738,0.27534465830859856,45.361782875460975,11.020129858790025
286,-0.9657214457583025,0.25958060251585435,45.36176048060163,11.0201370700429
287,-0.9573335174187613,0.28898535676850884,45.36172433562611,11.0201498943138
288,-0.9604679382552211,0.2783906240945709,45.36169450370118,11.02015285034778
289,-0.9677140333279437,0.2520506887516148,45.36164809953939,11.02016279368983
290,-0.9654612582912289,0.26054665367015767,45.36162420226287,11.020159420541844
291,-0.9592745800819922,0.28247527326921484,45.361587305356096,11.020171534110773
292,-0.9588815890854758,0.2838064448051041,45.36156642677518,11.020176453485885
293,-0.971269559850431,0.23798202055607093,45.361529947559596,11.020179614634845
294,-0.967973325819331,0.251053063120654,45.36148936518976,11.020186149085916
295,-0.97096709517444,0.23921308511139167,45.36146683151969,11.020191885875027
296,-0.975246243425474,0.2211216061005827,45.36142146669918,11.020188851258133
297,-0.9764729722373662,0.21563982584375244,45.36139256457219,11.020192862469095
298,-0.9806296775941558,0.1958709662547824,45.36135723162334,11.020193575010675
299,-0.972928343009954,0.2311069868435512,45.36131803112448,11.020194863257524
300,-0.9764198977844116,0.21588002040642645,45.36128769614728,11.02020388209851
301,-0.9785608371340854,0.2059579763627473,45.361256764746756,11.020212009331896
302,-0.9751023190795892,0.22175542231387949,45.36122418023917,11.020198284202355
303,-0.9831916030997304,0.18257675535013276,45.361189996141654,11.020211834616912
304,-0.9776323665620242,0.21032107799822622,45.361153414736755,11.020219080642015
305,-0.9806869274895412,0.19558412576465245,45.361118280631864,11.020217027170682
306,-0.9802258767884533,0.1978818598919768,45.36107816421911,11.02021897525341
307,-0.9822932845944872,0.18734968118620793,45.36105194996201,11.020220396027566
308,-0.9804865330390068,0.19658626231033693,45.361006881815996,11.020222041444374
309,-0.9823358419924413,0.18712641058119328,45.36098301416666,11.02023595537509
310,-0.9834484504295645,0.18118814902660826,45.36095072570587,11.020246286969273
311,-0.9845840771031,0.17491196389909075,45.360911445816846,11.02024440066026
312,-0.9832130954897526,0.18246097899950733,45.36088093570472,11.020256842573708
313,-0.9789344965020313,0.20417456148676863,45.36085356033303,11.020250762825144
314,-0.9829729252104528,0.18375045116463126,45.36081701341975,11.020271753069617
315,-0.9834639187465459,0.18110417036525495,45.36078846370115,11.020288507589875
316,-0.9783209209171032,0.20709460566589133,45.36075363624968,11.020290797023653
317,-0.9771706456010794,0.2124559469056342,45.36072312695447,11.020304535184797
318,-0.9738583650681769,0.227156080232816,45.3606943560912,11.020320430528182
319,-0.9758238291433108,0.218558583624818,45.360653554987316,11.020325942976662
320,-0.9759266919265329,0.21809881243448825,45.36063521201569,11.020351157454593
321,-0.9747314686258539,0.2233798649621,45.36059361044093,11.02035899116165
322,-0.9687777547814407,0.2479307601743494,45.36056717464248,11.020380238631196
323,-0.9699980874216673,0.24311254677269875,45.36054139468118,11.020398539485816
324,-0.9761225467531799,0.21722056468043308,45.36050668235546,11.020412525124888
325,-0.9728149900790585,0.23158366755339507,45.36047513939994,11.020429722770604
326,-0.9616696652392333,0.27421060329363844,45.360444801300495,11.020444637694348
327,-0.9631836853689119,0.2688441709227875,45.360416668619514,11.020472608566493
328,-0.964016554239789,0.2658422147659094,45.36037879420364,11.020486772911681
329,-0.9546390323444163,0.2977655418689619,45.36034664572256,11.02050435448956
330,-0.9641322557140448,0.2654222927558041,45.36031092400987,11.020523674605101
331,-0.9654666663854337,0.2605266130332902,45.3602836343804,11.02053627640703
332,-0.9616785391730489,0.2741794800746231,45.36025555207676,11.020551969659305
333,-0.9597025132517829,0.2810179461497279,45.36023072373321,11.020574497362025
334,-0.9658818490459864,0.2589831146687104,45.360200449652275,11.02058616583319
335,-0.9527290912703298,0.30382112936267547,45.360163465874244,11.020607446206277
336,-0.9620538670257586,0.2728595919896972,45.36013584498747,11.020615478652404
337,-0.9537104233822069,0.30072650088100256,45.3601073072086,11.020628434602756
338,-0.9565615392653426,0.2915304814223009,45.360075593384394,11.02065103289418
339,-0.9537966384402224,0.30045294556740765,45.36004296135551,11.020661047530362
340,-0.9620707498153506,0.2728000592920191,45.36001311584387,11.02067563690323
341,-0.9531421938665151,0.3025226574511843,45.35997930186457,11.02069082513762
342,-0.9558701820753914,0.29378937186215226,45.35995922918864,11.020696099558602
343,-0.9518592788086553,0.30653533784193066,45.3599160208863,11.020712863199128
344,-0.9569663692142626,0.29019884250780803,45.359890996163664,11.02071423911728
345,-0.9549792797426271,0.2966725050661979,45.359847774000706,11.020733129593873
346,-0.9648690950068456,0.2627310973232343,45.3598250052461,11.020742062259027
347,-0.9533153272564006,0.3019766329006634,45.35979391345505,11.020760465549147
348,-0.9513989482285757,0.30796110356595346,45.359754180587245,11.020771131376993
349,-0.951538840542333,0.30752859206804295,45.35972674441255,11.02078160836551
350,0.12027336931846594,0.9927408103995644,45.359695898575865,11.020794404771685
351,0.0984487821760323,0.995142119140807,45.35969758238583,11.020804700182019
352,0.14071246103618715,0.9900505054335054,45.359695832054996,11.020813847625353
353,0.14994014873069317,0.9886950752373643,45.35970400053633,11.020821058161394
354,0.1000062882885394,0.9949868050897708,45.359705686671695,11.020813780250057
355,0.13334269369856047,0.9910699904836247,45.359706215890085,11.020838939608096
356,0.1415267615955748,0.9899344300266909,45.359699007196504,11.020839695903952
357,0.10811126117178478,0.9941388007757499,45.359709005731325,11.020851035378945
358,0.14124842287701073,0.9899741830142629,45.35970472612704,11.020858437059399
359,0.13147900561952378,0.9913189552718646,45.359711543576,11.020860596119494
360,0.9590229532370462,-0.283328387502019,45.3597126443346,11.020877593623231
361,0.9571824264937443,-0.2894854096695509,45.359749633359264,11.020867850597604
362,0.9599025676091538,-0.28033383794567834,45.359776580065436,11.02085537215252
363,0.9513510026936135,-0.30810918466325565,45.359808830222654,11.020846130369058
364,0.95128353229872,-0.3083174357334825,45.35984610570854,11.02084031343332
365,0.9587833429265279,-0.28413817294871163,45.35987214305806,11.020822867466217
366,0.9556908738903108,-0.2943721344875803,45.35990392797301,11.020824873708639
367,0.968079433606995,-0.2506435920329101,45.3599428544907,11.020802740579251
368,0.9611309403321708,-0.2760929472771753,45.35997280417914,11.020788069455017
369,0.9526061087010025,-0.30420651154361206,45.35999989032954,11.02078540217361
370,0.9495173748334135,-0.3137144480087951,45.360031298366565,11.020786435955976
371,0.9543809617707267,-0.29859166064976206,45.36006217561377,11.020759152922407
372,0.9637344443092535,-0.26686311257259687,45.36008790743529,11.020751081059412
373,0.9531839495567135,-0.30239106849816955,45.36013310651183,11.020744092762063
374,0.955765899858769,-0.2941284492652105,45.36016157134561,11.020725598705207
375,0.9622960835068843,-0.2720041317100009,45.36019381722491,11.020711168998492
376,0.9606851373626014,-0.27764017513789246,45.36022826108395,11.020706754269355
377,0.9613742847057273,-0.27524440903777,45.36027371298289,11.020693820462824
378,0.9571671022467277,-0.28953607439592455,45.36029506878929,11.020669339570649
379,0.9636090549920988,-0.267315523562015,45.36032020865168,11.020669081955566
380,0.9646837799120761,-0.26341071499570595,45.36034630751527,11.020646997171754
381,0.9668200238029769,-0.2554584928586465,45.36038795789132,11.020642833511406
382,0.9678761553659436,-0.251427420688436,45.360425416972575,11.020629213512471
383,0.9625930216956929,-0.2709514247660552,45.36044351229387,11.020608520218818
384,0.9702880147681875,-0.24195282266840715,45.36048262502928,11.020584722453728
385,0.9656878620069007,-0.2597055124030701,45.360513544466954,11.020583815496343
386,0.971635827778207,-0.23648217306545213,45.36053374729782,11.020556517748231
387,0.9700556503509038,-0.24288276024099578,45.360574250246245,11.020559130462928
388,0.9753121658935158,-0.22083065697520154,45.36059059422698,11.020540065028566
389,0.9727912057722886,-0.23168355567907037,45.36062852673442,11.020518948855644
390,0.9762244490484349,-0.21676213940649278,45.3606577735136,11.020499711666341
391,0.9751553067348234,-0.22152229627491785,45.36069355414029,11.02048908668817
392,0.9779304265113125,-0.20893080410366152,45.36071397193123,11.020470813528778
393,0.9801154433785366,-0.19842811708750996,45.36075043145311,11.020454507832987
394,0.9715277902006423,-0.23692562729231476,45.36078644343023,11.020440893099316
395,0.9808421158374954,-0.19480437315272314,45.360807350374124,11.02042931130827
396,0.9793157713625121,-0.2023378856285885,45.360834405388104,11.020409473681951
397,0.9771861470019648,-0.2123846371738184,45.36086813471919,11.020394624334756
398,0.9735358476663074,-0.2285343591424368,45.36090524945421,11.0203758136921
399,0.9809422105882186,-0.1942997156104426,45.36093378505107,11.020362658330924
400,0.9755332011926241,-0.21985216253398834,45.360966004610795,11.020343757642323
401,0.9847726773762605,-0.17384698413602528,45.36100139174484,11.020333604269055
402,0.9749171886911726,-0.2225679114214367,45.3610240025941,11.020320612091455
403,0.9781841269761802,-0.20773977407287295,45.361059803818215,11.020306252509432
404,0.9724777278086951,-0.23299585600614756,45.361097575187515,11.02029881547859
405,0.9768148497236852,-0.21408584577055634,45.361125034534446,11.020294200442295
406,0.9778284325975205,-0.2094076321528808,45.36115958171447,11.020277392481258
407,0.9734866578575567,-0.2287438020435185,45.36119569507712,11.02027635544378
408,0.9837243193868168,-0.17968434391160512,45.36121848836611,11.020268416033776
409,0.9731006299754861,-0.2303804764760073,45.3612534466853,11.020261580846254
410,0.9672576024472364,-0.2537966321841644,45.36128695549696,11.020251031752665
411,0.9729075481144979,-0.23119451295789026,45.36132433829338,11.020246267223692
412,0.9726068520822791,-0.23245625670779338,45.36136132572547,11.020238953923434
413,0.9652416781263625,-0.26135895394610736,45.361394338723215,11.020237689684917
414,0.9612891607857191,-0.27554155649536377,45.36142507557219,11.02022817490059
415,0.9656877758695771,-0.2597058326955124,45.36145288568735,11.02022446783909
416,0.9612353910457455,-0.275729075364084,45.361500503698586,11.020212336011705
417,0.9646872041967712,-0.2633981739857301,45.36152963566693,11.0202138515062
418,0.9642286361098186,-0.2650719474139031,45.36156592385571,11.020212137135196
419,0.9636222574321449,-0.2672679273339341,45.361604568669485,11.020218509162682
420,0.9622856075785626,-0.2720411907177964,45.361633766336766,11.020206621204846
421,0.9677418793634279,-0.2519437534969672,45.36167104101,11.02020446004343
422,0.9582994445923645,-0.28576594355165147,45.36169911045115,11.02020423085442
423,0.9554221705058331,-0.29524307969184105,45.36174387323689,11.020191506410386
424,0.9617442944216238,-0.27394873999975444,45.36177910071043,11.02018078857199
425,0.960648523272687,-0.27776683519456696,45.36180196694262,11.020183693047255
426,0.9579044836512571,-0.28708709514852543,45.36184283289298,11.02017290413616
427,0.9573072525917851,-0.2890723510389195,45.36187077889398,11.020166638870622
428,0.9576220781525412,-0.2880276990756417,45.36191303563846,11.020168094484074
429,0.9568556917567456,-0.29056356473708117,45.36194237787728,11.020164883907078
430,0.9515511599239774,-0.30749047147404934,45.36196952587474,11.020149550986096
431,0.943241631995204,-0.3321072472425497,45.36201274492553,11.020148141631893
432,0.9526336303511717,-0.3041203155396679,45.36203530862946,11.02013124304752
433,0.9522537007658208,-0.3053078600000312,45.36207818152445,11.020114332888285
434,0.9559078469446121,-0.29366679783338817,45.36211327560988,11.020119221938222
435,0.9497004016947123,-0.3131599384035293,45.36213464315053,11.020113627586174
436,0.9473486356436819,-0.3202039389889737,45.36218402756964,11.020091412631837
437,0.9595686355432519,-0.28147474785788823,45.362208267613646,11.020090082816441
438,0.9502197453740975,-0.31158054416343983,45.36223728530715,11.020080218570449
439,0.950173262275785,-0.3117222668597676,45.362267041858374,11.020072250984304
440,0.14588158072197963,0.9893020592347196,45.362302739864795,11.020062608480153
441,0.114111970810364,0.993467894860108,45.36230786585742,11.020064280679707
442,0.12955151989558425,0.9915726920870421,45.36230317812999,11.020069435579469
443,0.11513816559583641,0.9933494867483578,45.36231019279974,11.020090022186466
444,0.1496737356670203,0.9887354412842088,45.36230021442728,11.020090143755557
445,0.13555767180904482,0.9907694573480308,45.36230411436104,11.020092169147661
446,0.11216528699563696,0.9936895633914983,45.362309263355556,11.020112096170369
447,0.14298758039971055,0.9897244827988425,45.3623083978655,11.020101794470321
448,0.14433984912651446,0.9895281744114894,45.36231153621293,11.02010873995288
449,0.1409157554296718,0.9900215906088538,45.36231080630662,11.02012224406321
450,-0.9586928118319349,0.28444347864167707,45.36230692311357,11.020125479581587
451,-0.9560284526602038,0.2932739294655027,45.36227536313798,11.020130166917317
452,-0.9587485804890038,0.2842554474593588,45.3622384779584,11.020137667316165
453,-0.9572859522318202,0.28914288104606195,45.362211541969266,11.020148392009832
454,-0.9579871586517396,0.2868110943781061,45.36216903856762,11.020164573938809
455,-0.9510103345141236,0.3091590911607399,45.362143565720075,11.020177520302877
456,-0.9578820430458606,0.28716196059068844,45.3621125859189,11.020187477170785
457,-0.966397301836942,0.25705301982719164,45.36207602014345,11.02019366706802
458,-0.953733438122656,0.30065350323376894,45.36204987271218,11.020195053644917
459,-0.9624600891015138,0.2714232430848658,45.36201424993712,11.020213636793018
460,-0.949972888404655,0.3123323731157515,45.36198098010142,11.020228838725924
461,-0.9617705966411801,0.2738563846918095,45.36194660439912,11.020225329128154
462,-0.9630345965843241,0.2693777380959091,45.36191621229186,11.020233826750864
463,-0.9577351605778243,0.28765145957037863,45.361882651606486,11.020247067051105
464,-0.9612399451540428,0.27571319852385173,45.36184352187045,11.020251217188525
465,-0.9692116370079567,0.24622916701389552,45.361815768263014,11.020258986445597
466,-0.955417244203716,0.29525902099373186,45.36178071314783,11.02026446959681
467,-0.9704668423713849,0.24123454946941916,45.36174952506386,11.020267468491085
468,-0.9621874045866917,0.27238832290449966,45.36170900957956,11.020278091242988
469,-0.9682723019299044,0.2498974776090468,45.36168291246908,11.020276513997555
470,-0.9720756951642185,0.23466751558535168,45.36164127078125,11.020278552954512
471,-0.974126753541469,0.22600236289640446,45.36162064258683,11.020283053681963
472,-0.9821658889029066,0.18801640001756043,45.36157872620017,11.02028528570813
473,-0.9812414915060877,0.19278261163006477,45.36153633154199,11.02028802903258
474,-0.9779022283003221,0.2090627462874832,45.361501262788096,11.020284756797814
475,-0.9839766114199295,0.1782975832100735,45.361475202788974,11.020284601567697
476,-0.9827055796636661,0.1851749002913137,45.36143403378783,11.020288282540536
477,-0.9858674673906188,0.1675271224035297,45.36140528417894,11.020282454180432
478,-0.9873440585161642,0.1585929068805704,45.36137377851284,11.020277807665272
479,-0.9882509397349121,0.1528400474779538,45.36133528206178,11.020267559094917
480,-0.988101286886345,0.15380457357812513,45.36129094348086,11.020274081263855
481,-0.9929778691198897,0.11830025967056558,45.36126521554435,11.020264042254981
482,-0.9909072129595778,0.1345470003555701,45.36122015465178,11.020257639446164
483,-0.9945864219291588,0.10391270044683323,45.36119974154469,11.020255284376887
484,-0.9938208847860549,0.11099571596716257,45.361161429290696,11.02025368716974
485,-0.9917255689521339,0.12837599419893972,45.36111635199144,11.020244283642256
486,-0.9955248948978879,0.09449964888056075,45.361094742618164,11.020243838930007
487,-0.9936356594614678,0.11264180505733189,45.36105737830011,11.020244872249126
488,-0.9917679217683948,0.12804838675750368,45.36102841008239,11.020243703253472
489,-0.9935784163134357,0.1131456169548125,45.36098447129446,11.020240288770884
490,-0.9938351314131008,0.11086808183198955,45.360952048403995,11.020244563782924
491,-0.9981763258842942,0.06036573899267155,45.360919582049995,11.020255757864314
492,-0.9932744011846575,0.11578412650817065,45.360888471105945,11.020258428108727
493,-0.998284429843327,0.058550808127501734,45.360858063314105,11.020265971880661
494,-0.9926326391192556,0.12116288109459003,45.36081663932249,11.020278289679302
495,-0.9931662118924133,0.11670850678195718,45.36079409578433,11.020282571564199
496,-0.9908560222775648,0.1349234713320192,45.360760429586705,11.02029585696792
497,-0.9891449132307576,0.14694332454969505,45.36071195807014,11.020323544387876
498,-0.9929670898061271,0.11839070302160809,45.36068435708145,11.02032213406531
499,-0.9887341816429958,0.14968205654237726,45.36066447358193,11.020339249512435
500,-0.9893049029752291,0.14586229447383753,45.36063009832477,11.020367455892474
501,-0.9853328201971769,0.1706435859980617,45.36059528389549,11.020385269342563
502,-0.9852493885274545,0.17112463997413446,45.36056279815026,11.02040881528485
503,-0.9821699802530985,0.18799502623640876,45.36053049275647,11.020422313275171
504,-0.9848595001147514,0.17335444913160405,45.36051059524802,11.020458637662713
505,-0.9809221512011979,0.19440096008717236,45.360466064254084,11.020481792467974
506,-0.9835099994363389,0.18085375586017782,45.36044028835254,11.020496913653176
507,-0.9742890127637441,0.22530184111065057,45.36041852145321,11.020525032822956
508,-0.9707308871055719,0.24016982495565392,45.360376078623936,11.02056336012012
509,-0.9694162818832125,0.24542223293688772,45.36035297526526,11.020578907119221
510,-0.9744790034467405,0.2244786667847245,45.36032490068903,11.020596960444465
511,-0.9691882761316815,0.24632110224034715,45.3602980632792,11.02061945632462
512,-0.9698196658837926,0.2438233287957673,45.36026743343024,11.02064177506296
513,-0.9733618399308694,0.22927435217745665,45.36023626249849,11.020662734645922
514,-0.9583207120185241,0.2856946147835288,45.360203177146474,11.020678103497469
515,-0.9650376063824946,0.26211146153410647,45.360170174743295,11.020696708395585
516,-0.9585046050751498,0.2850770458134626,45.36015376970121,11.020720310939762
517,-0.9562119445167048,0.29267510513123995,45.36010912844144,11.020741385342841
518,-0.9593941737690672,0.282068820215863,45.360091873524304,11.020758792729096
519,-0.950146507108202,0.3118038085560911,45.36005689928729,11.02077014360435
520,-0.958888284013202,0.28378382403198543,45.36001692491761,11.020787896958582
521,-0.9557637648859238,0.2941353867372718,45.359995387485014,11.020803323006247
522,-0.9622025834393212,0.27233469926305043,45.35996269081622,11.0208169451188
523,-0.9480313930810328,0.3181768026315499,45.35993418811654,11.020835729210317
524,-0.9562176397445917,0.29265649735019067,45.359899209304714,11.02084444010957
525,-0.9580915192865327,0.28646228490191106,45.359873191540956,11.02086231592904
526,-0.9440316004496178,0.3298550247495605,45.35984685880611,11.020880960202405
527,-0.9603624586137386,0.27875427904406286,45.359805108156635,11.02087929306247
528,-0.95212112849379,0.30572104388758015,45.35976870285094,11.02089950612011
529,-0.9572771984273635,0.2891718613057956,45.359739530784374,11.020910719158595
530,0.11888383313984316,0.9929081700832045,45.35971266476563,11.020926474594008
531,0.11036436572892735,0.9938911946371451,45.3597158544138,11.020938018623843
532,0.12915372993112723,0.9916245832193136,45.35971599782522,11.020946896988708
533,0.16328587375723624,0.9865787973757271,45.35970608907099,11.020954355032792
534,0.14865503071082592,0.9888891150398832,45.35971987541043,11.020953987875197
535,0.11727094323710562,0.9930999576438817,45.35972054127923,11.020969002836049
536,0.09332293147570404,0.9956358925133129,45.359714359464505,11.020969685958143
537,0.14620960800677127,0.9892536330620708,45.35972080552226,11.020990603973392
538,0.15432237572727028,0.9880205485463808,45.35972240071025,11.02099162850658
539,0.10046880520806764,0.9949402088467746,45.359727790031954,11.021005706709774
