,Sin,Cosin,Lat,Lon
0,0.9537169507482269,0.30070579950427306,45.3596665575,11.020597651
1,0.955040636077442,0.2964749288570535,45.359700794545184,11.02058367301794
2,0.955040636077442,0.2964749288570535,45.35972919791917,11.020566023029152
3,0.955040636077442,0.2964749288570535,45.35976519191268,11.020571522944987
4,0.955040636077442,0.2964749288570535,45.35978851995911,11.020555207482087
5,0.955040636077442,0.2964749288570535,45.35983702941325,11.020541858426041
6,0.955040636077442,0.2964749288570535,45.35987666398168,11.020533260655315
7,0.955040636077442,0.2964749288570535,45.359900521345246,11.020516102808369
8,0.955040636077442,0.2964749288570535,45.359938168803616,11.020507017452672
9,0.955040636077442,0.2964749288570535,45.35997933245574,11.020506910408765
10,0.955040636077442,0.2964749288570535,45.36000627092052,11.02049493881964
11,0.955040636077442,0.2964749288570535,45.36003654450279,11.02047611514931
12,0.955040636077442,0.2964749288570535,45.36007154237464,11.020465617097852
13,0.955040636077442,0.2964749288570535,45.36010719895263,11.020452991051187
14,0.955040636077442,0.2964749288570535,45.36014231587155,11.020453900849184
15,0.955040636077442,0.2964749288570535,45.360167994824124,11.020435801940598
16,0.955040636077442,0.2964749288570535,45.36021637424995,11.020435725229975
17,0.955040636077442,0.2964749288570535,45.36025006166994,11.020416657077078
18,0.955040636077442,0.2964749288570535,45.360267533158186,11.020406309045464
19,0.955040636077442,0.2964749288570535,45.360315380343074,11.020399731937882
20,0.955040636077442,0.2964749288570535,45.36034082390161,11.020380318676255
21,0.955040636077442,0.2964749288570535,45.360386182140566,11.020368735898936
22,0.955040636077442,0.2964749288570535,45.36041225616862,11.020360326232721
23,0.955040636077442,0.2964749288570535,45.3604476483059,11.020356904342211
24,0.955040636077442,0.2964749288570535,45.36048891884575,11.02034587751585
25,0.955040636077442,0.2964749288570535,45.36052009337547,11.020338904816306
26,0.955040636077442,0.2964749288570535,45.36055605824596,11.020316994897794
27,0.955040636077442,0.2964749288570535,45.360585257003116,11.020312243569554
28,0.955040636077442,0.2964749288570535,45.36061588626003,11.020297719866756
29,0.955040636077442,0.2964749288570535,45.360663411481866,11.020286086460873
30,0.955040636077442,0.2964749288570535,45.36068756970322,11.020274145491664
31,0.955040636077442,0.2964749288570535,45.360726382876756,11.020264775483563
32,0.955040636077442,0.2964749288570535,45.360756134536835,11.020256375752197
33,0.955040636077442,0.2964749288570535,45.360795248364525,11.02024970011514
34,0.955040636077442,0.2964749288570535,45.360832232567894,11.020233463889888
35,0.955040636077442,0.2964749288570535,45.36086196964438,11.020221974179025
36,0.955040636077442,0.2964749288570535,45.36088593981759,11.020221898147373
37,0.955040636077442,0.2964749288570535,45.36093438203233,11.020204288523344
38,0.955040636077442,0.2964749288570535,45.360964952965524,11.020200385002125
39,0.955040636077442,0.2964749288570535,45.36099458692789,11.020179187608996
40,0.955040636077442,0.2964749288570535,45.36103381670331,11.020163975987707
41,0.955040636077442,0.2964749288570535,45.36107044418142,11.020163009877525
42,0.955040636077442,0.2964749288570535,45.361107068794865,11.02015773136542
43,0.955040636077442,0.2964749288570535,45.36113690596352,11.020148247770729
44,0.955040636077442,0.2964749288570535,45.36117784837891,11.020132706224944
45,0.955040636077442,0.2964749288570535,45.361202436473256,11.020122932199989
46,0.955040636077442,0.2964749288570535,45.36122514974594,11.020111382714376
47,0.955040636077442,0.2964749288570535,45.36127013087265,11.020096493455656
48,0.955040636077442,0.2964749288570535,45.36130883362912,11.020088055114407
49,0.955040636077442,0.2964749288570535,45.36133501583312,11.020077198814135
50,0.955040636077442,0.2964749288570535,45.36137518152477,11.020073560145615
51,0.955040636077442,0.2964749288570535,45.36140741171817,11.02005311922054
52,0.955040636077442,0.2964749288570535,45.36143991412644,11.020049372210543
53,0.955040636077442,0.2964749288570535,45.361466694553,11.02003424181314
54,0.955040636077442,0.2964749288570535,45.361505823730226,11.020029252452217
55,0.955040636077442,0.2964749288570535,45.36154477277897,11.020020555247337
56,0.955040636077442,0.2964749288570535,45.36156654690522,11.020003058493062
57,0.955040636077442,0.2964749288570535,45.36161012510772,11.019987617489534
58,0.955040636077442,0.2964749288570535,45.36164499060764,11.01997895272974
59,0.955040636077442,0.2964749288570535,45.36167638546553,11.019969345325016
60,0.955040636077442,0.2964749288570535,45.36170695539616,11.01996332984794
61,0.955040636077442,0.2964749288570535,45.3617467874748,11.019951648190382
62,0.955040636077442,0.2964749288570535,45.36178261512541,11.01994331519886
63,0.955040636077442,0.2964749288570535,45.361808920286684,11.019928844631599
64,0.955040636077442,0.2964749288570535,45.36185030520981,11.019918763067325
65,0.955040636077442,0.2964749288570535,45.361885183390946,11.019907247202074
66,0.955040636077442,0.2964749288570535,45.36191892577764,11.019902213969713
67,0.955040636077442,0.2964749288570535,45.361947769528044,11.019883946953144
68,0.955040636077442,0.2964749288570535,45.36198442932515,11.019884519153715
69,0.955040636077442,0.2964749288570535,45.36201846332117,11.019864380997966
70,0.955040636077442,0.2964749288570535,45.3620606120591,11.019856677936378
71,0.955040636077442,0.2964749288570535,45.36209147116435,11.01984501596023
72,0.955040636077442,0.2964749288570535,45.36212638164744,11.0198345333483
73,0.955040636077442,0.2964749288570535,45.36215222789438,11.01981760479155
74,0.955040636077442,0.2964749288570535,45.3621759400863,11.019810560654829
75,0.955040636077442,0.2964749288570535,45.36222491503148,11.019803584990726
76,0.955040636077442,0.2964749288570535,45.36225589,11.01979384
77,0.1871863868101744,0.9823244151465196,45.36225797694804,11.019800104030965
78,0.1871863868101744,0.9823244151465196,45.362258020226285,11.01980596241453
79,0.1871863868101744,0.9823244151465196,45.362255983901214,11.019809124836287
80,0.1871863868101744,0.9823244151465196,45.36225522309457,11.019814102836966
81,0.1871863868101744,0.9823244151465196,45.36226662060631,11.019804696773557
82,0.1871863868101744,0.9823244151465196,45.36225682727948,11.019822217982803
83,0.1871863868101744,0.9823244151465196,45.362254791035184,11.0198226344071
84,0.1871863868101744,0.9823244151465196,45.362257707576,11.019831488943783
85,0.1871863868101744,0.9823244151465196,45.362264659707876,11.01983392707881
86,0.1871863868101744,0.9823244151465196,45.36225930232216,11.01983191510748
87,0.1871863868101744,0.9823244151465196,45.36226335680457,11.019833616307448
88,0.1871863868101744,0.9823244151465196,45.36225577612079,11.019842824805128
89,0.1871863868101744,0.9823244151465196,45.36226102721509,11.019853201636481
90,0.1871863868101744,0.9823244151465196,45.36226747,11.01985461
91,-0.954287848765298,0.29888911271389534,45.36222910123745,11.019861679519899
92,-0.954287848765298,0.29888911271389534,45.362201904116546,11.019872591043567
93,-0.954287848765298,0.29888911271389534,45.36217295145933,11.019883243852002
94,-0.954287848765298,0.29888911271389534,45.36214277412174,11.019898899925478
95,-0.954287848765298,0.29888911271389534,45.36210370888421,11.019911439665725
96,-0.954287848765298,0.29888911271389534,45.36207774387476,11.019910062870238
97,-0.954287848765298,0.29888911271389534,45.36204690918457,11.019917936205495
98,-0.954287848765298,0.29888911271389534,45.36200762917024,11.019942539780923
99,-0.954287848765298,0.29888911271389534,45.361975991570034,11.019947443405572
100,-0.954287848765298,0.29888911271389534,45.361949999580006,11.019959760983523
101,-0.954287848765298,0.29888911271389534,45.36190953721095,11.019959063784857
102,-0.954287848765298,0.29888911271389534,45.36188668614673,11.019982940786614
103,-0.954287848765298,0.29888911271389534,45.361854881235665,11.01998244473136
104,-0.954287848765298,0.29888911271389534,45.36182076167004,11.019989384880356
105,-0.954287848765298,0.29888911271389534,45.36178739548018,11.020001830192308
106,-0.954287848765298,0.29888911271389534,45.361759271302965,11.02000058810311
107,-0.954287848765298,0.29888911271389534,45.361734447202004,11.020024620672174
108,-0.954287848765298,0.29888911271389534,45.361695141129765,11.02003438443912
109,-0.954287848765298,0.29888911271389534,45.36165243986875,11.02003738858578
110,-0.954287848765298,0.29888911271389534,45.36163348044536,11.020056566716931
111,-0.954287848765298,0.29888911271389534,45.361586242255505,11.020062634278705
112,-0.954287848765298,0.29888911271389534,45.36156079004333,11.020075045159247
113,-0.954287848765298,0.29888911271389534,45.36153025253729,11.02007664112931
114,-0.954287848765298,0.29888911271389534,45.361505046663034,11.020099036783149
115,-0.954287848765298,0.29888911271389534,45.36146951703464,11.020101154499148
116,-0.954287848765298,0.29888911271389534,45.361444099658904,11.02011611153384
117,-0.954287848765298,0.29888911271389534,45.36140297436046,11.020128361636747
118,-0.954287848765298,0.29888911271389534,45.3613589892854,11.020143365597848
119,-0.954287848765298,0.29888911271389534,45.361348013609685,11.020136035591545
120,-0.954287848765298,0.29888911271389534,45.36131196711687,11.020157984987083
121,-0.954287848765298,0.29888911271389534,45.36128687968105,11.020161993816625
122,-0.954287848765298,0.29888911271389534,45.361242721348034,11.020175580393381
123,-0.954287848765298,0.29888911271389534,45.36121492592238,11.020185474176783
124,-0.954287848765298,0.29888911271389534,45.361176890612484,11.020202678643892
125,-0.954287848765298,0.29888911271389534,45.36114953186092,11.020207089850393
126,-0.954287848765298,0.29888911271389534,45.36112422873075,11.020204076622463
127,-0.954287848765298,0.29888911271389534,45.36108252515702,11.02021894765039
128,-0.954287848765298,0.29888911271389534,45.361052481323775,11.020230072239448
129,-0.954287848765298,0.29888911271389534,45.36103351240419,11.020243448190879
130,-0.954287848765298,0.29888911271389534,45.36099216257829,11.020250658515087
131,-0.954287848765298,0.29888911271389534,45.36095969823232,11.020266718991666
132,-0.954287848765298,0.29888911271389534,45.36092822909072,11.020272737848199
133,-0.954287848765298,0.29888911271389534,45.360893703451076,11.020287921145357
134,-0.954287848765298,0.29888911271389534,45.360862213708714,11.020289817332337
135,-0.954287848765298,0.29888911271389534,45.36082724667395,11.020303468430788
136,-0.954287848765298,0.29888911271389534,45.36079654852341,11.02031366480938
137,-0.954287848765298,0.29888911271389534,45.360764550669586,11.02031920805936
138,-0.954287848765298,0.29888911271389534,45.36073442477817,11.020340428045962
139,-0.954287848765298,0.29888911271389534,45.36069812100638,11.020348420265151
140,-0.954287848765298,0.29888911271389534,45.36067105489287,11.020355681227976
141,-0.954287848765298,0.29888911271389534,45.360643567003564,11.0203671636236
142,-0.954287848765298,0.29888911271389534,45.36060187587769,11.020372662806231
143,-0.954287848765298,0.29888911271389534,45.36057618090059,11.02038613688128
144,-0.954287848765298,0.29888911271389534,45.360541634612936,11.020394540063705
145,-0.954287848765298,0.29888911271389534,45.36050645762236,11.020406650715357
146,-0.954287848765298,0.29888911271389534,45.360478752843534,11.020414147622974
147,-0.954287848765298,0.29888911271389534,45.36044214540404,11.02042575642273
148,-0.954287848765298,0.29888911271389534,45.36040359339215,11.020448170076754
149,-0.954287848765298,0.29888911271389534,45.36038076990418,11.020451226152085
150,-0.954287848765298,0.29888911271389534,45.360351452308976,11.020458044974749
151,-0.954287848765298,0.29888911271389534,45.36032152013682,11.020472228681236
152,-0.954287848765298,0.29888911271389534,45.36028812677812,11.020474859845532
153,-0.954287848765298,0.29888911271389534,45.360257109096445,11.020487184181524
154,-0.954287848765298,0.29888911271389534,45.36022846651685,11.020496341122273
155,-0.954287848765298,0.29888911271389534,45.36019102740473,11.020498162779134
156,-0.954287848765298,0.29888911271389534,45.360158878322025,11.02050823283822
157,-0.954287848765298,0.29888911271389534,45.360124002562046,11.020524952666198
158,-0.954287848765298,0.29888911271389534,45.36009808134938,11.020533527004014
159,-0.954287848765298,0.29888911271389534,45.3600578954488,11.02054900758849
160,-0.954287848765298,0.29888911271389534,45.360031884407775,11.020558578434226
161,-0.954287848765298,0.29888911271389534,45.35999787364191,11.020564539107342
162,-0.954287848765298,0.29888911271389534,45.35996994971826,11.020573956582668
163,-0.954287848765298,0.29888911271389534,45.359936447216405,11.020593628482507
164,-0.954287848765298,0.29888911271389534,45.3599053245676,11.020592801737541
165,-0.954287848765298,0.29888911271389534,45.35986786470255,11.02060631471065
166,-0.954287848765298,0.29888911271389534,45.359841074946054,11.020616076025568
167,-0.954287848765298,0.29888911271389534,45.35980597111657,11.020621156814805
168,-0.954287848765298,0.29888911271389534,45.35977606983721,11.020638783182461
169,-0.954287848765298,0.29888911271389534,45.359747830023764,11.02063837422387
170,-0.954287848765298,0.29888911271389534,45.3597214321253,11.020652701375614
171,-0.954287848765298,0.29888911271389534,45.35967972,11.02066511
172,0.18092866714612515,0.9834962213474573,45.359681312025614,11.020667869115606
173,0.18092866714612515,0.9834962213474573,45.3596956777505,11.020673488845585
174,0.18092866714612515,0.9834962213474573,45.359681864337446,11.02067978624975
175,0.18092866714612515,0.9834962213474573,45.35967805814159,11.020680826811017
176,0.18092866714612515,0.9834962213474573,45.35968653712333,11.020682233338736
177,0.18092866714612515,0.9834962213474573,45.35968313370687,11.02069485041922
178,0.18092866714612515,0.9834962213474573,45.359689171397754,11.020698597608861
179,0.18092866714612515,0.9834962213474573,45.35967982060241,11.02070716611015
180,0.18092866714612515,0.9834962213474573,45.35969082661273,11.020709390678208
181,0.18092866714612515,0.9834962213474573,45.35968537690532,11.020710013441498
182,0.18092866714612515,0.9834962213474573,45.3596879508794,11.020720478288434
183,0.18092866714612515,0.9834962213474573,45.359683456636894,11.020727625169004
184,0.18092866714612515,0.9834962213474573,45.3596926288975,11.020724609114072
185,0.18092866714612515,0.9834962213474573,45.359699792812656,11.020732173945298
186,0.18092866714612515,0.9834962213474573,45.35968983709834,11.02074704876646
187,0.18092866714612515,0.9834962213474573,45.35969351,11.02074007
188,0.9528471844721362,0.30345056111914304,45.35972313930472,11.020738368136064
189,0.9528471844721362,0.30345056111914304,45.359746497390084,11.020723073600909
190,0.9528471844721362,0.30345056111914304,45.359788420878026,11.020709049154542
191,0.9528471844721362,0.30345056111914304,45.35982017406832,11.020698910684036
192,0.9528471844721362,0.30345056111914304,45.359847774558624,11.020690394848572
193,0.9528471844721362,0.30345056111914304,45.359884740115504,11.020675035773408
194,0.9528471844721362,0.30345056111914304,45.359910024852205,11.02066680380295
195,0.9528471844721362,0.30345056111914304,45.35994199235786,11.020653676233078
196,0.9528471844721362,0.30345056111914304,45.35998930111878,11.020647193991215
197,0.9528471844721362,0.30345056111914304,45.36001683413734,11.020639757101993
198,0.9528471844721362,0.30345056111914304,45.360044743323,11.020628209618529
199,0.9528471844721362,0.30345056111914304,45.360080600218545,11.020613314275051
200,0.9528471844721362,0.30345056111914304,45.3601109679597,11.020607313177194
201,0.9528471844721362,0.30345056111914304,45.36013707951584,11.020593596643188
202,0.9528471844721362,0.30345056111914304,45.360178261284396,11.0205889102173
203,0.9528471844721362,0.30345056111914304,45.36020236154702,11.020576828122497
204,0.9528471844721362,0.30345056111914304,45.360242696061285,11.020570538580953
205,0.9528471844721362,0.30345056111914304,45.36027384789482,11.020551384152261
206,0.9528471844721362,0.30345056111914304,45.36029604634899,11.02055396817964
207,0.9528471844721362,0.30345056111914304,45.36032549059128,11.020540018438433
208,0.9528471844721362,0.30345056111914304,45.36036303880701,11.02053044657032
209,0.9528471844721362,0.30345056111914304,45.36039869270389,11.020515713719329
210,0.9528471844721362,0.30345056111914304,45.36042197879538,11.020504833894783
211,0.9528471844721362,0.30345056111914304,45.360456586073106,11.020492716986908
212,0.9528471844721362,0.30345056111914304,45.36047464640004,11.020481194966703
213,0.9528471844721362,0.30345056111914304,45.36052070607167,11.020479940037736
214,0.9528471844721362,0.30345056111914304,45.360553468243616,11.020474483877603
215,0.9528471844721362,0.30345056111914304,45.36058173565891,11.020446702462781
216,0.9528471844721362,0.30345056111914304,45.3606287757671,11.020443271619264
217,0.9528471844721362,0.30345056111914304,45.36064801683134,11.02043535959675
218,0.9528471844721362,0.30345056111914304,45.36067698845308,11.020427173908343
219,0.9528471844721362,0.30345056111914304,45.36070755952383,11.020426883071737
220,0.9528471844721362,0.30345056111914304,45.36074053561752,11.020406017964246
221,0.9528471844721362,0.30345056111914304,45.360776086394615,11.020397035640674
222,0.9528471844721362,0.30345056111914304,45.36080329495712,11.020385233794899
223,0.9528471844721362,0.30345056111914304,45.36084250925707,11.02038340162403
224,0.9528471844721362,0.30345056111914304,45.360859836985924,11.020365951524784
225,0.9528471844721362,0.30345056111914304,45.36090073906546,11.020350383310788
226,0.9528471844721362,0.30345056111914304,45.36093996167851,11.020337355333089
227,0.9528471844721362,0.30345056111914304,45.36096072341615,11.020330377048007
228,0.9528471844721362,0.30345056111914304,45.36100641590863,11.020332067876213
229,0.9528471844721362,0.30345056111914304,45.36103126477772,11.020308913010867
230,0.9528471844721362,0.30345056111914304,45.36105269649958,11.020304379032746
231,0.9528471844721362,0.30345056111914304,45.36109093278399,11.020290571744374
232,0.9528471844721362,0.30345056111914304,45.36113174684565,11.02028893580525
233,0.9528471844721362,0.30345056111914304,45.361159551003354,11.020261540077916
234,0.9528471844721362,0.30345056111914304,45.36119271892106,11.020261543475632
235,0.9528471844721362,0.30345056111914304,45.3612283012802,11.020254589804686
236,0.9528471844721362,0.30345056111914304,45.36125504989899,11.020246525023744
237,0.9528471844721362,0.30345056111914304,45.36128050219698,11.02023822044224
238,0.9528471844721362,0.30345056111914304,45.361315726887725,11.020221126236068
239,0.9528471844721362,0.30345056111914304,45.361343351595224,11.020211237518465
240,0.9528471844721362,0.30345056111914304,45.36137599495086,11.02019715635215
241,0.9528471844721362,0.30345056111914304,45.36141156523669,11.020192352172263
242,0.9528471844721362,0.30345056111914304,45.36143344999895,11.020186831426729
243,0.9528471844721362,0.30345056111914304,45.36147090940572,11.020176975600716
244,0.9528471844721362,0.30345056111914304,45.36150480191467,11.02016875177449
245,0.9528471844721362,0.30345056111914304,45.36153322112906,11.02015669041189
246,0.9528471844721362,0.30345056111914304,45.361570621991035,11.02014326287387
247,0.9528471844721362,0.30345056111914304,45.36159909164794,11.020125189984308
248,0.9528471844721362,0.30345056111914304,45.3616317668615,11.020116241699743
249,0.9528471844721362,0.30345056111914304,45.36166646653435,11.020115529144974
250,0.9528471844721362,0.30345056111914304,45.36169786941614,11.020093554167143
251,0.9528471844721362,0.30345056111914304,45.361737292347875,11.020090673221913
252,0.9528471844721362,0.30345056111914304,45.36177224184035,11.020083647255612
253,0.9528471844721362,0.30345056111914304,45.36178214129573,11.020071546091522
254,0.9528471844721362,0.30345056111914304,45.36182614677014,11.020061665980473
255,0.9528471844721362,0.30345056111914304,45.36185876852651,11.020054619851091
256,0.9528471844721362,0.30345056111914304,45.36189273694331,11.020045132706493
257,0.9528471844721362,0.30345056111914304,45.36191745119652,11.020033420334036
258,0.9528471844721362,0.30345056111914304,45.36195574293268,11.020018044663225
259,0.9528471844721362,0.30345056111914304,45.36199088325178,11.020006739884025
260,0.9528471844721362,0.30345056111914304,45.362011555729,11.020011167708544
261,0.9528471844721362,0.30345056111914304,45.362043465298825,11.019986173991246
262,0.9528471844721362,0.30345056111914304,45.36207181646583,11.019984906422954
263,0.9528471844721362,0.30345056111914304,45.362108221476745,11.019962427526533
264,0.9528471844721362,0.30345056111914304,45.362145403167645,11.019952545957672
265,0.9528471844721362,0.30345056111914304,45.36217384195018,11.019953452415285
266,0.9528471844721362,0.30345056111914304,45.362201578721596,11.019942227066409
267,0.9528471844721362,0.30345056111914304,45.36224575839374,11.019933693327754
268,0.9528471844721362,0.30345056111914304,45.36227073,11.01991931
269,0.2108778085845649,0.9775124295100148,45.36226861884054,11.019922869646702
270,0.2108778085845649,0.9775124295100148,45.3622736242001,11.019923613162621
271,0.2108778085845649,0.9775124295100148,45.3622707877538,11.019936983413352
272,0.2108778085845649,0.9775124295100148,45.36228009112855,11.019944310594708
273,0.2108778085845649,0.9775124295100148,45.36227645371817,11.019930113184344
274,0.2108778085845649,0.9775124295100148,45.362272295952216,11.019946838906584
275,0.2108778085845649,0.9775124295100148,45.36228084640914,11.019948907155248
276,0.2108778085845649,0.9775124295100148,45.36226929937351,11.019955573176517
277,0.2108778085845649,0.9775124295100148,45.36227613413006,11.019949191991724
278,0.2108778085845649,0.9775124295100148,45.36228184296988,11.019951809320913
279,0.2108778085845649,0.9775124295100148,45.362279823135744,11.01996915843877
280,0.2108778085845649,0.9775124295100148,45.36228638541504,11.019967622736933
281,0.2108778085845649,0.9775124295100148,45.36228210866347,11.019963687354519
282,0.2108778085845649,0.9775124295100148,45.362279939049984,11.019982667689053
283,0.2108778085845649,0.9775124295100148,45.362279699000176,11.019983691174595
284,0.2108778085845649,0.9775124295100148,45.36227974058311,11.019979895364365
285,0.2108778085845649,0.9775124295100148,45.36228557,11.0199881
286,-0.9544055299292257,0.29851312272748404,45.36225419227915,11.019996974200232
287,-0.9544055299292257,0.29851312272748404,45.362228179651595,11.020006681094443
288,-0.9544055299292257,0.29851312272748404,45.362197901460306,11.02002249829354
289,-0.9544055299292257,0.29851312272748404,45.362158340670945,11.020018447112554
290,-0.9544055299292257,0.29851312272748404,45.36213399014106,11.020033421971153
291,-0.9544055299292257,0.29851312272748404,45.362106519986696,11.020050034682408
292,-0.9544055299292257,0.29851312272748404,45.36207504278457,11.020058624685575
293,-0.9544055299292257,0.29851312272748404,45.36204622231798,11.020058897703569
294,-0.9544055299292257,0.29851312272748404,45.36202477004969,11.020081694271708
295,-0.9544055299292257,0.29851312272748404,45.36198136152647,11.020078704601955
296,-0.9544055299292257,0.29851312272748404,45.36194673952431,11.020084468296309
297,-0.9544055299292257,0.29851312272748404,45.361928337790864,11.020096064160944
298,-0.9544055299292257,0.29851312272748404,45.36190388643976,11.020111384013612
299,-0.9544055299292257,0.29851312272748404,45.36187444226295,11.020115751594652
300,-0.9544055299292257,0.29851312272748404,45.361838670736184,11.020121395703931
301,-0.9544055299292257,0.29851312272748404,45.36180253245,11.020126259905243
302,-0.9544055299292257,0.29851312272748404,45.36178233113294,11.020146815076947
303,-0.9544055299292257,0.29851312272748404,45.36174999688665,11.02015833808484
304,-0.9544055299292257,0.29851312272748404,45.36171841376966,11.020167152626193
305,-0.9544055299292257,0.29851312272748404,45.36169535609999,11.020172786950159
306,-0.9544055299292257,0.29851312272748404,45.361668994228786,11.020181800688299
307,-0.9544055299292257,0.29851312272748404,45.361634352921776,11.020196133790538
308,-0.9544055299292257,0.29851312272748404,45.36159821281463,11.020195564215031
309,-0.9544055299292257,0.29851312272748404,45.361560361413964,11.020224311259616
310,-0.9544055299292257,0.29851312272748404,45.36153250329645,11.020219194835922
311,-0.9544055299292257,0.29851312272748404,45.36151055332329,11.020227375533114
312,-0.9544055299292257,0.29851312272748404,45.361490577179815,11.020229133185847
313,-0.9544055299292257,0.29851312272748404,45.36145041957788,11.020248799189512
314,-0.9544055299292257,0.29851312272748404,45.36143018497833,11.020257688026183
315,-0.9544055299292257,0.29851312272748404,45.361393305466684,11.020257140262943
316,-0.9544055299292257,0.29851312272748404,45.361369567587516,11.020281909053914
317,-0.9544055299292257,0.29851312272748404,45.36133105797738,11.02028765174157
318,-0.9544055299292257,0.29851312272748404,45.36129933459102,11.020293752340699
319,-0.9544055299292257,0.29851312272748404,45.36127687166139,11.02030289274834
320,-0.9544055299292257,0.29851312272748404,45.361249984921514,11.020312597025864
321,-0.9544055299292257,0.29851312272748404,45.361216805537545,11.020320999577947
322,-0.9544055299292257,0.29851312272748404,45.361187215000285,11.02033728224587
323,-0.9544055299292257,0.29851312272748404,45.361160937626444,11.020346212317445
324,-0.9544055299292257,0.29851312272748404,45.36113154200104,11.020358749818755
325,-0.9544055299292257,0.29851312272748404,45.361095296163874,11.020358042260943
326,-0.9544055299292257,0.29851312272748404,45.36106604120308,11.020362761029347
327,-0.9544055299292257,0.29851312272748404,45.361033832500475,11.020374561244024
328,-0.9544055299292257,0.29851312272748404,45.36101048793334,11.020381339322944
329,-0.9544055299292257,0.29851312272748404,45.36097716471339,11.020394190560573
330,-0.9544055299292257,0.29851312272748404,45.360946340166485,11.020406062092857
331,-0.9544055299292257,0.29851312272748404,45.36091897763346,11.02041639649162
332,-0.9544055299292257,0.29851312272748404,45.36088672584537,11.020424922857464
333,-0.9544055299292257,0.29851312272748404,45.360862346378624,11.020440979389406
334,-0.9544055299292257,0.29851312272748404,45.36081347406264,11.020442644865184
335,-0.9544055299292257,0.29851312272748404,45.36080147035953,11.020457476208293
336,-0.9544055299292257,0.29851312272748404,45.36076956847055,11.02046846303068
337,-0.9544055299292257,0.29851312272748404,45.360747174163194,11.020473384399635
338,-0.9544055299292257,0.29851312272748404,45.36071357797307,11.02047986522171
339,-0.9544055299292257,0.29851312272748404,45.360687071666824,11.020486253171274
340,-0.9544055299292257,0.29851312272748404,45.360648106120976,11.020499834428728
341,-0.9544055299292257,0.29851312272748404,45.36063254486315,11.020505340671182
342,-0.9544055299292257,0.29851312272748404,45.360593355994745,11.020520389685915
343,-0.9544055299292257,0.29851312272748404,45.36055501392644,11.02052622860871
344,-0.9544055299292257,0.29851312272748404,45.360532537240815,11.020537194005314
345,-0.9544055299292257,0.29851312272748404,45.3604936088077,11.020546749145396
346,-0.9544055299292257,0.29851312272748404,45.36047342412662,11.020559139583037
347,-0.9544055299292257,0.29851312272748404,45.36043684384761,11.02056341355686
348,-0.9544055299292257,0.29851312272748404,45.360413026866794,11.020577836295145
349,-0.9544055299292257,0.29851312272748404,45.360370429926064,11.020586192869047
350,-0.9544055299292257,0.29851312272748404,45.3603575144544,11.020601659665946
351,-0.9544055299292257,0.29851312272748404,45.36032610966375,11.020604068223651
352,-0.9544055299292257,0.29851312272748404,45.36029609199138,11.02061862096442
353,-0.9544055299292257,0.29851312272748404,45.36026224626446,11.020621694825564
354,-0.9544055299292257,0.29851312272748404,45.360237989537914,11.020624812130356
355,-0.9544055299292257,0.29851312272748404,45.36021250118937,11.020641028793182
356,-0.9544055299292257,0.29851312272748404,45.360176620486,11.020645366967901
357,-0.9544055299292257,0.29851312272748404,45.36014634527045,11.020654744596914
358,-0.9544055299292257,0.29851312272748404,45.36011525231495,11.0206735100354
359,-0.9544055299292257,0.29851312272748404,45.36008489225999,11.020682244886844
360,-0.9544055299292257,0.29851312272748404,45.36005909124585,11.0206864310811
361,-0.9544055299292257,0.29851312272748404,45.360013522742726,11.020697740176413
362,-0.9544055299292257,0.29851312272748404,45.359986567235104,11.020702814626949
363,-0.9544055299292257,0.29851312272748404,45.359974958905255,11.020712386079916
364,-0.9544055299292257,0.29851312272748404,45.35993664577159,11.020724029472655
365,-0.9544055299292257,0.29851312272748404,45.35991202939089,11.020730632554436
366,-0.9544055299292257,0.29851312272748404,45.35987654242188,11.020749302308527
367,-0.9544055299292257,0.29851312272748404,45.35985095710635,11.020748365056319
368,-0.9544055299292257,0.29851312272748404,45.35981373170151,11.020757099380294
369,-0.9544055299292257,0.29851312272748404,45.359790631121655,11.020773323859116
370,-0.9544055299292257,0.29851312272748404,45.3597641682787,11.02077734494061
371,-0.9544055299292257,0.29851312272748404,45.35973305115524,11.020788062602335
372,-0.9544055299292257,0.29851312272748404,45.35970006,11.02079678
373,0.18563850809759755,0.9826181070544641,45.359701254815725,11.020804194020398
374,0.18563850809759755,0.9826181070544641,45.35969937745734,11.020810267935016
375,0.18563850809759755,0.9826181070544641,45.35970370788008,11.020816037767647
376,0.18563850809759755,0.9826181070544641,45.3596995908286,11.020830637502959
377,0.18563850809759755,0.9826181070544641,45.35969754704733,11.02082917197748
378,0.18563850809759755,0.9826181070544641,45.35970533599772,11.020831909364803
379,0.18563850809759755,0.9826181070544641,45.3596995316078,11.020849348276334
380,0.18563850809759755,0.9826181070544641,45.35970522766185,11.020845068311019
381,0.18563850809759755,0.9826181070544641,45.35971471076013,11.02086593566385
382,0.18563850809759755,0.9826181070544641,45.35970649560063,11.020864197549438
383,0.18563850809759755,0.9826181070544641,45.35971278108857,11.020865491971412
384,0.18563850809759755,0.9826181070544641,45.35971683540038,11.020865035485844
385,0.18563850809759755,0.9826181070544641,45.35971575,11.02087983
386,0.9539872079080639,0.29984730638739515,45.35975088897928,11.020867536367149
387,0.9539872079080639,0.29984730638739515,45.359779711166354,11.020860385128014
388,0.9539872079080639,0.29984730638739515,45.35980552806063,11.020855958769902
389,0.9539872079080639,0.29984730638739515,45.35983134204596,11.020833593197041
390,0.9539872079080639,0.29984730638739515,45.35986390501825,11.02083485148061
391,0.9539872079080639,0.29984730638739515,45.35990613086659,11.020826061196475
392,0.9539872079080639,0.29984730638739515,45.35992594234703,11.020809531356784
393,0.9539872079080639,0.29984730638739515,45.35996702144088,11.02079904456232
394,0.9539872079080639,0.29984730638739515,45.35999325541648,11.020806179453952
395,0.9539872079080639,0.29984730638739515,45.3600144425661,11.02078261077875
396,0.9539872079080639,0.29984730638739515,45.36004966579618,11.020768201193684
397,0.9539872079080639,0.29984730638739515,45.36007601759058,11.020761817201816
398,0.9539872079080639,0.29984730638739515,45.360122884844564,11.020754543969053
399,0.9539872079080639,0.29984730638739515,45.36013436925508,11.02074702334743
400,0.9539872079080639,0.29984730638739515,45.36017789241629,11.02072284021879
401,0.9539872079080639,0.29984730638739515,45.36020167197445,11.020723484327322
402,0.9539872079080639,0.29984730638739515,45.36023799518763,11.020712205967557
403,0.9539872079080639,0.29984730638739515,45.36027047208468,11.02070406642913
404,0.9539872079080639,0.29984730638739515,45.36028851069794,11.020694449016782
405,0.9539872079080639,0.29984730638739515,45.36031362966597,11.020692562945527
406,0.9539872079080639,0.29984730638739515,45.360358541339664,11.020683896812502
407,0.9539872079080639,0.29984730638739515,45.36039208237484,11.020669163095246
408,0.9539872079080639,0.29984730638739515,45.360419129474494,11.020657639044117
409,0.9539872079080639,0.29984730638739515,45.36044709731061,11.02064968509306
410,0.9539872079080639,0.29984730638739515,45.36047791966805,11.020644996161826
411,0.9539872079080639,0.29984730638739515,45.36051393314229,11.020631383810024
412,0.9539872079080639,0.29984730638739515,45.360538370326054,11.020619546690662
413,0.9539872079080639,0.29984730638739515,45.36057152028601,11.020616460282731
414,0.9539872079080639,0.29984730638739515,45.3606013402332,11.020598326061453
415,0.9539872079080639,0.29984730638739515,45.36061740880149,11.020585636224874
416,0.9539872079080639,0.29984730638739515,45.36066154061385,11.020592030066332
417,0.9539872079080639,0.29984730638739515,45.36069088828655,11.02057234261094
418,0.9539872079080639,0.29984730638739515,45.360724646833255,11.020561292102036
419,0.9539872079080639,0.29984730638739515,45.360743117680734,11.02054970865809
420,0.9539872079080639,0.29984730638739515,45.36077978518187,11.020538805816226
421,0.9539872079080639,0.29984730638739515,45.360809202143436,11.020531159825918
422,0.9539872079080639,0.29984730638739515,45.360845987021015,11.020520852520193
423,0.9539872079080639,0.29984730638739515,45.36087348559674,11.020512418982035
424,0.9539872079080639,0.29984730638739515,45.36090719492662,11.020504502632008
425,0.9539872079080639,0.29984730638739515,45.36093432754159,11.02049280036471
426,0.9539872079080639,0.29984730638739515,45.360965362305045,11.020482637361653
427,0.9539872079080639,0.29984730638739515,45.36098151805225,11.020475758301805
428,0.9539872079080639,0.29984730638739515,45.361027556357534,11.020473677213076
429,0.9539872079080639,0.29984730638739515,45.36105621316559,11.020460939181099
430,0.9539872079080639,0.29984730638739515,45.361090681293035,11.020451024928956
431,0.9539872079080639,0.29984730638739515,45.3611215484122,11.020437832476347
432,0.9539872079080639,0.29984730638739515,45.361151087817916,11.02043067444233
433,0.9539872079080639,0.29984730638739515,45.36118439841105,11.020413897374883
434,0.9539872079080639,0.29984730638739515,45.36119768420099,11.020405848246687
435,0.9539872079080639,0.29984730638739515,45.36123565604685,11.020405172624047
436,0.9539872079080639,0.29984730638739515,45.36126843899284,11.020396932468602
437,0.9539872079080639,0.29984730638739515,45.361293063365395,11.020389680915999
438,0.9539872079080639,0.29984730638739515,45.3613242259863,11.020373794785026
439,0.9539872079080639,0.29984730638739515,45.361359714250966,11.020354277092673
440,0.9539872079080639,0.29984730638739515,45.36139584950962,11.020358176140801
441,0.9539872079080639,0.29984730638739515,45.36141295953276,11.020346823800631
442,0.9539872079080639,0.29984730638739515,45.36144857715058,11.020337153971607
443,0.9539872079080639,0.29984730638739515,45.36147942679908,11.020317050138647
444,0.9539872079080639,0.29984730638739515,45.36150859995062,11.020326020374313
445,0.9539872079080639,0.29984730638739515,45.361538390531926,11.02029914405679
446,0.9539872079080639,0.29984730638739515,45.36157615980098,11.020290205489694
447,0.9539872079080639,0.29984730638739515,45.361612397513305,11.020284971030891
448,0.9539872079080639,0.29984730638739515,45.361637759729156,11.020279489929038
449,0.9539872079080639,0.29984730638739515,45.3616602770729,11.020261512970498
450,0.9539872079080639,0.29984730638739515,45.36169236941667,11.020266081027149
451,0.9539872079080639,0.29984730638739515,45.361722759148094,11.020241980592079
452,0.9539872079080639,0.29984730638739515,45.361750874001,11.020242359206263
453,0.9539872079080639,0.29984730638739515,45.36178618632541,11.020222120710796
454,0.9539872079080639,0.29984730638739515,45.36181082975723,11.020226772250417
455,0.9539872079080639,0.29984730638739515,45.36184581233919,11.020215039909061
456,0.9539872079080639,0.29984730638739515,45.361874304639045,11.02020330334195
457,0.9539872079080639,0.29984730638739515,45.36191447913521,11.020188111889938
458,0.9539872079080639,0.29984730638739515,45.36193709405655,11.020179063778814
459,0.9539872079080639,0.29984730638739515,45.36197312735733,11.02017290307589
460,0.9539872079080639,0.29984730638739515,45.3619964677112,11.02016060884623
461,0.9539872079080639,0.29984730638739515,45.3620253865168,11.020158440644822
462,0.9539872079080639,0.29984730638739515,45.36206269000591,11.020149884900949
463,0.9539872079080639,0.29984730638739515,45.362085716905334,11.020136032445931
464,0.9539872079080639,0.29984730638739515,45.36212272253234,11.020121968381169
465,0.9539872079080639,0.29984730638739515,45.362148367857536,11.020123638464929
466,0.9539872079080639,0.29984730638739515,45.3621802386286,11.020104179528401
467,0.9539872079080639,0.29984730638739515,45.36221364504017,11.020103789840746
468,0.9539872079080639,0.29984730638739515,45.36224320439006,11.020083901383902
469,0.9539872079080639,0.29984730638739515,45.36227011797468,11.020073206247991
470,0.9539872079080639,0.29984730638739515,45.36230304,11.02006662
471,0.05017981546841942,0.9987401995111418,45.36230350688582,11.020068848428629
472,0.05017981546841942,0.9987401995111418,45.362303071224446,11.020074238027814
473,0.05017981546841942,0.9987401995111418,45.36229198777706,11.020078981159944
474,0.05017981546841942,0.9987401995111418,45.36229715465701,11.020081057305065
475,0.05017981546841942,0.9987401995111418,45.362288729782726,11.020080171467361
476,0.05017981546841942,0.9987401995111418,45.36230041477657,11.020086637952769
477,0.05017981546841942,0.9987401995111418,45.36230875654183,11.020094180624733
478,0.05017981546841942,0.9987401995111418,45.362304320460126,11.020093283347919
479,0.05017981546841942,0.9987401995111418,45.362297422135846,11.020089374035406
480,0.05017981546841942,0.9987401995111418,45.3623048083668,11.020096124309317
481,0.05017981546841942,0.9987401995111418,45.36229836951743,11.020091749195952
482,0.05017981546841942,0.9987401995111418,45.3623106711808,11.020103820920028
483,0.05017981546841942,0.9987401995111418,45.36230419980499,11.020100425105879
484,0.05017981546841942,0.9987401995111418,45.36230856491008,11.020106780568415
485,0.05017981546841942,0.9987401995111418,45.36230154353794,11.020110093737012
486,0.05017981546841942,0.9987401995111418,45.36229830583877,11.020110130189835
487,0.05017981546841942,0.9987401995111418,45.36231113865991,11.020115058524564
488,0.05017981546841942,0.9987401995111418,45.362305582133125,11.020124754538784
489,0.05017981546841942,0.9987401995111418,45.36230583,11.02012215
490,-0.9547295369557065,0.2974752279843521,45.36227056286709,11.02012714677913
491,-0.9547295369557065,0.2974752279843521,45.36224016530444,11.0201434206295
492,-0.9547295369557065,0.2974752279843521,45.362193204025985,11.020154632892718
493,-0.9547295369557065,0.2974752279843521,45.36217079273707,11.020165557464873
494,-0.9547295369557065,0.2974752279843521,45.36214526024841,11.02017452425742
495,-0.9547295369557065,0.2974752279843521,45.36210367096421,11.02017672356834
496,-0.9547295369557065,0.2974752279843521,45.36207931871563,11.02019058449832
497,-0.9547295369557065,0.2974752279843521,45.362041269787404,11.020204211125833
498,-0.9547295369557065,0.2974752279843521,45.362008151793674,11.02022015869687
499,-0.9547295369557065,0.2974752279843521,45.361986939040946,11.020223812927496
500,-0.9547295369557065,0.2974752279843521,45.361945114897004,11.020236923823981
501,-0.9547295369557065,0.2974752279843521,45.36190922228901,11.020244882631555
502,-0.9547295369557065,0.2974752279843521,45.36187881024923,11.020253551960392
503,-0.9547295369557065,0.2974752279843521,45.36184852186608,11.02026711935773
504,-0.9547295369557065,0.2974752279843521,45.36180305236888,11.020279212935117
505,-0.9547295369557065,0.2974752279843521,45.36178794983864,11.02028691225077
506,-0.9547295369557065,0.2974752279843521,45.36173894175834,11.020302271864141
507,-0.9547295369557065,0.2974752279843521,45.3617130485879,11.020308491853676
508,-0.9547295369557065,0.2974752279843521,45.3616784425864,11.02031548446249
509,-0.9547295369557065,0.2974752279843521,45.361645067096035,11.020332518286837
510,-0.9547295369557065,0.2974752279843521,45.36161694421679,11.020339257150795
511,-0.9547295369557065,0.2974752279843521,45.361586095039975,11.020348329622465
512,-0.9547295369557065,0.2974752279843521,45.36155061053536,11.020357398079975
513,-0.9547295369557065,0.2974752279843521,45.361508730387406,11.020375812890311
514,-0.9547295369557065,0.2974752279843521,45.36148338740178,11.020378360337048
515,-0.9547295369557065,0.2974752279843521,45.36145337527773,11.020385660662368
516,-0.9547295369557065,0.2974752279843521,45.361429899399845,11.020400404771731
517,-0.9547295369557065,0.2974752279843521,45.361380658961345,11.020410467774916
518,-0.9547295369557065,0.2974752279843521,45.36135840539143,11.020419657067293
519,-0.9547295369557065,0.2974752279843521,45.3613166019626,11.020419198269192
520,-0.9547295369557065,0.2974752279843521,45.361286719118844,11.020438316958163
521,-0.9547295369557065,0.2974752279843521,45.361256540771926,11.020448464824629
522,-0.9547295369557065,0.2974752279843521,45.361222067594426,11.020465943948038
523,-0.9547295369557065,0.2974752279843521,45.36119126933891,11.020463220025473
524,-0.9547295369557065,0.2974752279843521,45.3611500164004,11.020469455671085
525,-0.9547295369557065,0.2974752279843521,45.36112151354345,11.020497507291577
526,-0.9547295369557065,0.2974752279843521,45.36108568237186,11.020502715993558
527,-0.9547295369557065,0.2974752279843521,45.361060199806204,11.02050878703533
528,-0.9547295369557065,0.2974752279843521,45.361026046369695,11.020521131445308
529,-0.9547295369557065,0.2974752279843521,45.36099828060019,11.020528340766155
530,-0.9547295369557065,0.2974752279843521,45.36095514916453,11.02054193841324
531,-0.9547295369557065,0.2974752279843521,45.36091810928717,11.020552183300445
532,-0.9547295369557065,0.2974752279843521,45.36089735734417,11.020561288948466
533,-0.9547295369557065,0.2974752279843521,45.3608596686842,11.020566361476165
534,-0.9547295369557065,0.2974752279843521,45.3608308308705,11.020575478664428
535,-0.9547295369557065,0.2974752279843521,45.360791161891406,11.020592477152482
536,-0.9547295369557065,0.2974752279843521,45.36075279903465,11.020606640081551
537,-0.9547295369557065,0.2974752279843521,45.36073394905915,11.020614436786657
538,-0.9547295369557065,0.2974752279843521,45.360702826671286,11.020624238712807
539,-0.9547295369557065,0.2974752279843521,45.36068034530759,11.020632469969048
540,-0.9547295369557065,0.2974752279843521,45.36063335153691,11.020634122912407
541,-0.9547295369557065,0.2974752279843521,45.36059785307282,11.020650831106687
542,-0.9547295369557065,0.2974752279843521,45.36056146225047,11.020654439015784
543,-0.9547295369557065,0.2974752279843521,45.3605330109908,11.020683597264291
544,-0.9547295369557065,0.2974752279843521,45.36049502352986,11.020682908190865
545,-0.9547295369557065,0.2974752279843521,45.36045658000135,11.020697138057706
546,-0.9547295369557065,0.2974752279843521,45.360431324472586,11.020705209555892
547,-0.9547295369557065,0.2974752279843521,45.36040605470287,11.020716886966762
548,-0.9547295369557065,0.2974752279843521,45.36037109803367,11.020723525379184
549,-0.9547295369557065,0.2974752279843521,45.36033813210817,11.020734065577859
550,-0.9547295369557065,0.2974752279843521,45.36030166819277,11.020745395490046
551,-0.9547295369557065,0.2974752279843521,45.36026774559019,11.020757700904744
552,-0.9547295369557065,0.2974752279843521,45.36024020239241,11.020761832225418
553,-0.9547295369557065,0.2974752279843521,45.36021224491852,11.02077836705045
554,-0.9547295369557065,0.2974752279843521,45.36017156379096,11.020787079170775
555,-0.9547295369557065,0.2974752279843521,45.36013351674922,11.02080042584307
556,-0.9547295369557065,0.2974752279843521,45.36010486097954,11.020807244499919
557,-0.9547295369557065,0.2974752279843521,45.36008424407917,11.020820818738361
558,-0.9547295369557065,0.2974752279843521,45.360039998967224,11.02083766700603
559,-0.9547295369557065,0.2974752279843521,45.360004182581335,11.020831035493087
560,-0.9547295369557065,0.2974752279843521,45.3599790499285,11.020852950429266
561,-0.9547295369557065,0.2974752279843521,45.359930065319844,11.020851844736315
562,-0.9547295369557065,0.2974752279843521,45.359903301700676,11.020867553349804
563,-0.9547295369557065,0.2974752279843521,45.35987733680112,11.020881918700193
564,-0.9547295369557065,0.2974752279843521,45.359839715279584,11.020890833820529
565,-0.9547295369557065,0.2974752279843521,45.359812421806325,11.020907235083317
566,-0.9547295369557065,0.2974752279843521,45.35978156651071,11.02091185148547
567,-0.9547295369557065,0.2974752279843521,45.359748623442634,11.020922032405108
568,-0.9547295369557065,0.2974752279843521,45.35971167,11.02093044
569,0.158371280329442,0.9873796319384015,45.35970328555292,11.020938860937102
570,0.158371280329442,0.9873796319384015,45.35971118860971,11.020946429818707
571,0.158371280329442,0.9873796319384015,45.359712104978534,11.02094972503707
572,0.158371280329442,0.9873796319384015,45.35972210232646,11.020955157106675
573,0.158371280329442,0.9873796319384015,45.359720209539155,11.020961451467896
574,0.158371280329442,0.9873796319384015,45.359721312306014,11.020977341158714
575,0.158371280329442,0.9873796319384015,45.35971637254935,11.020974253449738
576,0.158371280329442,0.9873796319384015,45.35971517894593,11.020989374760298
577,0.158371280329442,0.9873796319384015,45.35972794289628,11.020986946130908
578,0.158371280329442,0.9873796319384015,45.35971046852539,11.020994493429916
579,0.158371280329442,0.9873796319384015,45.35972186885761,11.020993937325791
580,0.158371280329442,0.9873796319384015,45.35972416,11.02100831
581,0.9551369713188397,0.29616442396053255,45.35976355040887,11.02099913650877
582,0.9551369713188397,0.29616442396053255,45.359802869635196,11.02099546380422
583,0.9551369713188397,0.29616442396053255,45.35982675743151,11.020972013578513
584,0.9551369713188397,0.29616442396053255,45.35986655797159,11.020956175887704
585,0.9551369713188397,0.29616442396053255,45.35990567005057,11.020949148085641
586,0.9551369713188397,0.29616442396053255,45.359923896715216,11.020939232343219
587,0.9551369713188397,0.29616442396053255,45.359968022334066,11.020927842195938
588,0.9551369713188397,0.29616442396053255,45.35999491499576,11.020917155701849
589,0.9551369713188397,0.29616442396053255,45.360037213799295,11.020913853703732
590,0.9551369713188397,0.29616442396053255,45.36007026177468,11.020897737836723
591,0.9551369713188397,0.29616442396053255,45.36010391734687,11.020887828880783
592,0.9551369713188397,0.29616442396053255,45.36014059630004,11.020882508243263
593,0.9551369713188397,0.29616442396053255,45.36016730974472,11.020860575523098
594,0.9551369713188397,0.29616442396053255,45.3602127816573,11.020853270079858
595,0.9551369713188397,0.29616442396053255,45.36025124475934,11.020851401608114
596,0.9551369713188397,0.29616442396053255,45.36027869726798,11.020838954526052
597,0.9551369713188397,0.29616442396053255,45.36031984063363,11.020819749873395
598,0.9551369713188397,0.29616442396053255,45.36034135766832,11.020820347939196
599,0.9551369713188397,0.29616442396053255,45.36037684929219,11.020799566083342
600,0.9551369713188397,0.29616442396053255,45.36041768516227,11.020791571949768
601,0.9551369713188397,0.29616442396053255,45.36044928005094,11.020781467886579
602,0.9551369713188397,0.29616442396053255,45.36047727660319,11.02077400871784
603,0.9551369713188397,0.29616442396053255,45.36051242388626,11.02076130298159
604,0.9551369713188397,0.29616442396053255,45.360560822517115,11.020746991008512
605,0.9551369713188397,0.29616442396053255,45.36058893346166,11.020740213283243
606,0.9551369713188397,0.29616442396053255,45.36062913062074,11.020729010389505
607,0.9551369713188397,0.29616442396053255,45.360659634350945,11.020713264455189
608,0.9551369713188397,0.29616442396053255,45.360696384589055,11.020705168125815
609,0.9551369713188397,0.29616442396053255,45.36073746238227,11.020688652960416
610,0.9551369713188397,0.29616442396053255,45.36075895879324,11.02069027885457
611,0.9551369713188397,0.29616442396053255,45.360793331425654,11.020685169297876
612,0.9551369713188397,0.29616442396053255,45.36083188035808,11.02066734296172
613,0.9551369713188397,0.29616442396053255,45.36086064360396,11.020657909423754
614,0.9551369713188397,0.29616442396053255,45.36090492397154,11.020648355154833
615,0.9551369713188397,0.29616442396053255,45.36093047661251,11.020621690342189
616,0.9551369713188397,0.29616442396053255,45.3609658984793,11.020625297012268
617,0.9551369713188397,0.29616442396053255,45.36100748182294,11.020612051683482
618,0.9551369713188397,0.29616442396053255,45.36104350196779,11.020611164445507
619,0.9551369713188397,0.29616442396053255,45.361074883646005,11.020596219915504
620,0.9551369713188397,0.29616442396053255,45.36111196880779,11.020577639306971
621,0.9551369713188397,0.29616442396053255,45.361144731443886,11.020566520255525
622,0.9551369713188397,0.29616442396053255,45.36117888045942,11.020558815926282
623,0.9551369713188397,0.29616442396053255,45.36121334979231,11.020537837554775
624,0.9551369713188397,0.29616442396053255,45.361248814949406,11.0205410560583
625,0.9551369713188397,0.29616442396053255,45.36127882068601,11.020528164415671
626,0.9551369713188397,0.29616442396053255,45.36131805371597,11.020512353209618
627,0.9551369713188397,0.29616442396053255,45.36134558598907,11.020500033656516
628,0.9551369713188397,0.29616442396053255,45.361394424417504,11.020488376664796
629,0.9551369713188397,0.29616442396053255,45.36141930640922,11.02048642716471
630,0.9551369713188397,0.29616442396053255,45.36146082055761,11.020468358909051
631,0.9551369713188397,0.29616442396053255,45.36148546111438,11.020457214338606
632,0.9551369713188397,0.29616442396053255,45.36151757342514,11.020446548085236
633,0.9551369713188397,0.29616442396053255,45.36156037638122,11.020438068477644
634,0.9551369713188397,0.29616442396053255,45.36159075478546,11.020431730190248
635,0.9551369713188397,0.29616442396053255,45.36162235752869,11.020417312958337
636,0.9551369713188397,0.29616442396053255,45.36165909999232,11.020410047887571
637,0.9551369713188397,0.29616442396053255,45.361697962150835,11.02039198942519
638,0.9551369713188397,0.29616442396053255,45.36173245779831,11.020383615172397
639,0.9551369713188397,0.29616442396053255,45.36177382242967,11.020372505765453
640,0.9551369713188397,0.29616442396053255,45.3618077588391,11.020363962347446
641,0.9551369713188397,0.29616442396053255,45.36182959600256,11.020353738403116
642,0.9551369713188397,0.29616442396053255,45.36187516995443,11.02034140029752
643,0.9551369713188397,0.29616442396053255,45.36190825169397,11.020318165648462
644,0.9551369713188397,0.29616442396053255,45.36195293690127,11.020318973859613
645,0.9551369713188397,0.29616442396053255,45.36197684884235,11.020307540478537
646,0.9551369713188397,0.29616442396053255,45.36201031013929,11.020297222455998
647,0.9551369713188397,0.29616442396053255,45.36205934334532,11.020290866894468
648,0.9551369713188397,0.29616442396053255,45.36209028351322,11.020286702462132
649,0.9551369713188397,0.29616442396053255,45.36210990217949,11.020258804614175
650,0.9551369713188397,0.29616442396053255,45.36214679684702,11.020253548851617
651,0.9551369713188397,0.29616442396053255,45.36218874793218,11.020239247154436
652,0.9551369713188397,0.29616442396053255,45.36221655332769,11.020225679023609
653,0.9551369713188397,0.29616442396053255,45.362252277734214,11.020219768976315
654,0.9551369713188397,0.29616442396053255,45.36228906923387,11.020215164966723
655,0.9551369713188397,0.29616442396053255,45.36232427,11.02020208
656,0.096011835949402,0.9953801923675321,45.3623348359056,11.020197557625277
657,0.096011835949402,0.9953801923675321,45.362322940071074,11.02021427868372
658,0.096011835949402,0.9953801923675321,45.36232154055273,11.020204159771074
659,0.096011835949402,0.9953801923675321,45.362318894245846,11.020212213883378
660,0.096011835949402,0.9953801923675321,45.36233014533855,11.020221487855757
661,0.096011835949402,0.9953801923675321,45.362326480460574,11.020231861317047
662,0.096011835949402,0.9953801923675321,45.36233105217107,11.02023435685639
663,0.096011835949402,0.9953801923675321,45.36233274291985,11.020235275399342
664,0.096011835949402,0.9953801923675321,45.36232533718693,11.020239160062145
665,0.096011835949402,0.9953801923675321,45.362317077074856,11.020248982822922
666,0.096011835949402,0.9953801923675321,45.36231951810767,11.020252665884918
667,0.096011835949402,0.9953801923675321,45.36233271834967,11.020246591361424
668,0.096011835949402,0.9953801923675321,45.36232928,11.02025402
669,-0.9517694449728636,0.30681415159025344,45.36229246081759,11.020258841929314
670,-0.9517694449728636,0.30681415159025344,45.362261684584155,11.020281488273836
671,-0.9517694449728636,0.30681415159025344,45.36223875867921,11.020289532493239
672,-0.9517694449728636,0.30681415159025344,45.36219790675627,11.020299590275638
673,-0.9517694449728636,0.30681415159025344,45.36216458506243,11.020304828882795
674,-0.9517694449728636,0.30681415159025344,45.362131664470475,11.0203250479064
675,-0.9517694449728636,0.30681415159025344,45.36209796473015,11.020330232727678
676,-0.9517694449728636,0.30681415159025344,45.3620650978999,11.020337492098616
677,-0.9517694449728636,0.30681415159025344,45.362034402594134,11.020356056592062
678,-0.9517694449728636,0.30681415159025344,45.361998415235405,11.020359841080044
679,-0.9517694449728636,0.30681415159025344,45.36196410324297,11.020372838861848
680,-0.9517694449728636,0.30681415159025344,45.361935685843335,11.02036756010214
681,-0.9517694449728636,0.30681415159025344,45.36190058620981,11.020395293592921
682,-0.9517694449728636,0.30681415159025344,45.361873837293956,11.020403615678353
683,-0.9517694449728636,0.30681415159025344,45.36183864679954,11.020410583730511
684,-0.9517694449728636,0.30681415159025344,45.36180249969886,11.020412995185934
685,-0.9517694449728636,0.30681415159025344,45.36177241213246,11.020443730325834
686,-0.9517694449728636,0.30681415159025344,45.36173623577401,11.02044657516616
687,-0.9517694449728636,0.30681415159025344,45.361701418659095,11.020458434861608
688,-0.9517694449728636,0.30681415159025344,45.36167172632453,11.020470177772646
689,-0.9517694449728636,0.30681415159025344,45.361632440528375,11.020475676291554
690,-0.9517694449728636,0.30681415159025344,45.361602732570155,11.020489885977572
691,-0.9517694449728636,0.30681415159025344,45.361561978192114,11.0204995423615
692,-0.9517694449728636,0.30681415159025344,45.36153872379912,11.020509071114923
693,-0.9517694449728636,0.30681415159025344,45.36149013068434,11.020520135253275
694,-0.9517694449728636,0.30681415159025344,45.36147063696225,11.020535427375108
695,-0.9517694449728636,0.30681415159025344,45.36143831578968,11.020545572028146
696,-0.9517694449728636,0.30681415159025344,45.36139428641105,11.020546473483483
697,-0.9517694449728636,0.30681415159025344,45.361376103377246,11.020560557636397
698,-0.9517694449728636,0.30681415159025344,45.36133414764805,11.020582329729818
699,-0.9517694449728636,0.30681415159025344,45.361302462767455,11.02058875629959
700,-0.9517694449728636,0.30681415159025344,45.36126994728967,11.020594571218155
701,-0.9517694449728636,0.30681415159025344,45.361237015864624,11.02060115886942
702,-0.9517694449728636,0.30681415159025344,45.36120510588956,11.020625655251951
703,-0.9517694449728636,0.30681415159025344,45.36117733918629,11.020626550262191
704,-0.9517694449728636,0.30681415159025344,45.3611378914101,11.020641536851365
705,-0.9517694449728636,0.30681415159025344,45.36109643082359,11.020649856719196
706,-0.9517694449728636,0.30681415159025344,45.361075278427926,11.020656892392465
707,-0.9517694449728636,0.30681415159025344,45.361044767731734,11.020666635714035
708,-0.9517694449728636,0.30681415159025344,45.36100638654427,11.020685242904843
709,-0.9517694449728636,0.30681415159025344,45.36097373057928,11.020684877293972
710,-0.9517694449728636,0.30681415159025344,45.36094072556607,11.020702832433388
711,-0.9517694449728636,0.30681415159025344,45.36091390647015,11.020707103018651
712,-0.9517694449728636,0.30681415159025344,45.36086968774862,11.020729617074846
713,-0.9517694449728636,0.30681415159025344,45.360843483715506,11.020737250935463
714,-0.9517694449728636,0.30681415159025344,45.36080778335335,11.020745248216858
715,-0.9517694449728636,0.30681415159025344,45.36077411993272,11.02075371001633
716,-0.9517694449728636,0.30681415159025344,45.360737316700835,11.020766790340662
717,-0.9517694449728636,0.30681415159025344,45.36069793028978,11.020777474422882
718,-0.9517694449728636,0.30681415159025344,45.360670404814975,11.020788884955063
719,-0.9517694449728636,0.30681415159025344,45.36063739835573,11.02080508500166
720,-0.9517694449728636,0.30681415159025344,45.36060933009246,11.020812904044382
721,-0.9517694449728636,0.30681415159025344,45.3605715618963,11.020814100986247
722,-0.9517694449728636,0.30681415159025344,45.36054447449967,11.020817132257474
723,-0.9517694449728636,0.30681415159025344,45.360508339411616,11.020835883846667
724,-0.9517694449728636,0.30681415159025344,45.36046563342582,11.020856038317824
725,-0.9517694449728636,0.30681415159025344,45.36044391623292,11.020860666743392
726,-0.9517694449728636,0.30681415159025344,45.36041083513352,11.020878298403748
727,-0.9517694449728636,0.30681415159025344,45.3603763787276,11.020887229516529
728,-0.9517694449728636,0.30681415159025344,45.36035021395707,11.020891238688666
729,-0.9517694449728636,0.30681415159025344,45.360305036150905,11.020895985219788
730,-0.9517694449728636,0.30681415159025344,45.36028001433412,11.020915609304842
731,-0.9517694449728636,0.30681415159025344,45.3602483826793,11.020927884835663
732,-0.9517694449728636,0.30681415159025344,45.360205136496624,11.020936117954005
733,-0.9517694449728636,0.30681415159025344,45.36018451509203,11.020940090223519
734,-0.9517694449728636,0.30681415159025344,45.36014373756759,11.020958800285804
735,-0.9517694449728636,0.30681415159025344,45.36011725338603,11.020971778349438
736,-0.9517694449728636,0.30681415159025344,45.36007980354416,11.020972153253632
737,-0.9517694449728636,0.30681415159025344,45.36004993878129,11.020987052165966
738,-0.9517694449728636,0.30681415159025344,45.36001772041152,11.02099863465282
739,-0.9517694449728636,0.30681415159025344,45.35998403210716,11.021020126660673
740,-0.9517694449728636,0.30681415159025344,45.35994682084496,11.021025850088195
741,-0.9517694449728636,0.30681415159025344,45.35991568618317,11.021028186503939
742,-0.9517694449728636,0.30681415159025344,45.359873034633395,11.021043922156114
743,-0.9517694449728636,0.30681415159025344,45.35984901868667,11.021058870203726
744,-0.9517694449728636,0.30681415159025344,45.35981411969118,11.021067416311562
745,-0.9517694449728636,0.30681415159025344,45.35978189772278,11.021080273276514
746,-0.9517694449728636,0.30681415159025344,45.35974926,11.02108572
747,0.08350296661483732,0.9965075286050383,45.359747715874924,11.02109382295878
748,0.08350296661483732,0.9965075286050383,45.359751277437255,11.021095979318455
749,0.08350296661483732,0.9965075286050383,45.35974573176909,11.02110292438982
750,0.08350296661483732,0.9965075286050383,45.35975356416688,11.02109687502276
751,0.08350296661483732,0.9965075286050383,45.359746865483345,11.02111545047296
752,0.08350296661483732,0.9965075286050383,45.359751848909255,11.021118829102862
753,0.08350296661483732,0.9965075286050383,45.35975541239729,11.021119808303904
754,0.08350296661483732,0.9965075286050383,45.359753277876834,11.021130934210612
755,0.08350296661483732,0.9965075286050383,45.35975269390671,11.021136978684714
756,0.08350296661483732,0.9965075286050383,45.35975533268657,11.021141114809453
757,0.08350296661483732,0.9965075286050383,45.359756859551105,11.021145968094602
758,0.08350296661483732,0.9965075286050383,45.35974693420146,11.021148803875432
