,Choice,Sin,Cosin,Lat,Lon
0,2,0.9537169507482269,0.30070579950427306,45.3596665575,11.020597651
1,2,0.9556762890491137,0.29441948058733275,45.35970019416691,11.020587289631633
2,2,0.9558357095069148,0.2939015080454895,45.35973353318841,11.020577190021093
3,2,0.9560289054763694,0.29327245334953483,45.3597678707248,11.020567320318557
4,2,0.9562613402215093,0.2925136735227309,45.35980149000722,11.020556032539693
5,2,0.9565389298183936,0.2916046565847026,45.35983551096164,11.020546440680686
6,2,0.9568679704860003,0.29052312654589646,45.3598689205539,11.020536470570892
7,2,0.9572550320429201,0.2892452309520558,45.3599031987866,11.020527630497483
8,2,0.9577068140529426,0.28774582241374513,45.359935674399175,11.020517023834472
9,2,0.9582299626352145,0.28599884389296976,45.3599703780708,11.020507346179523
10,2,0.95883084790803,0.2839778250145041,45.360004036164945,11.020497550576914
11,2,0.9595153046155718,0.2816564932830177,45.36003785366357,11.020488785877822
12,2,0.9602883415993773,0.2790094998173319,45.36007212079396,11.020480222672031
13,2,0.9611538292898135,0.2760132541048127,45.360106310296494,11.020471226407844
14,2,0.9621141780888904,0.27264685642849235,45.36014060973595,11.02046294283565
15,2,0.9631700240857436,0.2688931101807336,45.36017545668435,11.02045666379634
16,2,0.9643199416009333,0.2647395894662767,45.360209889830486,11.02044865527763
17,2,0.9655602041499399,0.26017973049783544,45.36024501140687,11.020442660415704
18,2,0.9668846160892779,0.2552139086528977,45.36027891446186,11.02043629718134
19,2,0.9682844360411096,0.24985045711495174,45.360313661049446,11.020431226811208
20,2,0.9697484098743212,0.24410657825266735,45.3603494935171,11.020425695148132
21,2,0.971262925423934,0.2380090958281673,45.36038530916709,11.020422086421934
22,2,0.9728122933768278,0.23159499531491728,45.36042004419137,11.02041851372356
23,2,0.974379149255085,0.22491170155627035,45.360455489581646,11.020415696301926
24,2,0.9759449609121658,0.21801704811814865,45.360491273669304,11.020413135894906
25,2,0.9774906154222893,0.21097890122321267,45.36052734053833,11.020412249944167
26,2,0.9789970498859705,0.2038744130943525,45.36056316408333,11.020410541647909
27,2,0.9804458837549997,0.19678889457456067,45.36059889912308,11.020410997821159
28,2,0.9818200069531859,0.18981431438762972,45.360635250039834,11.020409692414024
29,2,0.9831040791982697,0.18304745139914486,45.3606710329175,11.02041102502424
30,2,0.9842849019136227,0.17658774551165804,45.360706119750866,11.020410850399553
31,2,0.9853516347604615,0.170534911014977,45.36074217496964,11.020411291952344
32,2,0.986295843281622,0.16498639194004505,45.36077771639466,11.020411678190188
33,2,0.987111380984576,0.1600347510096585,45.36081311793559,11.020410554129255
34,2,0.9877941265070452,0.15576509120526186,45.360849087473824,11.020411143517595
35,2,0.9883416121845388,0.15225261122380387,45.36088529338273,11.020410795172657
36,2,0.9887525923255618,0.14956039305070493,45.36091967939946,11.020406932429212
37,2,0.9890266061186225,0.14773751178857475,45.36095520521665,11.020405626011781
38,2,0.9891635903026605,0.14681754533961663,45.36099040097391,11.020400953168572
39,2,0.9891635903026605,0.14681754533961663,45.36102568322811,11.020397190071012
40,2,0.9890266061186225,0.14773751178857475,45.36105929111381,11.02038938606083
41,2,0.9887525923255618,0.14956039305070493,45.361093517537896,11.020381992963987
42,2,0.9883416121845388,0.15225261122380387,45.3611283118255,11.020372562110472
43,2,0.9877941265070452,0.15576509120526186,45.36116162294293,11.020361902645892
44,2,0.987111380984576,0.1600347510096585,45.36119651248935,11.020350560735967
45,2,0.986295843281622,0.16498639194004505,45.36122987668066,11.02033659850145
46,2,0.9853516347604615,0.170534911014977,45.36126257936206,11.020321191152993
47,2,0.9842849019136227,0.17658774551165804,45.36129491913685,11.020305820836347
48,2,0.9831040791982697,0.18304745139914486,45.36132861148851,11.0202874136572
49,2,0.9818200069531859,0.18981431438762972,45.36136001518981,11.020269913304894
50,2,0.9804458837549997,0.19678889457456067,45.36139229847819,11.020251515698446
51,2,0.9789970498859705,0.2038744130943525,45.361424655258716,11.020232041519776
52,2,0.9774906154222893,0.21097890122321267,45.361456638166594,11.020211124555354
53,2,0.9759449609121658,0.21801704811814865,45.36148731372418,11.020190709380206
54,2,0.974379149255085,0.22491170155627035,45.361519610446685,11.020169533089906
55,2,0.9728122933768278,0.23159499531491728,45.36155042298259,11.020149508094649
56,2,0.971262925423934,0.2380090958281673,45.36158174794358,11.020128158428285
57,2,0.9697484098743212,0.24410657825266735,45.361612613367726,11.020107681666492
58,2,0.9682844360411096,0.24985045711495174,45.36164427906569,11.020087038358005
59,2,0.9668846160892779,0.2552139086528977,45.36167518728685,11.020067513088783
60,2,0.9655602041499399,0.26017973049783544,45.36170653268238,11.020049216740711
61,2,0.9643199416009333,0.2647395894662767,45.361737579009805,11.020030192062192
62,2,0.9631700240857436,0.2688931101807336,45.36176867528287,11.020010336499094
63,2,0.9621141780888904,0.27264685642849235,45.36180084291857,11.019993669889024
64,2,0.9611538292898135,0.2760132541048127,45.36183249743194,11.019975719005894
65,2,0.9602883415993773,0.2790094998173319,45.3618649386262,11.019959136023067
66,2,0.9595153046155718,0.2816564932830177,45.36189595848796,11.019943454425375
67,2,0.95883084790803,0.2839778250145041,45.36192779049012,11.019927416921329
68,2,0.9582299626352145,0.28599884389296976,45.361960835316395,11.01991349829177
69,2,0.9577068140529426,0.28774582241374513,45.36199233989819,11.01989881884436
70,2,0.9572550320429201,0.2892452309520558,45.36202588252491,11.019884830034155
71,2,0.9568679704860003,0.29052312654589646,45.362059764714026,11.01987180791105
72,2,0.9565389298183936,0.2916046565847026,45.3620906908988,11.019857577020883
73,2,0.9562613402215093,0.2925136735227309,45.362124949515874,11.019844831607282
74,2,0.9560289054763694,0.29327245334953483,45.36215738117569,11.019833648216652
75,2,0.9558357095069148,0.2939015080454895,45.36219102019233,11.019821443631388
76,2,0.9556762890491137,0.29441948058733275,45.36222404979495,11.01980986945071
77,2,0.9556762890491137,0.29441948058733275,45.36225589,11.01979384
78,2,0.1871863868101744,0.9823244151465196,45.36225693168725,11.01979606564372
79,2,0.1871863868101744,0.9823244151465196,45.36225629590491,11.019799595396526
80,2,0.1871863868101744,0.9823244151465196,45.3622580132088,11.01980210952594
81,2,0.1871863868101744,0.9823244151465196,45.362258336479435,11.019805785918528
82,2,0.1871863868101744,0.9823244151465196,45.36225879055617,11.019809065263187
83,2,0.1871863868101744,0.9823244151465196,45.36225913509252,11.019812124609501
84,2,0.1871863868101744,0.9823244151465196,45.362260465601445,11.01981469600335
85,2,0.1871863868101744,0.9823244151465196,45.36225993497521,11.019817815008263
86,2,0.1871863868101744,0.9823244151465196,45.36226101312715,11.0198217240752
87,2,0.1871863868101744,0.9823244151465196,45.362262123969984,11.019824551310752
88,2,0.1871863868101744,0.9823244151465196,45.36226173601863,11.019826938535072
89,2,0.1871863868101744,0.9823244151465196,45.36226298785724,11.0198301455487
90,2,0.1871863868101744,0.9823244151465196,45.36226326255669,11.01983368601746
91,2,0.1871863868101744,0.9823244151465196,45.362264498183634,11.019836708158184
92,2,0.1871863868101744,0.9823244151465196,45.36226387526219,11.019838902261068
93,2,0.1871863868101744,0.9823244151465196,45.36226496931588,11.019842627167181
94,2,0.1871863868101744,0.9823244151465196,45.36226545456908,11.019845818611753
95,2,0.1871863868101744,0.9823244151465196,45.362266788165904,11.019849124408719
96,2,0.1871863868101744,0.9823244151465196,45.362266560604795,11.019851059883775
97,2,0.1871863868101744,0.9823244151465196,45.36226747,11.01985461
98,2,-0.954287848765298,0.29888911271389534,45.36223546879386,11.019864940178632
99,2,-0.954287848765298,0.29888911271389534,45.36220453706752,11.0198739741731
100,2,-0.954287848765298,0.29888911271389534,45.36217319831997,11.019883569128945
101,2,-0.954287848765298,0.29888911271389534,45.3621414699288,11.019893420821017
102,2,-0.954287848765298,0.29888911271389534,45.362109372299024,11.019903326052754
103,2,-0.954287848765298,0.29888911271389534,45.36207787416774,11.019913836329788
104,2,-0.954287848765298,0.29888911271389534,45.36204697051383,11.019922595826607
105,2,-0.954287848765298,0.29888911271389534,45.36201535351516,11.01993332852259
106,2,-0.954287848765298,0.29888911271389534,45.36198366189344,11.01994329788914
107,2,-0.954287848765298,0.29888911271389534,45.36195151180944,11.01995285614792
108,2,-0.954287848765298,0.29888911271389534,45.36192065482035,11.019962982769187
109,2,-0.954287848765298,0.29888911271389534,45.36188816582871,11.019972890928452
110,2,-0.954287848765298,0.29888911271389534,45.361857160974,11.01998315198369
111,2,-0.954287848765298,0.29888911271389534,45.36182623551466,11.019992999769565
112,2,-0.954287848765298,0.29888911271389534,45.36179422160949,11.020003076504084
113,2,-0.954287848765298,0.29888911271389534,45.36176291415299,11.020012018810009
114,2,-0.954287848765298,0.29888911271389534,45.36173010565581,11.020022582085717
115,2,-0.954287848765298,0.29888911271389534,45.3616994904656,11.02003212508427
116,2,-0.954287848765298,0.29888911271389534,45.36166776907299,11.020042770259632
117,2,-0.954287848765298,0.29888911271389534,45.36163508337752,11.020053134616445
118,2,-0.954287848765298,0.29888911271389534,45.36160564166554,11.02006238063336
119,2,-0.954287848765298,0.29888911271389534,45.36157263673106,11.020071778969397
120,2,-0.954287848765298,0.29888911271389534,45.361541305494605,11.020081399432547
121,2,-0.954287848765298,0.29888911271389534,45.36150923517496,11.020091971245751
122,2,-0.954287848765298,0.29888911271389534,45.36147800132361,11.020102043950613
123,2,-0.954287848765298,0.29888911271389534,45.361447421295615,11.020112041246438
124,2,-0.954287848765298,0.29888911271389534,45.361414549180964,11.020120789259618
125,2,-0.954287848765298,0.29888911271389534,45.36138380977141,11.020131189701837
126,2,-0.954287848765298,0.29888911271389534,45.36135269192052,11.020140713967969
127,2,-0.954287848765298,0.29888911271389534,45.36132054736539,11.020151240385479
128,2,-0.954287848765298,0.29888911271389534,45.361288787577934,11.020161754067859
129,2,-0.954287848765298,0.29888911271389534,45.36125756062393,11.020171208228572
130,2,-0.954287848765298,0.29888911271389534,45.361226059006945,11.020181199277397
131,2,-0.954287848765298,0.29888911271389534,45.36119441457375,11.02019094984226
132,2,-0.954287848765298,0.29888911271389534,45.36116381638692,11.020199932517002
133,2,-0.954287848765298,0.29888911271389534,45.36113132733632,11.020210302448957
134,2,-0.954287848765298,0.29888911271389534,45.36109922088655,11.020220487055257
135,2,-0.954287848765298,0.29888911271389534,45.36106713918098,11.020229740422348
136,2,-0.954287848765298,0.29888911271389534,45.36103631019945,11.020239769118627
137,2,-0.954287848765298,0.29888911271389534,45.361005301842944,11.020250835042292
138,2,-0.954287848765298,0.29888911271389534,45.36097365666601,11.020260232713014
139,2,-0.954287848765298,0.29888911271389534,45.360941569565064,11.020270122212787
140,2,-0.954287848765298,0.29888911271389534,45.3609110423279,11.020279836101658
141,2,-0.954287848765298,0.29888911271389534,45.36087905029153,11.020289022737417
142,2,-0.954287848765298,0.29888911271389534,45.360847285484134,11.0202991106509
143,2,-0.954287848765298,0.29888911271389534,45.36081597691255,11.020309260519108
144,2,-0.954287848765298,0.29888911271389534,45.36078404688854,11.02031847687484
145,2,-0.954287848765298,0.29888911271389534,45.36075221869315,11.020328735920012
146,2,-0.954287848765298,0.29888911271389534,45.36072088716556,11.020339434265914
147,2,-0.954287848765298,0.29888911271389534,45.360689218674786,11.02034888280998
148,2,-0.954287848765298,0.29888911271389534,45.360657515824066,11.020358885190335
149,2,-0.954287848765298,0.29888911271389534,45.360626320557145,11.020367498855466
150,2,-0.954287848765298,0.29888911271389534,45.36059449847711,11.02037816172173
151,2,-0.954287848765298,0.29888911271389534,45.3605640287079,11.020388317330745
152,2,-0.954287848765298,0.29888911271389534,45.36053260429918,11.020398642903388
153,2,-0.954287848765298,0.29888911271389534,45.36049942710655,11.020408220499839
154,2,-0.954287848765298,0.29888911271389534,45.360469213286905,11.020417540917698
155,2,-0.954287848765298,0.29888911271389534,45.36043693034133,11.020427925617193
156,2,-0.954287848765298,0.29888911271389534,45.36040489229106,11.02043810805468
157,2,-0.954287848765298,0.29888911271389534,45.36037409533224,11.020447943974073
158,2,-0.954287848765298,0.29888911271389534,45.3603424498008,11.020457345776247
159,2,-0.954287848765298,0.29888911271389534,45.360310557415204,11.020467016029428
160,2,-0.954287848765298,0.29888911271389534,45.36027958777832,11.020477006397744
161,2,-0.954287848765298,0.29888911271389534,45.360247165656304,11.020486853408213
162,2,-0.954287848765298,0.29888911271389534,45.36021603198718,11.020496705362074
163,2,-0.954287848765298,0.29888911271389534,45.36018557499378,11.020506583687942
164,2,-0.954287848765298,0.29888911271389534,45.3601534038867,11.020516891360023
165,2,-0.954287848765298,0.29888911271389534,45.36012168307626,11.02052664036763
166,2,-0.954287848765298,0.29888911271389534,45.3600897484723,11.020537358528042
167,2,-0.954287848765298,0.29888911271389534,45.360058294348114,11.020546321420769
168,2,-0.954287848765298,0.29888911271389534,45.3600266431523,11.020556373287636
169,2,-0.954287848765298,0.29888911271389534,45.35999450577535,11.020567159093094
170,2,-0.954287848765298,0.29888911271389534,45.35996336584223,11.020576312196956
171,2,-0.954287848765298,0.29888911271389534,45.359932498967225,11.02058588955425
172,2,-0.954287848765298,0.29888911271389534,45.35990072406382,11.020595486681167
173,2,-0.954287848765298,0.29888911271389534,45.35986903985166,11.020605768190231
174,2,-0.954287848765298,0.29888911271389534,45.35983772491201,11.020615622759388
175,2,-0.954287848765298,0.29888911271389534,45.35980580631358,11.020625814850384
176,2,-0.954287848765298,0.29888911271389534,45.35977428949327,11.02063511933934
177,2,-0.954287848765298,0.29888911271389534,45.359743550339125,11.0206447189075
178,2,-0.954287848765298,0.29888911271389534,45.35971111854858,11.020655131994335
179,2,-0.954287848765298,0.29888911271389534,45.35967972,11.02066511
180,2,0.18092866714612515,0.9834962213474573,45.359681092856675,11.020671674373546
181,2,0.18092866714612515,0.9834962213474573,45.35968193620815,11.02067867875188
182,2,0.18092866714612515,0.9834962213474573,45.3596829250148,11.02068399399977
183,2,0.18092866714612515,0.9834962213474573,45.35968385543711,11.020689972747371
184,2,0.18092866714612515,0.9834962213474573,45.359685723239814,11.02069556549766
185,2,0.18092866714612515,0.9834962213474573,45.35968570917947,11.020702752532301
186,2,0.18092866714612515,0.9834962213474573,45.359688289610055,11.020708405482209
187,2,0.18092866714612515,0.9834962213474573,45.35968902165326,11.020714589550426
188,2,0.18092866714612515,0.9834962213474573,45.35968973838175,11.020721215924647
189,2,0.18092866714612515,0.9834962213474573,45.359691610647786,11.020727699816954
190,2,0.18092866714612515,0.9834962213474573,45.35969262478718,11.020733768360467
191,2,0.18092866714612515,0.9834962213474573,45.35969351,11.02074007
192,2,0.9536531574333246,0.3009080512672447,45.359727757321906,11.020728379795898
193,2,0.9538638927611887,0.30023936132104917,45.35976284697953,11.020718227657344
194,2,0.9541210074776276,0.2994212802889549,45.359798664777266,11.020706604048055
195,2,0.9544322216594621,0.29842777058809977,45.359832682186145,11.020695734349307
196,2,0.9548058763742325,0.2972301102533756,45.35986852884783,11.020685875973125
197,2,0.955250803618659,0.2957970625038495,45.35990371481722,11.020676653019912
198,2,0.9557761387797742,0.29409517598768237,45.359938262719716,11.02066434094683
199,2,0.9563910703387016,0.2920892339275666,45.35997326045184,11.020655456090454
200,2,0.9571045244696358,0.2897428674527681,45.36000894043626,11.020645893789844
201,2,0.9579247862771043,0.28701934401005796,45.36004434055676,11.020634327967137
202,2,0.95885906464589,0.2838825358249588,45.36007809585101,11.020626554379053
203,2,0.959913013888973,0.2802980659344411,45.36011443067579,11.020617093910365
204,2,0.9610902322299929,0.27623462040826496,45.360150261665005,11.020609328748419
205,2,0.9623917641093728,0.27166540518521926,45.360186968316945,11.02060105773347
206,2,0.9638156396223512,0.26656971474523883,45.36022208693586,11.020593543140606
207,2,0.965356489186305,0.26093456801637327,45.36025764378963,11.020586903095003
208,2,0.9670052738103084,0.25475635501994925,45.360295039529106,11.02058158699455
209,2,0.9687491701460779,0.24804242649451205,45.3603307980774,11.020576137714514
210,2,0.9705716440588036,0.240812548985702,45.36036698429397,11.02057219758889
211,2,0.9724527363411045,0.23310014067498602,45.360404074289036,11.020569650222722
212,2,0.9743695694937687,0.22495319967612767,45.3604404179326,11.020567431458796
213,2,0.976297065954423,0.21643483778907935,45.3604784490929,11.02056663160391
214,2,0.9782088472237082,0.2076233397604037,45.36051571341167,11.020566311188054
215,2,0.9800782621404347,0.19861168162972037,45.36055338362593,11.020566169438352
216,2,0.9818794737119573,0.18950646190336068,45.3605906192818,11.020566522403813
217,2,0.9835885202281028,0.18042622557569293,45.36062764031997,11.020568476566263
218,2,0.9851842604788577,0.17149919214015674,45.36066513208166,11.020570841439353
219,2,0.9866491166901754,0.16286043268546427,45.360703544673086,11.020573586459715
220,2,0.9879695431209651,0.15464857537446489,45.360740834321554,11.020576546282399
221,2,0.9891361725466973,0.14700215018723478,45.360778842619474,11.020578786270578
222,2,0.9901436249839644,0.1400557100000373,45.360814371383114,11.020581837153745
223,2,0.9909899994917074,0.1339358835690639,45.360852777422735,11.020583413836183
224,2,0.9916761062373608,0.12875752528651171,45.36088956718444,11.020584533478136
225,2,0.9922045273842732,0.12462012613599346,45.36092600778258,11.020584517026021
226,2,0.9925786172424544,0.1216046405079064,45.360962911365434,11.02058421439361
227,2,0.9928015611124608,0.11977086562541381,45.36099975122276,11.020582563875147
228,2,0.9928756065961742,0.1191554859260752,45.36103596703798,11.020578432961743
229,2,0.9928015611124608,0.11977086562541381,45.36107257936519,11.02057420957394
230,2,0.9925786172424544,0.1216046405079064,45.36110882034922,11.020566896919632
231,2,0.9922045273842732,0.12462012613599346,45.36114348511325,11.020559031817333
232,2,0.9916761062373608,0.12875752528651171,45.36117905017015,11.020547609872107
233,2,0.9909899994917074,0.1339358835690639,45.36121511601134,11.020534550478303
234,2,0.9901436249839644,0.1400557100000373,45.36124972988814,11.020520018355075
235,2,0.9891361725466973,0.14700215018723478,45.36128360725035,11.020503276801168
236,2,0.9879695431209651,0.15464857537446489,45.36131937290839,11.020485385154176
237,2,0.9866491166901754,0.16286043268546427,45.36135268396334,11.02046643505244
238,2,0.9851842604788577,0.17149919214015674,45.3613866240237,11.020445197257176
239,2,0.9835885202281028,0.18042622557569293,45.36141920891375,11.020423386709272
240,2,0.9818794737119573,0.18950646190336068,45.36145217405987,11.020399636093074
241,2,0.9800782621404347,0.19861168162972037,45.361483783747076,11.020376976646302
242,2,0.9782088472237082,0.2076233397604037,45.361516954218786,11.020353097605364
243,2,0.9762970659544229,0.21643483778907957,45.36154996095055,11.020328901077736
244,2,0.9743695694937687,0.22495319967612767,45.36158112216436,11.020303745578952
245,2,0.9724527363411045,0.23310014067498602,45.361613332484744,11.02028007094737
246,2,0.9705716440588036,0.240812548985702,45.36164496536234,11.020256557492395
247,2,0.9687491701460779,0.24804242649451205,45.36167660226867,11.020232330255281
248,2,0.9670052738103084,0.25475635501994925,45.361708388188475,11.020208883915082
249,2,0.965356489186305,0.26093456801637327,45.36173972739703,11.020186475988513
250,2,0.9638156396223512,0.26656971474523883,45.36177212870375,11.020165659567473
251,2,0.9623917641093728,0.27166540518521926,45.361804093274536,11.020143890740393
252,2,0.9610902322299929,0.27623462040826496,45.36183669568733,11.020124559558255
253,2,0.959913013888973,0.2802980659344411,45.361868827138245,11.020106021234493
254,2,0.95885906464589,0.2838825358249588,45.36190141416311,11.020085913446689
255,2,0.9579247862771043,0.28701934401005796,45.36193403345924,11.020069400995736
256,2,0.9571045244696358,0.2897428674527681,45.361967293499205,11.020051533105223
257,2,0.9563910703387016,0.2920892339275666,45.362000868789856,11.020035617361822
258,2,0.9557761387797742,0.29409517598768237,45.36203374081043,11.020020228224801
259,2,0.955250803618659,0.2957970625038495,45.36206783934461,11.020006053879495
260,2,0.9548058763742325,0.2972301102533756,45.36210135308504,11.019991264305949
261,2,0.9544322216594621,0.29842777058809977,45.362135584091504,11.019976356397628
262,2,0.9541210074776276,0.2994212802889549,45.36216942412575,11.019963623439345
263,2,0.9538638927611887,0.30023936132104917,45.36220371588945,11.01994993549203
264,2,0.9536531574333246,0.3009080512672447,45.36223797457826,11.019937553569683
265,2,0.9536531574333246,0.3009080512672447,45.36227073,11.01991931
266,2,0.2108778085845649,0.9775124295100148,45.36227205929734,11.019922705954592
267,2,0.2108778085845649,0.9775124295100148,45.36227206393749,11.019927323578834
268,2,0.2108778085845649,0.9775124295100148,45.36227309649663,11.019931016539529
269,2,0.2108778085845649,0.9775124295100148,45.362274048909164,11.019935520867286
270,2,0.2108778085845649,0.9775124295100148,45.36227447571487,11.019939507075524
271,2,0.2108778085845649,0.9775124295100148,45.36227620207342,11.019943606136382
272,2,0.2108778085845649,0.9775124295100148,45.36227753935177,11.019947490926729
273,2,0.2108778085845649,0.9775124295100148,45.36227753217264,11.019951735150268
274,2,0.2108778085845649,0.9775124295100148,45.36227860193,11.019956183822394
275,2,0.2108778085845649,0.9775124295100148,45.362279263094386,11.019960113813054
276,2,0.2108778085845649,0.9775124295100148,45.3622805377564,11.01996366119821
277,2,0.2108778085845649,0.9775124295100148,45.36228116367671,11.0199671517939
278,2,0.2108778085845649,0.9775124295100148,45.362282064541944,11.019972186631673
279,2,0.2108778085845649,0.9775124295100148,45.36228409705316,11.019976433191122
280,2,0.2108778085845649,0.9775124295100148,45.36228441284225,11.019979848712673
281,2,0.2108778085845649,0.9775124295100148,45.36228468459866,11.019983791423684
282,2,0.2108778085845649,0.9775124295100148,45.36228557,11.0199881
283,2,-0.9544055299292257,0.29851312272748404,45.362254653261836,11.019998282255193
284,2,-0.9544055299292257,0.29851312272748404,45.36222284364406,11.02000679909748
285,2,-0.9544055299292257,0.29851312272748404,45.36219164760075,11.020018946025216
286,2,-0.9544055299292257,0.29851312272748404,45.36215918065947,11.020027354271395
287,2,-0.9544055299292257,0.29851312272748404,45.362128196360196,11.020037356474859
288,2,-0.9544055299292257,0.29851312272748404,45.362095995619136,11.020048346026302
289,2,-0.9544055299292257,0.29851312272748404,45.36206445826668,11.020057312686637
290,2,-0.9544055299292257,0.29851312272748404,45.3620339094437,11.020067175621346
291,2,-0.9544055299292257,0.29851312272748404,45.362001548704896,11.020076869493742
292,2,-0.9544055299292257,0.29851312272748404,45.361970667171406,11.020086081833178
293,2,-0.9544055299292257,0.29851312272748404,45.36193878865089,11.020096865021838
294,2,-0.9544055299292257,0.29851312272748404,45.3619076143931,11.020106250847677
295,2,-0.9544055299292257,0.29851312272748404,45.361875953553145,11.020116884633271
296,2,-0.9544055299292257,0.29851312272748404,45.36184444417504,11.020126632962501
297,2,-0.9544055299292257,0.29851312272748404,45.36181252021202,11.020136262407947
298,2,-0.9544055299292257,0.29851312272748404,45.36178159492851,11.020145427302918
299,2,-0.9544055299292257,0.29851312272748404,45.36175100302448,11.020156024911227
300,2,-0.9544055299292257,0.29851312272748404,45.36171773373381,11.020165345495878
301,2,-0.9544055299292257,0.29851312272748404,45.36168713919177,11.020175240051612
302,2,-0.9544055299292257,0.29851312272748404,45.36165556212633,11.020185287546033
303,2,-0.9544055299292257,0.29851312272748404,45.36162237497692,11.020196071416528
304,2,-0.9544055299292257,0.29851312272748404,45.36159228357796,11.020205670840792
305,2,-0.9544055299292257,0.29851312272748404,45.361560410358535,11.020214824365771
306,2,-0.9544055299292257,0.29851312272748404,45.361528733185146,11.02022426962241
307,2,-0.9544055299292257,0.29851312272748404,45.36149719583945,11.0202345238667
308,2,-0.9544055299292257,0.29851312272748404,45.361465148823555,11.020244760574561
309,2,-0.9544055299292257,0.29851312272748404,45.361433317822225,11.02025443569724
310,2,-0.9544055299292257,0.29851312272748404,45.36140318409545,11.020265098507224
311,2,-0.9544055299292257,0.29851312272748404,45.36137034126284,11.020273946937705
312,2,-0.9544055299292257,0.29851312272748404,45.36133940392617,11.020284584750929
313,2,-0.9544055299292257,0.29851312272748404,45.3613075001738,11.020293774109494
314,2,-0.9544055299292257,0.29851312272748404,45.361278086536,11.020303790671461
315,2,-0.9544055299292257,0.29851312272748404,45.36124531680011,11.020313743489828
316,2,-0.9544055299292257,0.29851312272748404,45.36121420891487,11.020322764364334
317,2,-0.9544055299292257,0.29851312272748404,45.36118247172306,11.020333363346477
318,2,-0.9544055299292257,0.29851312272748404,45.36115118839962,11.020343388443605
319,2,-0.9544055299292257,0.29851312272748404,45.36111851082628,11.020353404036893
320,2,-0.9544055299292257,0.29851312272748404,45.36108682169049,11.020362237923145
321,2,-0.9544055299292257,0.29851312272748404,45.36105511130566,11.020373179152939
322,2,-0.9544055299292257,0.29851312272748404,45.36102460151241,11.020382555617315
323,2,-0.9544055299292257,0.29851312272748404,45.36099264658724,11.020392007653106
324,2,-0.9544055299292257,0.29851312272748404,45.360961805353625,11.020402882921067
325,2,-0.9544055299292257,0.29851312272748404,45.360928919387796,11.020412129728452
326,2,-0.9544055299292257,0.29851312272748404,45.36089713156678,11.020421622393792
327,2,-0.9544055299292257,0.29851312272748404,45.36086709189432,11.020432756792275
328,2,-0.9544055299292257,0.29851312272748404,45.36083590988855,11.020441914451045
329,2,-0.9544055299292257,0.29851312272748404,45.360803872009264,11.02045078018149
330,2,-0.9544055299292257,0.29851312272748404,45.36077178191497,11.020461063553805
331,2,-0.9544055299292257,0.29851312272748404,45.36073999705537,11.020471326754869
332,2,-0.9544055299292257,0.29851312272748404,45.36070970415286,11.020481262821344
333,2,-0.9544055299292257,0.29851312272748404,45.36067754430237,11.020491571717038
334,2,-0.9544055299292257,0.29851312272748404,45.36064524917282,11.020501036833881
335,2,-0.9544055299292257,0.29851312272748404,45.36061435343731,11.02051090139944
336,2,-0.9544055299292257,0.29851312272748404,45.3605832279054,11.020520798071914
337,2,-0.9544055299292257,0.29851312272748404,45.36055166496567,11.020531761925541
338,2,-0.9544055299292257,0.29851312272748404,45.360518968754086,11.020540577062604
339,2,-0.9544055299292257,0.29851312272748404,45.360487751144774,11.020549373387276
340,2,-0.9544055299292257,0.29851312272748404,45.360456842487515,11.020560390514298
341,2,-0.9544055299292257,0.29851312272748404,45.360425394474255,11.020569552669349
342,2,-0.9544055299292257,0.29851312272748404,45.36039335252591,11.020580119214584
343,2,-0.9544055299292257,0.29851312272748404,45.36036324560695,11.020589294201399
344,2,-0.9544055299292257,0.29851312272748404,45.36033049110275,11.020599504049066
345,2,-0.9544055299292257,0.29851312272748404,45.360299453494854,11.020609249571038
346,2,-0.9544055299292257,0.29851312272748404,45.36026851365284,11.020619243266973
347,2,-0.9544055299292257,0.29851312272748404,45.360236502105316,11.020628467949436
348,2,-0.9544055299292257,0.29851312272748404,45.36020439425485,11.02063916142645
349,2,-0.9544055299292257,0.29851312272748404,45.36017377631869,11.02064898179519
350,2,-0.9544055299292257,0.29851312272748404,45.360141761242424,11.02065890657082
351,2,-0.9544055299292257,0.29851312272748404,45.3601105809838,11.020668679909337
352,2,-0.9544055299292257,0.29851312272748404,45.3600787456867,11.02067879182873
353,2,-0.9544055299292257,0.29851312272748404,45.36004622501455,11.02068815458135
354,2,-0.9544055299292257,0.29851312272748404,45.360015580348545,11.020697817374002
355,2,-0.9544055299292257,0.29851312272748404,45.35998494087777,11.020707583238428
356,2,-0.9544055299292257,0.29851312272748404,45.35995301023537,11.020717646772873
357,2,-0.9544055299292257,0.29851312272748404,45.359920593049836,11.020728405504899
358,2,-0.9544055299292257,0.29851312272748404,45.359889428809325,11.020737228656548
359,2,-0.9544055299292257,0.29851312272748404,45.35985804831333,11.020747413634735
360,2,-0.9544055299292257,0.29851312272748404,45.35982588792432,11.02075787298543
361,2,-0.9544055299292257,0.29851312272748404,45.35979537298741,11.02076760387959
362,2,-0.9544055299292257,0.29851312272748404,45.359764282845354,11.020777370769082
363,2,-0.9544055299292257,0.29851312272748404,45.35973090162185,11.02078616558472
364,2,-0.9544055299292257,0.29851312272748404,45.35970006,11.02079678
365,2,0.18563850809759755,0.9826181070544641,45.35970062452214,11.020801028906858
366,2,0.18563850809759755,0.9826181070544641,45.359701985478324,11.020804815066827
367,2,0.18563850809759755,0.9826181070544641,45.359701264318346,11.020808600445427
368,2,0.18563850809759755,0.9826181070544641,45.35970210661129,11.02081375320598
369,2,0.18563850809759755,0.9826181070544641,45.359704368542836,11.020817351483576
370,2,0.18563850809759755,0.9826181070544641,45.35970469377185,11.02082136288619
371,2,0.18563850809759755,0.9826181070544641,45.359705838399066,11.020826398375565
372,2,0.18563850809759755,0.9826181070544641,45.35970623181893,11.020829578300958
373,2,0.18563850809759755,0.9826181070544641,45.35970728097588,11.02083386258513
374,2,0.18563850809759755,0.9826181070544641,45.35970737060477,11.020836861572963
375,2,0.18563850809759755,0.9826181070544641,45.3597086541562,11.02084245348451
376,2,0.18563850809759755,0.9826181070544641,45.3597096886534,11.020846309632732
377,2,0.18563850809759755,0.9826181070544641,45.35971040932045,11.020849876811345
378,2,0.18563850809759755,0.9826181070544641,45.35971107932064,11.020854941580051
379,2,0.18563850809759755,0.9826181070544641,45.35971177357266,11.020859061335964
380,2,0.18563850809759755,0.9826181070544641,45.35971273330651,11.020862869259336
381,2,0.18563850809759755,0.9826181070544641,45.35971337167034,11.020867371255283
382,2,0.18563850809759755,0.9826181070544641,45.359714000442985,11.020871720226733
383,2,0.18563850809759755,0.9826181070544641,45.35971415766439,11.020875177917125
