,Sin,Cosin,Lat,Lon
0,0.9537169507482269,0.30070579950427306,45.3596665575,11.020597651
1,0.955040636077442,0.2964749288570535,45.35970078108232,11.020578386204125
2,0.955040636077442,0.2964749288570535,45.35972743283883,11.020578628427636
3,0.955040636077442,0.2964749288570535,45.35975466674643,11.020570770579209
4,0.955040636077442,0.2964749288570535,45.35979441016482,11.02055551375583
5,0.955040636077442,0.2964749288570535,45.35983193818822,11.020543411894485
6,0.955040636077442,0.2964749288570535,45.359852258033214,11.020532802933062
7,0.955040636077442,0.2964749288570535,45.35989464709506,11.020522320861966
8,0.955040636077442,0.2964749288570535,45.3599117410592,11.020516098070582
9,0.955040636077442,0.2964749288570535,45.35995817568677,11.020504979487168
10,0.955040636077442,0.2964749288570535,45.35998746581491,11.020493717580736
11,0.955040636077442,0.2964749288570535,45.36000676451218,11.0204893491708
12,0.955040636077442,0.2964749288570535,45.36005017608072,11.0204780708293
13,0.955040636077442,0.2964749288570535,45.36009509337191,11.020467333536006
14,0.955040636077442,0.2964749288570535,45.360110990860264,11.02044913013601
15,0.955040636077442,0.2964749288570535,45.360142727783256,11.020446226433187
16,0.955040636077442,0.2964749288570535,45.360184759556304,11.020443870088044
17,0.955040636077442,0.2964749288570535,45.36020818561017,11.02042160554884
18,0.955040636077442,0.2964749288570535,45.36024710820846,11.020421930896285
19,0.955040636077442,0.2964749288570535,45.3602765499515,11.020402849117003
20,0.955040636077442,0.2964749288570535,45.36031776172353,11.020399754883318
21,0.955040636077442,0.2964749288570535,45.36034109343478,11.02039748275963
22,0.955040636077442,0.2964749288570535,45.360372190259554,11.02037669967824
23,0.955040636077442,0.2964749288570535,45.3604079269431,11.020366436122865
24,0.955040636077442,0.2964749288570535,45.3604368780613,11.020356941130238
25,0.955040636077442,0.2964749288570535,45.360460750549976,11.020350641728754
26,0.955040636077442,0.2964749288570535,45.360495495843,11.020335704438672
27,0.955040636077442,0.2964749288570535,45.36053679902216,11.020328502098575
28,0.955040636077442,0.2964749288570535,45.36056680995074,11.020316941241974
29,0.955040636077442,0.2964749288570535,45.36059711949237,11.020309244056596
30,0.955040636077442,0.2964749288570535,45.360619802225614,11.02029944716655
31,0.955040636077442,0.2964749288570535,45.36066000979851,11.020288937347383
32,0.955040636077442,0.2964749288570535,45.360681032117625,11.020279290268698
33,0.955040636077442,0.2964749288570535,45.3607222734497,11.020282413894257
34,0.955040636077442,0.2964749288570535,45.360756849911354,11.020256572281033
35,0.955040636077442,0.2964749288570535,45.36079096847765,11.020246608431368
36,0.955040636077442,0.2964749288570535,45.36082569741669,11.020245381905985
37,0.955040636077442,0.2964749288570535,45.360842302473046,11.020237832620628
38,0.955040636077442,0.2964749288570535,45.36088822421424,11.020214186662303
39,0.955040636077442,0.2964749288570535,45.36091394046506,11.020211800497071
40,0.955040636077442,0.2964749288570535,45.36095185120288,11.020206754698387
41,0.955040636077442,0.2964749288570535,45.360981146392,11.02018892746293
42,0.955040636077442,0.2964749288570535,45.36101340587465,11.020170082367242
43,0.955040636077442,0.2964749288570535,45.36104018317734,11.020172615597765
44,0.955040636077442,0.2964749288570535,45.36107545588276,11.020153706316092
45,0.955040636077442,0.2964749288570535,45.361094119536844,11.02015062081936
46,0.955040636077442,0.2964749288570535,45.36113554366027,11.020144088458194
47,0.955040636077442,0.2964749288570535,45.36117203106719,11.020138453190972
48,0.955040636077442,0.2964749288570535,45.36120391959228,11.020131076107994
49,0.955040636077442,0.2964749288570535,45.361230482915815,11.020110665741216
50,0.955040636077442,0.2964749288570535,45.36126289227644,11.02010372209096
51,0.955040636077442,0.2964749288570535,45.36129525274159,11.02009559219605
52,0.955040636077442,0.2964749288570535,45.36132319958158,11.02007886288768
53,0.955040636077442,0.2964749288570535,45.361363844276724,11.02006725124871
54,0.955040636077442,0.2964749288570535,45.361396190662894,11.020054312684852
55,0.955040636077442,0.2964749288570535,45.36142882565279,11.020051066453808
56,0.955040636077442,0.2964749288570535,45.36145721536446,11.02004094796348
57,0.955040636077442,0.2964749288570535,45.36149370525063,11.02003917129121
58,0.955040636077442,0.2964749288570535,45.36152024246945,11.020028650825424
59,0.955040636077442,0.2964749288570535,45.361552850758606,11.020004049867225
60,0.955040636077442,0.2964749288570535,45.36158544003038,11.01999851494489
61,0.955040636077442,0.2964749288570535,45.36161968304603,11.019992214135893
62,0.955040636077442,0.2964749288570535,45.36164184367461,11.019974958197686
63,0.955040636077442,0.2964749288570535,45.36167591269624,11.019967308627363
64,0.955040636077442,0.2964749288570535,45.361717411279166,11.019954481215432
65,0.955040636077442,0.2964749288570535,45.361757148801665,11.019953987147117
66,0.955040636077442,0.2964749288570535,45.361779890484186,11.019938156687076
67,0.955040636077442,0.2964749288570535,45.36182015628676,11.019930541322276
68,0.955040636077442,0.2964749288570535,45.361836829282176,11.019919969487137
69,0.955040636077442,0.2964749288570535,45.36187214245721,11.01990601898987
70,0.955040636077442,0.2964749288570535,45.361904890992776,11.0199019487112
71,0.955040636077442,0.2964749288570535,45.36193762109598,11.01989003548719
72,0.955040636077442,0.2964749288570535,45.361975595074405,11.019884950983347
73,0.955040636077442,0.2964749288570535,45.36199683430347,11.019878876130347
74,0.955040636077442,0.2964749288570535,45.3620373975918,11.01986470402007
75,0.955040636077442,0.2964749288570535,45.36206700542651,11.01985518598805
76,0.955040636077442,0.2964749288570535,45.3620898135134,11.019846936846168
77,0.955040636077442,0.2964749288570535,45.36212762518806,11.019831207130562
78,0.955040636077442,0.2964749288570535,45.36215240856273,11.019827470640118
79,0.955040636077442,0.2964749288570535,45.36219864493119,11.019817198169443
80,0.955040636077442,0.2964749288570535,45.36222064618762,11.019804780897735
81,0.955040636077442,0.2964749288570535,45.36225589,11.01979384
82,0.1871863868101744,0.9823244151465196,45.362257820478554,11.01979328285868
83,0.1871863868101744,0.9823244151465196,45.36226793057101,11.019804628075752
84,0.1871863868101744,0.9823244151465196,45.36225987410943,11.019799854050593
85,0.1871863868101744,0.9823244151465196,45.3622648498961,11.019813634082077
86,0.1871863868101744,0.9823244151465196,45.362260061234174,11.019817547252426
87,0.1871863868101744,0.9823244151465196,45.36226371628885,11.019821515247859
88,0.1871863868101744,0.9823244151465196,45.36226338436708,11.019839003321833
89,0.1871863868101744,0.9823244151465196,45.36226108668546,11.01982803956132
90,0.1871863868101744,0.9823244151465196,45.36225797540615,11.019829731441751
91,0.1871863868101744,0.9823244151465196,45.36227062584338,11.019829594319328
92,0.1871863868101744,0.9823244151465196,45.362265083987914,11.01983641720672
93,0.1871863868101744,0.9823244151465196,45.36226468726964,11.019845648847346
94,0.1871863868101744,0.9823244151465196,45.36226645396404,11.019849343009486
95,0.1871863868101744,0.9823244151465196,45.36226747,11.01985461
96,-0.954287848765298,0.29888911271389534,45.36223841051157,11.019860215762826
97,-0.954287848765298,0.29888911271389534,45.362201493108465,11.019877185753765
98,-0.954287848765298,0.29888911271389534,45.36216500113637,11.019880605417473
99,-0.954287848765298,0.29888911271389534,45.362140775110504,11.019891162725903
100,-0.954287848765298,0.29888911271389534,45.362100624966956,11.019908846918062
101,-0.954287848765298,0.29888911271389534,45.362071186103826,11.019918357579996
102,-0.954287848765298,0.29888911271389534,45.3620354882691,11.019917272632409
103,-0.954287848765298,0.29888911271389534,45.362005414015854,11.019941761448296
104,-0.954287848765298,0.29888911271389534,45.36196974977845,11.019957493740325
105,-0.954287848765298,0.29888911271389534,45.36193547480915,11.019959411049228
106,-0.954287848765298,0.29888911271389534,45.36189591899865,11.019969182717666
107,-0.954287848765298,0.29888911271389534,45.36186958983005,11.019974352943366
108,-0.954287848765298,0.29888911271389534,45.36183104738575,11.019982748576851
109,-0.954287848765298,0.29888911271389534,45.361805018150974,11.019999589281925
110,-0.954287848765298,0.29888911271389534,45.36177336146102,11.020023283080018
111,-0.954287848765298,0.29888911271389534,45.361733394964276,11.02001080831772
112,-0.954287848765298,0.29888911271389534,45.3617096465578,11.020043812169632
113,-0.954287848765298,0.29888911271389534,45.361679238359564,11.020048205608774
114,-0.954287848765298,0.29888911271389534,45.361645131993924,11.020047570359386
115,-0.954287848765298,0.29888911271389534,45.36160376857364,11.02006381463913
116,-0.954287848765298,0.29888911271389534,45.36157754434643,11.02007151966401
117,-0.954287848765298,0.29888911271389534,45.36153143274663,11.020079226439965
118,-0.954287848765298,0.29888911271389534,45.361502989724144,11.02009075299822
119,-0.954287848765298,0.29888911271389534,45.361472414577506,11.020112227440679
120,-0.954287848765298,0.29888911271389534,45.36143843067673,11.020105845406949
121,-0.954287848765298,0.29888911271389534,45.36141090478461,11.02012160573544
122,-0.954287848765298,0.29888911271389534,45.3613656973203,11.020141046829458
123,-0.954287848765298,0.29888911271389534,45.36133608951372,11.020146331048593
124,-0.954287848765298,0.29888911271389534,45.361298286546806,11.020151610148714
125,-0.954287848765298,0.29888911271389534,45.36127800882822,11.020168235065958
126,-0.954287848765298,0.29888911271389534,45.361240008951604,11.020177032162703
127,-0.954287848765298,0.29888911271389534,45.361219576143306,11.020185197143514
128,-0.954287848765298,0.29888911271389534,45.36116830871608,11.020195357621548
129,-0.954287848765298,0.29888911271389534,45.36114048457658,11.020203783618594
130,-0.954287848765298,0.29888911271389534,45.36110375939321,11.020210770118316
131,-0.954287848765298,0.29888911271389534,45.36107664035564,11.0202299303537
132,-0.954287848765298,0.29888911271389534,45.36103831044301,11.020241125797615
133,-0.954287848765298,0.29888911271389534,45.36100518441853,11.020243553442088
134,-0.954287848765298,0.29888911271389534,45.36097362525954,11.02026224349168
135,-0.954287848765298,0.29888911271389534,45.36093891702673,11.020266458433602
136,-0.954287848765298,0.29888911271389534,45.360905785092825,11.020286713481283
137,-0.954287848765298,0.29888911271389534,45.36087158281864,11.020283236758658
138,-0.954287848765298,0.29888911271389534,45.360845236010626,11.020306863196051
139,-0.954287848765298,0.29888911271389534,45.36080822454212,11.020314603349256
140,-0.954287848765298,0.29888911271389534,45.360771664706355,11.02031839720972
141,-0.954287848765298,0.29888911271389534,45.36074011061517,11.020339436761574
142,-0.954287848765298,0.29888911271389534,45.360708213346484,11.020343508260096
143,-0.954287848765298,0.29888911271389534,45.36067582050331,11.020344447316253
144,-0.954287848765298,0.29888911271389534,45.36064298802137,11.020360653289043
145,-0.954287848765298,0.29888911271389534,45.36060081867449,11.020376718067558
146,-0.954287848765298,0.29888911271389534,45.360584103054805,11.020385850923898
147,-0.954287848765298,0.29888911271389534,45.36054087214211,11.020387594030046
148,-0.954287848765298,0.29888911271389534,45.36050663554594,11.020401521156415
149,-0.954287848765298,0.29888911271389534,45.360479640331256,11.020418589736677
150,-0.954287848765298,0.29888911271389534,45.36045183613425,11.020418434603002
151,-0.954287848765298,0.29888911271389534,45.36040986224426,11.020434064911177
152,-0.954287848765298,0.29888911271389534,45.36036870422625,11.020446567248051
153,-0.954287848765298,0.29888911271389534,45.36034982029441,11.020448791057227
154,-0.954287848765298,0.29888911271389534,45.36031159212531,11.020461848938599
155,-0.954287848765298,0.29888911271389534,45.36027852640711,11.020478046267444
156,-0.954287848765298,0.29888911271389534,45.36024154252654,11.020497798756633
157,-0.954287848765298,0.29888911271389534,45.36019777973075,11.020494253693613
158,-0.954287848765298,0.29888911271389534,45.36017826097693,11.020508127152253
159,-0.954287848765298,0.29888911271389534,45.360142274164716,11.020517691487608
160,-0.954287848765298,0.29888911271389534,45.3601103938931,11.020523529889111
161,-0.954287848765298,0.29888911271389534,45.36007495635277,11.020530698268722
162,-0.954287848765298,0.29888911271389534,45.360047035048474,11.020553280094296
163,-0.954287848765298,0.29888911271389534,45.36000625797911,11.020562723826393
164,-0.954287848765298,0.29888911271389534,45.35997918111196,11.020573507284617
165,-0.954287848765298,0.29888911271389534,45.35994337414314,11.02058822622493
166,-0.954287848765298,0.29888911271389534,45.35991015610801,11.020594401323098
167,-0.954287848765298,0.29888911271389534,45.35986852064331,11.02060328318187
168,-0.954287848765298,0.29888911271389534,45.35984111315507,11.020604653373088
169,-0.954287848765298,0.29888911271389534,45.359816051277484,11.020621551198024
170,-0.954287848765298,0.29888911271389534,45.35978453173642,11.020633138064506
171,-0.954287848765298,0.29888911271389534,45.35974867398381,11.02064148263566
172,-0.954287848765298,0.29888911271389534,45.35971052572441,11.020655427860843
173,-0.954287848765298,0.29888911271389534,45.35967972,11.02066511
174,0.18092866714612515,0.9834962213474573,45.35967914403412,11.020663066972721
175,0.18092866714612515,0.9834962213474573,45.35968062444338,11.020676485491519
176,0.18092866714612515,0.9834962213474573,45.35969614059366,11.020678611199884
177,0.18092866714612515,0.9834962213474573,45.35968770982162,11.020695528001083
178,0.18092866714612515,0.9834962213474573,45.35969237809001,11.020695074098601
179,0.18092866714612515,0.9834962213474573,45.35968899322561,11.020705766381374
180,0.18092866714612515,0.9834962213474573,45.35969279412567,11.02070135462958
181,0.18092866714612515,0.9834962213474573,45.35969458719052,11.020714754540737
182,0.18092866714612515,0.9834962213474573,45.359689423948176,11.020718008269128
183,0.18092866714612515,0.9834962213474573,45.35968909846928,11.020722353400707
184,0.18092866714612515,0.9834962213474573,45.35969039642084,11.02072874520021
185,0.18092866714612515,0.9834962213474573,45.35969141093618,11.020738623216376
