,Sin,Cosin,Lat,Lon
0,0.955778872109586,-0.29408629282733934,45.3596687237017,11.020602439637308
1,0.9599861593879849,-0.2800474491644342,45.3597026801908,11.020581820619729
2,0.9529548607642916,-0.3031122454565464,45.3597438990286,11.020584286952625
3,0.9505571849581627,-0.31054957434266955,45.359761616725656,11.02057051704726
4,0.9529337842795738,-0.30317849986206286,45.35979440677578,11.02056503759522
5,0.9524393950273328,-0.30472807353436987,45.359840559580576,11.020560007855607
6,0.9455318631532862,-0.32552956203987876,45.35986031626983,11.020535616127765
7,0.946921103318519,-0.3214660543355063,45.35989399450716,11.020529288252604
8,0.946485456812784,-0.32274646402694446,45.35993545528742,11.020520995345766
9,0.9448756668951578,-0.3274293421632075,45.35995596749588,11.020520014170412
10,0.9527201802007496,-0.3038490714783431,45.359994169094776,11.020501262623373
11,0.9515005589773063,-0.3076470156947301,45.360023386211175,11.02048260381557
12,0.9493669183775848,-0.31416946746978475,45.36005952985667,11.020471980300613
13,0.9495849093262483,-0.3135099679114856,45.36009282211093,11.020467945791843
14,0.9520036766129858,-0.306086588591133,45.36012562472107,11.02046844721953
15,0.9408449930108119,-0.338837275290788,45.36015939257665,11.020449066739575
16,0.9461339686557748,-0.3237754057300729,45.36017944247306,11.020442756057614
17,0.959222190683598,-0.28265312469555176,45.36021765338817,11.0204256190521
18,0.9599764308186947,-0.2800807959725193,45.360245804157735,11.02042121120925
19,0.9607647732148755,-0.2773644723993483,45.360287695772705,11.020412782843616
20,0.955219608880193,-0.29589778439652303,45.36030797148816,11.020403146150464
21,0.9492259962754274,-0.31459499041612604,45.360357178424024,11.020387478646795
22,0.9468547172792777,-0.3216615369701188,45.36038105956921,11.020378078633932
23,0.9558632627559723,-0.2938118835471211,45.36042531988968,11.020373913483882
24,0.9488275344209893,-0.3157947275123293,45.36043592038422,11.020353715418523
25,0.9482141038838763,-0.3176318831535925,45.360474916667194,11.020345465376876
26,0.9621377812827625,-0.2725635519072258,45.36051044337074,11.020336368321184
27,0.9532869682658173,-0.302066145296964,45.360537550288264,11.020330004939533
28,0.9564675443241548,-0.29183871685319784,45.360565976076,11.020304719597759
29,0.9486964589449423,-0.3161882805945335,45.3606128546909,11.020304785565894
30,0.9447928241958652,-0.32766830690196613,45.36063675439406,11.020291865869655
31,0.9506382266189457,-0.31030140523495237,45.36066564732443,11.020278149968664
32,0.9518933708279728,-0.3064294544813855,45.36069674349386,11.020274850920542
33,0.9622590347565867,-0.27213516867417575,45.36072942215045,11.020256975761022
34,0.9533914841006527,-0.3017361066302059,45.36075954144788,11.020244940150585
35,0.9596284964348387,-0.2812705971661644,45.3607978139431,11.02023236571326
36,0.9505801744485639,-0.3104791972827453,45.36083338706304,11.020230805502829
37,0.9573793443744473,-0.28883350042049044,45.36085921198088,11.020221063984371
38,0.9512398214727914,-0.3084522686647189,45.3608824870453,11.020200465834812
39,0.9493414924277713,-0.3142462899622076,45.36092187010738,11.020197574059546
40,0.9588173501462974,-0.2840233952660104,45.36095896972741,11.020179224993036
41,0.965395235263735,-0.26079118031497484,45.360993579259784,11.020172585259129
42,0.9538686355065427,-0.30022429314911636,45.361021810367454,11.020158869562229
43,0.9581677009169383,-0.28620736699034977,45.361057772408024,11.020151650709305
44,0.9566758506551926,-0.2911551421032501,45.361095597652664,11.02014180045801
45,0.9534225491947281,-0.30163793310362386,45.36112261789695,11.02012211489817
46,0.9479396739413039,-0.3184499561439042,45.36114394926749,11.020121847399848
47,0.9491678178004707,-0.3147704777324147,45.361176889440735,11.020115118681739
48,0.953616717756574,-0.3010235133925233,45.36121234005174,11.0201066316833
49,0.9563460478291281,-0.2922366109877523,45.36125285664641,11.020090214809747
50,0.9594333854808551,-0.28193541605258604,45.361288995745234,11.020091228079863
51,0.9594694510290999,-0.2818126550421713,45.3613148243738,11.020060272109433
52,0.95155868806266,-0.3074671741381011,45.36134725353283,11.020062852062429
53,0.9478202179675135,-0.3188053236883212,45.36137574432888,11.020053220608503
54,0.9518480799152208,-0.30657011067895623,45.36141674489113,11.020047178068891
55,0.9568733495963372,-0.2905054092995274,45.361437365814595,11.020036921126502
56,0.9556391359880955,-0.29454005121193017,45.36147909071743,11.020024476552162
57,0.9546390534973836,-0.2977654740523478,45.36151270813317,11.020017965856214
58,0.9614886841206916,-0.274844520243466,45.361538036154805,11.020011321948466
59,0.9607689734761165,-0.27734992267107167,45.36157116717775,11.020003917337936
60,0.9591626109905653,-0.2828552380242613,45.3616124540449,11.019992088462079
61,0.9456557792027597,-0.3251694131686151,45.36164634651878,11.019976488982778
62,0.9475288046928392,-0.31967039943879616,45.36167308392931,11.019970901129868
63,0.9559514282335361,-0.2935248998948175,45.36171259510527,11.019959219871122
64,0.9603496256570753,-0.2787984872633195,45.3617324819163,11.01995449469198
65,0.9559307702855236,-0.29359217023164197,45.36177079638427,11.019937041149179
66,0.961129484542268,-0.27609801510245274,45.361801392282096,11.019933539267305
67,0.9569501051148808,-0.29025246996471654,45.36183675834678,11.019926317305995
68,0.9480031265721172,-0.3182610123931149,45.36186501738086,11.019916391428337
69,0.946351834473682,-0.3231380593311423,45.361892673087475,11.019902608229836
70,0.9540359111753023,-0.2996923091904609,45.36191809541509,11.019891476703583
71,0.9523872294819509,-0.3048910709084376,45.361967224745634,11.019888778748076
72,0.9395973301874153,-0.34228183870121004,45.36199392755578,11.019870705122594
73,0.9538340718922863,-0.30033408613972,45.36203337168122,11.019867050724269
74,0.9599577095420309,-0.28014495514075916,45.36205854916827,11.019852148658229
75,0.9516632679553201,-0.3071433287971606,45.36209157368819,11.019835579322274
76,0.9582346475810014,-0.28598314666307545,45.36213065647332,11.019837324888492
77,0.95732875826115,-0.28900112215381546,45.36216454719682,11.019814882472415
78,0.9555783808254841,-0.294737099970374,45.362194430337134,11.019800870311352
79,0.9533729123051694,-0.30179478140411853,45.36222689221718,11.019800961379532
80,0.13312222364411738,0.9910996284794207,45.36225763832653,11.019794057856725
81,0.15497764745357256,0.9879179767519954,45.3622526797792,11.019803071389983
82,0.15128968753507982,0.9884894690615261,45.362256757344944,11.01980245854487
83,0.13085131887139684,0.9914020034020589,45.36225611026888,11.01980936931927
84,0.11761231667494736,0.9930595868155908,45.36226673793753,11.019830911296886
85,0.10483655048337667,0.9944894658480533,45.362271274865314,11.019820568080142
86,0.14541141805052313,0.9893712748511229,45.36226118615535,11.019839966384977
87,0.11635877492155257,0.9932072470027368,45.36226532488308,11.019830873333968
88,0.13567000268709462,0.9907540816826765,45.3622748971835,11.019840560671236
89,0.1236128789978409,0.9923305175927349,45.362268740971906,11.019845222939233
90,-0.9527765165610967,0.3036723719565251,45.3622691425241,11.019856921046204
91,-0.9559131453420201,0.29364955059105063,45.36223446717469,11.019859659991315
92,-0.9560475330465461,0.2932117230869415,45.36220315538031,11.019874576365087
93,-0.958729379213299,0.28432020229537386,45.36217122310237,11.019894990742234
94,-0.9581953825515521,0.28611467780749156,45.362142359779526,11.019898319119434
95,-0.9545327881681145,0.2981059481325481,45.362113670676756,11.01990700397494
96,-0.947612355825375,0.31942264022307976,45.362075109448796,11.019912453552164
97,-0.9530115959606442,0.3029338177961413,45.36203592023701,11.019920357339453
98,-0.9538565837954255,0.3002625810022297,45.362009721803766,11.019943808473366
99,-0.9590293700821195,0.2833066665645076,45.36198512109058,11.019951392572791
100,-0.956244072882924,0.29257011651273795,45.36194574715071,11.019954864295368
101,-0.9563467061308493,0.29223445668277226,45.36191235580965,11.019969006310026
102,-0.9511002235631894,0.3088824448524895,45.36188726492649,11.019972966467522
103,-0.9524514049638746,0.30469053346361363,45.361848638454404,11.019982504710697
104,-0.9503761591432957,0.3111031278081872,45.36181436587818,11.020000748334967
105,-0.9521833863090794,0.305527083639036,45.361785859560506,11.020008069276614
106,-0.9536535819157451,0.3009067059725809,45.361751396155825,11.020011128201826
107,-0.9554363734012341,0.29519711445388075,45.36171780651,11.020023705181744
108,-0.9523034253559562,0.30515272578712566,45.361690902028954,11.020025454292657
109,-0.9586033308918182,0.28474489284816223,45.3616526594849,11.020044185942446
110,-0.9518865175936961,0.3064507425726784,45.36162474032093,11.020054053121028
111,-0.9532968355873506,0.30203500336739775,45.361586586139765,11.020061216516893
112,-0.9502954330325187,0.31134962655756915,45.361550703003246,11.02007877354903
113,-0.9523523894760533,0.3049998791135035,45.361528845882766,11.02007683078705
114,-0.9597749772091055,0.2807703565607683,45.36148753809619,11.020105459209354
115,-0.9461892308011951,0.32361387410901093,45.36146156978252,11.020106915333283
116,-0.9482372158423983,0.3175628795867944,45.361430006720674,11.020111478594314
117,-0.9572347945618539,0.2893121982912668,45.361391460164086,11.02013016698901
118,-0.951673227178284,0.30711246909246503,45.361364933074874,11.020135088266972
119,-0.9534731032783503,0.30147809427013483,45.3613332255565,11.020140871537684
120,-0.9509381671892382,0.3093809984190569,45.36129726111188,11.020146892394866
121,-0.9587910215719847,0.2841122611802418,45.36126544152001,11.020160772419178
122,-0.9520850848313483,0.30583327360129425,45.36124308805151,11.020186343167872
123,-0.9422030732492673,0.3350423387568141,45.36118995890894,11.020179186668353
124,-0.9477702724404248,0.3189537751433632,45.36116467284621,11.020198471210513
125,-0.9648160482165795,0.2629258319445675,45.361139390793596,11.020209244215398
126,-0.9483843054654901,0.3171233342829568,45.361109987478976,11.020210399277643
127,-0.9545074583058126,0.29818704203666757,45.36107164874232,11.020222053005535
128,-0.9441578039343567,0.3294936133976696,45.361048889280255,11.020233413568304
129,-0.939845463449156,0.3415999192535638,45.36100526296984,11.020246186268016
130,-0.9593183692921049,0.28232652432730576,45.36096482616125,11.02025991633804
131,-0.9544995256366193,0.2982124336097822,45.36094739387704,11.020261450107876
132,-0.9550354611982369,0.2964915982854672,45.36091244878359,11.020281473801491
133,-0.9572384046918458,0.28930025334072906,45.36087531129235,11.020275744561733
134,-0.9457950448976321,0.3247641190881253,45.36084726609828,11.020299839038266
135,-0.9551689918789812,0.29606113718772803,45.36081623458289,11.020311817490777
136,-0.9556403995776871,0.29453595144735495,45.360782089243585,11.02031982991227
137,-0.9527272175360618,0.3038270049978995,45.36075151309953,11.020325473582048
138,-0.9489437955441687,0.3154451979317911,45.36070882179881,11.02033230233053
139,-0.955775048540563,0.29409871911874125,45.360682446272406,11.020346704411955
140,-0.9407075292698746,0.3392187264508965,45.36065590427619,11.020351294125772
141,-0.9520550941557099,0.3059266214178857,45.360624708231114,11.02037079400004
142,-0.9501184986062788,0.31188914473920154,45.36057514727631,11.020375056086548
143,-0.9450355538467341,0.3269675854967838,45.36054965865836,11.020382848375117
144,-0.9520102126201636,0.30606625927552183,45.36052812480992,11.020393390380491
145,-0.9482365789109799,0.3175647814465594,45.36048498812877,11.02040198473407
146,-0.9607851149634025,0.2772940007731174,45.36045721385995,11.020420751646233
147,-0.9525198289275009,0.30447655985301136,45.36042170626715,11.020424716888414
148,-0.9604782369607047,0.2783550903519757,45.360391194728464,11.020443461699196
149,-0.9543258734049046,0.2987676812340418,45.36036146800684,11.020440082430744
150,-0.9530975809697667,0.3026631810273244,45.36033583937104,11.020454707046545
151,-0.9489062743595494,0.3155580493048457,45.36029558031387,11.02046943821508
152,-0.958350750157485,0.28559383689531115,45.3602631066189,11.020476081002409
153,-0.9383739348375284,0.34562169841827634,45.36023654121564,11.020486688492994
154,-0.957233257429616,0.2893172840856324,45.3601973438299,11.02049747305955
155,-0.9552080643751163,0.29593504988889646,45.360165688308726,11.020512324501563
156,-0.9415080156756654,0.33699058802653664,45.36013387820442,11.020506095551308
157,-0.9476367138522981,0.31935036959305024,45.36009998203663,11.02053511823281
158,-0.9597498559396203,0.28085621592529914,45.360075612079285,11.020530610280753
159,-0.9568954860843276,0.29043248563381885,45.3600323968419,11.020548367407894
160,-0.9532234147507889,0.3022666398576688,45.3600016755414,11.020553978013806
161,-0.9505578777058051,0.31054745391233796,45.35996961305437,11.020565022236708
162,-0.9555071189241063,0.29496804180343617,45.35993928052826,11.020567345923062
163,-0.9468720432457173,0.32161053110817206,45.35990257110413,11.0205852170772
164,-0.9630028447310279,0.2694912262763812,45.35988350172633,11.020589211020154
165,-0.9526091549073542,0.3041969723496546,45.359833975295984,11.020611487821578
166,-0.9528882438941387,0.3033216026733743,45.35981693543327,11.020618308898554
167,-0.9538135154928661,0.30039936361973213,45.35978127763622,11.02062503535572
168,-0.9506106381828895,0.3103859123309556,45.35974101906546,11.020632633247486
169,-0.950112706093844,0.3119067901137018,45.35971899296067,11.020649829482794
170,0.13664951265077874,0.990619458062633,45.359680843459564,11.020655023879506
171,0.14744551538434975,0.9890701795085339,45.359686441892755,11.020659872034457
172,0.12734928723241953,0.9918579328923043,45.35967883319161,11.02068023676
173,0.12151690790467844,0.9925893617671337,45.35967218250485,11.020681756530763
174,0.11822577154651395,0.9929867405671797,45.35968354282854,11.020690742049245
175,0.1533512263771097,0.9881717468986029,45.3596771579826,11.02069177685154
176,0.10821274188816152,0.9941277596431186,45.3596890105764,11.020711768379837
177,0.12258056892060717,0.9924585654439687,45.35969194139247,11.020713706167264
178,0.13321840838324558,0.991086704414823,45.359689982892405,11.020720246999822
179,0.14138772132342053,0.9899542980658101,45.35968922372261,11.020733475654467
180,0.9598336616713892,-0.28056967391807186,45.35968734544841,11.020743833879255
181,0.951814708651609,-0.30667370346094686,45.359715739029106,11.020734930904178
182,0.9590273599679163,-0.2833134709698227,45.35975254495119,11.020724089579868
183,0.9559356929826599,-0.2935761415404219,45.35977516670444,11.020712397673298
184,0.9613813511899361,-0.2752197260085346,45.35981665087257,11.020696423414739
185,0.9510553577141889,-0.30902056009776463,45.359854404748724,11.020689990605291
186,0.9574844954326586,-0.28848473270879893,45.35988293784993,11.020679047580813
187,0.9601436928732372,-0.27950686760032006,45.35991505157012,11.020668679265306
188,0.9618227190106046,-0.2736732672276333,45.35993927264511,11.020658304375656
189,0.9512516190941258,-0.3084158834606353,45.35997728955898,11.020643397966156
190,0.9574323090657941,-0.2886578832405964,45.36000614905934,11.020633874569437
191,0.9634930579154515,-0.267733313856779,45.36004098303771,11.02061815786215
192,0.9689922520082167,-0.24709110778829077,45.360069041185135,11.020609781841294
193,0.9652975612231847,-0.2611524809312982,45.360103217891194,11.020595598715811
194,0.9619079267756123,-0.27337362785434005,45.36012969382103,11.020575704859299
195,0.9642105428320252,-0.26513775493424385,45.36016658705385,11.02057950338974
196,0.9702503824811495,-0.24210368707473917,45.360194667305876,11.020559456252345
197,0.9728890667364463,-0.2312722720619282,45.36023308253932,11.020542982405892
198,0.9735559070619342,-0.22844889105621555,45.36024710418856,11.020537403228547
199,0.9679568201587089,-0.25111669460280983,45.36029470300932,11.02051768214362
200,0.9696357864749369,-0.24455355566241638,45.360320390923555,11.020503991830173
201,0.9756329236531218,-0.21940920282445242,45.360343257192724,11.020480960363901
202,0.9725743577341822,-0.23259217243480684,45.360375238763524,11.02045631915367
203,0.9804771556244724,-0.19663302697803417,45.3604086754481,11.020441131599013
204,0.9793578076554111,-0.20213432312298368,45.36043278652039,11.020415719406992
205,0.9849434245354816,-0.1728769807242079,45.360467521259864,11.020406897669343
206,0.9855729554926499,-0.16925114298427404,45.36049233038399,11.02039158608211
207,0.9866342558107883,-0.1629504380500154,45.360511960903445,11.020356597822042
208,0.9836998966180995,-0.17981800074948084,45.360546689430954,11.020337398247538
209,0.9874747701349846,-0.15777698928189482,45.36057020487128,11.020318930418751
210,0.9879788176822976,-0.1545893133793197,45.36059698164573,11.02028332080507
211,0.9957164960120383,-0.09245896154245203,45.360623483831326,11.020268690302489
212,0.9912486782317711,-0.1320077948598747,45.36065768696545,11.020245808811724
213,0.9906866921374565,-0.13616122069717393,45.360675396119774,11.020219547175314
214,0.9906096594787024,-0.1367205271621244,45.360701278119826,11.020207175178388
215,0.993277632965827,-0.11575639874237517,45.36072259281113,11.020181568879547
216,0.9951378843226265,-0.09849157926384731,45.36075963114628,11.02015408548029
217,0.9963690758078334,-0.08513909075062943,45.36078605115242,11.020135032067175
218,0.9954538722099081,-0.09524488596402363,45.36081282523176,11.020115103656124
219,0.9940154006364073,-0.10924002607855203,45.36084310283829,11.020101443746844
220,0.995841216496753,-0.09110582597324521,45.36087420934716,11.020084237929728
221,0.9942575898093515,-0.10701329406433209,45.36089690126156,11.020069515591919
222,0.9948620590404694,-0.10123973272266976,45.360924795224456,11.020064471653145
223,0.9943105981866475,-0.10651964294772705,45.36096633796366,11.020037307845044
224,0.9914593041252142,-0.13041644169178165,45.36100142889619,11.020030394607362
225,0.9941884247625891,-0.10765396447916684,45.3610270697639,11.020025989572718
226,0.9880603719654236,-0.15406719751961687,45.36106486227346,11.020014939338267
227,0.989728452656286,-0.1429600993375213,45.36109690517842,11.019998013804317
228,0.9886488184358463,-0.1502448461858346,45.361131530584586,11.019992856614694
229,0.9936482924082912,-0.11253031144579188,45.36116755126519,11.02000022033157
230,0.9879809032428103,-0.15457598399337663,45.36120686317464,11.019988017309494
231,0.9817131448391427,-0.190366229279356,45.361239595294364,11.019995757943002
232,0.9871861785571134,-0.1595727071456865,45.361282539877784,11.019994797900862
233,0.9808302472758195,-0.19486412196413908,45.36131237960133,11.01998648769074
234,0.9770606541076987,-0.2129612128877835,45.36135878236962,11.019992733028484
235,0.9713327897108985,-0.2377238137680856,45.36139882869156,11.019989873482974
236,0.9835862685243723,-0.18043850024399308,45.36142863431428,11.019996904714533
237,0.9752729220132401,-0.22100390853502228,45.361463320615776,11.019996834240725
238,0.970727693940514,-0.2401827308882384,45.36150373163927,11.020010243010924
239,0.9666399949651846,-0.256138868845999,45.361550462270195,11.019994893903734
240,0.9686025294682712,-0.24861444026376833,45.36157815329062,11.019991097238478
241,0.9605377862806125,-0.2781495301580435,45.36161538315795,11.02000317464158
242,0.9698957717846834,-0.2435204136703804,45.361656233420874,11.020005685157429
243,0.9669568396036691,-0.25494013090073575,45.36170404132421,11.02000712925708
244,0.954220877412644,-0.299102853730692,45.3617241948825,11.02000138427222
245,0.9564499772675715,-0.29189628463696116,45.36176236487965,11.020002004947317
246,0.96260172255137,-0.2709205118501278,45.36179534517324,11.019998549690797
247,0.9514342560338841,-0.3078520041273884,45.36183380606588,11.019993970532006
248,0.9562393296257905,-0.2925856190533275,45.36185737823416,11.019985633037624
249,0.9519119709884243,-0.3063716688744787,45.361892901691,11.019981530278995
250,0.9570756143493311,-0.28983834877022474,45.36193546267155,11.019986628025324
251,0.9575456279677201,-0.2882817551630774,45.36196019099963,11.019984175984733
252,0.955001492982254,-0.29660099190944367,45.362008334891854,11.019968677532706
253,0.9582505937397924,-0.2859297109384323,45.36203480402805,11.019971500285882
254,0.9543376115397324,-0.29873018461588174,45.36207449732086,11.019960610188411
255,0.9516746596127185,-0.3071080302613665,45.36208711600075,11.019958645129305
256,0.9515397843602015,-0.3075256717409805,45.36212903469884,11.019952452087333
257,0.9466773628904057,-0.3221831320706704,45.36216713656445,11.019945640619495
258,0.9533821469860693,-0.30176560739791564,45.36219133577581,11.01992767599969
259,0.952641109987774,-0.3040968851554746,45.3622228219442,11.019918947429773
260,0.11717168793970438,0.9931116732499727,45.362267039111465,11.019916384580757
261,0.14500998346019775,0.9894301919270875,45.362262005157994,11.019914269096219
262,0.1582801828406808,0.9873942392580183,45.3622646332954,11.019934891086594
263,0.1452838998818171,0.9893900082551522,45.36227157251626,11.019937588636154
264,0.14048201987741846,0.9900832298807816,45.362275712378704,11.019945432081544
265,0.14681844118506387,0.9891634573355346,45.36227141092268,11.019958285688356
266,0.13868852919689773,0.9903360499695046,45.362277946515576,11.019959682187437
267,0.11535703364764074,0.9933240935304132,45.362280693321885,11.019965834896361
268,0.10467814399316977,0.9945061519016085,45.362284935244894,11.019979706291684
269,0.12865039041833076,0.9916900105603621,45.36228025690191,11.01999094988197
270,-0.9482746900860702,0.3174509602161684,45.36228120176235,11.019989578250245
271,-0.9544028708368183,0.2985216242392494,45.36224750521612,11.019996151328584
272,-0.9659755786343314,0.25863329538570357,45.36221567219071,11.020003324571276
273,-0.9488081066112136,0.3158530937458802,45.3621784336438,11.020017565989253
274,-0.9499485175112377,0.3124064885340919,45.36215141413128,11.020025494116746
275,-0.951280104707083,0.30832801103448426,45.36212301546021,11.020042372510668
276,-0.9443920577052813,0.32882159500736036,45.362086445834436,11.020050406557804
277,-0.9444175804338691,0.32874828329199873,45.362061929846476,11.020057969821398
278,-0.96187483198318,0.27349005027117385,45.36202063992237,11.02007629452902
279,-0.951254360549834,0.3084074278206126,45.361993173894604,11.020083178468237
280,-0.9596904229465585,0.2810592323775463,45.36195569652842,11.02009785546977
281,-0.9570249430611725,0.2900056178055168,45.361922479657544,11.020096907067847
282,-0.9511442901669367,0.308746723517569,45.361903439525996,11.020112642362717
283,-0.9627511868637034,0.27038889066034194,45.361858481345365,11.020124088774292
284,-0.9485493431036192,0.316629347499079,45.36182542113754,11.02012512492347
285,-0.9538511563175015,0.3002798221522142,45.36179326997099,11.02013817380116
286,-0.9530890575285144,0.30269002034987574,45.36176415063461,11.020154342972779
287,-0.95085182058837,0.3096462744548725,45.361728247961196,11.020158973234457
288,-0.9551395532666273,0.29615609699215667,45.36170705579873,11.020170636980714
289,-0.9483714875041627,0.3171616649110386,45.36167263044844,11.020171686622676
290,-0.9600037699001771,0.27998707430423975,45.361635995245216,11.020193114070642
291,-0.9478093840062269,0.31883753165168094,45.36159194817746,11.020197297680106
292,-0.9522329156984175,0.30537268093346276,45.36156267020013,11.020201373060644
293,-0.9578390602978413,0.287305298537546,45.36153129994944,11.020223587507287
294,-0.9602899124377919,0.279004093285776,45.361501405294725,11.020232531525181
295,-0.9444469329105581,0.32866394830562057,45.361461483480426,11.02023779931722
296,-0.9446110168292737,0.3281920579245718,45.36144342903087,11.020246520300415
297,-0.9517525813113926,0.3068664595016878,45.36140819011932,11.020269720439828
298,-0.9529398506173292,0.3031594318265923,45.36137678917875,11.020261064306462
299,-0.9476703539274381,0.31925052903173723,45.36134344712963,11.020280355198137
300,-0.9486680741319852,0.3162734341083838,45.36131279437095,11.020291954963309
301,-0.9558214024657743,0.29394803382291956,45.36128379570094,11.020303376647574
302,-0.9590845761890362,0.2831197197587918,45.361241754498025,11.020312987635265
303,-0.9512190483914041,0.3085163236805331,45.361213761185134,11.0203216842543
304,-0.9567897048917133,0.2907807775855003,45.3611868435828,11.020326560470021
305,-0.9566519850781411,0.2912335479405697,45.36114328744553,11.020330085319127
306,-0.953732113459776,0.3006577052988145,45.36112016154526,11.020346194396991
307,-0.9493618144939258,0.31418489012172585,45.36109225526958,11.020358107121142
308,-0.9508992738546019,0.3095005185501162,45.36105326404999,11.020373627350127
309,-0.9598985738355141,0.2803475128274658,45.361025627307114,11.02037872810403
310,-0.9575109193104043,0.28839701697719483,45.36098375711908,11.020390783107343
311,-0.9553697061461652,0.29541280368018885,45.36095311633474,11.020394056335583
312,-0.9571349207603124,0.28964244071121653,45.36092199122279,11.020407103917856
313,-0.943419242390442,0.33160237195690356,45.36089573366449,11.02042396764852
314,-0.9581222571537164,0.2863594600264987,45.36084955875616,11.02042650726431
315,-0.9519003778353947,0.30640768703939647,45.36082772457512,11.020447076276426
316,-0.9572944767068918,0.2891146569554682,45.36079278748766,11.020444843659856
317,-0.9420179602866224,0.33556245692483466,45.36076700536132,11.020460456843852
318,-0.9532804391896884,0.302086749557664,45.360729224849486,11.020466675947949
319,-0.9519288489677946,0.3063192232016296,45.36069521420784,11.020486150711776
320,-0.9563610591157603,0.2921874819477747,45.360673084289076,11.020482148734935
321,-0.9450040636439864,0.3270585875594042,45.360638960007215,11.020504278531519
322,-0.9536915817574764,0.3007862478321155,45.36060549185117,11.020511974622316
323,-0.9547382363172013,0.29744730644925954,45.36056312687538,11.020521906420973
324,-0.9541815412851651,0.29922831796249955,45.36053172048942,11.020533581965298
325,-0.9589729929667733,0.2834974404828888,45.360507812298614,11.020530311828507
326,-0.9479501073540405,0.3184188970012037,45.360476819011446,11.02054666904505
327,-0.9547572074257014,0.2973864066642527,45.36043714513253,11.020562431191339
328,-0.9461340616846586,0.32377513388166584,45.36040489412887,11.020567219536405
329,-0.9515623206785842,0.30745593158172674,45.360373169260555,11.020575905013107
330,-0.9634095136656323,0.26803378327843247,45.36035566095018,11.020586722733855
331,-0.9612964774826971,0.2755160292602925,45.36031202683806,11.020598776153072
332,-0.956182136121675,0.29277247575854976,45.36029373466009,11.020608807431248
333,-0.9542582982638115,0.29898344468323756,45.36024419228138,11.020625963843806
334,-0.9517293831228718,0.3069383998468712,45.36020967403377,11.020630783071633
335,-0.9581446556534569,0.2862845068157173,45.36017708279826,11.020646291417043
336,-0.9504835210839525,0.3107749606191778,45.36015332080851,11.020648131782982
337,-0.9420947838464062,0.33534671349126577,45.36011625393216,11.020657758698393
338,-0.9496514448923356,0.3133083676091326,45.360083141193,11.020672952965368
339,-0.9575886720551355,0.2881387428855795,45.36005221481213,11.020682172685957
340,-0.9554060070145599,0.29529538052684606,45.36001010883841,11.020685411289538
341,-0.9477000683318161,0.31916231056293476,45.35998095378432,11.020703362590568
342,-0.949735940371262,0.31305214193024583,45.359957334588444,11.020711083563569
343,-0.9529045944600121,0.3032702323951362,45.35993271482696,11.020723960996861
344,-0.9476530637648775,0.31930184894084346,45.359890040831104,11.020733686223664
345,-0.9535953490115681,0.3010911993790347,45.35986363850245,11.020746389784856
346,-0.9462195713261466,0.32352515024239353,45.35982185671326,11.020740255927986
347,-0.953223587928819,0.30226609372556007,45.35978903623179,11.020745065112331
348,-0.9528127127710002,0.30355878241613665,45.35976031398472,11.020761347443303
349,-0.9494556513844365,0.3139012042891127,45.35973129394954,11.020784000392435
350,0.15957428456682912,0.9871859235751818,45.35969666094402,11.02079078159915
351,0.13794921943776095,0.9904393029643526,45.35969423948263,11.020800730157546
352,0.12907202918538635,0.9916352208760875,45.35969988414232,11.020807261291631
353,0.13038502234545776,0.9914634365159285,45.359704142708246,11.020815163187013
354,0.12704081657781852,0.9918974901285118,45.359702379663496,11.02081528970866
355,0.14160232834273498,0.9899236236235178,45.35970480593914,11.020837388180613
356,0.14431895361991365,0.9895312221582769,45.359706291713586,11.020845801044578
357,0.13779292468934484,0.9904610592575341,45.35970805913217,11.020855857027481
358,0.11313300038300664,0.9935798529682144,45.35971332539432,11.020853077882922
359,0.10627712471261379,0.9943365490430388,45.35971387674536,11.020870050771872
360,0.9555536529321066,-0.2948172592778569,45.35971020707289,11.02088002142602
361,0.9518271626314871,-0.3066350476982245,45.359744165388975,11.02087173726321
362,0.9552191316061267,-0.2958993251321085,45.359777336045845,11.020861286298041
363,0.9535000131971914,-0.3013929740935511,45.35980609386683,11.020841651435388
364,0.959860879101882,-0.2804765458461049,45.3598448869647,11.020829262017278
365,0.9434596124480551,-0.33148749550980916,45.359867413856776,11.020829746285811
366,0.9630928185884029,-0.26916950567151127,45.35989929729544,11.020817173095963
367,0.9510362639187389,-0.30907931783198755,45.35993666191539,11.02080063141448
368,0.9480254816179636,-0.31819441573199875,45.35996896786272,11.020794152982916
369,0.9603552773251594,-0.2787790187831865,45.3599982771719,11.020784866225716
370,0.960428433068063,-0.27852688371937323,45.360035382505,11.020771119227879
371,0.9541673637731207,-0.29927352357041737,45.36006363416575,11.020757888436025
372,0.9627817147984532,-0.27028016880590755,45.3601025549155,11.020756117040536
373,0.9579588531280145,-0.28690562161390143,45.36012689622955,11.020746595038387
374,0.9673624212215931,-0.2533968153081192,45.360168251848364,11.02073178005045
375,0.964538874508128,-0.26394082587313694,45.36019810529789,11.02071989849134
376,0.9666717050533318,-0.25601916851924245,45.36022538514603,11.020699227320705
377,0.9625566117954785,-0.2710807427480023,45.36026258377131,11.020695375773657
378,0.9652709142909719,-0.2612509560247983,45.360281533933204,11.02067631547596
379,0.9617957141162027,-0.2737681579506712,45.36031869044319,11.020668293588772
380,0.9569427162594966,-0.2902768295918514,45.36035702013806,11.020655989479646
381,0.965700096355614,-0.25966001598004584,45.36038299174953,11.02064277539783
382,0.9563713792469515,-0.29215370091320714,45.36041747427133,11.020623235619674
383,0.9683734250642895,-0.24950532986142174,45.360441915031075,11.02061308687824
384,0.9623951895105749,-0.27165327019365054,45.360471404584764,11.020598760837622
385,0.9714649650106847,-0.23718309753603678,45.36050296381763,11.020575417087224
386,0.9668059979082726,-0.2555115700092448,45.36053118618643,11.020567619943956
387,0.967941607616859,-0.25117532570714524,45.36055827661749,11.020549972643726
388,0.9742096236194268,-0.22564487418794782,45.36059466144642,11.020531499919091
389,0.9738632374247418,-0.2271351905641243,45.36063004467985,11.020516090237765
390,0.9766783759283797,-0.21470759184039737,45.36065542072531,11.020497905235601
391,0.9733129062830749,-0.2294819959447675,45.360677066235006,11.02048571262407
392,0.976739348391497,-0.21443004757671885,45.36071798224803,11.020458512967856
393,0.9855377711745669,-0.1694558986529152,45.36073667502374,11.020447072064187
394,0.9792121729320817,-0.2028386560338805,45.36077862437329,11.020432099316482
395,0.9819059073264709,-0.18936945148935722,45.360794167761924,11.020414570524876
396,0.9796094903611443,-0.20091104099670382,45.36084204043663,11.020398081903807
397,0.9750963420579144,-0.22178170281895393,45.36087167694151,11.020372363172656
398,0.972635676123857,-0.23233562260464377,45.360892649990504,11.020357730210923
399,0.9736698650016853,-0.22796270306258423,45.360929716563454,11.020354735218367
400,0.9839280725539893,-0.17856524869131596,45.36095779485762,11.020335535001953
401,0.9815357869924689,-0.19127858963583666,45.36098955443234,11.020323033384107
402,0.9793652287068382,-0.20209836416953655,45.36101562073631,11.020313296961255
403,0.9808444038474939,-0.19479285264365875,45.36105079796871,11.020304537358296
404,0.9787117043944913,-0.2052398588998492,45.36108665129085,11.020289162728885
405,0.985104584228613,-0.1719562680793328,45.361117050755574,11.02027301266079
406,0.9762450221241115,-0.21666946434117806,45.361146440267405,11.02026111670513
407,0.9687073742414491,-0.2482056064842954,45.3611861262189,11.02026773571366
408,0.9813039465272129,-0.19246445004238305,45.36122203563018,11.020255096784966
409,0.9756980624091006,-0.21911935334681615,45.36124528455558,11.020246560899697
410,0.9631934238191817,-0.26880927869305815,45.36128521298523,11.02024692612714
411,0.9730702611653692,-0.23050871314455829,45.361325801951025,11.02023503015044
412,0.9751231094978892,-0.22166398291821712,45.36135827003347,11.020240293728358
413,0.971433843999937,-0.23731052806714248,45.36139599101929,11.020232335874946
414,0.9727200061611797,-0.23198230452729476,45.361425978933426,11.020223568849454
415,0.967194259902354,-0.25403791766572525,45.361460902702795,11.020225583496003
416,0.9654169523907074,-0.26071077468458936,45.36149520579154,11.020209879016136
417,0.9691621960253,-0.2464236956857398,45.36153260725856,11.020217290302588
418,0.9642935488908325,-0.264835706745755,45.36155807854284,11.020211381148387
419,0.9662080979776938,-0.25776328559809925,45.36160406176961,11.020206768768698
420,0.9684599408234652,-0.24916930593516173,45.36162290042684,11.020199635390739
421,0.9683213695681244,-0.24970727910437795,45.361673743555805,11.020202124185115
422,0.9567711412033318,-0.29084185283496244,45.36169992397086,11.020186327231935
423,0.959382381499495,-0.28210892589274345,45.36173597292352,11.02019197769058
424,0.9522831776897166,-0.3052159063502026,45.361770306642875,11.020183344683689
425,0.9503525786186694,-0.3111751537524257,45.361808126148645,11.0201891563507
426,0.962718526689809,-0.2705051540510894,45.36183567721267,11.020179543233725
427,0.956288899284921,-0.29242356455052343,45.361876342730035,11.02017530655263
428,0.9659108487057007,-0.25887493573660847,45.361910199829374,11.020164818040264
429,0.9576962313498528,-0.2877810425623778,45.36194178337807,11.02015724947901
430,0.9540597983167666,-0.2996162566279918,45.36197229032905,11.02015422294844
431,0.949244256366717,-0.31453988897244545,45.36201214913128,11.020148469134556
432,0.9593312319898994,-0.282282814441017,45.3620404364171,11.02013686897498
433,0.9610185838183418,-0.27648378172288635,45.36207697868048,11.020120954716061
434,0.9540523411265004,-0.2996400013199902,45.36210175576738,11.020120753541615
435,0.9519544434768333,-0.30623967336828284,45.36214266229157,11.020113375446106
436,0.9580588487344694,-0.28657153096841803,45.36216820949994,11.020104008114677
437,0.9559220495141107,-0.2936205634023988,45.36221331481084,11.02010271307598
438,0.9462105211794344,-0.323551618152874,45.362232222543064,11.02008561324923
439,0.9506788134239591,-0.3101770360726485,45.36228034619271,11.020076276233361
440,0.14314471041725044,0.9897017691605696,45.36230623589137,11.020068877230026
441,0.12584634343583778,0.9920497456497981,45.36230370211068,11.02006418085369
442,0.16072746133644034,0.9869988263277435,45.36231649094933,11.020075255068578
443,0.14214838047907333,0.9898453606130488,45.362298675881306,11.02008082201391
444,0.12994287873143395,0.9915214814954781,45.36230638839938,11.020091012799632
445,0.1351820859420043,0.9908207727133947,45.362304430045704,11.020092367883345
446,0.11579974333672109,0.9932725806359247,45.362302470421184,11.020102911995826
447,0.11796183310701312,0.9930181297086339,45.362311513376355,11.020096894021307
448,0.14013928901607955,0.9901317991429563,45.36230183921596,11.020106756792767
449,0.09047588064667983,0.9958986469622336,45.36231033444213,11.02011834352325
450,-0.957989294585766,0.2868039599780074,45.362310130301246,11.020117269623345
451,-0.9528630322170565,0.30340079405650333,45.36227244920652,11.020125478601862
452,-0.9533210019997023,0.30195871761928605,45.362234512594235,11.02013739020717
453,-0.9602569400843748,0.27911755412333605,45.362213606739935,11.020152642485932
454,-0.9582798212185738,0.2858317411438033,45.362181496399295,11.02014880520039
455,-0.9580694781142142,0.2865359926884532,45.362151802491894,11.020157359930927
456,-0.9577768438629587,0.2875126386090004,45.36211349670865,11.020177447041359
457,-0.950740007658592,0.30998941568598826,45.36208833480036,11.020195421089074
458,-0.9486765530628332,0.31624800026058897,45.36205149498259,11.020200578746827
459,-0.9516858875786968,0.30707323456066316,45.36201969159679,11.020207698434216
460,-0.9615139278119067,0.27475619487778535,45.36198600256766,11.02021445260491
461,-0.949029859500157,0.3151861763737624,45.3619473418154,11.0202405085294
462,-0.9454666171626686,0.32571901361599986,45.36192261292402,11.020235501573646
463,-0.9602293242611303,0.2792125441827659,45.36189078365822,11.020247264358916
464,-0.9543456312003248,0.29870456342154156,45.36186790215976,11.020259067889855
465,-0.9551260603486594,0.296199609795234,45.36182187479432,11.020265069327044
466,-0.9520063100132359,0.3060783979554628,45.36179184452345,11.020281781396577
467,-0.9543771428034674,0.2986038668441685,45.361762898478325,11.02028534265846
468,-0.9442241265886289,0.32930350555064086,45.36173188506351,11.020305911133647
469,-0.9536441480968352,0.3009366026269678,45.361695434241646,11.02031160217515
470,-0.9589844739504529,0.28345860142527535,45.36165788052315,11.020328682510653
471,-0.9532118997898533,0.3023029508605873,45.36162832400796,11.020332447698292
472,-0.9508560882713646,0.30963316908444904,45.361597935992,11.020339168907139
473,-0.964411000384182,0.2644076820706639,45.3615594279566,11.020350381945775
474,-0.9620437523918893,0.2728952518526719,45.36153558853758,11.020362400379044
475,-0.9573289877001746,0.2890003621259998,45.36149945501885,11.02036890057666
476,-0.949860959279587,0.31267260519025775,45.36147479344776,11.020383992375983
477,-0.9593376098595956,0.2822611385027673,45.3614371859293,11.02038850706084
478,-0.953323198136099,0.30195178405758777,45.36140671880857,11.020403774340654
479,-0.9581589807563562,0.28623655880397353,45.3613743713883,11.020409179445696
480,-0.9542815197581637,0.2989093191053927,45.361338185886694,11.020423091409368
481,-0.9528172963624678,0.3035443950273456,45.36131429583587,11.020443138589611
482,-0.9554152305507844,0.29526553681659407,45.36127672181552,11.020436739117214
483,-0.9515005407035778,0.30764707221229814,45.36124358466536,11.020462249668581
484,-0.9573953848362742,0.2887803267090791,45.36120282320482,11.020460624326075
485,-0.9527501167876652,0.30375518919203737,45.36117553201226,11.02048550732003
486,-0.9566648559879205,0.29119126586766186,45.36114423051841,11.020488818205042
487,-0.9556216958758803,0.29459662993881386,45.3611123769019,11.020492778621689
488,-0.9477821727701833,0.3189184111634674,45.36107858008229,11.020489953880263
489,-0.9587372128149406,0.2842937860098938,45.361055508624325,11.020510972599038
490,-0.9513936851474845,0.30797736257960473,45.36101652537971,11.020526635412955
491,-0.9531880897550477,0.30237801763541483,45.36098291603011,11.020532613973305
492,-0.9581352349869106,0.2863160342638494,45.360949874891176,11.020535427295872
493,-0.9538534792797666,0.3002724430677643,45.360923149723945,11.020557483685241
494,-0.9502806457322867,0.3113947564533294,45.36089369377606,11.020563638935625
495,-0.9546706158560638,0.2976642659457193,45.36084779130987,11.020572514933365
496,-0.9540547825735173,0.2996322276534997,45.360814310483924,11.020579098065442
497,-0.9634889548448157,0.2677480791565923,45.360784921784166,11.020598223267934
498,-0.954282002352566,0.29890777839657695,45.36075390623408,11.02060712725934
499,-0.9506893738731191,0.31014466689713815,45.36072503909489,11.020619181718253
500,-0.9610499248326505,0.2763748215361825,45.36068375103483,11.02062860739054
501,-0.9526693753347547,0.30400832439143527,45.360649441544886,11.020633637475463
502,-0.947717333424525,0.31911104012037506,45.36062891807356,11.02064466458299
503,-0.953422884805549,0.30163687229691405,45.360599240560134,11.020666566898347
504,-0.9564263437502415,0.2919737128245365,45.36055888721003,11.020666761184652
505,-0.9477601008372792,0.3189839984402201,45.36053423781528,11.02067700823998
506,-0.956643689890357,0.2912607948093298,45.36050166722974,11.020689224200476
507,-0.9575605503472725,0.28823218491110375,45.3604672966874,11.020692909628265
508,-0.9651479017531321,0.26170503957991803,45.360433256623736,11.020716554839748
509,-0.9518109094973756,0.3066854945408711,45.3603964866899,11.02071836854265
510,-0.9525236094699125,0.30446473260857254,45.36036303784462,11.020722166052463
511,-0.9550973572162816,0.29629215014656496,45.36032545866495,11.020741127078322
512,-0.94735756250629,0.320177526947381,45.360294940975926,11.020744095975605
513,-0.9646950466602252,0.2633694495366271,45.36025955722838,11.020749666756489
514,-0.9502113832464405,0.3116060447887465,45.360247646073745,11.020766659222149
515,-0.9534308129202312,0.301611811728697,45.36020464578048,11.020782144889724
516,-0.9534750891232753,0.3014718136432694,45.360167519901275,11.020788736122661
517,-0.9561612169351247,0.29284078819239207,45.36015208977247,11.02079630225442
518,-0.9613105587294399,0.27546689397329055,45.360107863710645,11.020809247088033
519,-0.9507476415159112,0.30996600160651866,45.36007172275213,11.02081452130544
520,-0.9506133024923954,0.3103777523027409,45.36005099824849,11.02082468527931
521,-0.9446592442384131,0.3280532156143425,45.36001332011829,11.020847698164655
522,-0.9447812694073968,0.3277016218710976,45.35997778275225,11.020838372554573
523,-0.9506480096882759,0.3102714322584659,45.35994697913308,11.020860192042381
524,-0.9545348343353217,0.29809939624299814,45.359919546258595,11.020863476772098
525,-0.9427625227779152,0.33346487917833406,45.35988033404205,11.020880838043368
526,-0.9578469409080064,0.2872790242833163,45.359845852402835,11.020892626595977
527,-0.9554765058633214,0.2950671902181236,45.35982738260678,11.020906831750002
528,-0.9540854310133664,0.2995346229203544,45.35978484103419,11.02090899616129
529,-0.9541135859012214,0.29944492849055315,45.35975088613652,11.020915560169563
530,0.07874170679247701,0.9968950514529639,45.35972064817057,11.020930740649932
531,0.10626512245210154,0.9943378318007617,45.35971708536305,11.020938029592827
532,0.13597565846609896,0.9907121783367311,45.35971312590071,11.020940233348531
533,0.15395909758647605,0.9880772218153588,45.3597214662336,11.020947589640288
534,0.1257669108799191,0.9920598188253179,45.35972627896398,11.020967678236044
535,0.09798095622324567,0.9951882898314159,45.3597253341101,11.020970060562865
536,0.12693656808226791,0.9919108365591616,45.3597189542713,11.02098015947182
537,0.12791610495260566,0.9917849918675691,45.35972019496499,11.02099546242376
538,0.14528727733476998,0.9893895122976843,45.35971689125009,11.020990485449236
539,0.11209308589794884,0.9936977106212307,45.359723336463425,11.020997603796092
540,0.9512657210069625,-0.30837238533484757,45.359722695410206,11.021004709338008
541,0.9560006252856009,-0.29336462713411804,45.35975272055834,11.021000849937181
542,0.9589849026301138,-0.2834571511313679,45.35977964982078,11.020981695700755
543,0.9609171321689797,-0.27683617015148826,45.359820213059116,11.020969905616369
544,0.946310478544605,-0.32325915021338625,45.35985136350941,11.020963914040802
545,0.9536038319380363,-0.30106433151918455,45.35988628485527,11.020951284092252
546,0.9543969336609902,-0.29854060530939397,45.35991386917488,11.02094308434154
547,0.9516811892725289,-0.3070877952391224,45.35994812886354,11.020935534511116
548,0.9529474482492792,-0.30313554868274245,45.359981360052075,11.020929080929161
549,0.9551097934950417,-0.29625205884492817,45.360016473211154,11.020911296540994
550,0.9496688658887911,-0.3132555588676717,45.36004370850131,11.020898790419114
551,0.9524126579769188,-0.3048116285927109,45.36008254214872,11.02088836565919
552,0.9604178907869415,-0.2785632334971047,45.36011720120742,11.020881210335991
553,0.9662792282155062,-0.2574965108875184,45.36014134256239,11.020875950470137
554,0.9637414299844678,-0.26683788361380245,45.36017529454972,11.020861312439212
555,0.9631740067742673,-0.26887884385797944,45.360207544752654,11.020847433903468
556,0.9531873411193115,-0.302380377554327,45.36023951788305,11.02083916642736
557,0.9641930696164864,-0.26520129053897423,45.360269509263,11.020827822022481
558,0.9602627402572828,-0.2790975988316173,45.36030504199326,11.020814209216114
559,0.9549586097387182,-0.2967390329665018,45.36033879900201,11.020786080372595
560,0.9685683060528121,-0.248747736693193,45.36036780730339,11.020777865938625
561,0.964929699527372,-0.26250842837900573,45.360394520496065,11.020764589453924
562,0.9696978013312311,-0.2443075399847013,45.360432185203685,11.02074334433108
563,0.975596464434118,-0.21957126083267078,45.36045254855857,11.020735249755646
564,0.9730998905100766,-0.23038359987047022,45.36048563325402,11.02071942995796
565,0.9762944171614826,-0.21644678565255032,45.36051654112115,11.020701800245787
566,0.9692292995414591,-0.24615963298309623,45.36054923698647,11.020694618580075
567,0.9718487677887038,-0.23560554439057257,45.36057029255762,11.020675092374063
568,0.9791108258318487,-0.20332729954158926,45.3606133458806,11.020658368697864
569,0.9775968881159164,-0.21048592434192956,45.36063523859219,11.020640001802366
570,0.9757657957634901,-0.21881753087456873,45.36066814723587,11.02062031062143
571,0.9740269105270795,-0.22643228031593177,45.360704391361985,11.020595414784898
572,0.9795597813206384,-0.20115326201447295,45.36072687249137,11.020587454582023
573,0.9836313343526385,-0.1801926693282716,45.360766860708466,11.020570359276912
574,0.981604186749094,-0.1909272650949825,45.36078936049596,11.02054932661941
575,0.9780341272667814,-0.20844482699627068,45.3608159590791,11.02054520609594
576,0.9810295696294572,-0.19385815307239995,45.360850776103476,11.020516457111084
577,0.9805313990778894,-0.19636235744754343,45.36086854764976,11.020500450430351
578,0.9782561925523501,-0.20740014882583707,45.36090549315246,11.020485620975013
579,0.9842562698587909,-0.176747263751547,45.36093037345274,11.020480830090742
580,0.9857650699272745,-0.1681286022997739,45.360964213909654,11.020451734016197
581,0.9902997022667184,-0.1389478308231145,45.36100614342419,11.020449276523163
582,0.982600067112051,-0.18573397134448222,45.361030064485945,11.020428588709066
583,0.9842455415820136,-0.1768069961170338,45.361060400093294,11.020416451225723
584,0.9786308791178694,-0.2056249071415868,45.36109527762608,11.020410850888194
585,0.9760042952960751,-0.21775126994718483,45.36113044461511,11.02039661882931
586,0.976928352959639,-0.21356730363884596,45.3611635531658,11.020382489924781
587,0.9783491293883433,-0.20696130320683315,45.36119210941866,11.020393118211794
588,0.9736295803896703,-0.22813469747110923,45.361232825781606,11.02037565063497
589,0.9714231301792026,-0.2373543809430114,45.361261842819275,11.020374298581217
590,0.9766114281561485,-0.21501190291425254,45.36129938480778,11.020363728716296
591,0.9701701620419204,-0.2424249506209165,45.3613386261331,11.020356267968994
592,0.9746077593240384,-0.22391899308762822,45.36136749201128,11.02036138292224
593,0.9658360874970751,-0.2591537228911488,45.36140835223983,11.02036056277062
594,0.971852186231396,-0.2355914432173971,45.361432679742585,11.020354196017243
595,0.9753316406221183,-0.22074462802380257,45.36146851848814,11.020362640009877
596,0.9708350809885089,-0.23974829618171517,45.3615029135155,11.02034382743321
597,0.9702825436559718,-0.2419747620651734,45.36154134590639,11.020339523749787
598,0.9753194847941564,-0.2207983301133896,45.36157159735151,11.020336012319927
599,0.9644292095768232,-0.26434125617281934,45.3616113793074,11.020342428115553
600,0.9706905085601167,-0.24033297025439931,45.361643841464236,11.02033261851909
601,0.9667947618234413,-0.25555408138152574,45.36168297995457,11.020330271337325
602,0.9559411567585914,-0.29355834993242175,45.3617266389614,11.020332950680606
603,0.9583245218462159,-0.2856818349636911,45.36174637101394,11.02031914979942
604,0.9620347053938618,-0.2729271434242946,45.36178561308316,11.020330656740096
605,0.9619873433020449,-0.27309403385404346,45.36182679533167,11.02031246325346
606,0.9592560961224398,-0.28253803646931597,45.36185812172126,11.020308599081664
607,0.956776125197443,-0.2908254566783429,45.3618892350867,11.020306091996336
608,0.9561389279847928,-0.29291355446972955,45.36192768445212,11.020309309487494
609,0.9584243130934994,-0.2853468697414673,45.36195556102196,11.020298887920907
610,0.9578520083581976,-0.28726212782782096,45.3619914048459,11.020285689736342
611,0.9579428036290959,-0.2869592043744674,45.36202813359656,11.020279776677608
612,0.9523844062947132,-0.3048998895484659,45.36205721829147,11.02026814217632
613,0.9502891191755888,-0.311368896931732,45.362100591715915,11.02026323905185
614,0.9541995831602579,-0.29917077981779905,45.36212649124017,11.020255521839745
615,0.9560731084177381,-0.29312831893292757,45.362161509608576,11.020252531262793
616,0.9541617620288056,-0.2992913829064993,45.36218930694594,11.020240390855207
617,0.9563703876990374,-0.29215694674676634,45.36221750411583,11.020236903850307
618,0.9498419392569047,-0.3127303797661532,45.36225136367618,11.020228052750616
619,0.9553146752297924,-0.29559071583964935,45.36228566106756,11.020218803099278
620,0.1478756802355099,0.9890059571078857,45.36232345488441,11.020209997823715
621,0.11608649462685382,0.9932391080526629,45.36231955544606,11.020206260221864
622,0.15603113006968544,0.9877521381648217,45.36231830132256,11.020210636575856
623,0.10609494740950288,0.9943560037200836,45.36232364445362,11.020226441252483
624,0.11773080774723972,0.9930455462400415,45.36232407168392,11.020228538888091
625,0.09619779698043436,0.9953622375075876,45.36233204440079,11.02022548223285
626,0.14362206423924953,0.989632609943537,45.362331790354716,11.020232969510618
627,0.14516419393705748,0.9894075787048553,45.36232542359938,11.020240877285234
628,0.13723251948531648,0.9905388612243904,45.36232232621261,11.02023148308413
629,0.13590904168311893,0.9907213192360282,45.362313741319575,11.020240883923353
630,-0.9453207344355171,0.326142160792337,45.36232463708969,11.02024781126545
631,-0.9498895128334082,0.3125858496623135,45.36228797325013,11.0202658517598
632,-0.9553097757337986,0.2956065499738451,45.36226758210062,11.020265231674593
633,-0.958505904534006,0.2850726766518446,45.362221390572074,11.020280180618546
634,-0.9474784827266048,0.31981951905737527,45.36219881464426,11.020284353959392
635,-0.9498411955370295,0.3127326386240912,45.36216251835511,11.020295606738712
636,-0.9546744478442132,0.29765197569199286,45.36213750655035,11.020305478889284
637,-0.9556791235714432,0.2944102796604053,45.362093653517455,11.020317461085567
638,-0.9430317303958137,0.33270280351490483,45.36206356365406,11.020328246911715
639,-0.9464262393883517,0.32292007276913326,45.362042658888186,11.020335010976265
640,-0.9515322833317953,0.30754888030584665,45.362003875795885,11.020349696778801
641,-0.9458556506640113,0.3245875661619832,45.36196503337021,11.02036643289493
642,-0.9504462615325163,0.31088889323818497,45.36193592253902,11.020372310402172
643,-0.9506612935290298,0.31023072862905093,45.361906742342974,11.020384594757116
644,-0.9529828443432433,0.30302425379408454,45.361880149204225,11.020396929469532
645,-0.9625032832418964,0.2712700310549798,45.36183523749409,11.020404673639252
646,-0.9535049816430639,0.30137725524972914,45.36181309095213,11.0204175101024
647,-0.9480915702860172,0.31799744394034707,45.36177946972101,11.020420080421024
648,-0.9586928726159191,0.2844432737742926,45.36175702318094,11.020437869049829
649,-0.9573544499221402,0.2889160037351276,45.36171362183486,11.020440229533099
650,-0.9620875904537011,0.2727406612424916,45.36168733819936,11.020457061534476
651,-0.9507488692127761,0.3099622359104858,45.36165577220773,11.020463005373328
652,-0.9496677541307497,0.31325892926500604,45.36161591044582,11.020470954839576
653,-0.9531117434962848,0.3026185790883835,45.36159149043216,11.020487107581959
654,-0.9478245556134123,0.318792427413572,45.36155873906062,11.020496322098843
655,-0.9556967296742245,0.29435312277941306,45.36153766594667,11.020500498875837
656,-0.9560867014803488,0.2930839798631553,45.36149287385796,11.020520809365967
657,-0.9415327793191054,0.33692139360337564,45.36146198456555,11.020533723909821
658,-0.947021106739921,0.32117133027263695,45.36142917052568,11.020527907594278
659,-0.955047472267604,0.2964529064037998,45.36139244159982,11.020554747696906
660,-0.9548671545709502,0.29703319195264555,45.361365858915406,11.020552103596106
661,-0.9604020397390585,0.2786178782222276,45.36133511300537,11.02057217338111
662,-0.9565996187670056,0.2914055067681795,45.36129691132022,11.020577723324536
663,-0.9607175719581765,0.2775279209931606,45.36125870216529,11.020595119000994
664,-0.9501040364529897,0.31193319784167917,45.361234650321435,11.020598940654796
665,-0.9399047859287655,0.3414366608731428,45.36121378527637,11.020609752755536
666,-0.9538431768537,0.30030516807015034,45.36117005706495,11.020626670604651
667,-0.9492680516650885,0.3144680684711355,45.36113749459089,11.020644827078401
668,-0.9571361861498499,0.2896382591484075,45.36110832822112,11.020644098824668
669,-0.9488161853376151,0.31582882458916944,45.36106752144045,11.020654440330606
670,-0.944321949993412,0.32902287877994113,45.36104184723121,11.020657138161594
671,-0.9512407659819063,0.3084493558660094,45.36101536017018,11.020681401421088
672,-0.9584929803821284,0.2851161281972399,45.360982144632416,11.02067825899449
673,-0.945000401237659,0.32706916953553317,45.36094793596473,11.020690908799637
674,-0.9482334818766206,0.3175740289257617,45.36091037855513,11.02071248913018
675,-0.9541059285167179,0.29946932592379405,45.36087948426742,11.020725065108564
676,-0.9548360887028138,0.2971330404224888,45.360850445150255,11.02073180786211
677,-0.9604708909068764,0.27838043702916887,45.360810133239056,11.020735374277596
678,-0.9572700547334446,0.2891955088009286,45.36078209189696,11.020745382126721
679,-0.9505521777360755,0.3105649004655942,45.360746246317014,11.020752299955968
680,-0.9443601428106159,0.32891324185978454,45.36072119157576,11.02077564220075
681,-0.9449354331414019,0.32725682146270246,45.36068575630348,11.020774172561863
682,-0.9595396846905565,0.2815734247118279,45.36065456665872,11.020798079842216
683,-0.9585210982569925,0.28502158549171125,45.36061801812074,11.02080011724393
684,-0.952744304296249,0.3037734198889964,45.36058585108068,11.020812628172092
685,-0.9475127307610346,0.31971803991293196,45.36055466474489,11.020818285033972
686,-0.9565030204075836,0.29172242277749194,45.360523523610325,11.020829983396146
687,-0.9482239710314226,0.317602425622664,45.36049813578292,11.020841731823214
688,-0.9594032880529799,0.2820378181612013,45.360469247699754,11.020849535964095
689,-0.9439263558965999,0.33015607618786197,45.36043383537742,11.020861172797131
690,-0.960983088002448,0.27660713037316886,45.36039442434174,11.020864663447492
691,-0.9627630049700073,0.27034680738104094,45.360370895100054,11.02088567851838
692,-0.956704746949816,0.2910601779077456,45.36033331553822,11.020898483211313
693,-0.9566798990228695,0.29114183966855783,45.360305011626004,11.020916392372914
694,-0.9551986639962569,0.2959653903748983,45.36027590353561,11.020906910444785
695,-0.9526626428915174,0.30402942100880503,45.36023781079016,11.020929185729123
696,-0.9500665591094107,0.31204732535627455,45.360206153664436,11.020932656850727
697,-0.9630466916227309,0.26933449417873045,45.36017092054647,11.020945386776969
698,-0.9623435995390673,0.2718359733850384,45.36014132860946,11.020956513265396
699,-0.9516501608236134,0.3071839374127344,45.3601089755735,11.02097038490983
700,-0.9519702954313684,0.3061903927563913,45.360082687888784,11.020967562358022
701,-0.9548873078797055,0.29696839772987377,45.3600478615262,11.02099894936176
702,-0.9541808806175213,0.29923042469637284,45.360013570257415,11.021001192131916
703,-0.9587265390295135,0.2843297792361724,45.35997655939948,11.021022907589394
704,-0.9546872845823132,0.2976108006387693,45.35995067516826,11.0210138918197
705,-0.9500977898769003,0.3119522233788844,45.3599214883955,11.02102833435625
706,-0.9532651690241651,0.3021349326465411,45.359881503346195,11.021043036880236
707,-0.9518791725780172,0.3064735564648102,45.35985205515703,11.021053610841642
708,-0.9517250846401638,0.3069517279095738,45.35981654304673,11.02106048058507
709,-0.9547731891942599,0.2973350924391906,45.359790922859155,11.021075393042738
710,0.14427927446411137,0.989537008383269,45.359757668867026,11.021080708272057
711,0.13677720199162238,0.9906018357621507,45.35975869378152,11.021090641224692
712,0.15672606419647706,0.9876421116991123,45.35975826303086,11.021086911161326
713,0.11056003134037443,0.9938694479004853,45.35976094695609,11.021094708395683
714,0.14209886750796313,0.9898524697413016,45.35976429391762,11.021113706927562
715,0.12096463509342377,0.9926568173627353,45.359766285928615,11.021112772704674
716,0.1266445624112673,0.9919481613530309,45.35975266352057,11.021118894533833
717,0.11285474130185107,0.9936114971988258,45.35976230084178,11.02112792286207
718,0.12009288079463404,0.9927626604493371,45.359753237567055,11.021144937350602
719,0.10390004546102882,0.9945877440191973,45.35975643093006,11.02115307625215
