,Timestep,Sin,Cosin,Lat,Lon
0,1.0,0.9537169507482269,0.30070579950427306,45.3596665575,11.020597651
1,2.0,0.954169710775401,0.2992660405705724,45.359693734620286,11.020590817399853
2,3.0,0.9539634149300148,0.29992299507550996,45.35971845912387,11.020580886211762
3,4.0,0.9537150771302451,0.3007117417967758,45.359759940277414,11.020567394743882
4,5.0,0.9534177870455436,0.3016529849764105,45.3597882928939,11.02056164849339
5,6.0,0.9530638575034669,0.3027693569709645,45.35981750104288,11.020543798220375
6,7.0,0.9526448072117093,0.30408530265793066,45.35986082494463,11.02053577762902
7,8.0,0.9521513578576865,0.30562688319217574,45.35989297564871,11.020524877380613
8,9.0,0.9515734487665605,0.30742148851782325,45.35992710068016,11.020507628186957
9,10.0,0.9509002727216976,0.3094974496466828,45.35995151453001,11.02049900453971
10,11.0,0.9501203370631474,0.3118835441298744,45.359988878207396,11.020498662129562
11,12.0,0.9492215547731392,0.31460839142347163,45.36002045334705,11.020484031645735
12,13.0,0.9481913708988302,0.31769973898792697,45.36004325882604,11.020478095651656
13,14.0,0.9470169302803224,0.3211836449174131,45.36007867502017,11.020448061425535
14,15.0,0.9456852930300603,0.32508356855837695,45.360098679162995,11.020448793611209
15,16.0,0.944183704383599,0.3294193867647509,45.36013449374361,11.020433372013136
16,17.0,0.9424999252027694,0.3342063598927677,45.36015780648157,11.020413203921363
17,18.0,0.9406226283215117,0.3394540780275461,45.360188710878035,11.020402471731062
18,19.0,0.9385418638380317,0.34516542385272814,45.36022784046817,11.020399008506493
19,20.0,0.9362495931618365,0.3513355935630426,45.36026155631783,11.020363303931275
20,21.0,0.933740286985377,0.3579512207835947,45.3602847115848,11.020364088474523
21,22.0,0.93101157636017,0.3649896501044261,45.36031956441155,11.02034898115086
22,23.0,0.9280649388850151,0.37241840611381344,45.36035322603829,11.020325671108846
23,24.0,0.924906394039979,0.3801949003655404,45.36036932318504,11.020309125620985
24,25.0,0.9215471735310427,0.38826641234717474,45.36040444654768,11.020296841186106
25,26.0,0.9180043249624511,0.39657037124605565,45.36042060789016,11.02026307612592
26,27.0,0.9143012011968527,0.4050349534175939,45.36044629712033,11.020247473598184
27,28.0,0.9104677844284094,0.41357999651581745,45.36048048584851,11.020225542514154
28,29.0,0.9065407942482316,0.42211821610040173,45.36051608383087,11.020199468624538
29,30.0,0.9025635335838472,0.43055669527327,45.36053540078726,11.020189443424515
30,31.0,0.8985854357538727,0.4387986037478044,45.36056498850869,11.020159387141687
31,32.0,0.8946612899376404,0.4467450909490976,45.360584653571856,11.020144288570805
32,33.0,0.8908501405246847,0.4542972893680409,45.36060202302253,11.020116208915308
33,34.0,0.8872138769527734,0.4613583602173358,45.36063070875824,11.020102349298297
34,35.0,0.8838155531766474,0.4678355137898969,45.36065956525884,11.020077934913234
35,36.0,0.8807174979276017,0.47364194160161205,45.36068205694238,11.020051139257195
36,37.0,0.877979296402841,0.4786986056883519,45.36071062630799,11.020027324369373
37,38.0,0.875655739044524,0.48293584116152377,45.36073924799198,11.020011467358277
38,39.0,0.8737948420351517,0.4862947398777457,45.36077094677245,11.019994204134514
39,40.0,0.8724360459548796,0.4887282943708245,45.360791588320645,11.019975517003326
40,41.0,0.8716086932480678,0.4902022907478051,45.36082095106749,11.019947370200276
41,42.0,0.8713308719359567,0.49069594619410234,45.36084287647384,11.019929252988051
42,43.0,0.8716086932480678,0.4902022907478051,45.36087497711407,11.019916560267804
43,44.0,0.8724360459548796,0.4887282943708245,45.360907816127046,11.019905136276494
44,45.0,0.8737948420351516,0.48629473987774585,45.36094030126617,11.019884478375445
45,46.0,0.875655739044524,0.48293584116152377,45.360966251330574,11.019877305571155
46,47.0,0.877979296402841,0.4786986056883519,45.36100054511615,11.01987327925132
47,48.0,0.8807174979276017,0.47364194160161205,45.361035326305476,11.019855343981119
48,49.0,0.8838155531766474,0.4678355137898969,45.36106591565158,11.019847161086842
49,50.0,0.8872138769527733,0.461358360217336,45.36110655890858,11.019849976071901
50,51.0,0.8908501405246847,0.4542972893680409,45.3611354277876,11.019851231499073
51,52.0,0.8946612899376404,0.4467450909490976,45.36118027978716,11.019849880472352
52,53.0,0.8985854357538727,0.4387986037478044,45.36121730013129,11.019842230457956
53,54.0,0.9025635335838472,0.43055669527327,45.361244084730906,11.019851093849542
54,55.0,0.9065407942482316,0.42211821610040173,45.36129502226242,11.019844547329297
55,56.0,0.9104677844284094,0.41357999651581745,45.36133047057325,11.019851382528707
56,57.0,0.9143012011968527,0.4050349534175939,45.36135638491668,11.019853125252302
57,58.0,0.9180043249624511,0.39657037124605565,45.36139851718626,11.01986487838042
58,59.0,0.9215471735310427,0.38826641234717474,45.361435450863866,11.019853301585787
59,60.0,0.924906394039979,0.3801949003655404,45.361477542920085,11.019859025626344
60,61.0,0.9280649388850151,0.37241840611381344,45.36150920438305,11.019858367533038
61,62.0,0.93101157636017,0.3649896501044261,45.361532881050806,11.0198588650553
62,63.0,0.933740286985377,0.3579512207835947,45.361585645928194,11.019859502142555
63,64.0,0.9362495931618365,0.35133559356304284,45.3616108758947,11.019860584285764
64,65.0,0.9385418638380317,0.34516542385272814,45.361652010651966,11.019874746527421
65,66.0,0.9406226283215117,0.3394540780275461,45.36168029251848,11.019872337488659
66,67.0,0.9424999252027694,0.3342063598927677,45.361723352013264,11.01987145667305
67,68.0,0.944183704383599,0.3294193867647509,45.36175676918019,11.019867056621703
68,69.0,0.9456852930300603,0.32508356855837695,45.36179043527431,11.019854552695802
69,70.0,0.9470169302803224,0.3211836449174131,45.361822212283734,11.019859571409429
70,71.0,0.9481913708988302,0.31769973898792697,45.36186035535586,11.019867361212192
71,72.0,0.9492215547731391,0.3146083914234718,45.36189895021717,11.019864945673028
72,73.0,0.9501203370631474,0.3118835441298744,45.3619362644493,11.019854821877509
73,74.0,0.9509002727216976,0.3094974496466828,45.36195717576454,11.019842823155654
74,75.0,0.9515734487665605,0.30742148851782325,45.36199755544572,11.019843715651339
75,76.0,0.9521513578576865,0.30562688319217574,45.36203290537116,11.019835174957224
76,77.0,0.9526448072117093,0.30408530265793066,45.36205751454058,11.019831874623696
77,78.0,0.9530638575034669,0.3027693569709645,45.36208754097993,11.019826783243396
78,79.0,0.9534177870455436,0.3016529849764105,45.36213829779309,11.019815265344384
79,80.0,0.9537150771302451,0.3007117417967758,45.362154135391286,11.019819406277477
80,81.0,0.9539634149300148,0.29992299507550996,45.36218561792143,11.019815910050566
81,82.0,0.954169710775401,0.2992660405705724,45.36222383857065,11.019806940311193
82,83.0,0.954169710775401,0.2992660405705724,45.36225589,11.01979384
83,84.0,0.1871863868101744,0.9823244151465196,45.3622545909292,11.01979061727856
84,85.0,0.1871863868101744,0.9823244151465196,45.36225472621265,11.019805451579307
85,86.0,0.1871863868101744,0.9823244151465196,45.36224948357079,11.019803047936175
86,87.0,0.1871863868101744,0.9823244151465196,45.362256646355576,11.019805078103326
87,88.0,0.1871863868101744,0.9823244151465196,45.36225671629456,11.019808979530922
88,89.0,0.1871863868101744,0.9823244151465196,45.36226225267584,11.019812418708788
89,90.0,0.1871863868101744,0.9823244151465196,45.36225638164911,11.019815445503527
90,91.0,0.1871863868101744,0.9823244151465196,45.362262555160974,11.01981684221006
91,92.0,0.1871863868101744,0.9823244151465196,45.36225861423216,11.019824635518214
92,93.0,0.1871863868101744,0.9823244151465196,45.362262163176155,11.0198223928687
93,94.0,0.1871863868101744,0.9823244151465196,45.36226398671284,11.019828118506778
94,95.0,0.1871863868101744,0.9823244151465196,45.36226755128767,11.019840520103655
95,96.0,0.1871863868101744,0.9823244151465196,45.36226077988091,11.01983621815287
96,97.0,0.1871863868101744,0.9823244151465196,45.36225927639431,11.019842680497616
97,98.0,0.1871863868101744,0.9823244151465196,45.3622685505325,11.019839610758398
98,99.0,0.1871863868101744,0.9823244151465196,45.362255477695,11.019850827323685
99,100.0,0.1871863868101744,0.9823244151465196,45.36226749189902,11.019847995451622
100,101.0,0.1871863868101744,0.9823244151465196,45.362261098328496,11.019856376993495
101,102.0,0.1871863868101744,0.9823244151465196,45.36226747,11.01985461
102,103.0,-0.954287848765298,0.29888911271389534,45.362236560873484,11.01985778620307
103,104.0,-0.954287848765298,0.29888911271389534,45.36219986719493,11.019887239868678
104,105.0,-0.954287848765298,0.29888911271389534,45.362175319065756,11.019886467724298
105,106.0,-0.954287848765298,0.29888911271389534,45.36213983793732,11.019901876464834
106,107.0,-0.954287848765298,0.29888911271389534,45.362099370359225,11.019912687336
107,108.0,-0.954287848765298,0.29888911271389534,45.36206621743545,11.019916861984917
108,109.0,-0.954287848765298,0.29888911271389534,45.362031008804585,11.019934401323814
109,110.0,-0.954287848765298,0.29888911271389534,45.36200709671397,11.01993209424668
110,111.0,-0.954287848765298,0.29888911271389534,45.36198037399075,11.019953547985994
111,112.0,-0.954287848765298,0.29888911271389534,45.361938977274754,11.019945867080484
112,113.0,-0.954287848765298,0.29888911271389534,45.361915592618516,11.019978531851182
113,114.0,-0.954287848765298,0.29888911271389534,45.36186437386961,11.019969681623751
114,115.0,-0.954287848765298,0.29888911271389534,45.36183710862481,11.019992606838995
115,116.0,-0.954287848765298,0.29888911271389534,45.361806316248376,11.01999312908857
116,117.0,-0.954287848765298,0.29888911271389534,45.36178064314274,11.020004364858728
117,118.0,-0.954287848765298,0.29888911271389534,45.36174136272558,11.020011569689578
118,119.0,-0.954287848765298,0.29888911271389534,45.3617104975255,11.020028579211138
119,120.0,-0.954287848765298,0.29888911271389534,45.361667895260915,11.020040756063121
120,121.0,-0.954287848765298,0.29888911271389534,45.3616502310559,11.020047433771897
121,122.0,-0.954287848765298,0.29888911271389534,45.36161454390421,11.02005229126609
122,123.0,-0.954287848765298,0.29888911271389534,45.36157317886951,11.020069485319553
123,124.0,-0.954287848765298,0.29888911271389534,45.361546244451915,11.020079079040707
124,125.0,-0.954287848765298,0.29888911271389534,45.36151711167059,11.020081916458444
125,126.0,-0.954287848765298,0.29888911271389534,45.36148003586409,11.020105990722415
126,127.0,-0.954287848765298,0.29888911271389534,45.361444755945044,11.020110159989407
127,128.0,-0.954287848765298,0.29888911271389534,45.36140752132877,11.020116527681006
128,129.0,-0.954287848765298,0.29888911271389534,45.361381049220526,11.020126735521872
129,130.0,-0.954287848765298,0.29888911271389534,45.36134408536027,11.020145000123012
130,131.0,-0.954287848765298,0.29888911271389534,45.36132213015142,11.020152810876386
131,132.0,-0.954287848765298,0.29888911271389534,45.36128805924559,11.02016665896502
132,133.0,-0.954287848765298,0.29888911271389534,45.36124929241798,11.020162476348464
133,134.0,-0.954287848765298,0.29888911271389534,45.361219183665014,11.020187632528772
134,135.0,-0.954287848765298,0.29888911271389534,45.36117908732371,11.020202556839275
135,136.0,-0.954287848765298,0.29888911271389534,45.36114562507991,11.020202255611482
136,137.0,-0.954287848765298,0.29888911271389534,45.36111259740333,11.020212959409058
137,138.0,-0.954287848765298,0.29888911271389534,45.36109262401686,11.020228070745514
138,139.0,-0.954287848765298,0.29888911271389534,45.36105369925511,11.020230316620317
139,140.0,-0.954287848765298,0.29888911271389534,45.36102051772194,11.02025244982897
140,141.0,-0.954287848765298,0.29888911271389534,45.36098732707852,11.020255846541936
141,142.0,-0.954287848765298,0.29888911271389534,45.36096003788768,11.02026706862324
142,143.0,-0.954287848765298,0.29888911271389534,45.36092188621686,11.020272785187522
143,144.0,-0.954287848765298,0.29888911271389534,45.360896496594464,11.020289421227568
144,145.0,-0.954287848765298,0.29888911271389534,45.36085851351768,11.020283850081826
145,146.0,-0.954287848765298,0.29888911271389534,45.3608232266278,11.020311302658145
146,147.0,-0.954287848765298,0.29888911271389534,45.360788701149986,11.020310080101694
147,148.0,-0.954287848765298,0.29888911271389534,45.36075772359059,11.020325297413295
148,149.0,-0.954287848765298,0.29888911271389534,45.36071688030417,11.020336164318012
149,150.0,-0.954287848765298,0.29888911271389534,45.360687463372464,11.020349343907522
150,151.0,-0.954287848765298,0.29888911271389534,45.3606583694287,11.020361417223423
151,152.0,-0.954287848765298,0.29888911271389534,45.36062776319207,11.020373617660931
152,153.0,-0.954287848765298,0.29888911271389534,45.36059543654424,11.020381933172478
153,154.0,-0.954287848765298,0.29888911271389534,45.36056930613897,11.020391787891116
154,155.0,-0.954287848765298,0.29888911271389534,45.36053316272293,11.020397455786673
155,156.0,-0.954287848765298,0.29888911271389534,45.36048842556414,11.02041199293681
156,157.0,-0.954287848765298,0.29888911271389534,45.3604610826591,11.020420897007481
157,158.0,-0.954287848765298,0.29888911271389534,45.36043229495338,11.020433142455307
158,159.0,-0.954287848765298,0.29888911271389534,45.36040426231188,11.020440809095286
159,160.0,-0.954287848765298,0.29888911271389534,45.36036642657543,11.020456138488981
160,161.0,-0.954287848765298,0.29888911271389534,45.36033584386566,11.020457603870392
161,162.0,-0.954287848765298,0.29888911271389534,45.360307730753945,11.020470599536338
162,163.0,-0.954287848765298,0.29888911271389534,45.360273494249086,11.020477394525994
163,164.0,-0.954287848765298,0.29888911271389534,45.36024014837293,11.020489198119318
164,165.0,-0.954287848765298,0.29888911271389534,45.36019777856923,11.020499003476123
165,166.0,-0.954287848765298,0.29888911271389534,45.360167438419914,11.02050848369138
166,167.0,-0.954287848765298,0.29888911271389534,45.36013362215206,11.020529812730912
167,168.0,-0.954287848765298,0.29888911271389534,45.36010656400772,11.020535273281805
168,169.0,-0.954287848765298,0.29888911271389534,45.36008517563444,11.020541056606334
169,170.0,-0.954287848765298,0.29888911271389534,45.360041483402966,11.020557812190065
170,171.0,-0.954287848765298,0.29888911271389534,45.36001217026722,11.020559955339548
171,172.0,-0.954287848765298,0.29888911271389534,45.35997636569033,11.020572890748737
172,173.0,-0.954287848765298,0.29888911271389534,45.359936996133875,11.020587013400807
173,174.0,-0.954287848765298,0.29888911271389534,45.35991113847527,11.020596455424482
174,175.0,-0.954287848765298,0.29888911271389534,45.35987685719141,11.020608742013389
175,176.0,-0.954287848765298,0.29888911271389534,45.3598441247943,11.020619809580692
176,177.0,-0.954287848765298,0.29888911271389534,45.35980835558336,11.0206240934502
177,178.0,-0.954287848765298,0.29888911271389534,45.35977790560657,11.02064290516715
178,179.0,-0.954287848765298,0.29888911271389534,45.35975043141353,11.020646523917003
179,180.0,-0.954287848765298,0.29888911271389534,45.35969996085128,11.020650734615042
180,181.0,-0.954287848765298,0.29888911271389534,45.35967972,11.02066511
181,182.0,0.18092866714612515,0.9834962213474573,45.35966819486251,11.020666429567036
182,183.0,0.18092866714612515,0.9834962213474573,45.3596820811223,11.020679483039967
183,184.0,0.18092866714612515,0.9834962213474573,45.35969285207627,11.020678222437686
184,185.0,0.18092866714612515,0.9834962213474573,45.359677482778466,11.020682925973038
185,186.0,0.18092866714612515,0.9834962213474573,45.359674862734806,11.020689305608949
186,187.0,0.18092866714612515,0.9834962213474573,45.35969156653713,11.020693231850307
187,188.0,0.18092866714612515,0.9834962213474573,45.35968535402849,11.020694583424175
188,189.0,0.18092866714612515,0.9834962213474573,45.35968827136475,11.020691097834314
189,190.0,0.18092866714612515,0.9834962213474573,45.35969189596264,11.020705740279343
190,191.0,0.18092866714612515,0.9834962213474573,45.35968714372176,11.020700573585898
191,192.0,0.18092866714612515,0.9834962213474573,45.3596853363994,11.020710385909466
192,193.0,0.18092866714612515,0.9834962213474573,45.35968955041814,11.020715237208455
193,194.0,0.18092866714612515,0.9834962213474573,45.3596939263027,11.020714080001872
194,195.0,0.18092866714612515,0.9834962213474573,45.35968756978097,11.020724356181091
195,196.0,0.18092866714612515,0.9834962213474573,45.35969193471027,11.020737075821833
196,197.0,0.18092866714612515,0.9834962213474573,45.359690289813436,11.020733716008937
197,198.0,0.18092866714612515,0.9834962213474573,45.35969351,11.02074007
198,199.0,0.9528191638575232,0.30353853295067884,45.35972636092139,11.020731683623916
199,200.0,0.9528125636302232,0.3035592505399925,45.35975480812105,11.020717705859125
200,201.0,0.9528046368418926,0.3035841300407336,45.359788878618325,11.020712210007447
201,202.0,0.9527951739299815,0.30361382797187686,45.35982443668828,11.020692592944405
202,203.0,0.9527839453034769,0.30364906318304546,45.35984706568995,11.02067785560152
203,204.0,0.9527707022943145,0.3036906137001912,45.3598842814513,11.02067421724308
204,205.0,0.9527551788732906,0.3037393111372381,45.35991426798821,11.020667618504552
205,206.0,0.9527370942344199,0.30379603234695834,45.35994256815157,11.020659305201875
206,207.0,0.9527161563385049,0.3038616880285921,45.35997786703058,11.020654532210859
207,208.0,0.9526920664866915,0.30393720807646674,45.36000579807775,11.020643201278112
208,209.0,0.9526645249676035,0.3040235235442326,45.36005572727936,11.020633490296817
209,210.0,0.9526332377872962,0.30412154521324647,45.36007888356351,11.020630903519669
210,211.0,0.9525979244500777,0.30423213888970374,45.36009372709946,11.020610252251611
211,212.0,0.9525583267110445,0.304356097710322,45.36013160500778,11.02059362145325
212,213.0,0.9525142181692258,0.30449411190607395,45.3601642056089,11.020586499601226
213,214.0,0.9524654145152416,0.304646736651337,45.36019372971802,11.020574210313708
214,215.0,0.952411784191545,0.3048143588039741,45.36023198580682,11.020566539349915
215,216.0,0.9523532591691892,0.30499716351111056,45.36024939211922,11.020551665619733
216,217.0,0.9522898454955118,0.30519510180560605,45.36028881581385,11.020544735101367
217,218.0,0.9522216332252594,0.3054078604388228,45.36031708086155,11.020532321476463
218,219.0,0.952148805316624,0.30563483527589846,45.36035149408245,11.020533240052417
219,220.0,0.9520716450565185,0.3058751096107277,45.36038880099978,11.020526197695775
220,221.0,0.9519905415789774,0.30612743873126635,45.36041517748007,11.020512831384762
221,222.0,0.9519059930591919,0.3063902419758071,45.36045551733997,11.020497749410048
222,223.0,0.9518186072050496,0.30666160336475035,45.36047259955205,11.02047769719478
223,224.0,0.9517290987290081,0.30693928167060963,45.36052499502621,11.020470647093235
224,225.0,0.9516382835654436,0.3072207305059611,45.36054076302511,11.020465515186944
225,226.0,0.951547069700901,0.3075031286729109,45.36057878652532,11.020450862344548
226,227.0,0.9514564446042147,0.3077834206404024,45.36060628899406,11.0204518569102
227,228.0,0.9513674593762304,0.3080583666125895,45.360639922335125,11.02043698095764
228,229.0,0.9512812098795296,0.30832460124054056,45.36067731389205,11.02042836301796
229,230.0,0.9511988152507164,0.3085786996304728,45.3606999747464,11.020416614483738
230,231.0,0.9511213943341708,0.30881724893506646,45.36072891053389,11.020399681674679
231,232.0,0.9510500406989909,0.30903692350016665,45.36075370445957,11.020395127596348
232,233.0,0.9509857970023705,0.30923456129573573,45.360802998213636,11.020386505490416
233,234.0,0.9509296295357235,0.30940723920272417,45.36082301043885,11.020369392801216
234,235.0,0.950882403828386,0.30955234466815196,45.36086135058909,11.02036320195355
235,236.0,0.950844862183307,0.30966764128595664,45.36089237163765,11.02034787262416
236,237.0,0.9508176039774787,0.3097513260125392,45.36091986345346,11.020338921922795
237,238.0,0.9508010694771428,0.3098020759793605,45.36094666915574,11.020335850874456
238,239.0,0.9507955277968076,0.3098190832108151,45.36096946179734,11.020319009424497
239,240.0,0.9508010694771428,0.3098020759793605,45.36102893802667,11.020309641254139
240,241.0,0.9508176039774787,0.3097513260125392,45.361042443452114,11.020301571403749
241,242.0,0.950844862183307,0.30966764128595664,45.36107028888899,11.020290116449221
242,243.0,0.950882403828386,0.30955234466815196,45.36111176841643,11.020275069113694
243,244.0,0.9509296295357235,0.30940723920272417,45.36113371184853,11.020271398774831
244,245.0,0.9509857970023705,0.30923456129573573,45.361161010561815,11.02026305931892
245,246.0,0.9510500406989909,0.30903692350016665,45.36119758514688,11.020251034195265
246,247.0,0.9511213943341708,0.30881724893506646,45.36124080677215,11.020242883613841
247,248.0,0.9511988152507164,0.3085786996304728,45.36125871142699,11.020223345196941
248,249.0,0.9512812098795296,0.30832460124054056,45.36129083824413,11.020218365055785
249,250.0,0.9513674593762304,0.3080583666125895,45.361327191179434,11.020216038079552
250,251.0,0.9514564446042147,0.3077834206404024,45.36135599285853,11.020197642117111
251,252.0,0.951547069700901,0.3075031286729109,45.361390828079735,11.020191119966958
252,253.0,0.9516382835654436,0.3072207305059611,45.36141868573585,11.020183693886327
253,254.0,0.9517290987290081,0.30693928167060963,45.361443012480365,11.020165426673811
254,255.0,0.9518186072050496,0.30666160336475035,45.36148897040251,11.020169821512832
255,256.0,0.9519059930591919,0.3063902419758071,45.36152055431247,11.020143726957498
256,257.0,0.9519905415789774,0.30612743873126635,45.36155179433959,11.020144755446985
257,258.0,0.9520716450565185,0.3058751096107277,45.361574652999714,11.020132296710957
258,259.0,0.952148805316624,0.30563483527589846,45.36160378611068,11.020126699281658
259,260.0,0.9522216332252594,0.3054078604388228,45.361636527975826,11.02012486703773
260,261.0,0.9522898454955118,0.30519510180560605,45.36168083751922,11.020097468991839
261,262.0,0.9523532591691892,0.30499716351111056,45.361710704843325,11.020091495054428
262,263.0,0.952411784191545,0.3048143588039741,45.36172022740762,11.020093251658071
263,264.0,0.9524654145152416,0.304646736651337,45.36177820178953,11.020078382935694
264,265.0,0.9525142181692258,0.30449411190607395,45.3617948376868,11.020082067000324
265,266.0,0.9525583267110445,0.304356097710322,45.361822106750864,11.020058184013513
266,267.0,0.9525979244500777,0.30423213888970374,45.36186607930944,11.020048870855664
267,268.0,0.9526332377872962,0.30412154521324647,45.36189915814873,11.020039285290387
268,269.0,0.9526645249676035,0.3040235235442326,45.3619246631588,11.020036674865466
269,270.0,0.9526920664866915,0.30393720807646674,45.36196331558911,11.020021110792355
270,271.0,0.9527161563385049,0.3038616880285921,45.3619877058234,11.020007528085646
271,272.0,0.9527370942344199,0.30379603234695834,45.362020567808436,11.019997957472686
272,273.0,0.9527551788732906,0.3037393111372381,45.362046232862824,11.01999372483185
273,274.0,0.9527707022943145,0.3036906137001912,45.36208425599101,11.019981144924518
274,275.0,0.9527839453034769,0.30364906318304546,45.36210811325815,11.019969019560174
275,276.0,0.9527951739299815,0.30361382797187686,45.36214160643854,11.019957465711254
276,277.0,0.9528046368418926,0.3035841300407336,45.3621819948615,11.019957137861434
277,278.0,0.9528125636302232,0.3035592505399925,45.362200160637215,11.01993259417504
278,279.0,0.9528191638575232,0.30353853295067884,45.362247303571955,11.019936015722669
279,280.0,0.9528191638575232,0.30353853295067884,45.36227073,11.01991931
280,281.0,0.2108778085845649,0.9775124295100148,45.36226646454114,11.01992867047083
281,282.0,0.2108778085845649,0.9775124295100148,45.36226652323701,11.019929963836447
282,283.0,0.2108778085845649,0.9775124295100148,45.362267769050845,11.019934737251258
283,284.0,0.2108778085845649,0.9775124295100148,45.36227408819654,11.019946728659631
284,285.0,0.2108778085845649,0.9775124295100148,45.362273686258234,11.019947015908992
285,286.0,0.2108778085845649,0.9775124295100148,45.362284735399385,11.019946992910366
286,287.0,0.2108778085845649,0.9775124295100148,45.36229150866976,11.019953173309611
287,288.0,0.2108778085845649,0.9775124295100148,45.36227982597734,11.019960513203777
288,289.0,0.2108778085845649,0.9775124295100148,45.36227836265627,11.019961214534582
289,290.0,0.2108778085845649,0.9775124295100148,45.36228591887075,11.019969516138225
290,291.0,0.2108778085845649,0.9775124295100148,45.36228265060306,11.019979657813497
291,292.0,0.2108778085845649,0.9775124295100148,45.362286062100885,11.019981638430798
292,293.0,0.2108778085845649,0.9775124295100148,45.36228557,11.0199881
293,294.0,-0.9544055299292257,0.29851312272748404,45.36224782703506,11.02000054366882
294,295.0,-0.9544055299292257,0.29851312272748404,45.36223643403399,11.020008549104753
295,296.0,-0.9544055299292257,0.29851312272748404,45.362189533858356,11.020018400238206
296,297.0,-0.9544055299292257,0.29851312272748404,45.36215568686877,11.020016147043362
297,298.0,-0.9544055299292257,0.29851312272748404,45.362140892997594,11.020047024497732
298,299.0,-0.9544055299292257,0.29851312272748404,45.36209395565495,11.0200436458933
299,300.0,-0.9544055299292257,0.29851312272748404,45.36206124276703,11.02005170873251
300,301.0,-0.9544055299292257,0.29851312272748404,45.36204240314863,11.020060316336274
301,302.0,-0.9544055299292257,0.29851312272748404,45.36201478887288,11.020061950125323
302,303.0,-0.9544055299292257,0.29851312272748404,45.36198199573832,11.020070928981564
303,304.0,-0.9544055299292257,0.29851312272748404,45.36195503855622,11.020087877749708
304,305.0,-0.9544055299292257,0.29851312272748404,45.36192682948793,11.02011007240546
305,306.0,-0.9544055299292257,0.29851312272748404,45.36189710178392,11.020110571689537
306,307.0,-0.9544055299292257,0.29851312272748404,45.3618616291105,11.020122097755193
307,308.0,-0.9544055299292257,0.29851312272748404,45.36182462987072,11.020135465732269
308,309.0,-0.9544055299292257,0.29851312272748404,45.36179337058879,11.020141327103959
309,310.0,-0.9544055299292257,0.29851312272748404,45.36176983920568,11.020153309139069
310,311.0,-0.9544055299292257,0.29851312272748404,45.361738844421836,11.020158668159866
311,312.0,-0.9544055299292257,0.29851312272748404,45.361707581215555,11.020180042203764
312,313.0,-0.9544055299292257,0.29851312272748404,45.361676418565935,11.02018154542727
313,314.0,-0.9544055299292257,0.29851312272748404,45.36164135158656,11.020184777346683
314,315.0,-0.9544055299292257,0.29851312272748404,45.361619778278346,11.020199486308764
315,316.0,-0.9544055299292257,0.29851312272748404,45.36158555383386,11.020210416822811
316,317.0,-0.9544055299292257,0.29851312272748404,45.361561725334106,11.02021060693509
317,318.0,-0.9544055299292257,0.29851312272748404,45.36153314908742,11.020239251483007
318,319.0,-0.9544055299292257,0.29851312272748404,45.361488441978864,11.020232699731405
319,320.0,-0.9544055299292257,0.29851312272748404,45.3614607267697,11.02024344404059
320,321.0,-0.9544055299292257,0.29851312272748404,45.36142628817221,11.020259002688583
321,322.0,-0.9544055299292257,0.29851312272748404,45.36139851443775,11.02025942358405
322,323.0,-0.9544055299292257,0.29851312272748404,45.36137175345611,11.020270810378271
323,324.0,-0.9544055299292257,0.29851312272748404,45.36135083726505,11.02028914959016
324,325.0,-0.9544055299292257,0.29851312272748404,45.36131644589065,11.020302483350305
325,326.0,-0.9544055299292257,0.29851312272748404,45.36128226785006,11.020299225026937
326,327.0,-0.9544055299292257,0.29851312272748404,45.361247966198896,11.020312891406109
327,328.0,-0.9544055299292257,0.29851312272748404,45.36122942426354,11.020322132479059
328,329.0,-0.9544055299292257,0.29851312272748404,45.361188861770565,11.020334182346625
329,330.0,-0.9544055299292257,0.29851312272748404,45.36116336434333,11.020337587711193
330,331.0,-0.9544055299292257,0.29851312272748404,45.3611382965685,11.020345901260502
331,332.0,-0.9544055299292257,0.29851312272748404,45.36109990019706,11.020356236641426
332,333.0,-0.9544055299292257,0.29851312272748404,45.361070192713065,11.020369956716648
333,334.0,-0.9544055299292257,0.29851312272748404,45.36103091908641,11.020373299121374
334,335.0,-0.9544055299292257,0.29851312272748404,45.36100621280384,11.020394766562017
335,336.0,-0.9544055299292257,0.29851312272748404,45.36097483031174,11.020390450254238
336,337.0,-0.9544055299292257,0.29851312272748404,45.36095309713366,11.020404780788125
337,338.0,-0.9544055299292257,0.29851312272748404,45.36092075403069,11.020419534960045
338,339.0,-0.9544055299292257,0.29851312272748404,45.36089128011933,11.020426855209005
339,340.0,-0.9544055299292257,0.29851312272748404,45.360853799045024,11.020435713806293
340,341.0,-0.9544055299292257,0.29851312272748404,45.360831035933685,11.020445475985296
341,342.0,-0.9544055299292257,0.29851312272748404,45.360796654512534,11.020451163130664
342,343.0,-0.9544055299292257,0.29851312272748404,45.360764100665385,11.020471006910382
343,344.0,-0.9544055299292257,0.29851312272748404,45.36073275027662,11.020470620029828
344,345.0,-0.9544055299292257,0.29851312272748404,45.36069887177993,11.02048168011659
345,346.0,-0.9544055299292257,0.29851312272748404,45.36067462369049,11.020500694623063
346,347.0,-0.9544055299292257,0.29851312272748404,45.360647414806756,11.02050297522386
347,348.0,-0.9544055299292257,0.29851312272748404,45.360610683706035,11.020503879938234
348,349.0,-0.9544055299292257,0.29851312272748404,45.360583189083385,11.020520091671647
349,350.0,-0.9544055299292257,0.29851312272748404,45.360559800954086,11.020520315148435
350,351.0,-0.9544055299292257,0.29851312272748404,45.360522527166005,11.020538841245312
351,352.0,-0.9544055299292257,0.29851312272748404,45.36049244811639,11.020548167341058
352,353.0,-0.9544055299292257,0.29851312272748404,45.36045115468041,11.020555785187554
353,354.0,-0.9544055299292257,0.29851312272748404,45.360430918466356,11.020568456306913
354,355.0,-0.9544055299292257,0.29851312272748404,45.36039593801748,11.020585432742251
355,356.0,-0.9544055299292257,0.29851312272748404,45.360360511945174,11.020582436551736
356,357.0,-0.9544055299292257,0.29851312272748404,45.36033358464867,11.020594531925596
357,358.0,-0.9544055299292257,0.29851312272748404,45.360314021524374,11.020608282738193
358,359.0,-0.9544055299292257,0.29851312272748404,45.360283017193964,11.020617904219812
359,360.0,-0.9544055299292257,0.29851312272748404,45.360238396219486,11.02063179960865
360,361.0,-0.9544055299292257,0.29851312272748404,45.36022134200522,11.02063948311979
361,362.0,-0.9544055299292257,0.29851312272748404,45.36017564171143,11.020641491772906
362,363.0,-0.9544055299292257,0.29851312272748404,45.3601637850186,11.020646421982509
363,364.0,-0.9544055299292257,0.29851312272748404,45.36011965647988,11.020667987999992
364,365.0,-0.9544055299292257,0.29851312272748404,45.360097998861804,11.020680305860719
365,366.0,-0.9544055299292257,0.29851312272748404,45.36006794083743,11.02068731449179
366,367.0,-0.9544055299292257,0.29851312272748404,45.360043912605825,11.020687506926018
367,368.0,-0.9544055299292257,0.29851312272748404,45.360006736318105,11.020702897999715
368,369.0,-0.9544055299292257,0.29851312272748404,45.35997533800464,11.020708932876225
369,370.0,-0.9544055299292257,0.29851312272748404,45.35994566844218,11.020722629547949
370,371.0,-0.9544055299292257,0.29851312272748404,45.35992309928469,11.020724693219453
371,372.0,-0.9544055299292257,0.29851312272748404,45.35988120593159,11.020734996288722
372,373.0,-0.9544055299292257,0.29851312272748404,45.3598444233748,11.02073734737004
373,374.0,-0.9544055299292257,0.29851312272748404,45.35982698981609,11.020759578274767
374,375.0,-0.9544055299292257,0.29851312272748404,45.35978502314526,11.020762609017549
375,376.0,-0.9544055299292257,0.29851312272748404,45.35975613358473,11.02077677011359
376,377.0,-0.9544055299292257,0.29851312272748404,45.35973040037569,11.02079352582786
377,378.0,-0.9544055299292257,0.29851312272748404,45.35970006,11.02079678
378,379.0,0.18563850809759755,0.9826181070544641,45.35970062918831,11.020795024572683
379,380.0,0.18563850809759755,0.9826181070544641,45.35969937624215,11.020806590423245
380,381.0,0.18563850809759755,0.9826181070544641,45.359696715929935,11.020823441178521
381,382.0,0.18563850809759755,0.9826181070544641,45.359708342086975,11.020824973970603
382,383.0,0.18563850809759755,0.9826181070544641,45.359702496477276,11.020827428447035
383,384.0,0.18563850809759755,0.9826181070544641,45.359704834020484,11.020831897872363
384,385.0,0.18563850809759755,0.9826181070544641,45.35969988170443,11.020832806554013
385,386.0,0.18563850809759755,0.9826181070544641,45.35971433091052,11.020845187508936
386,387.0,0.18563850809759755,0.9826181070544641,45.35970474974424,11.020859221460434
387,388.0,0.18563850809759755,0.9826181070544641,45.35972513855602,11.020860461094948
388,389.0,0.18563850809759755,0.9826181070544641,45.35971467579344,11.020865429593618
389,390.0,0.18563850809759755,0.9826181070544641,45.359710879803075,11.020866981748464
390,391.0,0.18563850809759755,0.9826181070544641,45.359703967891946,11.020886051949265
