,Sin,Cosin,Lat,Lon
0,0.9586381859688312,-0.2846275257286064,45.359679914589854,11.020604235162386
1,0.9587404767474788,-0.28428277866592105,45.359714299138226,11.020588071658507
2,0.9539981283429368,-0.29981255997401685,45.3597478852581,11.020583042644574
3,0.9578366152764057,-0.2873134497997591,45.35977833460779,11.020572199157758
4,0.965324593767177,-0.26105254005321343,45.35982388655461,11.020564154180835
5,0.9558571895487131,-0.2938316408898734,45.3598395136006,11.020543820315252
6,0.9555374130885174,-0.2948698902704449,45.359868408708586,11.02054843422703
7,0.9578587851153382,-0.28723953031810995,45.35990992288157,11.020538139520777
8,0.9491057004683016,-0.3149577262722326,45.359938767624364,11.020523987811568
9,0.958488979309784,-0.28512957851069815,45.359972553745884,11.020513096853294
10,0.9579450195123529,-0.2869518070887129,45.36000853103699,11.020507382271026
11,0.9598126690745914,-0.28064147997740635,45.36003652849478,11.020493028119724
12,0.9456712152650614,-0.3251245186372475,45.36006886593063,11.020489146130592
13,0.9438111404230253,-0.3304852965161816,45.36009785812992,11.020471544539227
14,0.9623492468493886,-0.271815980193245,45.36012529561641,11.020467048529039
15,0.9619589034716581,-0.2731941947253001,45.360164387084204,11.020456071908766
16,0.9607000765261314,-0.2775884777196005,45.36019198466444,11.020437677598066
17,0.9528458626907828,-0.3034547115354414,45.360227043429305,11.020426912011729
18,0.9585578061982496,-0.28489810841140906,45.36026698825887,11.0204268979477
19,0.9587307629019711,-0.28431553644745544,45.36028965653706,11.0204078868964
20,0.9583247731473962,-0.2856809919682997,45.36032211681296,11.020402035796002
21,0.9500189011881389,-0.312192388416632,45.36036142510881,11.020394133716989
22,0.9569666172824343,-0.29019802447124776,45.36039033668862,11.020387824784972
23,0.9590142101258209,-0.28335797990659795,45.36042656004839,11.020370658409059
24,0.9511356408069815,-0.3087733680010189,45.360451185548,11.02035819560943
25,0.9507110346418112,-0.31007826207313677,45.36048297928346,11.020345121318757
26,0.9507029080671145,-0.31010317733414383,45.360514361159744,11.020340587825697
27,0.9570423516807806,-0.2899481627624517,45.36054890074035,11.020326088585424
28,0.9472276933564867,-0.3205615337786953,45.36058294141738,11.020310712255153
29,0.9591042294794756,-0.28305313457826486,45.36061984860517,11.020310372011965
30,0.954277415294624,-0.2989224224754841,45.36064630796103,11.020295098735156
31,0.9516635061734219,-0.3071425906931654,45.3606693262277,11.02029203133359
32,0.949793111978209,-0.31287864171072666,45.36071366057138,11.020283085801076
33,0.9540633512053845,-0.2996049430278997,45.360736408693285,11.0202767647563
34,0.9503577877976598,-0.3111592440734139,45.360780794925525,11.020257546818902
35,0.9585856873101251,-0.28480428382342693,45.360805409384284,11.020248564995425
36,0.9631256335677992,-0.2690520655275207,45.36084524833575,11.020240380783925
37,0.963582092602812,-0.2674126975578869,45.3608694687936,11.02023941637926
38,0.9556884122447756,-0.29438012619920484,45.36091060147559,11.020219927502296
39,0.9454465547404989,-0.32577724311148687,45.36094344578216,11.020207737322128
40,0.9555436492710199,-0.29484968091863717,45.360973685789055,11.020209789189234
41,0.955779914469588,-0.2940829051415724,45.36099769813859,11.020188852334506
42,0.9605182980796887,-0.2782168202213848,45.36102747442825,11.02017611275185
43,0.9568770710281375,-0.2904931512800478,45.36106352267617,11.020173142370764
44,0.9457262244027507,-0.324964472638038,45.36109899974818,11.02015131197691
45,0.9613181674633678,-0.2754403400100868,45.36112498364008,11.020148191711394
46,0.9483004194922393,-0.3173740921859296,45.36116209880258,11.02015085054869
47,0.9578070717801574,-0.2874119225918096,45.361203101294635,11.020125468750834
48,0.9587848991548512,-0.28413292162757525,45.36123458581077,11.020127054580072
49,0.9530212353306775,-0.30290349124562654,45.36124881478533,11.020102300631944
50,0.9439282062495493,-0.33015078592441416,45.36129018552899,11.020102354165102
51,0.9409612289021095,-0.33851435080810355,45.36132392606232,11.020089015852525
52,0.9523640128360706,-0.3049635831616239,45.3613556994965,11.020083465115455
53,0.9568583693728194,-0.29055474692592637,45.36139270972246,11.020076300333796
54,0.9584357272851273,-0.2853085289006081,45.361417084819195,11.020059647996042
55,0.9522045814154599,-0.30546102064160113,45.36145122515657,11.020052993469937
56,0.962926949379553,-0.2697622845369378,45.36148814404466,11.020036225184503
57,0.9553074704312746,-0.29561399990223614,45.361520859394965,11.020019479969362
58,0.9591235588425993,-0.2829876302475199,45.36155133456449,11.020015026168325
59,0.9507768040790324,-0.3098765380361366,45.361588218088045,11.020004269612562
60,0.9537004685429862,-0.3007580693861573,45.36161789767409,11.020000910077858
61,0.9689205976419999,-0.24737193750518605,45.36164636770768,11.019990635199788
62,0.9471825937052837,-0.3206947679363221,45.36168042977769,11.019979997928353
63,0.9496242569173265,-0.3133907635432408,45.361706715442104,11.019963597892472
64,0.951339421992281,-0.30814494018788086,45.36174758057919,11.019961433394615
65,0.9485671486290925,-0.31657600120930374,45.36177500301803,11.019942086895353
66,0.9494744157451456,-0.31384444211330936,45.36181643743738,11.019941210462
67,0.9550664767280467,-0.2963916750353753,45.361837809952036,11.019930517035835
68,0.9593982284671102,-0.2820550286986044,45.36187353303632,11.019925456477447
69,0.960045238276568,-0.2798448506985394,45.361909954572255,11.019913240595542
70,0.9529778877721734,-0.30303984130356004,45.36193395258384,11.019895719973357
71,0.9580695864131757,-0.2865356305768731,45.36197056610174,11.019886827249861
72,0.9573865667681742,-0.28880955969608807,45.36200142170946,11.019883077485417
73,0.9588285243954687,-0.2839856700708823,45.362033234631426,11.019864177463738
74,0.9551513400382977,-0.29611808054059136,45.36206835799763,11.019853499948601
75,0.9574646106287477,-0.28855072239303214,45.36209715740092,11.019848602772807
76,0.9570365764375189,-0.28996722463194535,45.362133689431374,11.019832766541372
77,0.9654117747088594,-0.2607299469824868,45.36215851688363,11.019827028993586
78,0.9455340102275392,-0.3255233255897766,45.362197436772895,11.019821011579252
79,0.9575971198113943,-0.28811066646155653,45.36222986161846,11.019803166480804
80,0.11974363758548148,0.9928048455047935,45.36226175639868,11.01979699202687
81,0.1525000905122524,0.9883034566335154,45.36226599873526,11.01979551419189
82,0.12682398758157798,0.9919252371897328,45.36227265569659,11.019807444610267
83,0.1654886497360049,0.986211694723072,45.3622547582586,11.019811240811569
84,0.14607709417518083,0.9892732092588656,45.362259259098856,11.019817797303268
85,0.14875824147538494,0.9888735943451777,45.36225782489005,11.019835882642976
86,0.16020602052677718,0.9870835987832914,45.36227547273454,11.019829632123216
87,0.12490842502240666,0.9921682747187706,45.36225772585974,11.019831448217358
88,0.1323982137897977,0.9911966066251796,45.36226858802267,11.019833564470675
89,0.13644914525374738,0.9906470767935076,45.3622703295853,11.019848300555381
90,-0.9613195562797391,0.2754354928365726,45.3622709281192,11.019849062350488
91,-0.9592633042184413,0.2825135628247221,45.36223612266682,11.01986930374812
92,-0.9578509023873686,0.28726581557105546,45.362204895902224,11.019872005239064
93,-0.9515892005552244,0.3073727271354258,45.36218080306398,11.019876666623006
94,-0.9507165334071469,0.310061402154956,45.362137896694534,11.019885847699157
95,-0.9520278994362932,0.30601123949116527,45.36211096955135,11.019897818692966
96,-0.9605284474380872,0.27818177809155265,45.36206340743583,11.019910232409826
97,-0.9600317150999412,0.279891239595428,45.36205107410312,11.01992609512508
98,-0.9494361038821685,0.31396032336116647,45.36201361834346,11.019931948792696
99,-0.9440786524627456,0.32972033295525843,45.361981182779886,11.01993917942466
100,-0.954079895421513,0.29955225446067835,45.36194845570165,11.019951998118975
101,-0.946937044329444,0.321419094138193,45.361906368435626,11.01996372593534
102,-0.9598821731328373,0.28040366206913503,45.36188078547398,11.019972702480016
103,-0.9534436175776138,0.30157133169536016,45.36184903933509,11.019984670823442
104,-0.9619720805188344,0.2731477920508696,45.361817388945326,11.01999562919031
105,-0.9585912513917767,0.28478555573474507,45.36178474939882,11.020004056006218
106,-0.9484355175179029,0.31697013914649375,45.36175228812732,11.020012666273965
107,-0.9500838607189,0.3119946435461189,45.36171646172306,11.020027441398385
108,-0.9470075726466098,0.32121123478168684,45.36168495089054,11.020038585927713
109,-0.9506221423952275,0.3103506764740619,45.36165430006328,11.020038928498058
110,-0.9537599600407175,0.30056935742541846,45.361631446248275,11.020055974200044
111,-0.9509623998148586,0.3093065051665823,45.36159001141452,11.020072926904541
112,-0.9427447428978978,0.3335151416928121,45.361552351871694,11.020073128869555
113,-0.9540451500977363,0.29966289656043166,45.36152829068721,11.020086306540225
114,-0.9620543361404078,0.2728579379703645,45.36149409946894,11.020083707965728
115,-0.9572494159252953,0.2892638168016888,45.361468460068544,11.020104544206344
116,-0.9550131958692626,0.29656330810735415,45.361431877701776,11.020108174952936
117,-0.957476379434505,0.2885116684381963,45.36139604712339,11.020121379069355
118,-0.9602957783619258,0.2789839028694365,45.361364968224635,11.020135482830664
119,-0.9541726235591534,0.2992567533912011,45.36133624838134,11.02014821049294
120,-0.9510726789353827,0.3089672464561161,45.36129915219101,11.020159112181519
121,-0.9546362813810049,0.2977743613393319,45.361272352649316,11.020161440564541
122,-0.9514023204259806,0.3079506854807433,45.361230338165214,11.020176302753601
123,-0.9572161118801223,0.2893740056693087,45.36120805997935,11.020194565706737
124,-0.9530680500716688,0.3027561591984329,45.36117841733762,11.02018967271437
125,-0.9519131262969598,0.3063680792503493,45.36114968496248,11.020204931993113
126,-0.9511197409901473,0.3088223409969477,45.361108001206375,11.020217742063974
127,-0.9540007332872328,0.2998042709626102,45.36107554794657,11.020225232012418
128,-0.9473359519199318,0.320241462337338,45.36103418120826,11.020237089812074
129,-0.9509578291072035,0.3093205574476335,45.3610181943445,11.020243722686748
130,-0.9533694754918217,0.30180563811905303,45.360977276112315,11.020261697029587
131,-0.9593630985685134,0.2821744940724104,45.360938421403,11.020265416483442
132,-0.9523755776075333,0.30492746543517063,45.36090237596129,11.020280104862929
133,-0.9509127946385939,0.30945897465192274,45.36087188546223,11.020295499539387
134,-0.9548143504385036,0.297202887261713,45.36085054390091,11.020297952727903
135,-0.958521458860663,0.28502037278697545,45.36081214383809,11.020297343029153
136,-0.9599108555469017,0.28030545731971623,45.36078323570081,11.020314902196667
137,-0.9582961204206593,0.2857770907310684,45.36075147224782,11.020324097493354
138,-0.9654267492667337,0.2606744939580152,45.360719939015006,11.020340345431856
139,-0.9571230294378859,0.2896817331480255,45.36067956731185,11.020348433998386
140,-0.9552256232061737,0.2958783682028431,45.36065037372219,11.020357506521599
141,-0.954343074257532,0.2987127325988679,45.36061587151763,11.020367062380116
142,-0.9505511565479106,0.3105680260191469,45.36059175004041,11.020370939878276
143,-0.9582936040207531,0.28578552883747627,45.36055937359438,11.020387292522763
144,-0.9568887686388364,0.2904546168558031,45.36052147684343,11.020395402314117
145,-0.9584612700360987,0.2852227091954437,45.36049311972645,11.020416456640783
146,-0.9495119742637772,0.3137307934036825,45.36045874010247,11.020436614770944
147,-0.9493168482509352,0.3143207305077267,45.360429072729005,11.020422121931032
148,-0.9508138165062279,0.30976295185328606,45.36039998566118,11.020437603717351
149,-0.9479092132473939,0.3185406150567095,45.36036654339793,11.020447831132055
150,-0.9559169798129394,0.29363706800284645,45.36033774528914,11.020462224916253
151,-0.9593256394843969,0.2823018197388268,45.36028895282382,11.020470387708157
152,-0.9530975724392347,0.30266320789028495,45.360263541678876,11.020481213212937
153,-0.9613902353970238,0.2751886903258474,45.36023350872335,11.020493481955938
154,-0.9577397275150449,0.2876362535206706,45.360204070691296,11.020497895669992
155,-0.9671723297905319,0.2541213971462353,45.360160959187134,11.02051900282834
156,-0.950637723760526,0.31030294578589784,45.36012411891487,11.020526287804598
157,-0.9580965362931801,0.2864455046653916,45.3601014778426,11.020523190774426
158,-0.9584249471010736,0.2853447402254058,45.36006943220374,11.020540902072606
159,-0.9552737588849182,0.2957229202917476,45.360042963811104,11.020556976449479
160,-0.9517039948733991,0.3070171105036544,45.36001604611998,11.020569085495154
161,-0.9604133428610371,0.2785789131547614,45.35997400242538,11.020577784849943
162,-0.9562824018233067,0.29244481182446674,45.35994023934226,11.020587164829253
163,-0.9552453879110422,0.2958145514924553,45.359904424332115,11.020597405420295
164,-0.9554764320982849,0.2950674290814415,45.359875020687376,11.020600525225474
165,-0.9523087563246435,0.30513608870045317,45.35984417742633,11.020616141457573
166,-0.9578619809646847,0.28722887289130605,45.359820933198385,11.020625820835066
167,-0.9462398018466259,0.32346597564698837,45.359780209822276,11.020643323790257
168,-0.9576792517242512,0.28783754240348564,45.35973968006464,11.020652643767306
169,-0.956327400554691,0.292297627339511,45.35971937857044,11.02064525075582
170,0.13506939667630144,0.9908361408837991,45.359681118830544,11.02066738578895
171,0.14648345746319424,0.9892131199542537,45.359676220886435,11.020675986752476
172,0.15109186402503766,0.9885197259667808,45.359685697034465,11.02068952410301
173,0.15339181314763778,0.9881654475133606,45.35968392370245,11.02069787329558
174,0.14754105302535217,0.9890559325296877,45.359690510515364,11.020694300187975
175,0.14153522683578953,0.9899332197499696,45.35968691484099,11.02070555204992
176,0.11926713601738219,0.9928622010461529,45.35968392328599,11.020714688138025
177,0.1080236047334323,0.9941483293857085,45.35969198414477,11.020715780693958
178,0.16442095597484216,0.9863902621357933,45.35968435351089,11.020729199103059
179,0.12894691303366196,0.9916514980672844,45.35969284580601,11.020736340497654
180,0.9493330055092055,-0.3142719278759379,45.35969794590247,11.020742923085871
181,0.9439779014827162,-0.33000866884414937,45.35972796229186,11.020727638088806
182,0.9529511960858703,-0.3031237666012171,45.359759773083304,11.020721694818349
183,0.9580995769550588,-0.2864353341306505,45.359796820735326,11.020707115159645
184,0.9535655628206324,-0.3011855199085283,45.359827284906295,11.020701974379898
185,0.9591657073765352,-0.2828447379621388,45.35985079253522,11.020696753225355
186,0.9563710660967101,-0.2921547260152438,45.359886241526205,11.020692310321383
187,0.9510196558930305,-0.309130416014183,45.35991773315352,11.02066774917343
188,0.9517543150005805,-0.3068610823773127,45.35995579638742,11.02065369337793
189,0.9495481379540515,-0.31362132215140226,45.35999622082299,11.020654212329173
190,0.9611580151802199,-0.2759986772700551,45.360023740836546,11.020646305168977
191,0.9641209804590508,-0.2654632461164417,45.36004568588036,11.020635343576336
192,0.9487914054464942,-0.3159032588481261,45.36009065394011,11.020616452259704
193,0.9542987398295506,-0.29885433769602837,45.3601080995922,11.020606640853325
194,0.9487146562278475,-0.31613367593231373,45.360146193936394,11.020596962960107
195,0.9549290553335155,-0.2968341275524763,45.360185878094526,11.020592820537804
196,0.9464478625190172,-0.32285669194424843,45.36021393614455,11.020579659238761
197,0.9483807018774709,-0.3171341109158643,45.36024798241593,11.02056280643884
198,0.9460415914680796,-0.32404522402365865,45.3602803630069,11.020560108552244
199,0.9628840847403866,-0.2699152447596618,45.36031367659488,11.020541395974643
200,0.9607323937997886,-0.27747660712883143,45.36034582866785,11.02054347873876
201,0.9535202477260315,-0.30132895177278846,45.360375323035065,11.020528833186134
202,0.9550855287073117,-0.29633027664056694,45.36040575862682,11.020517755862109
203,0.9407391220204344,-0.3391311019358475,45.360437798720675,11.020505143810409
204,0.9480682047315587,-0.31806709854538423,45.360470659863,11.020485847508091
205,0.9530275224950672,-0.30288370931252523,45.360503660059386,11.02048192063438
206,0.9407892249989309,-0.338992085639047,45.360533328068556,11.020471375422462
207,0.9511221948352734,-0.3088147834734152,45.36056870416767,11.020470780263343
208,0.9452668930476925,-0.3262981779108831,45.36059855861564,11.020457815998984
209,0.9489776632595133,-0.31534329647943027,45.36063371933751,11.020449493753528
210,0.9575497921998711,-0.28826792304726445,45.360666206846645,11.020425645535944
211,0.9590368986176346,-0.28328118026065324,45.36068728364325,11.020424624392252
212,0.958133550803927,-0.28632167019605526,45.360724112457916,11.020424092479534
213,0.9547010824651326,-0.2975665356519514,45.36074979455852,11.020404267219954
214,0.9549378559160104,-0.2968058141926011,45.36079715699102,11.020388112167167
215,0.9576704628802508,-0.28786678260390886,45.36081659409965,11.020379930936809
216,0.9512584551711861,-0.308394798051667,45.36084668032488,11.02037409284106
217,0.9562900398882161,-0.29241983450271275,45.3608875770339,11.020367961347397
218,0.9612158101115519,-0.2757973284707323,45.3609139273579,11.020348754705603
219,0.9505603294964468,-0.3105399491009274,45.36094070967562,11.020339318700268
220,0.9477161323420542,-0.3191146071533205,45.36097856770384,11.0203256930971
221,0.9535416552252514,-0.3012612018668981,45.36101353766074,11.020319784852543
222,0.9539658611299698,-0.2999152143499145,45.36104367705222,11.02031382533361
223,0.9472366863719893,-0.3205349590778104,45.36108261837623,11.020299414765432
224,0.9541513123538607,-0.2993246951613001,45.36111617342039,11.020296432265605
225,0.9523583536031213,-0.30498125569016893,45.36114874545214,11.02027679549428
226,0.9614867742860971,-0.2748512013306759,45.36117425636722,11.02026818320811
227,0.9535431969854545,-0.3012563218967506,45.361201928793975,11.020263625345265
228,0.9478923605805529,-0.31859076062093666,45.36124133941588,11.020252186130627
229,0.9577114859669286,-0.28773027238547133,45.36127121460518,11.02023911739299
230,0.9555281085420612,-0.294900040328975,45.36130280467909,11.020222664575321
231,0.956480966296449,-0.29179472427138103,45.361335325264896,11.020215160594004
232,0.9594842938665435,-0.2817621156639414,45.36136842544367,11.020216993112848
233,0.9531327798621385,-0.30255231605835087,45.361395656516216,11.020196596031228
234,0.9500937692419851,-0.3119644685658249,45.361427264783906,11.02018742934804
235,0.9610932406483764,-0.27622415314378646,45.36146039539865,11.020177393599417
236,0.9494961289754075,-0.31377874539349615,45.36150324409045,11.0201667187092
237,0.951166690642474,-0.30867770669785033,45.361527106736176,11.020160401060641
238,0.9511564842149357,-0.30870915525115655,45.361565833784,11.020143017047573
239,0.9488381004542431,-0.31576297934745884,45.361595478793625,11.020136438393822
240,0.9525300678782683,-0.3044445266182684,45.361624825638636,11.020124258553519
241,0.9535184345825746,-0.30133468919325646,45.36164900318351,11.020123445649755
242,0.9553433274007246,-0.2954980994708967,45.36169479316765,11.020104907415103
243,0.9592430967623462,-0.2825821673669168,45.36171645371207,11.02009790224033
244,0.957183765317537,-0.2894809828167338,45.36174797138979,11.020085810530738
245,0.9461712896441654,-0.32366632610312873,45.36179013810057,11.020070507387192
246,0.951694261718594,-0.30704728009200855,45.361806818208024,11.020072524188905
247,0.9540883368669957,-0.2995253669630842,45.361853107882794,11.020056801395306
248,0.9555233549479862,-0.29491544237110506,45.36188066493629,11.020037691221553
249,0.9536106015975347,-0.3010428881750702,45.36192122841286,11.020032633442618
250,0.9479559689860118,-0.31840144607679094,45.36195453694694,11.02002720607637
251,0.9535382708222527,-0.3012719138540934,45.36198284654281,11.02001416747519
252,0.9548486518999516,-0.29709266561940745,45.36201036237402,11.02000089569162
253,0.9578558592899582,-0.2872492868988463,45.3620380236415,11.020000634959738
254,0.9551666801546155,-0.29606859529914775,45.36207757446243,11.01998270373331
255,0.9598617511843798,-0.28047356134447987,45.362103314943724,11.019965209811026
256,0.9528814347986772,-0.30334299269311366,45.36212549748177,11.019966007656189
257,0.9503077628352294,-0.31131199124849235,45.362165421468966,11.019955513472032
258,0.9559737258835352,-0.2934522711112516,45.36220080397513,11.019939791978448
259,0.9519272436631326,-0.3063242118604257,45.36223085516408,11.01992692057851
260,0.10422994884261365,0.9945532252042955,45.362264684172935,11.019921877647752
261,0.13118528927191073,0.9913578667053816,45.362265063907046,11.019932749743846
262,0.14820770524472862,0.9889562559112974,45.36226211856868,11.019940040226368
263,0.14265191517541484,0.989772918955043,45.36228033443122,11.019937882093
264,0.1271664863138667,0.9918813864361934,45.362271161948804,11.019939245219494
265,0.12762618134904438,0.9918223418708921,45.36228600852844,11.019955344227524
266,0.11067113587888681,0.9938570821216082,45.36227063676325,11.019950794231159
267,0.14380754250654698,0.9896056743563204,45.36227462949857,11.019969917112448
268,0.1470688379829192,0.9891262593290878,45.36228216389583,11.01997501218056
269,0.14411772504284967,0.98956054960193,45.362279006216845,11.019977402413694
270,-0.9539051737608123,0.3001081796158752,45.362283969022364,11.019986214907355
271,-0.954497515109632,0.2982188687013916,45.36225304913982,11.019991793978932
272,-0.9546025187128908,0.2978825796635394,45.36221269955076,11.020005247274767
273,-0.962837182200503,0.2700825069718427,45.36218359099956,11.020012257991754
274,-0.9463575277523669,0.32312138534369417,45.362149681162215,11.02003363584321
275,-0.9556072792802687,0.2946433908754149,45.36213361440083,11.020037004646694
276,-0.9461766465078945,0.32365066600128434,45.36209254577918,11.020049053527664
277,-0.9524889319527772,0.30457320057329035,45.362055982876534,11.020057936239962
278,-0.9630197598810849,0.26943077418620476,45.36201673053134,11.020080742827165
279,-0.953239411070255,0.30221618947772044,45.361986852959554,11.020081416213628
280,-0.9537960128380556,0.30045493155251707,45.36196679781273,11.020083427196019
281,-0.9564315529786102,0.29195664826635476,45.36192691780839,11.02009960484279
282,-0.9530136396786213,0.30292738830701155,45.361900052593576,11.020110757461579
283,-0.9564676250507022,0.2918384522811711,45.36185929175675,11.020109544690161
284,-0.944854816481868,0.32748950482575107,45.36183131161441,11.020122664488044
285,-0.9546729753606263,0.2976566984230138,45.361804631770994,11.020137820907477
286,-0.95490277329324,0.2969186648846431,45.36177000747012,11.02015398406554
287,-0.9568971621591625,0.2904269633690051,45.361737734799114,11.02016423143448
288,-0.957265719083885,0.28920985990593834,45.36170151292079,11.020157301560726
289,-0.945547014083303,0.32548555138154744,45.361668207416464,11.020180312445042
290,-0.9506687096732626,0.31020800190867726,45.36163331964256,11.020184494305374
291,-0.9513160175701764,0.3082171875713939,45.36161237513161,11.020203498402507
292,-0.9535289390737745,0.3013014476381456,45.36157551437689,11.020214940666317
293,-0.9473456256640616,0.32021284411336115,45.36154328820609,11.020219040853053
294,-0.9553043252964332,0.2956241635420329,45.361501280330096,11.02023781519064
295,-0.9635781324381473,0.26742696701531876,45.361471889180024,11.02024030431274
296,-0.9469775492982778,0.3212997372003716,45.36144388126888,11.020263626623219
297,-0.9426557501334868,0.3337665902097951,45.3614121878426,11.020264111099035
298,-0.9543733628580999,0.298615947777277,45.36137992086194,11.02027041639823
299,-0.9501447089117627,0.3118092880704191,45.361355242228896,11.020281393235697
300,-0.9457991870248468,0.32475205591826345,45.361317062598815,11.020295904293823
301,-0.9444033387002262,0.3287891936360832,45.36128194543853,11.020307648143469
302,-0.9545618820878182,0.29801277366073115,45.361256077539984,11.020317996835267
303,-0.9487907764771322,0.31590514790348156,45.36122078646607,11.020326664430518
304,-0.9505807979767419,0.3104772882481111,45.3611969928154,11.020336105328147
305,-0.9577570877679595,0.28757844291642787,45.36115454451777,11.020339476939615
306,-0.9509003041837178,0.3094973529827242,45.3611163264879,11.020352564815644
307,-0.94804565324444,0.3181343102595552,45.361089241050905,11.020361425004435
308,-0.9496569458953249,0.3132916933350835,45.361053542080676,11.02036772897227
309,-0.9494675678185823,0.3138651584051115,45.36102305016598,11.02039047495379
310,-0.9545782157525752,0.2979604504135238,45.3609895208301,11.020395585817703
311,-0.9518113348124412,0.3066841745551261,45.360954699742486,11.020399187177985
312,-0.9574225161640082,0.28869036274558835,45.36092013288882,11.020407349312343
313,-0.950678170344195,0.31017900707658114,45.36089739974666,11.02042522760942
314,-0.9413266988051812,0.33749673497167304,45.36085733397318,11.020432045187466
315,-0.9466843239173215,0.32216267761676526,45.36083131297765,11.020439789634047
316,-0.9455451152850762,0.3254910674051315,45.36078884715334,11.020455609432425
317,-0.9575531523648562,0.28825676123228516,45.36076716925413,11.020461011306908
318,-0.958086915238991,0.2864776829839184,45.360731667474354,11.020474769407818
319,-0.9494906488965463,0.3137953276548513,45.360708234425694,11.02047957784046
320,-0.9525409944692109,0.30441033795784067,45.360666928615956,11.020510992163041
321,-0.9428798287184081,0.3331330493900977,45.36063213246765,11.02049615595045
322,-0.9448451282266959,0.32751745551386835,45.360598719395085,11.020511866185435
323,-0.9589888344369011,0.2834438488049333,45.36056600094475,11.020531230463254
324,-0.9481100667336602,0.31794229249707323,45.36054296804629,11.02053986469031
325,-0.9572837096265813,0.28915030569510247,45.36051205211687,11.020535349659264
326,-0.9520737824992384,0.3058684564932988,45.36047823653101,11.020558187715338
327,-0.9548235088558601,0.29717346270517375,45.36044393610211,11.020562713351874
328,-0.9566520448321542,0.2912333516588684,45.3604045670832,11.020581817597442
329,-0.9531031809624558,0.3026455458771005,45.36037345658245,11.02058879559761
330,-0.9515756744329599,0.3074145992425499,45.360346276961806,11.020593588168092
331,-0.9502324843159242,0.31154169183399344,45.360311762519636,11.020609885366284
332,-0.9561626656212158,0.2928360580122113,45.36027999444891,11.020609253887885
333,-0.9613504056189207,0.2753278002969127,45.360248879167145,11.020626659288018
334,-0.9501849580831444,0.31168661413755516,45.360211664368386,11.020637337372246
335,-0.9547677186467165,0.2973526583539223,45.360189321280664,11.020641487432428
336,-0.9622341494363799,0.27222314680872856,45.36014724770118,11.020660523981983
337,-0.9460078576099172,0.32414369242713104,45.36012467605942,11.020665398174888
338,-0.9595154698957207,0.2816559302247946,45.36008965912423,11.020677244679353
339,-0.9534185458861012,0.30165058654083915,45.360052323340454,11.020691513995523
340,-0.9444884536180106,0.32854461033816856,45.36002593440165,11.020702764568057
341,-0.9541737229087234,0.2992532481202279,45.3599847258473,11.020712236378063
342,-0.9596329116012653,0.28125553322855373,45.35996036902281,11.020723250116701
343,-0.9441245898025388,0.3295887724577219,45.35992223169379,11.020732263194658
344,-0.966349219917952,0.25723371700452813,45.359888456599855,11.020728783959358
345,-0.9530380662991801,0.30285053109532384,45.35985764506579,11.020737560049325
346,-0.955832703156535,0.2939112852145547,45.35983217846734,11.020759423145883
347,-0.9522247069283651,0.30539827687003934,45.35980109583231,11.020766401225147
348,-0.9548411786393729,0.29711668343358494,45.35976363921542,11.020767432506192
349,-0.9555212442278807,0.2949222809982366,45.35973264054087,11.020791358964651
350,0.10716563386528173,0.9942411814636589,45.35969736845071,11.020798944676018
351,0.10166659859075852,0.9948185275370507,45.359702497079994,11.020807559552017
352,0.13749248288505023,0.9905028102686555,45.35970474295505,11.020817372470528
353,0.14412371739774885,0.9895596768681785,45.3597030627263,11.02081736469247
354,0.1123987167707869,0.9936631866323118,45.35970840447714,11.02082230644037
355,0.14115553069717543,0.9899874323210365,45.359705355015706,11.020838695148129
356,0.13614326098678411,0.9906891603766967,45.35970882900219,11.020844263700996
357,0.1334716266253954,0.9910526347707124,45.35970493481741,11.020846148201917
358,0.13620821341383096,0.9906802322639795,45.35970494949152,11.020856496752309
359,0.13892161693310007,0.9903033799541902,45.35971120421354,11.020873233238682
360,0.9463857247890582,-0.3230387901096229,45.35971524873959,11.020875684103842
361,0.9568368582522255,-0.2906255781757869,45.35974391207381,11.020867022589913
362,0.9612752660852844,-0.27559002669303123,45.35977768886454,11.020853541889153
363,0.9600788394637724,-0.27972955155631296,45.35982022910647,11.020854627063796
364,0.9512938537047282,-0.30828558821911756,45.35984101773888,11.020828176862835
365,0.9484459482289537,-0.31693892674785296,45.359873357233674,11.020820485211386
366,0.9578852560396848,-0.2871512428351784,45.35991029435864,11.020820830434108
367,0.9593765148965311,-0.282128875985756,45.35994624716107,11.020805935969348
368,0.9496005328064716,-0.313462642261666,45.35997504756487,11.020796101844759
369,0.9572162776743208,-0.2893734572404967,45.360002666282796,11.020790836826436
370,0.953676307619703,-0.30083467267728553,45.360037939204275,11.02077963375443
371,0.949550615932479,-0.3136138195013889,45.36006966292736,11.020767140344049
372,0.9601190876318981,-0.27959137605600715,45.36010452770041,11.020755321276356
373,0.9517632633781096,-0.30683332687935194,45.36013643833203,11.020750789634917
374,0.9528329300272473,-0.30349531702431715,45.360162397207986,11.020731834034486
375,0.9495085781473254,-0.3137410716253842,45.360193694860335,11.020727208295149
376,0.9506292399052166,-0.3103289355461879,45.36022423177591,11.020714069746143
377,0.9520363290794435,-0.30598501288941854,45.36026940596401,11.020694063938377
378,0.9600710977872691,-0.2797561209223992,45.36029076153689,11.020688149022936
379,0.9621573522415597,-0.27249445779228454,45.3603268782656,11.020686088527983
380,0.9672204650289147,-0.2539381263797344,45.36036557036467,11.020676581669447
381,0.9561805316383077,-0.2927777158799542,45.360386269530125,11.020660998703644
382,0.9439767112605622,-0.3300120734120092,45.36042953116454,11.02065194416966
383,0.9474810284534018,-0.31981197713794907,45.36046064986745,11.020639988016923
384,0.9539380710808363,-0.3000035942160915,45.36048972077616,11.020634285453893
385,0.9595564532588462,-0.2815162748568965,45.3605269009129,11.020625916543736
386,0.9402584334483548,-0.34046156659635723,45.360550096105,11.020617610211065
387,0.9476420559444111,-0.31933451709054184,45.36058556784543,11.020608091465483
388,0.9528720326576524,-0.3033725257482521,45.36061824888739,11.020582465807726
389,0.9464960203371695,-0.32271548380252896,45.360641600602165,11.020586008255435
390,0.9559937666414047,-0.2933869767777355,45.3606814274114,11.020572760131282
391,0.9536655910072803,-0.3008686433125503,45.3607244374536,11.02055987186598
392,0.956522213888082,-0.29165948353969606,45.36074891408198,11.020554356546091
393,0.9480112707187572,-0.31823675241902416,45.36078960922998,11.02054840584239
394,0.958725711123248,-0.2843325708237141,45.36080976247937,11.020526896496484
395,0.9543242968843483,-0.2987727169207295,45.360853457749755,11.020523384717
396,0.9552690900577311,-0.2957380015829458,45.360875260781214,11.020513680724205
397,0.9543916645163003,-0.2985574495835027,45.36090563663233,11.020497742767805
398,0.9527123640419549,-0.3038735779918841,45.36094059097369,11.020488046609463
399,0.9623494641502673,-0.27181521085048427,45.36097348729979,11.020481017474411
400,0.9531436505967218,-0.3025180677697687,45.360996593254136,11.020466075897998
401,0.9553159096569057,-0.2955867262858714,45.36103208932388,11.020474195254678
402,0.9643171285074612,-0.26474983600962737,45.361064663305974,11.020452294494016
403,0.9513989375316724,-0.3079611366124061,45.36109647583128,11.02044677908374
404,0.9466975631992482,-0.32212377098346134,45.361130596905625,11.020429263574906
405,0.9574012717340527,-0.2887608091171978,45.361160999737606,11.020422554682048
406,0.944863895102208,-0.32746331051322936,45.361201945677436,11.02039824107846
407,0.9488526929093251,-0.31571912700804505,45.36122772053816,11.02040325024212
408,0.9649421313368728,-0.2624627272034131,45.36125425025578,11.020382224648188
409,0.9421665269307954,-0.33514509623618655,45.36129671845241,11.020388537506635
410,0.9506425782918824,-0.31028807314906964,45.36133297307917,11.020380633136346
411,0.9556023141225399,-0.29465949372732997,45.361355497821094,11.02036848882125
412,0.9496083363010432,-0.31343900144615805,45.36139452610298,11.020345767680197
413,0.9550980623970863,-0.29628987698760745,45.361430983851655,11.020345554397588
414,0.9518652187702352,-0.3065168923493324,45.36145504825138,11.020342172435992
415,0.9596150326056189,-0.2813165284822721,45.36148818504972,11.02032866512482
416,0.9617530296259476,-0.2739180717026739,45.36151923543243,11.020311496321256
417,0.9606699386389688,-0.2776927600701896,45.36155306933005,11.020304358920393
418,0.9526435234887158,-0.3040893243029168,45.36158579923374,11.020291667911257
419,0.944281280985702,-0.32913957887194584,45.361616072998586,11.020281204009946
420,0.9556034256911312,-0.2946558888048476,45.361648208135215,11.020271289928981
421,0.9463595956266864,-0.3231153288924788,45.36167875829331,11.020267237559699
422,0.9544380678396694,-0.2984090726812416,45.36171071892337,11.020255968723054
423,0.9499063174725845,-0.31253477890576203,45.36174573780258,11.020234429741867
424,0.9523636180079789,-0.3049648161587704,45.36177478438281,11.020230636395716
425,0.9603842469084429,-0.27867920318908446,45.36180409745191,11.020217996098285
426,0.9517334375100484,-0.3069258280518387,45.361839811305096,11.020207578405955
427,0.9623657862895684,-0.2717574164199771,45.36188859640336,11.020191666634695
428,0.9578351255647866,-0.2873184161070946,45.36190839393254,11.020196320351012
429,0.9589968924701688,-0.2834165842581541,45.3619444573719,11.020184342116657
430,0.941228387437442,-0.33777081383966945,45.3619715727653,11.02016567319114
431,0.9556714552015515,-0.29443517064533736,45.36200270360381,11.020152036015777
432,0.9598813141568354,-0.2804066025123992,45.36202823337338,11.020163560470307
433,0.9580774602785198,-0.28650930195416235,45.36208123577189,11.02014282103955
434,0.9486153390246622,-0.31643157011765605,45.36210220367716,11.020130054046051
435,0.9579061637807333,-0.28708148911220105,45.362131157818595,11.020118309961106
436,0.9551579480931155,-0.29609676491739867,45.36216330772442,11.020101029218878
437,0.947683330379522,-0.319212006855597,45.36219313460618,11.020098550671149
438,0.9460348249536674,-0.32406497801349027,45.362230084509335,11.020085829813329
439,0.9518308078869767,-0.3066237322146238,45.36226930134823,11.020081789186836
440,0.12628770258802166,0.9919936573260131,45.362294537434884,11.02006883768649
441,0.15515277124768093,0.9878904886545699,45.36229549034816,11.020080864308344
442,0.13973926101717107,0.9901883350809456,45.36229675589119,11.020082891200557
443,0.14213700405520407,0.9898469942764947,45.362289085977295,11.020088817153985
444,0.15481468207683707,0.9879435278463278,45.36229956448915,11.020096522059468
445,0.12201614764586514,0.9925281153265445,45.3622925565449,11.020092001811443
446,0.1132254296399155,0.9935693242461023,45.36229356775887,11.020098520890988
447,0.14370163595425886,0.9896210587007885,45.36229637303064,11.020112606740879
448,0.12387010186714965,0.9922984419333842,45.36230319874876,11.020107536910515
449,0.16640016656691023,0.9860583068797223,45.362310315820125,11.02011272661126
450,-0.9626689552905018,0.27068151492093767,45.362299781067044,11.02012628488871
451,-0.9585206706979948,0.28502302335893176,45.362262767490044,11.02013555751108
452,-0.9535306856093845,0.30129592031970354,45.36224098705567,11.020146239216947
453,-0.9598002961848746,0.2806837926269115,45.36221083873585,11.020157884075005
454,-0.9511263607364474,0.3088019525719377,45.36217357375425,11.020170110071195
455,-0.9531705072355788,0.3024334375300942,45.36214057061392,11.020169977557385
456,-0.9527209234442877,0.3038467410249181,45.36210469059158,11.020182103957374
457,-0.9547402698311196,0.2974407792532841,45.36207242315798,11.020200092534015
458,-0.9553441376066858,0.29549548006786447,45.362041119006186,11.020202780034591
459,-0.9597372961209227,0.28089913213554124,45.36200618189724,11.02021356459354
460,-0.9614088010113279,0.27512382182930095,45.36197339869578,11.020231887898348
461,-0.9612147758203502,0.27580093318303683,45.36193976820661,11.020231963887195
462,-0.9543128921618768,0.29880914285482324,45.361916673425455,11.020250272647182
463,-0.9608587153531297,0.2770388585197628,45.36187828066716,11.020262848021378
464,-0.9617124359732506,0.27406055990309197,45.36184596072685,11.020257489651389
465,-0.9477810621034597,0.3189217118950006,45.361815409312456,11.020275171251843
466,-0.9568417024747408,0.2906096288928495,45.36178741468195,11.020282231804604
467,-0.9364453820358901,0.3508134069040916,45.36174509384735,11.020299538632216
468,-0.9414071653037747,0.33727221811870534,45.361726013865756,11.02030242662557
469,-0.9554404258843039,0.29518399784883326,45.361687597855365,11.020316740109662
470,-0.9405401951219459,0.3396824124972796,45.3616497067126,11.020333053904972
471,-0.9486691631105574,0.3162701676780703,45.361622464114795,11.0203258675003
472,-0.9546420880014804,0.2977557452278187,45.361592092157586,11.020351232684797
473,-0.9524828279114176,0.3045922890256233,45.361559030867795,11.020363558502023
474,-0.9560534782214893,0.29319233752025686,45.361527110264,11.020353124684354
475,-0.9497889159202154,0.3128913792278431,45.361495248395336,11.020375663529384
476,-0.9453100639187647,0.32617308756839664,45.36146556153652,11.020387913480041
477,-0.9484866562937757,0.3168170810304471,45.36144215099573,11.020399294248016
478,-0.9540250287163606,0.2997269500441147,45.36140654433793,11.020412965234073
479,-0.9608193026929509,0.2771755176285085,45.36137081826496,11.020422145302145
480,-0.949954071013082,0.31238960124445925,45.361335665659794,11.020424537222969
481,-0.9515382863252074,0.3075303068923248,45.361304328943554,11.020438037049612
482,-0.9505666066027687,0.3105207342701887,45.36126182187664,11.02044345178892
483,-0.9514900646313766,0.307679471053528,45.361233773713984,11.020455795022464
484,-0.9593932740130419,0.2820718805172474,45.36121328921787,11.020467257758806
485,-0.958056925498162,0.2865779606058519,45.361176387402516,11.020472285030465
486,-0.9553679049800551,0.29541862861712104,45.36113950543808,11.020485039513868
487,-0.9525067476392286,0.30451748012509705,45.36110884916158,11.020494058012764
488,-0.9554139588174516,0.29526965183839143,45.361085930007555,11.0205115024599
489,-0.9556209720620185,0.294598977858449,45.36104455910857,11.020515154423444
490,-0.9478267374651784,0.3187859403206416,45.36101894623105,11.020517855820023
491,-0.9503207757144222,0.3112722654615069,45.36098868356377,11.020540428432222
492,-0.953040484062589,0.30284292254854833,45.36094286189728,11.020544451658436
493,-0.9512737074331192,0.30834774775640617,45.360920835381776,11.020556012700643
494,-0.94785451628104,0.3187033353537983,45.360887369358984,11.020565628517103
495,-0.9471932803677692,0.32066320279406024,45.36085415873707,11.020572448142396
496,-0.9586361622598343,0.28463434158185613,45.36082154063416,11.020594693628949
497,-0.9580440132168639,0.28662112402843853,45.360793129523394,11.020594323087996
498,-0.9552428649963518,0.29582269837448505,45.3607559539852,11.020605324195607
499,-0.9577891208829659,0.28747173759908196,45.36071778950477,11.020615325539785
500,-0.947772627377644,0.31894677736838417,45.360687761181296,11.020632803872138
501,-0.9541272327916658,0.299401442289977,45.36066565425893,11.020643014132261
502,-0.9446528330713562,0.3280716765742823,45.36062174658987,11.02065851776432
503,-0.9526487309610191,0.3040730099801031,45.36059034937555,11.020659162260769
504,-0.9459890594277514,0.32419854941532084,45.36055683441496,11.02066828498965
505,-0.9620940063996876,0.27271802809825024,45.36052965722663,11.020667424723024
506,-0.9520993696544753,0.3057888001604226,45.36049530014943,11.020683784537319
507,-0.9552836732100882,0.29569089214624344,45.360459361267026,11.02070098484528
508,-0.9512889425841742,0.30830074232327725,45.36042528495313,11.020708794276612
509,-0.9496686061912144,0.3132563461684953,45.36040679087678,11.020723343774485
510,-0.9577313941499538,0.28766399958907934,45.36036250922949,11.020727729046701
511,-0.9436552347723286,0.33093020092880826,45.360318789620194,11.020738227025399
512,-0.9642611178908822,0.2649537629923875,45.36030422797542,11.020745901809631
513,-0.9570900386153328,0.28979071410813134,45.36026531982602,11.020763081087559
514,-0.9523960727370344,0.30486344588204317,45.36023322805632,11.020762364748663
515,-0.9517860369271377,0.3067626768538396,45.360205432913794,11.020777288706023
516,-0.9593882973404724,0.2820888068076246,45.36017249791596,11.020786027115406
517,-0.9560488116160476,0.2932075541447441,45.360135992290886,11.02079290952779
518,-0.9503277962982497,0.31125083065417253,45.36011475355569,11.020809568815444
519,-0.955599144253168,0.2946697736494411,45.36007206317197,11.020822778345405
520,-0.9459580656231052,0.32428897311285954,45.36004985471334,11.020828103716733
521,-0.9436880651949098,0.33083656933399563,45.360006822623,11.020840519612635
522,-0.9513541618658053,0.308099429893356,45.35998460003043,11.020842302207036
523,-0.9481787259689333,0.317737475945049,45.35994609786238,11.020853580936864
524,-0.9569706718981142,0.29018465349992556,45.35991528196702,11.020872885301896
525,-0.9526229869814092,0.304153653068014,45.35988207538821,11.02088915064996
526,-0.9572186696876507,0.2893655445995675,45.35985545390238,11.02088900258787
527,-0.9529353281475258,0.3031736472194892,45.3598174852224,11.020890630936892
528,-0.9609547075608749,0.2767057101264689,45.35978106709562,11.020912739603393
529,-0.9499521650854098,0.3123953969723983,45.35976165973788,11.020909034533151
530,0.1429923135975326,0.9897237989722308,45.359722530969215,11.020927729453787
531,0.15156713841668346,0.9884469649668504,45.35972022559918,11.020943323793976
532,0.1509019240736581,0.9885487389657972,45.359722293543065,11.020940986345874
533,0.12227102215441556,0.9924967491842552,45.359718098041554,11.020940956875393
534,0.13392270586513663,0.990991780416851,45.359718343604605,11.02096489225358
535,0.1369371932933653,0.9905797318201779,45.359720780618495,11.020963263282482
536,0.13728832080769218,0.9905311287232745,45.3597177893596,11.020966339754077
537,0.17173777645841667,0.9851426983625869,45.35972620171357,11.020987404421858
538,0.07007742126065288,0.9975415555401475,45.35972764070086,11.02098853743299
539,0.14455606340584468,0.9894966116832363,45.35972959399873,11.020998124127141
