,Sin,Cosin,Lat,Lon
0,0.9555805291975823,-0.2947301345612092,45.359662523981854,11.02059836302613
1,0.9660271396303389,-0.25844064211657125,45.35969260767039,11.020595147199634
2,0.9554973372727346,-0.2949997262112528,45.359727953125336,11.020585707977828
3,0.95187901488768,-0.30647404623631647,45.35976534581952,11.020570822361345
4,0.9553065151072659,-0.2956170871137374,45.35979859902397,11.020558841991452
5,0.9616947986225677,-0.2741224439959249,45.35981806351718,11.02054377771163
6,0.9471796599101645,-0.32070343286666736,45.35985710838281,11.020534560233841
7,0.9485289606884755,-0.31669040202576476,45.35989324740278,11.02052870621087
8,0.9555357345238417,-0.294875329669985,45.35991807364534,11.020517229820536
9,0.9529361299988544,-0.3031711268290674,45.35996134369364,11.020511251377664
10,0.9500257511322456,-0.3121715428824549,45.359989048355146,11.020499393397966
11,0.9463199622896101,-0.3232313861186609,45.36002304250599,11.020484370962965
12,0.9496340320401684,-0.3133611418014882,45.36005702888546,11.020477513301344
13,0.9439062847581249,-0.3302134545928037,45.360080469306304,11.020467288416606
14,0.9495083891066655,-0.31374164373902497,45.36011911024084,11.020455971154915
15,0.9517245174596674,-0.30695348648641113,45.360148542330975,11.020453649629388
16,0.9491486918134024,-0.31482814491227873,45.3601883771983,11.020445336494248
17,0.9553717984764843,-0.29540603696574624,45.36021584428583,11.0204206044569
18,0.9541004483107536,-0.2994867852397147,45.360239022339734,11.020426071714361
19,0.9425800019098491,-0.3339804485289951,45.36028373273821,11.020408258718223
20,0.9653520549894347,-0.26095097226811703,45.36031610997172,11.02040825625611
21,0.9499381829185676,-0.31243791164545015,45.36034394601913,11.02038469105442
22,0.9508919254261813,-0.3095230947107013,45.360370508323236,11.020374242140235
23,0.9593394190499128,-0.2822549894279563,45.36041033688272,11.020370469173757
24,0.9470471618989864,-0.3210944925393068,45.360441797484576,11.020363881619367
25,0.9527924974620501,-0.3036222270849572,45.360467665179954,11.020348298025446
26,0.9592179879014449,-0.2826673870228109,45.360506592753886,11.020338663220587
27,0.9619888601166313,-0.27308869074259434,45.36053621325566,11.020323582968624
28,0.9528004032009129,-0.30359741708416726,45.360568782609306,11.020322697526268
29,0.9633297728293977,-0.26832023550314116,45.36060822384512,11.020304340453869
30,0.9575343767504918,-0.28831912413339367,45.36063855658902,11.020290161503517
31,0.9495755447046701,-0.31353833082867094,45.36066467740478,11.020287231541554
32,0.9622388062990949,-0.27220668553893573,45.360695549230215,11.020277952284863
33,0.9459418473650993,-0.32433627827226347,45.36072945127837,11.020261621311564
34,0.9560742499197536,-0.2931245957615643,45.36076616820997,11.020259683784197
35,0.9448867441216968,-0.327397374429147,45.36079011139094,11.020250003480655
36,0.9468394134129985,-0.3217065824749765,45.36082503940843,11.02024277737524
37,0.9529395785745158,-0.3031602869543177,45.36086824300015,11.020228223594646
38,0.9431166646672638,-0.3324619629775648,45.36089000143618,11.020221785615075
39,0.9559572183698659,-0.2935060419251168,45.36092259029758,11.020210796708175
40,0.9472062635145849,-0.32062484987714024,45.36096765689004,11.020193900316473
41,0.9563410557303629,-0.29225294716141875,45.360994067842704,11.020193213885738
42,0.948091399603392,-0.3179979528205826,45.361016323296106,11.020173709919419
43,0.9533230307597819,-0.30195231249815585,45.3610619704813,11.02016713220829
44,0.9563011353365897,-0.29238354699597857,45.361089531582905,11.020146437748677
45,0.9510388696751828,-0.3090712998111451,45.36111970821576,11.020143421742123
46,0.951727680278485,-0.30694367983676407,45.36115617465208,11.020136762177586
47,0.943467158065776,-0.331466018848521,45.36118176202032,11.020132172247868
48,0.9500945190233505,-0.3119621850830453,45.36121572703599,11.020115013850551
49,0.9575983411634962,-0.28810660700671253,45.36125098282052,11.020111352750568
50,0.9629359557137017,-0.26973013401127394,45.36128090592978,11.020107754216992
51,0.9495348000492323,-0.313661702309135,45.36131211214605,11.02008817080591
52,0.9574637296281245,-0.2885536456997238,45.36134793276085,11.020084764227443
53,0.9480602091223772,-0.3180909302052392,45.361382886144646,11.020063038536337
54,0.95162219111478,-0.30727057356327697,45.36141298376652,11.020060852526209
55,0.9613691590808316,-0.2752623112019054,45.361444112294315,11.020039249813816
56,0.9593294229261948,-0.2822889624269677,45.36148287431661,11.020032814937029
57,0.9495166205834696,-0.3137167308827301,45.36151372241087,11.020031604207578
58,0.9652660631453812,-0.26126887939403903,45.36155044828111,11.020027962101201
59,0.9531027002532337,-0.30264705974120165,45.36157279139628,11.020002976636373
60,0.9431034590035879,-0.3324994219776444,45.36161379322529,11.01999722502784
61,0.9463044190416434,-0.3232768882896791,45.36163776098716,11.01998237879822
62,0.9477715224128651,-0.3189500608295912,45.36168126804022,11.019973877624007
63,0.9585665483141282,-0.2848686933538645,45.361705022165935,11.01996930744051
64,0.9528526083658203,-0.3034335293444885,45.36174186750563,11.019954466984018
65,0.9569341013397856,-0.2903052284975539,45.361772411963585,11.019954076810262
66,0.9562438355905521,-0.2925708920844127,45.36180410441934,11.01993403039164
67,0.9609016249802852,-0.27688999098964817,45.36183997316482,11.019929538000664
68,0.9594488428272322,-0.2818828089782792,45.36186677559607,11.01992432412409
69,0.9546226906885898,-0.2978179283093565,45.36190015753929,11.019909974860566
70,0.950101599917437,-0.3119406190837071,45.36193189479593,11.019894950814844
71,0.9551932489413554,-0.2959828663569194,45.36195922643503,11.019882950148551
72,0.9586699115403424,-0.28452065075707944,45.361989116756256,11.019881500978837
73,0.9633993457057898,-0.2680703278873961,45.36202742535953,11.019869340511335
74,0.9456133945310703,-0.32529264990685913,45.36206230569699,11.019854299405033
75,0.9505363399965344,-0.3106133711642059,45.3620905740152,11.019844591754477
76,0.9585224744437513,-0.2850169573660982,45.36212709116887,11.01983002829547
77,0.9447760037136527,-0.32771680275332254,45.36215419065789,11.019828699571294
78,0.950806761720652,-0.309784605599257,45.362193102728064,11.019818053699021
79,0.9556819744981421,-0.29440102516691835,45.3622230502965,11.019811188971474
80,0.15440290904871476,0.9880079664037605,45.36225664360602,11.019796348920206
81,0.12904334169778023,0.9916389544403094,45.3622566356389,11.019802610123845
82,0.11911375011791492,0.992880614441055,45.36225437952415,11.019809978392761
83,0.13305185567933223,0.9911090775995779,45.362266025965546,11.019814882580146
84,0.1569909792287066,0.9876000366751775,45.36226493243462,11.019814068254313
85,0.1253243658168903,0.9921158215312335,45.362265623821564,11.019824291633439
86,0.13639747360077778,0.9906541925391146,45.36226970224773,11.019834346709514
87,0.1265882284858186,0.9919553520238813,45.36226369384645,11.019829090411092
88,0.13732119424214037,0.990526571885839,45.36226448145446,11.019850480693783
89,0.12937496676226962,0.9915957432216325,45.36226361208767,11.019848321552994
90,-0.9556669411898443,0.2944498217300305,45.3622694838897,11.019856883442698
91,-0.9572519295647128,0.28925549838271697,45.362237218060784,11.019863809370078
92,-0.954281874244996,0.29890818738779595,45.362203619085726,11.019885817457627
93,-0.9500053276246784,0.3122336905023663,45.36215850762184,11.019887217420143
94,-0.9537363202349391,0.3006443604405672,45.362133425095614,11.019897388151877
95,-0.9632642520992828,0.2685553585903833,45.3621107754405,11.019916908101216
96,-0.957456162687766,0.2885787527369578,45.362073090268915,11.019913619426282
97,-0.954751138378207,0.29740589060325917,45.362047060934316,11.01991892919912
98,-0.9568199121336342,0.2906813646324521,45.362006214917166,11.019938353742804
99,-0.9548993676324165,0.2969296174099365,45.36197624894274,11.019937698425927
100,-0.9528752729869918,0.30336234791082084,45.36195590574133,11.019968689526525
101,-0.952086646152351,0.3058284130331385,45.36191142369708,11.01997756455479
102,-0.9583948565255742,0.28544578992397857,45.36188484466748,11.019978430541354
103,-0.9623856689691259,0.2716869966760426,45.361844207776905,11.019994654810306
104,-0.9612912958381289,0.2755341077722519,45.361819732021075,11.0200026105089
105,-0.965478347058932,0.2604833226146206,45.36178438096982,11.020010034748829
106,-0.9675273405240886,0.2527663849058736,45.36176163821738,11.020039660586024
107,-0.9616609617651921,0.27424112495547737,45.36172732067493,11.020054963476325
108,-0.9606237054690501,0.27785265248133173,45.36169372989919,11.020056489811962
109,-0.961726415351938,0.2740114997847929,45.36166044037734,11.020076294309904
110,-0.9617858612490963,0.27380277044130547,45.361627366489415,11.020090826525806
111,-0.9695244521788794,0.24499456448509985,45.36159949040318,11.020097066191099
112,-0.9734886680986906,0.22873524670115317,45.36156467262062,11.020119273622996
113,-0.9759033043214201,0.21820343859465993,45.36154406555776,11.02013533598842
114,-0.973115874268418,0.23031607683097716,45.36151570608002,11.020145324894573
115,-0.9760268930814839,0.2176499574585429,45.361490941247865,11.020163701777035
116,-0.9722791414920723,0.23382316185407923,45.36144875627681,11.020169404021743
117,-0.9734821622459842,0.22876293359913763,45.36142128897682,11.020196827529206
118,-0.9745218534055997,0.22429257061907973,45.36139741268103,11.020207493373832
119,-0.9765313724430554,0.2153752043167516,45.36136554221877,11.020235660627185
120,-0.980647645650852,0.195780987533113,45.361336642868984,11.020262487943796
121,-0.9762884914045434,0.21647351235437715,45.361311600720164,11.02026717135745
122,-0.9764632433270045,0.215683876150507,45.36127292231196,11.020279029324085
123,-0.9815579225824648,0.19116496701957728,45.3612476734032,11.020303349036215
124,-0.9838824736209298,0.1788163250420952,45.36122315294434,11.020316773643263
125,-0.9819510649747719,0.1891351527213047,45.361185030186554,11.020339495728878
126,-0.9827829890000156,0.18476362340080715,45.36115864758569,11.020348172514025
127,-0.9853204834957964,0.1707148054610673,45.36112379246801,11.02037149987871
128,-0.9849465159574224,0.17285936683713404,45.361108756226194,11.020382880365428
129,-0.9863827490462045,0.16446602197430435,45.36107072700904,11.020407965935295
130,-0.9893698689728418,0.1454209832474731,45.36103949475646,11.020416656929486
131,-0.9818809013512904,0.18949906480396553,45.36101520517604,11.020429386587344
132,-0.987242797387892,0.15922204308992433,45.36098292443027,11.020441520438164
133,-0.9835511515316704,0.18062982123870103,45.360947854126636,11.020455543387731
134,-0.9851184246133553,0.17187696031551467,45.36091264710906,11.020461731330814
135,-0.9812850255306257,0.19256089600269158,45.36087748505911,11.020470937879406
136,-0.9808798380838448,0.19461434489936832,45.360843546628395,11.02048770138276
137,-0.9828255061030373,0.18453732563714195,45.36081013735195,11.020485155989276
138,-0.977906997900904,0.20904043497955457,45.360775967725026,11.020496595768678
139,-0.9779174743855789,0.20899141918110098,45.36074763938149,11.02050210427318
140,-0.9746510916937015,0.2237303051896991,45.36071632465476,11.020510287545516
141,-0.9685852242079214,0.24868185186315994,45.36068370551261,11.02051395440009
142,-0.9659099966361447,0.2588781149467118,45.36063877393737,11.020522495907134
143,-0.9714550962214394,0.23722351490818483,45.36060107271176,11.020520038108442
144,-0.9717385544969578,0.23605969944944633,45.360578813154966,11.020521604886707
145,-0.9725218937042446,0.23281143929349793,45.36053588761011,11.020523746209625
146,-0.9733386249502348,0.22937288675862758,45.36050983951272,11.020536584069006
147,-0.9648778746503818,0.2626988523198419,45.360463516456406,11.020532133556944
148,-0.9640736043296351,0.26563524885614526,45.36044152930602,11.020526742854276
149,-0.9706764872256385,0.24038959450711425,45.36038989107551,11.020548814618902
150,-0.9670603501512667,0.2545472041985721,45.360360730282544,11.02053629399423
151,-0.9581752687859368,0.286182029986157,45.360324292271535,11.020538189287828
152,-0.964343108971291,0.26465518732793564,45.36029549787095,11.02054355361282
153,-0.9651751771947306,0.2616044291045557,45.36024824013317,11.020542294255067
154,-0.9630291199432491,0.26939731650729404,45.36021751508964,11.020551294749263
155,-0.961896680516692,0.27341319648284906,45.36018002925994,11.020566168167411
156,-0.9598713355996997,0.2804407586176601,45.3601527162043,11.02055760828727
157,-0.9544109268772933,0.2984958670689192,45.36011713272233,11.020559190492996
158,-0.956213575708062,0.2926697757398302,45.36008749759306,11.020574876735855
159,-0.9589545227325802,0.2835599113604201,45.36005373277024,11.020586334580743
160,-0.959441598393178,0.2819074657981653,45.36002621985567,11.020579279023083
161,-0.957007016688891,0.29006476864353714,45.359984754820196,11.020596211919534
162,-0.9524752669688895,0.30461593164597056,45.35996124561545,11.020606561299482
163,-0.9478491563814105,0.31871927576952147,45.35992475198747,11.020605622953417
164,-0.9613119156724952,0.2754621585373886,45.359893897375485,11.020615824636865
165,-0.9493042653451109,0.31435873106624407,45.35985141488768,11.020630598433378
166,-0.9567966059828338,0.29075806915669594,45.35983474265647,11.020631036782431
167,-0.9543391173959985,0.29872537389352555,45.35978169398959,11.02063635406
168,-0.946560731460598,0.32252562945722235,45.359749547763855,11.02065251574004
169,-0.9596792708147558,0.2810973090736706,45.3597245660158,11.02066059169168
170,0.1370439459371844,0.9905649685315779,45.35968961318107,11.020665265285992
171,0.11895164408395266,0.99290004852942,45.35970548037126,11.02067434529704
172,0.08728355789456567,0.9961835074529521,45.359690075020595,11.020675651729892
173,0.10181321434431839,0.9948035330580998,45.35969582430138,11.020681941989373
174,0.10101514402065853,0.9948848881546476,45.3596916451082,11.020698321332628
175,0.12365117200831545,0.9923257467490048,45.35968119995556,11.02070147892044
176,0.09233766603086391,0.99572775166306,45.359688553293594,11.020704194375414
177,0.1188906878631483,0.9929073493229,45.35969663521223,11.020720615577773
178,0.12987629878767043,0.991530204791168,45.359692462678964,11.020723435603557
179,0.13167926450803802,0.9912923742764402,45.35969271737008,11.02072636702206
