,Choice,Sin,Cosin,Lat,Lon
0,0,0.9537169507482269,0.30070579950427306,45.3596665575,11.020597651
1,0,0.955040636077442,0.2964749288570535,45.35969873363235,11.020587331902544
2,0,0.955040636077442,0.2964749288570535,45.359731571526694,11.02057839604892
3,0,0.955040636077442,0.2964749288570535,45.35976277219282,11.020567914295997
4,0,0.955040636077442,0.2964749288570535,45.359794356664985,11.020557795406164
5,0,0.955040636077442,0.2964749288570535,45.35982656277688,11.020548179050317
6,0,0.955040636077442,0.2964749288570535,45.35985825330922,11.020537828482862
7,0,0.955040636077442,0.2964749288570535,45.35989022282901,11.020528809375493
8,0,0.955040636077442,0.2964749288570535,45.35992210560533,11.02051899028984
9,0,0.955040636077442,0.2964749288570535,45.359953457140556,11.020508072685708
10,0,0.955040636077442,0.2964749288570535,45.35998599883216,11.020498833537507
11,0,0.955040636077442,0.2964749288570535,45.36001854929122,11.020487690867375
12,0,0.955040636077442,0.2964749288570535,45.360049962736575,11.020478207960151
13,0,0.955040636077442,0.2964749288570535,45.360081747602464,11.020468707177972
14,0,0.955040636077442,0.2964749288570535,45.36011501336588,11.02045850973788
15,0,0.955040636077442,0.2964749288570535,45.36014578832247,11.020448137746921
16,0,0.955040636077442,0.2964749288570535,45.360177949728325,11.020438893472038
17,0,0.955040636077442,0.2964749288570535,45.3602105143306,11.02042946666492
18,0,0.955040636077442,0.2964749288570535,45.360242000789164,11.020419586816153
19,0,0.955040636077442,0.2964749288570535,45.36027403749919,11.020409059498704
20,0,0.955040636077442,0.2964749288570535,45.36030487576372,11.020398885381786
21,0,0.955040636077442,0.2964749288570535,45.360338219157654,11.020390090180674
22,0,0.955040636077442,0.2964749288570535,45.360369095519324,11.020378766831072
23,0,0.955040636077442,0.2964749288570535,45.360402051634544,11.020369044560674
24,0,0.955040636077442,0.2964749288570535,45.360433702194975,11.02035933410884
25,0,0.955040636077442,0.2964749288570535,45.36046503339398,11.020349780958561
26,0,0.955040636077442,0.2964749288570535,45.36049741323257,11.020339202433073
27,0,0.955040636077442,0.2964749288570535,45.36052947387347,11.020329868439367
28,0,0.955040636077442,0.2964749288570535,45.36056129236182,11.02031974390932
29,0,0.955040636077442,0.2964749288570535,45.36059303366698,11.020309783514628
30,0,0.955040636077442,0.2964749288570535,45.36062596272652,11.020300029323096
31,0,0.955040636077442,0.2964749288570535,45.36065679163281,11.020290061349051
32,0,0.955040636077442,0.2964749288570535,45.360689137037234,11.020279977688965
33,0,0.955040636077442,0.2964749288570535,45.36072139912424,11.020269588954159
34,0,0.955040636077442,0.2964749288570535,45.360754153187244,11.020259385485366
35,0,0.955040636077442,0.2964749288570535,45.36078571205029,11.020250923461985
36,0,0.955040636077442,0.2964749288570535,45.36081786735084,11.020239112653893
37,0,0.955040636077442,0.2964749288570535,45.36084987877477,11.020230464478258
38,0,0.955040636077442,0.2964749288570535,45.36088101019099,11.020220135173169
39,0,0.955040636077442,0.2964749288570535,45.3609128614352,11.020210378919172
40,0,0.955040636077442,0.2964749288570535,45.36094545774301,11.020201125706336
41,0,0.955040636077442,0.2964749288570535,45.36097729627692,11.020190907019007
42,0,0.955040636077442,0.2964749288570535,45.361008375311314,11.020180365570694
43,0,0.955040636077442,0.2964749288570535,45.36104076220459,11.020171557891072
44,0,0.955040636077442,0.2964749288570535,45.36107301627535,11.02016137659805
45,0,0.955040636077442,0.2964749288570535,45.36110567777449,11.020151586786541
46,0,0.955040636077442,0.2964749288570535,45.36113701985087,11.020140388161703
47,0,0.955040636077442,0.2964749288570535,45.36116851416416,11.020130561933065
48,0,0.955040636077442,0.2964749288570535,45.36120105616879,11.020120753461159
49,0,0.955040636077442,0.2964749288570535,45.36123297574147,11.020111547944103
50,0,0.955040636077442,0.2964749288570535,45.36126533267349,11.02010229375601
51,0,0.955040636077442,0.2964749288570535,45.361296839553496,11.020091172533487
52,0,0.955040636077442,0.2964749288570535,45.3613284680843,11.020081853364596
53,0,0.955040636077442,0.2964749288570535,45.36136032837869,11.020071306177917
54,0,0.955040636077442,0.2964749288570535,45.361392412165955,11.020061749593582
55,0,0.955040636077442,0.2964749288570535,45.36142549867185,11.020051997385698
56,0,0.955040636077442,0.2964749288570535,45.361456867200914,11.020041385230945
57,0,0.955040636077442,0.2964749288570535,45.3614878498064,11.020031932842826
58,0,0.955040636077442,0.2964749288570535,45.361521042351995,11.020022170364557
59,0,0.955040636077442,0.2964749288570535,45.36155172704063,11.020012540115214
60,0,0.955040636077442,0.2964749288570535,45.36158438984804,11.020002674306417
61,0,0.955040636077442,0.2964749288570535,45.36161692529135,11.019991800259776
62,0,0.955040636077442,0.2964749288570535,45.36164839896428,11.019982638548427
63,0,0.955040636077442,0.2964749288570535,45.361680096825964,11.01997232659884
64,0,0.955040636077442,0.2964749288570535,45.36171300824183,11.019963012888748
65,0,0.955040636077442,0.2964749288570535,45.361744195669615,11.01995324141984
66,0,0.955040636077442,0.2964749288570535,45.36177620864768,11.019942367357412
67,0,0.955040636077442,0.2964749288570535,45.36180859035917,11.019933218635563
68,0,0.955040636077442,0.2964749288570535,45.36184102965816,11.019922666382612
69,0,0.955040636077442,0.2964749288570535,45.36187308497916,11.019912463809511
70,0,0.955040636077442,0.2964749288570535,45.361904318995215,11.01990323147801
71,0,0.955040636077442,0.2964749288570535,45.3619360601524,11.019892669461402
72,0,0.955040636077442,0.2964749288570535,45.36196841703609,11.019883308657556
73,0,0.955040636077442,0.2964749288570535,45.361999275350186,11.019873220172585
74,0,0.955040636077442,0.2964749288570535,45.36203200255986,11.019863865123048
75,0,0.955040636077442,0.2964749288570535,45.362064390202555,11.01985351029032
76,0,0.955040636077442,0.2964749288570535,45.36209542748973,11.019843357480804
77,0,0.955040636077442,0.2964749288570535,45.362128467567615,11.019834069073596
78,0,0.955040636077442,0.2964749288570535,45.36216011712594,11.019823429508648
79,0,0.955040636077442,0.2964749288570535,45.36219061490014,11.019813577837871
80,0,0.955040636077442,0.2964749288570535,45.3622243249019,11.019803313382972
81,0,0.955040636077442,0.2964749288570535,45.36225589,11.01979384
82,0,0.1871863868101744,0.9823244151465196,45.362256360834074,11.019798786818704
83,0,0.1871863868101744,0.9823244151465196,45.362258570387695,11.019804914368333
84,0,0.1871863868101744,0.9823244151465196,45.362259102415294,11.019810407750603
85,0,0.1871863868101744,0.9823244151465196,45.362260739439016,11.019816574331328
86,0,0.1871863868101744,0.9823244151465196,45.362260595726625,11.019821910529764
87,0,0.1871863868101744,0.9823244151465196,45.36226197025477,11.019827098510682
88,0,0.1871863868101744,0.9823244151465196,45.36226328205511,11.019833396647618
89,0,0.1871863868101744,0.9823244151465196,45.36226378443444,11.019838079553185
90,0,0.1871863868101744,0.9823244151465196,45.36226586756093,11.019844114215099
91,0,0.1871863868101744,0.9823244151465196,45.36226676102317,11.019848888949728
92,0,0.1871863868101744,0.9823244151465196,45.36226747,11.01985461
93,0,-0.954287848765298,0.29888911271389534,45.36223759169072,11.019863634641592
94,0,-0.954287848765298,0.29888911271389534,45.3622073651478,11.019873311566926
95,0,-0.954287848765298,0.29888911271389534,45.36217594749218,11.01988311494897
96,0,-0.954287848765298,0.29888911271389534,45.36214707678003,11.019892420166885
97,0,-0.954287848765298,0.29888911271389534,45.36211638503442,11.019901617542505
98,0,-0.954287848765298,0.29888911271389534,45.36208760593323,11.019910596143587
99,0,-0.954287848765298,0.29888911271389534,45.36205638582468,11.019920396654928
100,0,-0.954287848765298,0.29888911271389534,45.362026468012715,11.019930564190803
101,0,-0.954287848765298,0.29888911271389534,45.361997156575285,11.019940116872231
102,0,-0.954287848765298,0.29888911271389534,45.361967039603584,11.019949598968568
103,0,-0.954287848765298,0.29888911271389534,45.36193611295006,11.019959360793713
104,0,-0.954287848765298,0.29888911271389534,45.36190633201544,11.019968110253176
105,0,-0.954287848765298,0.29888911271389534,45.361876335176305,11.019976798109614
106,0,-0.954287848765298,0.29888911271389534,45.361846012058756,11.019986418195867
107,0,-0.954287848765298,0.29888911271389534,45.361816359904644,11.019994774788131
108,0,-0.954287848765298,0.29888911271389534,45.361784872814965,11.020005281998394
109,0,-0.954287848765298,0.29888911271389534,45.361756253448966,11.020015454182282
110,0,-0.954287848765298,0.29888911271389534,45.3617255569536,11.02002439510173
111,0,-0.954287848765298,0.29888911271389534,45.36169592712888,11.020034113376013
112,0,-0.954287848765298,0.29888911271389534,45.36166540112763,11.020044071843333
113,0,-0.954287848765298,0.29888911271389534,45.36163574106305,11.02005357708397
114,0,-0.954287848765298,0.29888911271389534,45.361605672620364,11.020062702473341
115,0,-0.954287848765298,0.29888911271389534,45.36157560194163,11.020071166036162
116,0,-0.954287848765298,0.29888911271389534,45.36154544170164,11.020080501960368
117,0,-0.954287848765298,0.29888911271389534,45.36151491763388,11.020090933163681
118,0,-0.954287848765298,0.29888911271389534,45.361485858197334,11.020100110174315
119,0,-0.954287848765298,0.29888911271389534,45.36145596884495,11.020108982116046
120,0,-0.954287848765298,0.29888911271389534,45.3614254831575,11.020118333685053
121,0,-0.954287848765298,0.29888911271389534,45.36139533164474,11.020127329869785
122,0,-0.954287848765298,0.29888911271389534,45.36136480243572,11.020137309873421
123,0,-0.954287848765298,0.29888911271389534,45.36133441845192,11.020146642892488
124,0,-0.954287848765298,0.29888911271389534,45.36130443311501,11.020156778591584
125,0,-0.954287848765298,0.29888911271389534,45.361274209373526,11.020165672501893
126,0,-0.954287848765298,0.29888911271389534,45.361243592710814,11.020175006280832
127,0,-0.954287848765298,0.29888911271389534,45.361215005268775,11.020183793051238
128,0,-0.954287848765298,0.29888911271389534,45.361184182931055,11.020194102875521
129,0,-0.954287848765298,0.29888911271389534,45.36115434145837,11.020203413827831
130,0,-0.954287848765298,0.29888911271389534,45.361123822400636,11.020211856001442
131,0,-0.954287848765298,0.29888911271389534,45.361093250848405,11.020222332191953
132,0,-0.954287848765298,0.29888911271389534,45.361063295492,11.020232121138367
133,0,-0.954287848765298,0.29888911271389534,45.36103370222689,11.020241261494515
134,0,-0.954287848765298,0.29888911271389534,45.361003252914756,11.020249945771262
135,0,-0.954287848765298,0.29888911271389534,45.36097394979604,11.02025852503577
136,0,-0.954287848765298,0.29888911271389534,45.36094348039024,11.020268949172305
137,0,-0.954287848765298,0.29888911271389534,45.360913841750296,11.020279184149125
138,0,-0.954287848765298,0.29888911271389534,45.360883457566764,11.020288060705653
139,0,-0.954287848765298,0.29888911271389534,45.360852829793565,11.020297023319984
140,0,-0.954287848765298,0.29888911271389534,45.36082347221368,11.020306033135403
141,0,-0.954287848765298,0.29888911271389534,45.3607920115646,11.020316279984334
142,0,-0.954287848765298,0.29888911271389534,45.36076394701357,11.020326429534833
143,0,-0.954287848765298,0.29888911271389534,45.36073233183489,11.020334637496918
144,0,-0.954287848765298,0.29888911271389534,45.36070259258047,11.020345537618539
145,0,-0.954287848765298,0.29888911271389534,45.360671856788876,11.020354655899643
146,0,-0.954287848765298,0.29888911271389534,45.36064349973579,11.020363130641199
147,0,-0.954287848765298,0.29888911271389534,45.36061318830572,11.02037293394739
148,0,-0.954287848765298,0.29888911271389534,45.36058232687302,11.020381088868701
149,0,-0.954287848765298,0.29888911271389534,45.360552964846605,11.020392380989055
150,0,-0.954287848765298,0.29888911271389534,45.36052162879132,11.020401996425024
151,0,-0.954287848765298,0.29888911271389534,45.36049221684629,11.020411494385703
152,0,-0.954287848765298,0.29888911271389534,45.36046202519648,11.020420410200732
153,0,-0.954287848765298,0.29888911271389534,45.36043199213246,11.020429782294885
154,0,-0.954287848765298,0.29888911271389534,45.36040144066326,11.020439034453394
155,0,-0.954287848765298,0.29888911271389534,45.36037122949842,11.020448387174667
156,0,-0.954287848765298,0.29888911271389534,45.360341380303986,11.020458157567594
157,0,-0.954287848765298,0.29888911271389534,45.36031163086985,11.020466671969592
158,0,-0.954287848765298,0.29888911271389534,45.36028163524412,11.020476327421559
159,0,-0.954287848765298,0.29888911271389534,45.36025153873757,11.020486548374906
160,0,-0.954287848765298,0.29888911271389534,45.360220854952246,11.02049509035594
161,0,-0.954287848765298,0.29888911271389534,45.36019198625416,11.020504961895561
162,0,-0.954287848765298,0.29888911271389534,45.36016043272545,11.020514054694818
163,0,-0.954287848765298,0.29888911271389534,45.360131019296624,11.020523888991798
164,0,-0.954287848765298,0.29888911271389534,45.36010133904736,11.020533086883377
165,0,-0.954287848765298,0.29888911271389534,45.36007111107321,11.020543503292174
166,0,-0.954287848765298,0.29888911271389534,45.36004066095973,11.020552151267166
167,0,-0.954287848765298,0.29888911271389534,45.36001088816844,11.020560906387963
168,0,-0.954287848765298,0.29888911271389534,45.359981035688264,11.020570210327536
169,0,-0.954287848765298,0.29888911271389534,45.35995160365982,11.020579682394242
170,0,-0.954287848765298,0.29888911271389534,45.359920005801136,11.020589587172228
171,0,-0.954287848765298,0.29888911271389534,45.359889845104526,11.020599796219152
172,0,-0.954287848765298,0.29888911271389534,45.359859752539975,11.020609150870838
173,0,-0.954287848765298,0.29888911271389534,45.35982989098881,11.020618320288934
174,0,-0.954287848765298,0.29888911271389534,45.3598001019021,11.020626877620693
175,0,-0.954287848765298,0.29888911271389534,45.359769544473686,11.020636563404434
176,0,-0.954287848765298,0.29888911271389534,45.35974066932233,11.020646637029213
177,0,-0.954287848765298,0.29888911271389534,45.359709327499175,11.02065487672939
178,0,-0.954287848765298,0.29888911271389534,45.35967972,11.02066511
179,0,0.18092866714612515,0.9834962213474573,45.359681455672536,11.02066889396828
180,0,0.18092866714612515,0.9834962213474573,45.35968186510208,11.02067371301998
181,0,0.18092866714612515,0.9834962213474573,45.35968293858431,11.020678096313176
182,0,0.18092866714612515,0.9834962213474573,45.35968226643391,11.020681932288845
183,0,0.18092866714612515,0.9834962213474573,45.35968358679532,11.020684778580126
184,0,0.18092866714612515,0.9834962213474573,45.35968489840219,11.020690854566544
185,0,0.18092866714612515,0.9834962213474573,45.35968514782403,11.020693772648782
186,0,0.18092866714612515,0.9834962213474573,45.359686057216415,11.020698831106106
187,0,0.18092866714612515,0.9834962213474573,45.359686630045864,11.020702086827558
188,0,0.18092866714612515,0.9834962213474573,45.35968704214305,11.02070692490928
189,0,0.18092866714612515,0.9834962213474573,45.35968811639902,11.020710175037955
190,0,0.18092866714612515,0.9834962213474573,45.359688451025086,11.020715861005307
191,0,0.18092866714612515,0.9834962213474573,45.35968963048158,11.02071973368213
192,0,0.18092866714612515,0.9834962213474573,45.359690716826435,11.020724124828012
193,0,0.18092866714612515,0.9834962213474573,45.35969049717913,11.020727120669447
194,0,0.18092866714612515,0.9834962213474573,45.35969094345882,11.020732621871968
195,0,0.18092866714612515,0.9834962213474573,45.35969285553819,11.020736006473959
196,0,0.18092866714612515,0.9834962213474573,45.35969351,11.02074007
197,0,0.9528471844721362,0.30345056111914304,45.35973016789803,11.020729064136086
198,0,0.9528471844721362,0.30345056111914304,45.35976545474459,11.020716980203284
199,0,0.9528471844721362,0.30345056111914304,45.35980239107524,11.020705143957235
200,0,0.9528471844721362,0.30345056111914304,45.359839677064876,11.020693778240764
201,0,0.9528471844721362,0.30345056111914304,45.359875066231645,11.020681858491894
202,0,0.9528471844721362,0.30345056111914304,45.3599115954365,11.020670871913794
203,0,0.9528471844721362,0.30345056111914304,45.35994755307291,11.020658950002746
204,0,0.9528471844721362,0.30345056111914304,45.35998356449824,11.020648364104169
205,0,0.9528471844721362,0.30345056111914304,45.36002026235217,11.0206353772077
206,0,0.9528471844721362,0.30345056111914304,45.36005696461875,11.02062448952014
207,0,0.9528471844721362,0.30345056111914304,45.36009289738296,11.020613940663795
208,0,0.9528471844721362,0.30345056111914304,45.36012878537472,11.020601385837605
209,0,0.9528471844721362,0.30345056111914304,45.36016505789875,11.020589430848652
210,0,0.9528471844721362,0.30345056111914304,45.36020099060799,11.020577907289432
211,0,0.9528471844721362,0.30345056111914304,45.36023839329497,11.020565960802863
212,0,0.9528471844721362,0.30345056111914304,45.36027458628281,11.020555000782254
213,0,0.9528471844721362,0.30345056111914304,45.360310534096584,11.020543278132514
214,0,0.9528471844721362,0.30345056111914304,45.36034703220918,11.020531984961806
215,0,0.9528471844721362,0.30345056111914304,45.36038253623643,11.020520277072668
216,0,0.9528471844721362,0.30345056111914304,45.36041970818356,11.020509804883906
217,0,0.9528471844721362,0.30345056111914304,45.360455785406515,11.020497891852974
218,0,0.9528471844721362,0.30345056111914304,45.36049204736154,11.020485613899135
219,0,0.9528471844721362,0.30345056111914304,45.36052780017275,11.020474555821174
220,0,0.9528471844721362,0.30345056111914304,45.36056477232625,11.020462179815839
221,0,0.9528471844721362,0.30345056111914304,45.36060022180449,11.02045017550479
222,0,0.9528471844721362,0.30345056111914304,45.36063708178659,11.020439120324623
223,0,0.9528471844721362,0.30345056111914304,45.36067316150411,11.020427652135856
224,0,0.9528471844721362,0.30345056111914304,45.360709205431284,11.020416134816852
225,0,0.9528471844721362,0.30345056111914304,45.360745491718795,11.020404791914935
226,0,0.9528471844721362,0.30345056111914304,45.36078222463206,11.020393360978957
227,0,0.9528471844721362,0.30345056111914304,45.36081833952779,11.020382260778845
228,0,0.9528471844721362,0.30345056111914304,45.36085467318054,11.020370483998724
229,0,0.9528471844721362,0.30345056111914304,45.36089133992701,11.020359650941396
230,0,0.9528471844721362,0.30345056111914304,45.360928469946536,11.020346477499594
231,0,0.9528471844721362,0.30345056111914304,45.360965484987204,11.020335887145366
232,0,0.9528471844721362,0.30345056111914304,45.360999903359414,11.020323598246135
233,0,0.9528471844721362,0.30345056111914304,45.36103645486866,11.020312926341594
234,0,0.9528471844721362,0.30345056111914304,45.361072642301636,11.020300851111775
235,0,0.9528471844721362,0.30345056111914304,45.361109372946636,11.020289562350394
236,0,0.9528471844721362,0.30345056111914304,45.36114526179746,11.020277784570371
237,0,0.9528471844721362,0.30345056111914304,45.36118168302593,11.020266585132267
238,0,0.9528471844721362,0.30345056111914304,45.361217838873245,11.020254501687916
239,0,0.9528471844721362,0.30345056111914304,45.361254160231134,11.020243062950353
240,0,0.9528471844721362,0.30345056111914304,45.3612909054987,11.020231241571576
241,0,0.9528471844721362,0.30345056111914304,45.361326676732105,11.020220034956232
242,0,0.9528471844721362,0.30345056111914304,45.361363378384006,11.020208300943981
243,0,0.9528471844721362,0.30345056111914304,45.36139948256877,11.020196695880719
244,0,0.9528471844721362,0.30345056111914304,45.36143600058833,11.020185681594208
245,0,0.9528471844721362,0.30345056111914304,45.36147219101338,11.020173243683818
246,0,0.9528471844721362,0.30345056111914304,45.36150725289405,11.020161803189763
247,0,0.9528471844721362,0.30345056111914304,45.361545774552546,11.020150547608557
248,0,0.9528471844721362,0.30345056111914304,45.36158077571456,11.02013946066506
249,0,0.9528471844721362,0.30345056111914304,45.361617552936295,11.020127040639656
250,0,0.9528471844721362,0.30345056111914304,45.36165362239045,11.020116201103304
251,0,0.9528471844721362,0.30345056111914304,45.3616897705356,11.020104305965834
252,0,0.9528471844721362,0.30345056111914304,45.36172675289279,11.020092501507062
253,0,0.9528471844721362,0.30345056111914304,45.36176260053104,11.020081503906713
254,0,0.9528471844721362,0.30345056111914304,45.36179906638604,11.020068574706473
255,0,0.9528471844721362,0.30345056111914304,45.36183574794618,11.020057762968598
256,0,0.9528471844721362,0.30345056111914304,45.361871556139164,11.020045679507312
257,0,0.9528471844721362,0.30345056111914304,45.361907898248525,11.020035896225085
258,0,0.9528471844721362,0.30345056111914304,45.36194477886244,11.020023178514682
259,0,0.9528471844721362,0.30345056111914304,45.361980356116206,11.020011827161177
260,0,0.9528471844721362,0.30345056111914304,45.36201592612812,11.0199997079552
261,0,0.9528471844721362,0.30345056111914304,45.36205334377833,11.019988571855013
262,0,0.9528471844721362,0.30345056111914304,45.3620901828202,11.01997729680233
263,0,0.9528471844721362,0.30345056111914304,45.362125866078664,11.019965584038806
264,0,0.9528471844721362,0.30345056111914304,45.36216231047345,11.019954428803027
265,0,0.9528471844721362,0.30345056111914304,45.36219886399325,11.019941724663767
266,0,0.9528471844721362,0.30345056111914304,45.36223484036405,11.019931467151405
267,0,0.9528471844721362,0.30345056111914304,45.36227073,11.01991931
268,0,0.2108778085845649,0.9775124295100148,45.36227198107541,11.019922817545677
269,0,0.2108778085845649,0.9775124295100148,45.362271902914124,11.019926441836702
270,0,0.2108778085845649,0.9775124295100148,45.36227278129062,11.01993045943165
271,0,0.2108778085845649,0.9775124295100148,45.36227414308828,11.019933445704924
272,0,0.2108778085845649,0.9775124295100148,45.36227413006167,11.019937985351154
273,0,0.2108778085845649,0.9775124295100148,45.36227513069498,11.019940846467016
274,0,0.2108778085845649,0.9775124295100148,45.36227666146614,11.01994476563004
275,0,0.2108778085845649,0.9775124295100148,45.36227686807772,11.019947843415894
276,0,0.2108778085845649,0.9775124295100148,45.3622781025359,11.019952477387097
277,0,0.2108778085845649,0.9775124295100148,45.36227850334027,11.019955428502955
278,0,0.2108778085845649,0.9775124295100148,45.362279212186536,11.019959048148339
279,0,0.2108778085845649,0.9775124295100148,45.36227997681137,11.019961959624958
280,0,0.2108778085845649,0.9775124295100148,45.36228028234098,11.019966293776982
281,0,0.2108778085845649,0.9775124295100148,45.362282084598235,11.019969707997399
282,0,0.2108778085845649,0.9775124295100148,45.36228180453104,11.019974715039192
283,0,0.2108778085845649,0.9775124295100148,45.362283409506176,11.019976862844338
284,0,0.2108778085845649,0.9775124295100148,45.36228538017951,11.019982283594905
285,0,0.2108778085845649,0.9775124295100148,45.36228477697507,11.019983698196558
286,0,0.2108778085845649,0.9775124295100148,45.36228557,11.0199881
287,0,-0.9544055299292257,0.29851312272748404,45.36225659985025,11.01999778673659
288,0,-0.9544055299292257,0.29851312272748404,45.362227805346905,11.020006428213472
289,0,-0.9544055299292257,0.29851312272748404,45.36219865205618,11.0200157115553
290,0,-0.9544055299292257,0.29851312272748404,45.36216950587286,11.020024093471843
291,0,-0.9544055299292257,0.29851312272748404,45.362140800781326,11.020034172249698
292,0,-0.9544055299292257,0.29851312272748404,45.36211079631728,11.020043023850613
293,0,-0.9544055299292257,0.29851312272748404,45.362081684959506,11.020051526367242
294,0,-0.9544055299292257,0.29851312272748404,45.362053103979626,11.020061763748622
295,0,-0.9544055299292257,0.29851312272748404,45.36202467848749,11.020070347265769
296,0,-0.9544055299292257,0.29851312272748404,45.36199538490399,11.020078608468163
297,0,-0.9544055299292257,0.29851312272748404,45.36196573692483,11.020088383920848
298,0,-0.9544055299292257,0.29851312272748404,45.361936802571456,11.0200965636227
299,0,-0.9544055299292257,0.29851312272748404,45.3619075508763,11.02010689364875
300,0,-0.9544055299292257,0.29851312272748404,45.36187863040717,11.0201152276377
301,0,-0.9544055299292257,0.29851312272748404,45.36184953191225,11.020124579910485
302,0,-0.9544055299292257,0.29851312272748404,45.36181997278094,11.020133757840247
303,0,-0.9544055299292257,0.29851312272748404,45.36179195935398,11.020142036891471
304,0,-0.9544055299292257,0.29851312272748404,45.361763189464476,11.020152125256345
305,0,-0.9544055299292257,0.29851312272748404,45.36173327787386,11.020161032546413
306,0,-0.9544055299292257,0.29851312272748404,45.3617054574562,11.020169495412098
307,0,-0.9544055299292257,0.29851312272748404,45.36167499003041,11.020179111205108
308,0,-0.9544055299292257,0.29851312272748404,45.3616465343207,11.020188338490284
309,0,-0.9544055299292257,0.29851312272748404,45.3616163873623,11.020196804373523
310,0,-0.9544055299292257,0.29851312272748404,45.36158825972999,11.020206798079853
311,0,-0.9544055299292257,0.29851312272748404,45.361559092889834,11.020214753669071
312,0,-0.9544055299292257,0.29851312272748404,45.36153097983897,11.020222917131772
313,0,-0.9544055299292257,0.29851312272748404,45.36150121868959,11.020233402663525
314,0,-0.9544055299292257,0.29851312272748404,45.36147316760222,11.020243217079946
315,0,-0.9544055299292257,0.29851312272748404,45.36144269251205,11.02025086594348
316,0,-0.9544055299292257,0.29851312272748404,45.36141518739669,11.020261508750613
317,0,-0.9544055299292257,0.29851312272748404,45.36138551600317,11.020270892480585
318,0,-0.9544055299292257,0.29851312272748404,45.36135543963814,11.020279274419185
319,0,-0.9544055299292257,0.29851312272748404,45.361326932840484,11.020286914932415
320,0,-0.9544055299292257,0.29851312272748404,45.36129727333051,11.020296995732394
321,0,-0.9544055299292257,0.29851312272748404,45.361268130584506,11.020306336871277
322,0,-0.9544055299292257,0.29851312272748404,45.36124077619048,11.020315249782646
323,0,-0.9544055299292257,0.29851312272748404,45.36121022140568,11.020324480823618
324,0,-0.9544055299292257,0.29851312272748404,45.361181648660846,11.020332857572887
325,0,-0.9544055299292257,0.29851312272748404,45.361152491328504,11.02034246186792
326,0,-0.9544055299292257,0.29851312272748404,45.36112326354442,11.02035173180629
327,0,-0.9544055299292257,0.29851312272748404,45.361094036313496,11.020360797897549
328,0,-0.9544055299292257,0.29851312272748404,45.36106518990212,11.02037023907867
329,0,-0.9544055299292257,0.29851312272748404,45.36103629024516,11.020378647441413
330,0,-0.9544055299292257,0.29851312272748404,45.36100697736556,11.020388793692254
331,0,-0.9544055299292257,0.29851312272748404,45.360978812481555,11.020396856831468
332,0,-0.9544055299292257,0.29851312272748404,45.36094860739503,11.020406421771074
333,0,-0.9544055299292257,0.29851312272748404,45.36091949559483,11.020415077969576
334,0,-0.9544055299292257,0.29851312272748404,45.3608913819458,11.02042336770517
335,0,-0.9544055299292257,0.29851312272748404,45.360861934485264,11.020432987241385
336,0,-0.9544055299292257,0.29851312272748404,45.360832878656296,11.020442788821459
337,0,-0.9544055299292257,0.29851312272748404,45.36080501887432,11.02045182146442
338,0,-0.9544055299292257,0.29851312272748404,45.360774798096344,11.020460685129349
339,0,-0.9544055299292257,0.29851312272748404,45.36074568048611,11.020468525060211
340,0,-0.9544055299292257,0.29851312272748404,45.360716032844486,11.020479220433565
341,0,-0.9544055299292257,0.29851312272748404,45.36068842189359,11.020488062461048
342,0,-0.9544055299292257,0.29851312272748404,45.36065902164523,11.020496771084497
343,0,-0.9544055299292257,0.29851312272748404,45.360629808827255,11.020505543162876
344,0,-0.9544055299292257,0.29851312272748404,45.360600951106484,11.020515185226323
345,0,-0.9544055299292257,0.29851312272748404,45.360571950028344,11.020524677640722
346,0,-0.9544055299292257,0.29851312272748404,45.36054249494615,11.02053292448838
347,0,-0.9544055299292257,0.29851312272748404,45.36051417941779,11.020542498966424
348,0,-0.9544055299292257,0.29851312272748404,45.36048399707465,11.020551170745858
349,0,-0.9544055299292257,0.29851312272748404,45.36045517110371,11.020560528285722
350,0,-0.9544055299292257,0.29851312272748404,45.360425758539584,11.02056925977891
351,0,-0.9544055299292257,0.29851312272748404,45.360397427355515,11.02057859693355
352,0,-0.9544055299292257,0.29851312272748404,45.36036809781228,11.020586538653921
353,0,-0.9544055299292257,0.29851312272748404,45.36033961377176,11.020596531469689
354,0,-0.9544055299292257,0.29851312272748404,45.3603097493279,11.020605220398862
355,0,-0.9544055299292257,0.29851312272748404,45.36028132498099,11.020614504795619
356,0,-0.9544055299292257,0.29851312272748404,45.36025148073038,11.020623333478405
357,0,-0.9544055299292257,0.29851312272748404,45.360222614964066,11.020633813985427
358,0,-0.9544055299292257,0.29851312272748404,45.36019309938553,11.020642025218006
359,0,-0.9544055299292257,0.29851312272748404,45.36016446509045,11.020651767802134
360,0,-0.9544055299292257,0.29851312272748404,45.36013587397721,11.0206602518982
361,0,-0.9544055299292257,0.29851312272748404,45.360106988379606,11.02066934631969
362,0,-0.9544055299292257,0.29851312272748404,45.36007769745406,11.020678809342991
363,0,-0.9544055299292257,0.29851312272748404,45.36004876015908,11.020687227096479
364,0,-0.9544055299292257,0.29851312272748404,45.36001817618462,11.020696420955293
365,0,-0.9544055299292257,0.29851312272748404,45.35999037269244,11.020706164391683
366,0,-0.9544055299292257,0.29851312272748404,45.35996227634098,11.020714926789589
367,0,-0.9544055299292257,0.29851312272748404,45.359931730857596,11.020724188133922
368,0,-0.9544055299292257,0.29851312272748404,45.359904157605776,11.02073326436336
369,0,-0.9544055299292257,0.29851312272748404,45.359874123464095,11.020741781412186
370,0,-0.9544055299292257,0.29851312272748404,45.35984583999288,11.020751866975191
371,0,-0.9544055299292257,0.29851312272748404,45.359816820130256,11.020760555042859
372,0,-0.9544055299292257,0.29851312272748404,45.359787282772686,11.020769294914011
373,0,-0.9544055299292257,0.29851312272748404,45.35975793789369,11.020778832910201
374,0,-0.9544055299292257,0.29851312272748404,45.359728522310654,11.020787885574226
375,0,-0.9544055299292257,0.29851312272748404,45.35970006,11.02079678
376,0,0.18563850809759755,0.9826181070544641,45.35970102586226,11.020802129728741
377,0,0.18563850809759755,0.9826181070544641,45.359700805344914,11.020807118837103
378,0,0.18563850809759755,0.9826181070544641,45.35970283680266,11.020812633268331
379,0,0.18563850809759755,0.9826181070544641,45.35970443546409,11.02081733597242
380,0,0.18563850809759755,0.9826181070544641,45.359703061627286,11.020822683820017
381,0,0.18563850809759755,0.9826181070544641,45.3597057560548,11.02082774503027
382,0,0.18563850809759755,0.9826181070544641,45.35970754311392,11.02083347151382
383,0,0.18563850809759755,0.9826181070544641,45.35970899677645,11.020837455482024
384,0,0.18563850809759755,0.9826181070544641,45.35970910845191,11.020843201337962
385,0,0.18563850809759755,0.9826181070544641,45.35971069533082,11.020849121370901
386,0,0.18563850809759755,0.9826181070544641,45.359710945308144,11.020853630552104
387,0,0.18563850809759755,0.9826181070544641,45.35971204333505,11.020858444395095
388,0,0.18563850809759755,0.9826181070544641,45.35971362126103,11.020864886189608
389,0,0.18563850809759755,0.9826181070544641,45.35971329925575,11.020869465439183
390,0,0.18563850809759755,0.9826181070544641,45.35971454833298,11.020875112842468
