,Choice,Sin,Cosin,Lat,Lon
0,7,0.9537169507482269,0.30070579950427306,45.3596665575,11.020597651
1,7,0.9558010804006082,0.2940141063027931,45.35969757497796,11.020587754265772
2,7,0.9559747312724225,0.2934489958555314,45.359727574007515,11.02057896465832
3,7,0.9561819812142568,0.2927729816789429,45.35975893763983,11.020569207828721
4,7,0.9564278136495603,0.29196889779139484,45.35979037914437,11.020560086858696
5,7,0.9567175936853585,0.29101794778483553,45.35982074154811,11.020551237060749
6,7,0.9570570119931374,0.2898997685317594,45.359851629003394,11.020541854369823
7,7,0.9574520039244999,0.28859255045991633,45.35988411864659,11.020532242156277
8,7,0.9579086412753709,0.2870732223143997,45.35991338119096,11.020523402276984
9,7,0.95843299492132,0.28531770755799407,45.359944491637116,11.020514492968198
10,7,0.9590309677053527,0.2833012583490139,45.35997591598126,11.020505571640992
11,7,0.9597080984861556,0.28099887135020224,45.36000666260054,11.020498341861321
12,7,0.9604693401395205,0.2783857874460443,45.36003808820149,11.020489258895552
13,7,0.96131881650245,0.27543807477966603,45.360070318435554,11.02048230313687
14,7,0.9622595656683307,0.2721332913845631,45.36010158285723,11.020474013716653
15,7,0.9632932795438433,0.26845122012326017,45.36013333580557,11.02046656263986
16,7,0.9644200519756919,0.2643746647226312,45.36016499014076,11.020460731648484
17,7,0.965638149815045,0.25989029151120024,45.360195911845395,11.020455065029067
18,7,0.9669438227447368,0.2549894971480101,45.36022796914038,11.020449123585148
19,7,0.9683311682715645,0.24966927835403993,45.36025975924049,11.020444881910638
20,7,0.9697920677217559,0.24393307562518313,45.3602923895958,11.020440082910158
21,7,0.9713162071600004,0.2377915593714611,45.36032557809492,11.02043593380794
22,7,0.972891193756921,0.23126332417880952,45.36035763046344,11.020434070573424
23,7,0.9745027732566987,0.22437545524188554,45.36038976040396,11.02043183749296
24,7,0.9761351480014752,0.21716393078994056,45.36042251741527,11.02042999093889
25,7,0.9777713877821443,0.2096738258213923,45.360455540992156,11.020428605285948
26,7,0.9793939181108118,0.20195928591563334,45.360488973479946,11.020428002238337
27,7,0.980985063005008,0.19408324544138383,45.36052128501853,11.02042912247921
28,7,0.9825276127975675,0.1861168721269332,45.360553955999286,11.020429131071255
29,7,0.9840053826295739,0.17813872952287996,45.36058831944867,11.020431513257732
30,7,0.9854037248765775,0.17023366000696338,45.36062013861063,11.020433118375735
31,7,0.9867099593685494,0.16249140310464305,45.360653546910044,11.020436072874706
32,7,0.9879136892022301,0.15500497632927596,45.36068690287421,11.020437022970022
33,7,0.9890069771872764,0.14786885769115243,45.36071986825199,11.020440098518007
34,7,0.9899843681161526,0.14117701967976912,45.360753936040396,11.020443798639413
35,7,0.9908427543321628,0.13502087315468334,45.360786216625016,11.0204458920154
36,7,0.9915810954046946,0.12948718560547137,45.36081923629971,11.020447083647127
37,7,0.9922000158079871,0.12465604129214951,45.36085153132992,11.020447642198059
38,7,0.9927013159712523,0.12059891072867904,45.36088378096674,11.020449539747785
39,7,0.993087440646593,0.11737689393572935,45.360916237987894,11.020450937709226
40,7,0.99336095320067,0.11503919617354924,45.36094886366341,11.020448587887666
41,7,0.9935240645371278,0.1136218869127999,45.360981314532026,11.02044779196639
42,7,0.993578260739009,0.11314698310978465,45.36101333228273,11.020443826867801
43,7,0.9935240645371278,0.1136218869127999,45.361045259358455,11.020439816702739
44,7,0.99336095320067,0.11503919617354924,45.36107754053678,11.020434464236041
45,7,0.993087440646593,0.11737689393572935,45.36110882780838,11.020427535807135
46,7,0.9927013159712523,0.12059891072867904,45.36114101563498,11.020418713950262
47,7,0.9922000158079871,0.12465604129214951,45.36117228309729,11.020408059668412
48,7,0.9915810954046946,0.12948718560547137,45.361202867469146,11.02039714747732
49,7,0.9908427543321628,0.13502087315468334,45.361233433298146,11.020384630087237
50,7,0.9899843681161528,0.1411770196797689,45.3612638864772,11.020369609287616
51,7,0.9890069771872764,0.14786885769115243,45.36129493946908,11.020353305563694
52,7,0.9879136892022302,0.1550049763292755,45.36132522365418,11.020337585804228
53,7,0.9867099593685494,0.16249140310464305,45.3613543030101,11.020319641677986
54,7,0.9854037248765775,0.17023366000696338,45.361383617017545,11.020301294625098
55,7,0.9840053826295739,0.17813872952287974,45.36141350537403,11.020280980394299
56,7,0.9825276127975675,0.1861168721269332,45.36144228370111,11.020261281071997
57,7,0.980985063005008,0.19408324544138383,45.36147113492682,11.020240210852576
58,7,0.9793939181108118,0.2019592859156331,45.36150003223637,11.020220349862957
59,7,0.9777713877821443,0.2096738258213923,45.36152881533723,11.0201987390228
60,7,0.9761351480014753,0.21716393078994034,45.36155625144949,11.020177159484223
61,7,0.9745027732566987,0.22437545524188532,45.361584553673204,11.020156290471384
62,7,0.972891193756921,0.23126332417880952,45.361613440472325,11.020135462192412
63,7,0.9713162071600004,0.2377915593714611,45.36164216349423,11.020113661967992
64,7,0.9697920677217559,0.24393307562518313,45.36167078478064,11.02009322879139
65,7,0.9683311682715645,0.24966927835403993,45.36169767983923,11.02007367317147
66,7,0.9669438227447368,0.2549894971480101,45.36172570092213,11.02005400547796
67,7,0.965638149815045,0.25989029151120024,45.36175517493109,11.020035193905292
68,7,0.9644200519756919,0.2643746647226312,45.36178241502005,11.020017557750784
69,7,0.9632932795438433,0.26845122012326017,45.36181294923881,11.019999441769265
70,7,0.9622595656683307,0.2721332913845631,45.36184091703051,11.019983134100302
71,7,0.96131881650245,0.27543807477966603,45.36186919847614,11.019965770548616
72,7,0.9604693401395205,0.2783857874460443,45.361898256033484,11.01995060009456
73,7,0.9597080984861556,0.28099887135020224,45.36192759654808,11.01993514246247
74,7,0.9590309677053527,0.2833012583490139,45.36195800411028,11.019921689847259
75,7,0.95843299492132,0.28531770755799407,45.36198630217131,11.019907117443864
76,7,0.9579086412753709,0.2870732223143997,45.362015922319166,11.019892525308874
77,7,0.9574520039244999,0.28859255045991633,45.36204624754509,11.019881073087975
78,7,0.9570570119931374,0.2898997685317594,45.36207559042134,11.01986788117217
79,7,0.9567175936853585,0.29101794778483553,45.362106829844436,11.019854907971114
80,7,0.9564278136495603,0.29196889779139484,45.362135519447236,11.019843364932932
81,7,0.9561819812142568,0.2927729816789429,45.36216624342163,11.019832338873558
82,7,0.9559747312724225,0.2934489958555314,45.36219818182884,11.019821074712922
83,7,0.9558010804006082,0.2940141063027931,45.362226689992234,11.01981007838481
84,7,0.9558010804006082,0.2940141063027931,45.36225589,11.01979384
85,7,0.1871863868101744,0.9823244151465196,45.36225712763365,11.019797067490323
86,7,0.1871863868101744,0.9823244151465196,45.36225756082835,11.019799081812234
87,7,0.1871863868101744,0.9823244151465196,45.36225743684489,11.01980345517714
88,7,0.1871863868101744,0.9823244151465196,45.36225814387775,11.019805521857766
89,7,0.1871863868101744,0.9823244151465196,45.36225887919928,11.019809747261048
90,7,0.1871863868101744,0.9823244151465196,45.36225863770977,11.01981273062006
91,7,0.1871863868101744,0.9823244151465196,45.36225979446052,11.019815443589776
92,7,0.1871863868101744,0.9823244151465196,45.36226038764518,11.01981882751146
93,7,0.1871863868101744,0.9823244151465196,45.36226068671742,11.019821060061245
94,7,0.1871863868101744,0.9823244151465196,45.36226122471208,11.01982435371833
95,7,0.1871863868101744,0.9823244151465196,45.36226313227752,11.019827529345271
96,7,0.1871863868101744,0.9823244151465196,45.36226305353616,11.019830258301553
97,7,0.1871863868101744,0.9823244151465196,45.362263566889574,11.019833485239024
98,7,0.1871863868101744,0.9823244151465196,45.36226349707746,11.019836986173482
99,7,0.1871863868101744,0.9823244151465196,45.36226415089764,11.019839013548006
100,7,0.1871863868101744,0.9823244151465196,45.36226510283015,11.019842742955829
101,7,0.1871863868101744,0.9823244151465196,45.36226619564951,11.019845537784988
102,7,0.1871863868101744,0.9823244151465196,45.362266739908954,11.019848567320649
103,7,0.1871863868101744,0.9823244151465196,45.362266828532945,11.019851325780259
104,7,0.1871863868101744,0.9823244151465196,45.36226747,11.01985461
105,7,-0.9543264786497334,0.298765747949794,45.36223704541158,11.01986402733477
106,7,-0.954335232075257,0.29873778605972423,45.362206347362125,11.019873288869304
107,7,-0.954345679603388,0.29870440877621407,45.362175881795224,11.019883915909178
108,7,-0.954358079155476,0.29866478994128226,45.36214504130677,11.019893527782772
109,7,-0.9543727123793856,0.2986180266923192,45.36211525209213,11.019901671558886
110,7,-0.9543898835144565,0.298563142811135,45.362084998062336,11.019911446588777
111,7,-0.9544099173910133,0.2984990947820094,45.36205394493763,11.019920666338558
112,7,-0.95443315644979,0.2984247809235866,45.36202351396843,11.019930801949473
113,7,-0.9544599566811389,0.2983390539172476,45.361994129787504,11.019940604675897
114,7,-0.9544906824059055,0.2982407369899504,45.36196371617729,11.019950383782929
115,7,-0.9545256998498112,0.29812864392109006,45.361932119351295,11.019959402319852
116,7,-0.9545653695011529,0.29800160293046674,45.36190162920702,11.01996856757309
117,7,-0.9546100372871903,0.2978584843689185,45.36187157420557,11.01997834941327
118,7,-0.9546600246568676,0.2976982319768611,45.361841414406,11.019988451527052
119,7,-0.9547156177149934,0.29751989730281664,45.36181009412363,11.019996707462347
120,7,-0.9547770556136247,0.2973226766894469,45.36178008816467,11.020006642685807
121,7,-0.9548445184675707,0.2971059500454896,45.36174871149181,11.02001627051117
122,7,-0.9549181151195467,0.29686932043667313,45.36171880442764,11.02002505149447
123,7,-0.9549978711331332,0.29661265335650044,45.361688608510626,11.020034068019068
124,7,-0.9550837174347493,0.2963361143887459,45.36165767276806,11.020043095234774
125,7,-0.9551754800557344,0.2960402038580188,45.36162699011584,11.020052684563282
126,7,-0.9552728714391355,0.29572578699266105,45.361595980250755,11.020062384188204
127,7,-0.9553754837701874,0.2953941181047455,45.3615665907605,11.020071003246242
128,7,-0.9554827847628988,0.29504685733241764,45.36153631086589,11.020081033631742
129,7,-0.9555941162867654,0.29468607859570817,45.36150491073081,11.020089380561366
130,7,-0.9557086961478154,0.29431426759068713,45.361474672348514,11.020099642184634
131,7,-0.955825623248613,0.29393430888788824,45.36144419893415,11.020107991773708
132,7,-0.955943886245469,0.29354946150505856,45.361413760261236,11.020116867497633
133,7,-0.9560623757020655,0.2931633226836577,45.36138308558995,11.02012564482377
134,7,-0.9561798996121061,0.29277978000159544,45.361352065712666,11.020134796443669
135,7,-0.9562952020351787,0.29240295238676495,45.36132248417563,11.02014393392607
136,7,-0.9564069844658977,0.29203712103917234,45.36129061080336,11.020152903166107
137,7,-0.9565139294424311,0.29168665170453045,45.36126100629134,11.02016151848486
138,7,-0.9566147258023193,0.2913559101479724,45.36123009443966,11.020171034361613
139,7,-0.9567080949156056,0.29104917303258687,45.36119919612573,11.020179351524456
140,7,-0.9567928171713552,0.29077053669397385,45.36116856966444,11.02018729084881
141,7,-0.9568677579659228,0.29052382650183456,45.361137232925174,11.020197483406863
142,7,-0.9569318924408009,0.29031250959899635,45.36110691037847,11.020206101164955
143,7,-0.9569843282442921,0.2901396137979454,45.3610763428942,11.020217030549029
144,7,-0.9570243256431255,0.2900076552908924,45.36104591692982,11.020225518451886
145,7,-0.9570513143851274,0.2899185775932616,45.361015687654664,11.020234327658596
146,7,-0.9570649068090522,0.28987370379974153,45.36098568454861,11.020243695921195
147,7,-0.9570649068090522,0.28987370379974153,45.360953749720636,11.02025222483408
148,7,-0.9570513143851274,0.2899185775932616,45.360924184254216,11.020260855885324
149,7,-0.9570243256431255,0.2900076552908924,45.360893414142915,11.02027049697022
150,7,-0.9569843282442921,0.2901396137979454,45.360863576738744,11.020279705695923
151,7,-0.9569318924408009,0.29031250959899635,45.36083225497294,11.020289546048659
152,7,-0.9568677579659228,0.29052382650183456,45.36080188181924,11.020299104719049
153,7,-0.9567928171713552,0.29077053669397385,45.36077148201018,11.020309303468304
154,7,-0.9567080949156056,0.29104917303258687,45.36074164293323,11.0203182651079
155,7,-0.9566147258023193,0.2913559101479724,45.360710179320314,11.020328997551857
156,7,-0.9565139294424311,0.29168665170453045,45.36067999624932,11.020338627902365
157,7,-0.9564069844658977,0.29203712103917234,45.360650602225064,11.02034906633282
158,7,-0.9562952020351787,0.29240295238676495,45.36062058168744,11.02035836170551
159,7,-0.9561798996121061,0.29277978000159544,45.36058920371445,11.020368910381505
160,7,-0.9560623757020655,0.2931633226836577,45.36055854353377,11.02037820602534
161,7,-0.955943886245469,0.29354946150505856,45.36052895808484,11.020388125159757
162,7,-0.955825623248613,0.29393430888788824,45.36049970274948,11.020398649407438
163,7,-0.9557086961478154,0.29431426759068713,45.36046825549745,11.020408675907483
164,7,-0.9555941162867654,0.29468607859570817,45.36043800866408,11.020418669385652
165,7,-0.9554827847628988,0.29504685733241764,45.36040833898864,11.020428774166108
166,7,-0.9553754837701874,0.2953941181047455,45.36037807607604,11.020438657206862
167,7,-0.9552728714391355,0.29572578699266105,45.36034718235975,11.020449185034467
168,7,-0.9551754800557344,0.2960402038580188,45.36031766663112,11.020458416707713
169,7,-0.9550837174347493,0.2963361143887459,45.360287010026994,11.020468461947212
170,7,-0.9549978711331332,0.29661265335650044,45.360256095399244,11.020478694724204
171,7,-0.9549181151195467,0.29686932043667313,45.36022721768229,11.020488894073628
172,7,-0.9548445184675707,0.2971059500454896,45.360195898636206,11.020499233037631
173,7,-0.9547770556136247,0.2973226766894469,45.36016673020947,11.02050943829946
174,7,-0.9547156177149934,0.29751989730281664,45.36013534027479,11.020519141686064
175,7,-0.9546600246568676,0.2976982319768611,45.36010523423488,11.020529348058137
176,7,-0.9546100372871903,0.2978584843689185,45.360075268153594,11.020539892651108
177,7,-0.9545653695011529,0.29800160293046674,45.360044686220974,11.020548463528709
178,7,-0.9545256998498112,0.29812864392109006,45.36001454349486,11.020557787933095
179,7,-0.9544906824059055,0.2982407369899504,45.35998402027058,11.020568900907492
180,7,-0.9544599566811389,0.2983390539172476,45.35995319968513,11.020577506695352
181,7,-0.95443315644979,0.2984247809235866,45.359923038768095,11.02058803299328
182,7,-0.9544099173910133,0.2984990947820094,45.3598916015641,11.02059729037267
183,7,-0.9543898835144565,0.298563142811135,45.35986188977263,11.020607126609878
184,7,-0.9543727123793856,0.2986180266923192,45.35983147375642,11.020616681951045
185,7,-0.954358079155476,0.29866478994128226,45.35979994264167,11.020625375866558
186,7,-0.954345679603388,0.29870440877621407,45.359771542368534,11.020635934513301
187,7,-0.954335232075257,0.29873778605972423,45.35974073259929,11.020646414196943
188,7,-0.9543264786497334,0.298765747949794,45.35971021632345,11.020655399110622
189,7,-0.9543264786497334,0.298765747949794,45.35967972,11.02066511
190,7,0.18092866714612515,0.9834962213474573,45.35968029560492,11.020668389223877
191,7,0.18092866714612515,0.9834962213474573,45.35968107146818,11.020671957028652
192,7,0.18092866714612515,0.9834962213474573,45.359681520628925,11.020674636977285
193,7,0.18092866714612515,0.9834962213474573,45.359681200239294,11.020679363242257
194,7,0.18092866714612515,0.9834962213474573,45.35968283196702,11.020682659972037
195,7,0.18092866714612515,0.9834962213474573,45.35968317267346,11.020685368937864
196,7,0.18092866714612515,0.9834962213474573,45.35968433169282,11.02068885131126
197,7,0.18092866714612515,0.9834962213474573,45.35968466950612,11.020692304035327
198,7,0.18092866714612515,0.9834962213474573,45.359685483446036,11.020695444037583
199,7,0.18092866714612515,0.9834962213474573,45.359685909568185,11.020699060428216
200,7,0.18092866714612515,0.9834962213474573,45.359686688732765,11.020702363461872
201,7,0.18092866714612515,0.9834962213474573,45.359687978424105,11.020705588078279
202,7,0.18092866714612515,0.9834962213474573,45.359687800404124,11.020709124604073
203,7,0.18092866714612515,0.9834962213474573,45.359688426740114,11.020712677333329
204,7,0.18092866714612515,0.9834962213474573,45.359690126777515,11.020715565907418
205,7,0.18092866714612515,0.9834962213474573,45.359689214964135,11.020720386021798
206,7,0.18092866714612515,0.9834962213474573,45.359690128014364,11.020722753901786
207,7,0.18092866714612515,0.9834962213474573,45.359691332274174,11.02072633948331
208,7,0.18092866714612515,0.9834962213474573,45.35969172120224,11.020729857197184
209,7,0.18092866714612515,0.9834962213474573,45.35969265399149,11.02073328786705
210,7,0.18092866714612515,0.9834962213474573,45.359692590710594,11.020736888250104
211,7,0.18092866714612515,0.9834962213474573,45.35969351,11.02074007
212,7,0.9531623885890154,0.3024590236367282,45.35972446457008,11.020730924109895
213,7,0.9532345920675473,0.3022313889817148,45.35975466535187,11.020720067979
214,7,0.9533208769822761,0.3019591123144721,45.35978506968009,11.020709575994287
215,7,0.9534233828784549,0.3016352979685952,45.35981645429691,11.02070106692559
216,7,0.9535444356603018,0.30125240118756985,45.35984756020698,11.020691874883406
217,7,0.95368653275429,0.30080225604722527,45.35987800193607,11.020682084280878
218,7,0.9538523197092663,0.30027612656561903,45.35990801184866,11.020672498789509
219,7,0.9540445572049516,0.2996647841632509,45.35993860931614,11.020663185261446
220,7,0.9542660776474218,0.2989586142786402,45.359970523775374,11.020653481381753
221,7,0.9545197308331625,0.29814775439400343,45.3600001968412,11.020644703828077
222,7,0.9548083185671489,0.2972222649718118,45.360032716474755,11.020634501397375
223,7,0.9551345186235433,0.29617233384259983,45.360062588797724,11.020624932971446
224,7,0.9555007990302965,0.29498851342461613,45.360093746448925,11.020617216270423
225,7,0.9559093243216853,0.29366198881513267,45.36012391803773,11.02060740789142
226,7,0.9563618561054914,0.29218487330192044,45.36015585844184,11.02059875518355
227,7,0.9568596509932629,0.29055052624466404,45.36018732244706,11.02059057305548
228,7,0.9574033595923612,0.2887538866253748,45.36021762247038,11.02058261807652
229,7,0.9579929307995563,0.2867918139314242,45.360248053964256,11.020573551923839
230,7,0.9586275260067071,0.2846634264921647,45.36028030832129,11.020565287539133
231,7,0.9593054479705275,0.2823704260259307,45.360311497830935,11.020558483765846
232,7,0.9600240889598979,0.27991739605947685,45.36034225427668,11.020550838887214
233,7,0.9607799023404702,0.27731206114887347,45.36037467796707,11.020543999553313
234,7,0.961568400974363,0.274565493548637,45.360405922253236,11.020536733254351
235,7,0.962384184717565,0.2716922542243477,45.360437937205276,11.02052953499088
236,7,0.9632209979357027,0.26871045594793835,45.360468999850596,11.020523888256482
237,7,0.9640718164086595,0.26564173769667304,45.36050138835602,11.02051761023743
238,7,0.9649289613635261,0.26251114171003603,45.36053262786599,11.020512852113402
239,7,0.9657842367923312,0.25934688732169964,45.36056401698348,11.020506427607476
240,7,0.9666290848149742,0.2561800390150749,45.360595817017945,11.020500982281412
241,7,0.9674547527737105,0.2530440699474275,45.36062836402093,11.020495170667727
242,7,0.968252465108329,0.24997432630501107,45.36066035377094,11.020491020881387
243,7,0.9690135929402782,0.2470074021096791,45.3606920435993,11.020485571376295
244,7,0.9697298147203667,0.24418043828776137,45.360723140261484,11.020481593547155
245,7,0.9703932622425717,0.2415303637106926,45.36075554669579,11.020475829390357
246,7,0.9709966477118762,0.2390930992987847,45.36078823237262,11.020470098818636
247,7,0.9715333692402718,0.23690274893433744,45.360820312591045,11.020464679847084
248,7,0.9719975939562321,0.234990802678096,45.36085158708815,11.02046004295382
249,7,0.9723843196534094,0.2333853784884048,45.36088268447507,11.02045445288579
250,7,0.9726894173821443,0.23211052822477637,45.36091560196537,11.020448005573169
251,7,0.9729096584389233,0.23118563215792093,45.36094659704606,11.020443178892611
252,7,0.9730427297206038,0.2306249035509303,45.360977377898614,11.020435532988918
253,7,0.9730872413346722,0.23043702122635898,45.36100993762246,11.020428288771518
254,7,0.9730427297206038,0.2306249035509303,45.36104097026599,11.020420447356036
255,7,0.9729096584389233,0.23118563215792093,45.36107274585784,11.02041216911421
256,7,0.9726894173821443,0.23211052822477637,45.361102626363014,11.020403593026563
257,7,0.9723843196534094,0.2333853784884048,45.361133772675004,11.02039361967238
258,7,0.9719975939562321,0.234990802678096,45.3611642923102,11.020384649622306
259,7,0.9715333692402718,0.23690274893433744,45.361194732393415,11.020373671778476
260,7,0.9709966477118762,0.2390930992987847,45.361225882970906,11.020362941250124
261,7,0.9703932622425717,0.2415303637106926,45.36125560348425,11.020351398632911
262,7,0.9697298147203667,0.24418043828776137,45.36128643275237,11.02033894459946
263,7,0.9690135929402782,0.2470074021096791,45.3613154554801,11.020326437758325
264,7,0.968252465108329,0.24997432630501107,45.361345460448455,11.020313508907556
265,7,0.9674547527737105,0.2530440699474275,45.361375585269286,11.020299447070668
266,7,0.9666290848149742,0.2561800390150749,45.36140566678414,11.020284350723772
267,7,0.9657842367923312,0.25934688732169964,45.36143548393268,11.020272269158284
268,7,0.9649289613635261,0.26251114171003603,45.36146479897987,11.020257563216035
269,7,0.9640718164086595,0.26564173769667304,45.36149451943921,11.020244246540805
270,7,0.9632209979357027,0.26871045594793835,45.36152330630573,11.020229861993077
271,7,0.962384184717565,0.2716922542243477,45.361552351830916,11.02021545410219
272,7,0.961568400974363,0.274565493548637,45.36158221906687,11.020200258214206
273,7,0.9607799023404702,0.27731206114887347,45.36161196173225,11.020187112094204
274,7,0.9600240889598979,0.27991739605947685,45.36164138317414,11.02017304821384
275,7,0.9593054479705275,0.2823704260259307,45.36166981950646,11.02015809984857
276,7,0.9586275260067073,0.28466342649216425,45.361699791188656,11.020144430181677
277,7,0.9579929307995563,0.2867918139314242,45.36172999493855,11.020130882357519
278,7,0.9574033595923612,0.2887538866253748,45.3617589994934,11.020117600571671
279,7,0.9568596509932629,0.29055052624466404,45.3617887996119,11.020104580439224
280,7,0.9563618561054914,0.29218487330192044,45.36181820898674,11.020090792391922
281,7,0.9559093243216853,0.29366198881513267,45.361846848218974,11.020077991278315
282,7,0.9555007990302965,0.29498851342461613,45.36187732267123,11.020065510491952
283,7,0.9551345186235433,0.29617233384259983,45.361908138543725,11.020053900569325
284,7,0.9548083185671489,0.2972222649718118,45.36193794994993,11.020041465852648
285,7,0.9545197308331625,0.29814775439400343,45.36196819403546,11.020029570436861
286,7,0.9542660776474218,0.2989586142786402,45.36199815684112,11.020018296247539
287,7,0.9540445572049516,0.2996647841632509,45.36202811963802,11.020006650972137
288,7,0.9538523197092663,0.30027612656561903,45.36205938471983,11.01999655659182
289,7,0.95368653275429,0.30080225604722527,45.36208883889258,11.019984130998598
290,7,0.9535444356603018,0.30125240118756985,45.36211916895016,11.019974348655104
291,7,0.9534233828784549,0.3016352979685952,45.36215041458351,11.019964062107594
292,7,0.9533208769822761,0.3019591123144721,45.36217967795218,11.019951313866338
293,7,0.9532345920675473,0.3022313889817148,45.3622107702151,11.019941374027795
294,7,0.9531623885890154,0.3024590236367282,45.362242008626666,11.019931865950165
295,7,0.9531623885890154,0.3024590236367282,45.36227073,11.01991931
296,7,0.2108778085845649,0.9775124295100148,45.362272504190265,11.019924493961568
297,7,0.2108778085845649,0.9775124295100148,45.36227239174041,11.019931609060059
298,7,0.2108778085845649,0.9775124295100148,45.362274001977326,11.019936600500884
299,7,0.2108778085845649,0.9775124295100148,45.36227579601807,11.019942346139931
300,7,0.2108778085845649,0.9775124295100148,45.362275681503235,11.01994846819276
301,7,0.2108778085845649,0.9775124295100148,45.36227746814666,11.019953578649478
302,7,0.2108778085845649,0.9775124295100148,45.36228033566958,11.019959606672982
303,7,0.2108778085845649,0.9775124295100148,45.362280978802886,11.019965595456107
304,7,0.2108778085845649,0.9775124295100148,45.36228065945801,11.019970424478066
305,7,0.2108778085845649,0.9775124295100148,45.36228280264691,11.019976262222956
306,7,0.2108778085845649,0.9775124295100148,45.36228374422059,11.019982075915479
307,7,0.2108778085845649,0.9775124295100148,45.36228557,11.0199881
308,7,-0.9545481333217054,0.2980568086322602,45.362253444874206,11.019996416504636
309,7,-0.9545812545893061,0.2979507146940688,45.36222340060694,11.020007823851294
310,7,-0.9546209324184861,0.29782356419272843,45.3621916430848,11.020018116020934
311,7,-0.9546681823887819,0.29767207046429367,45.36216087300186,11.020026211402508
312,7,-0.9547241127408512,0.2974926361293578,45.36212935067549,11.020036830966461
313,7,-0.9547899185026806,0.2972813676059173,45.36209858370985,11.020047050163797
314,7,-0.9548668717211066,0.2970341012233236,45.36206771665172,11.020055375832214
315,7,-0.954956307303921,0.29674644250682963,45.362035944291584,11.020065997169972
316,7,-0.955059604060771,0.29641382000723815,45.36200492311311,11.020074866197715
317,7,-0.9551781606538904,0.2960315547536291,45.361972569677725,11.020085260997996
318,7,-0.9553133663344424,0.295594946003404,45.361942472169524,11.02009393131047
319,7,-0.9554665665463844,0.29509937345250936,45.361911544613356,11.020102982834022
320,7,-0.9556390237237639,0.2945404154548089,45.36188000091954,11.020112678291465
321,7,-0.9558318738821736,0.29391398209491937,45.36184896747602,11.020122126813831
322,7,-0.9560460798998406,0.29321646118208927,45.36181794740794,11.020131728898091
323,7,-0.9562823826838658,0.29244487440963735,45.36178646093143,11.020140417968914
324,7,-0.9565412517043108,0.291597040087773,45.36175413359643,11.02014950450713
325,7,-0.9568228366325147,0.29067173804570007,45.36172483091491,11.020159732054855
326,7,-0.9571269220181304,0.2896688715552634,45.36169167741625,11.020166860894994
327,7,-0.9574528870602731,0.28858962049933123,45.361660721972235,11.020177282267248
328,7,-0.9577996725525634,0.28743657954095264,45.36163029173621,11.020184798158363
329,7,-0.9581657569950592,0.28621387478961435,45.361598055033426,11.020193779755017
330,7,-0.9585491436600587,0.284927252449758,45.36156711040288,11.02020157426377
331,7,-0.9589473600739824,0.2835841332076601,45.361533839509825,11.020209808435915
332,7,-0.9593574709441058,0.2821936266887139,45.36150232077381,11.020219153501657
333,7,-0.9597761050367805,0.28076650120772406,45.36147042859767,11.020226507652085
334,7,-0.9601994959320678,0.27931510523386116,45.36143894988394,11.020234086798792
335,7,-0.9606235359748031,0.2778532384753975,45.361407585797394,11.02024183479617
336,7,-0.9610438421545162,0.2763959722153803,45.361375394595136,11.020250077480158
337,7,-0.9614558321175246,0.274959420437268,45.36134497323599,11.020256990596515
338,7,-0.961854808081199,0.27356046529255584,45.36131199419445,11.020265031274958
339,7,-0.9622360461124817,0.27221644248982846,45.36128019979206,11.020272194752339
340,7,-0.9625948880685786,0.27094479412648,45.36124848000444,11.020280248953428
341,7,-0.9629268334822109,0.2697626982366587,45.36121738968069,11.020287440766838
342,7,-0.9632276287976244,0.268686685790171,45.361185840404545,11.02029549440291
343,7,-0.963493351604533,0.2677322569543384,45.36115376837244,11.020303302722514
344,7,-0.963720487842831,0.26691350904736133,45.36112240610495,11.020310842455249
345,7,-0.9639060003231443,0.26624278871180446,45.3610897545963,11.020318341234539
346,7,-0.9640473872881387,0.2657303803913161,45.36105895451618,11.020326919834236
347,7,-0.9641427300926128,0.26538424220281664,45.36102714593706,11.020335235710366
348,7,-0.9641907293815625,0.26520979879078854,45.36099495443833,11.02034324002677
349,7,-0.9641907293815625,0.26520979879078854,45.360963630275116,11.020351595644222
350,7,-0.9641427300926128,0.26538424220281664,45.360931923227504,11.020360250928995
351,7,-0.9640473872881387,0.2657303803913161,45.360900966639434,11.020370255630034
352,7,-0.9639060003231443,0.26624278871180446,45.360869974550155,11.020377842795954
353,7,-0.963720487842831,0.26691350904736133,45.36083850296528,11.020389466293272
354,7,-0.963493351604533,0.2677322569543384,45.36080775186748,11.020400169554254
355,7,-0.9632276287976244,0.268686685790171,45.36077656152494,11.020409646991206
356,7,-0.9629268334822109,0.2697626982366587,45.36074575431116,11.020419025153444
357,7,-0.9625948880685786,0.27094479412648,45.36071483896678,11.020430983719482
358,7,-0.9622360461124817,0.27221644248982846,45.36068455924974,11.020441211887078
359,7,-0.961854808081199,0.27356046529255584,45.360653375163835,11.020452292980423
360,7,-0.9614558321175246,0.274959420437268,45.360621780906484,11.020464596746258
361,7,-0.9610438421545162,0.2763959722153803,45.360591055537,11.020474864399867
362,7,-0.9606235359748031,0.2778532384753975,45.36056011131906,11.020486963111043
363,7,-0.9601994959320678,0.27931510523386116,45.360530398176856,11.020498539105324
364,7,-0.9597761050367805,0.28076650120772406,45.36049964116079,11.020509882966355
365,7,-0.9593574709441058,0.2821936266887139,45.36046974354151,11.020521514102684
366,7,-0.9589473600739824,0.2835841332076601,45.36043939003679,11.020534068819824
367,7,-0.9585491436600587,0.284927252449758,45.36040859283384,11.020546343179753
368,7,-0.9581657569950592,0.28621387478961435,45.36037685603045,11.020558313550607
369,7,-0.9577996725525634,0.28743657954095264,45.360346885917764,11.020569819963981
370,7,-0.9574528870602731,0.28858962049933123,45.360316684654165,11.020582746343928
371,7,-0.9571269220181304,0.2896688715552634,45.36028547742533,11.020593416677347
372,7,-0.9568228366325147,0.29067173804570007,45.36025624192607,11.020604825053244
373,7,-0.9565412517043108,0.291597040087773,45.36022561828981,11.02061637747315
374,7,-0.9562823826838658,0.29244487440963735,45.360193923474974,11.02062742563999
375,7,-0.9560460798998406,0.29321646118208927,45.36016409117467,11.020639078263757
376,7,-0.9558318738821736,0.29391398209491937,45.36013353062153,11.02065031533241
377,7,-0.9556390237237639,0.2945404154548089,45.36010266951989,11.020661055328935
378,7,-0.9554665665463844,0.29509937345250936,45.360071125770446,11.020672558791619
379,7,-0.9553133663344424,0.295594946003404,45.360040398856775,11.020682801748633
380,7,-0.9551781606538904,0.2960315547536291,45.36000901885858,11.020693990496474
381,7,-0.955059604060771,0.29641382000723815,45.359978149586595,11.02070388168261
382,7,-0.954956307303921,0.29674644250682963,45.35994695628956,11.020714450713182
383,7,-0.9548668717211066,0.2970341012233236,45.35991679548503,11.020724524546157
384,7,-0.9547899185026806,0.2972813676059173,45.35988635793863,11.020734789029518
385,7,-0.9547241127408512,0.2974926361293578,45.35985539684778,11.020745953911538
386,7,-0.9546681823887819,0.29767207046429367,45.359823963979736,11.020755931498988
387,7,-0.9546209324184861,0.29782356419272843,45.359793320810674,11.020765421631035
388,7,-0.9545812545893061,0.2979507146940688,45.35976186459258,11.020775974402977
389,7,-0.9545481333217054,0.2980568086322602,45.35973068948525,11.020785230690295
390,7,-0.9545481333217054,0.2980568086322602,45.35970006,11.02079678
391,7,0.18563850809759755,0.9826181070544641,45.359701565775666,11.020801506873735
392,7,0.18563850809759755,0.9826181070544641,45.35970262841507,11.020804938747798
393,7,0.18563850809759755,0.9826181070544641,45.359702517179436,11.02080918939395
394,7,0.18563850809759755,0.9826181070544641,45.359702773936185,11.020812737842412
395,7,0.18563850809759755,0.9826181070544641,45.35970349736976,11.020818142078786
396,7,0.18563850809759755,0.9826181070544641,45.359705235264244,11.020822006310176
397,7,0.18563850809759755,0.9826181070544641,45.359705076685614,11.020825185044261
398,7,0.18563850809759755,0.9826181070544641,45.35970679576861,11.020830732853389
399,7,0.18563850809759755,0.9826181070544641,45.35970734819886,11.020833136871468
400,7,0.18563850809759755,0.9826181070544641,45.35970810328262,11.020838107168363
401,7,0.18563850809759755,0.9826181070544641,45.359709219289904,11.020842696985751
402,7,0.18563850809759755,0.9826181070544641,45.35971011118578,11.020845605024329
403,7,0.18563850809759755,0.9826181070544641,45.359710441502,11.020851290230036
404,7,0.18563850809759755,0.9826181070544641,45.359711244003,11.020854411171731
405,7,0.18563850809759755,0.9826181070544641,45.35971208896519,11.020858626757578
406,7,0.18563850809759755,0.9826181070544641,45.35971313209122,11.020862639675299
407,7,0.18563850809759755,0.9826181070544641,45.359714541458985,11.020867304607448
408,7,0.18563850809759755,0.9826181070544641,45.35971454789056,11.02087222713856
409,7,0.18563850809759755,0.9826181070544641,45.35971442846119,11.020875412112316
