,Sin,Cosin,Lat,Lon
0,0.9537169507482269,0.30070579950427306,45.3596665575,11.020597651
1,0.9547781734560541,0.2973190869956403,45.35968872245931,11.020591760956364
2,0.9547185813534697,0.29751038707651606,45.359724552046124,11.020579751863728
3,0.9546473985520484,0.2977387184055956,45.35976187773433,11.020577326601783
4,0.9545628347008277,0.2980097223379135,45.35979560029054,11.020562352033215
5,0.95446292398167,0.2983295606277742,45.3598225281652,11.020547543972624
6,0.9543455286133754,0.29870489118134164,45.359848287123825,11.020535569219955
7,0.9542083474011914,0.2991428250015153,45.35987803648959,11.020533843469709
8,0.9540489300928555,0.2996508618186799,45.35991398091725,11.020522178261995
9,0.9538646982669103,0.3002368022081505,45.35993823573918,11.020513142693126
10,0.9536529734161022,0.3009086344633981,45.35997339027342,11.020511277610929
11,0.9534110127962852,0.3016743951328347,45.360000257990194,11.020494705808511
12,0.9531360534874991,0.3025420029388898,45.36002834902516,11.02048611288501
13,0.9528253649566795,0.30351906677368806,45.36005878080163,11.020469190284174
14,0.952476310218123,0.30461266958757627,45.36008678076472,11.020450442408693
15,0.9520864154551509,0.3058291312248747,45.360122719480046,11.020451703716708
16,0.9516534476905226,0.30717375457343626,45.36014671104915,11.020443017092385
17,0.9511754997700929,0.3086505607270364,45.3601864172053,11.020423309377263
18,0.9506510815507437,0.31026202014813403,45.360206084152885,11.020425685574574
19,0.9500792157585517,0.31200878799100423,45.360242903387935,11.020418929447494
20,0.9494595365091484,0.31388945272473406,45.36026542986887,11.020403413496894
21,0.9487923879678258,0.31590030790474194,45.360299868626036,11.02038626540554
22,0.9480789200886577,0.3180351573073717,45.36033935888008,11.020372113645376
23,0.9473211778360051,0.32028516360175663,45.3603548745798,11.02035398191934
24,0.9465221797951657,0.3226387502390375,45.36038662291104,11.020356245334233
25,0.9456859816689842,0.3250815652644265,45.360422635627266,11.020347056781429
26,0.9448177198898496,0.32759651430096987,45.360448794846725,11.020329813379407
27,0.9439236305123392,0.3301638680419239,45.36048485908474,11.020314956231784
28,0.943011038750764,0.33276144727748314,45.360504879769735,11.020297584197184
29,0.9420883150400057,0.3353648858558139,45.36053119020397,11.020280112702252
30,0.9411647943634222,0.33794796914740777,45.36056631458174,11.020269889907517
31,0.9402506568204162,0.3404830426743391,45.36059489951231,11.020260937052454
32,0.9393567689799728,0.3429414827219159,45.36063076953418,11.020250834567001
33,0.9384944874313076,0.34529421811123223,45.36065466021428,11.020230120153727
34,0.9376754280086923,0.34751229001103795,45.36068568477862,11.020219680145033
35,0.9369112063112198,0.3495674348226032,45.360718463577356,11.020200853167578
36,0.9362131572107204,0.3514326738730123,45.360748558291995,11.020202587770356
37,0.9355920428788804,0.35308289296102024,45.36076966267195,11.020181313625654
38,0.9350577603049443,0.3544953947423033,45.36080264880335,11.020162909629478
39,0.9346190601718559,0.35565040751203514,45.36082920640393,11.020156397575573
40,0.9342832891977053,0.3565315351072285,45.360849370492005,11.020149697094913
41,0.9340561675637687,0.35712613435043483,45.36089357903671,11.020124638963502
42,0.9339416118295929,0.35742560861407513,45.36091209073092,11.020109999268898
43,0.9339416118295929,0.35742560861407513,45.36095293685548,11.02010636431493
44,0.9340561675637687,0.35712613435043483,45.3609817646489,11.020097392151527
45,0.9342832891977053,0.3565315351072285,45.36101114892165,11.02009595260459
46,0.9346190601718559,0.35565040751203514,45.36103219748441,11.020073432325908
47,0.9350577603049443,0.3544953947423033,45.361061511626644,11.020062431720913
48,0.9355920428788804,0.35308289296102024,45.361099920656784,11.020061031339793
49,0.9362131572107204,0.3514326738730123,45.36112751507809,11.020048155901023
50,0.9369112063112198,0.3495674348226032,45.36115683528382,11.020041547971712
51,0.9376754280086923,0.34751229001103795,45.361199259284554,11.020032626281763
52,0.9384944874313076,0.34529421811123223,45.361227034370415,11.020029204926159
53,0.9393567689799728,0.3429414827219159,45.36124942766925,11.02001265112731
54,0.9402506568204162,0.3404830426743391,45.36128820808336,11.020014513924169
55,0.9411647943634222,0.33794796914740777,45.36131731554258,11.020006074581644
56,0.9420883150400057,0.3353648858558139,45.36135055696634,11.019993033437766
57,0.943011038750764,0.33276144727748314,45.36138869415412,11.019993876869975
58,0.9439236305123392,0.3301638680419239,45.361410851762315,11.01998296519285
59,0.9448177198898496,0.32759651430096987,45.36144441838394,11.019985020349568
60,0.9456859816689842,0.3250815652644265,45.36147430778413,11.019978170481352
61,0.9465221797951657,0.3226387502390375,45.36151572568534,11.019966756400462
62,0.9473211778360051,0.32028516360175663,45.36154156470921,11.019969793273281
63,0.9480789200886577,0.3180351573073717,45.36157243518949,11.019967643169757
64,0.9487923879678258,0.31590030790474194,45.361604669336586,11.019948083266316
65,0.9494595365091484,0.31388945272473406,45.36163354152082,11.01994579782348
66,0.9500792157585517,0.31200878799100423,45.36167273940779,11.019944893990056
67,0.9506510815507437,0.31026202014813403,45.3616941419658,11.01993012569909
68,0.9511754997700929,0.3086505607270364,45.36173184055603,11.019926571201852
69,0.9516534476905226,0.30717375457343626,45.36176424158634,11.019912236425128
70,0.9520864154551509,0.3058291312248747,45.36179337081152,11.019921643789722
71,0.952476310218123,0.30461266958757627,45.36181837158762,11.019902502954846
72,0.9528253649566795,0.30351906677368806,45.36185491575074,11.019900239489335
73,0.9531360534874991,0.3025420029388898,45.36188600934504,11.019897835391495
74,0.9534110127962852,0.3016743951328347,45.36192365260479,11.019876616622906
75,0.9536529734161022,0.3009086344633981,45.36194727794013,11.019874365004116
76,0.9538646982669103,0.3002368022081505,45.36197257455987,11.019873583884008
77,0.9540489300928555,0.2996508618186799,45.36201477409803,11.019855701334125
78,0.9542083474011914,0.2991428250015153,45.362047498522095,11.019849352695175
79,0.9543455286133754,0.29870489118134164,45.3620699580387,11.019839529717983
80,0.95446292398167,0.2983295606277742,45.362097389813364,11.019837311324121
81,0.9545628347008277,0.2980097223379135,45.36213549225539,11.019826364347447
82,0.9546473985520484,0.2977387184055956,45.36216157304328,11.019821905235753
83,0.9547185813534697,0.29751038707651606,45.362199050039514,11.01981263630638
84,0.9547781734560541,0.2973190869956403,45.36223146303656,11.019789106508197
85,0.9547781734560541,0.2973190869956403,45.36225589,11.01979384
86,0.1871863868101744,0.9823244151465196,45.3622599643956,11.019795529600028
87,0.1871863868101744,0.9823244151465196,45.36225720641091,11.019795221066845
88,0.1871863868101744,0.9823244151465196,45.36225059173389,11.019801703867408
89,0.1871863868101744,0.9823244151465196,45.36225869368544,11.0197904604355
90,0.1871863868101744,0.9823244151465196,45.362259387049406,11.019801960527252
91,0.1871863868101744,0.9823244151465196,45.36225514566513,11.019806609204304
92,0.1871863868101744,0.9823244151465196,45.36226650990878,11.01981315772542
93,0.1871863868101744,0.9823244151465196,45.36225451057209,11.019817416623464
94,0.1871863868101744,0.9823244151465196,45.36226479866291,11.019820061690003
95,0.1871863868101744,0.9823244151465196,45.36225962177081,11.01983278736784
96,0.1871863868101744,0.9823244151465196,45.36226343730956,11.019816200002396
97,0.1871863868101744,0.9823244151465196,45.36226166093912,11.019828622923779
98,0.1871863868101744,0.9823244151465196,45.36225586539832,11.01983410061699
99,0.1871863868101744,0.9823244151465196,45.362263481453546,11.0198346821129
100,0.1871863868101744,0.9823244151465196,45.36226084719569,11.019846615432684
101,0.1871863868101744,0.9823244151465196,45.36226083777578,11.019841603231846
102,0.1871863868101744,0.9823244151465196,45.36226490529274,11.019849075539746
103,0.1871863868101744,0.9823244151465196,45.36226876811921,11.01984718069615
104,0.1871863868101744,0.9823244151465196,45.36226747,11.01985461
105,-0.9543731870752827,0.2986165095766934,45.362237778551986,11.019869709874726
106,-0.9543927638598244,0.29855393531488666,45.36220694194761,11.019876675301022
107,-0.9544161725630467,0.2984790939916976,45.36218345873227,11.019880734070796
108,-0.9544440017688391,0.29839009281054263,45.36213705222859,11.019890929657729
109,-0.9544768940636291,0.298284861665234,45.362110091285736,11.019904763535791
110,-0.9545155430790678,0.29816116115361546,45.36208668578754,11.01991791795115
111,-0.9545606884290943,0.29801659703072525,45.3620470941777,11.019920067319667
112,-0.9546131082675873,0.29784864197054134,45.3620263461941,11.019925237275663
113,-0.9546736092324793,0.2976546654010841,45.36199287377517,11.019944418696218
114,-0.9547430136016899,0.29743197201841515,45.36196527307653,11.019948087354047
115,-0.9548221435665674,0.2971778493679257,45.36192826866288,11.019961086273627
116,-0.9549118026297104,0.2968896246056384,45.361897769700555,11.019970714713757
117,-0.9550127542546862,0.29656473022070284,45.36187176086228,11.01998338193402
118,-0.95512569803234,0.2962007781188886,45.36183418446221,11.019987403521188
119,-0.9552512437774983,0.2957956410455411,45.36180960913033,11.019989664749668
120,-0.955389884124611,0.2953475398786358,45.36177312339764,11.020003924075388
121,-0.9555419663433227,0.2948551348658122,45.36173996671796,11.020016671587696
122,-0.955707664235988,0.29431761843388204,45.36171129579136,11.020028791411384
123,-0.9558869510987364,0.29373480678864367,45.36168559057699,11.020026764284717
124,-0.9560795748157003,0.2931072271716099,45.36166162657768,11.020040898177532
125,-0.9562850362028823,0.2924361973738067,45.36161324293727,11.020056935972956
126,-0.9565025717157654,0.2917238939496165,45.36159341719025,11.02006022979698
127,-0.9567311415774243,0.2909734055475832,45.361561234510226,11.02007632781545
128,-0.9569694242688773,0.29018876789857584,45.36152875083331,11.020079847235044
129,-0.9572158181519248,0.289374977286809,45.36149911422281,11.020084340587362
130,-0.9574684507717773,0.28853797978202567,45.36145554652671,11.020102069931697
131,-0.9577251961216422,0.2876846341286964,45.361430224697656,11.02010559033215
132,-0.9579836998568267,0.2868226469591014,45.361401305093146,11.020118969547555
133,-0.9582414121373747,0.28596047990058004,45.361369058064604,11.020125636172324
134,-0.9584956274728998,0.28510722915305403,45.361329930589754,11.020129157135834
135,-0.9587435306584734,0.28427247918242976,45.36131421398857,11.020130926324677
136,-0.9589822476421521,0.2834661332632279,45.36127671491313,11.020145201822483
137,-0.9592088999663394,0.2826982246590261,45.361245030987725,11.020154572517605
138,-0.9594206612861043,0.28197871319894763,45.36122074653763,11.020167314596764
139,-0.9596148143926948,0.2813172728398912,45.36118494711329,11.020176145704072
140,-0.959788807159846,0.2807230764484456,45.36115065021666,11.020171199986684
141,-0.9599403058796778,0.2802045844514871,45.361126228072884,11.020181357418483
142,-0.960067244556023,0.27976934415801435,45.36108914740091,11.020195555645536
143,-0.9601678688655472,0.27942380642707115,45.36105956484093,11.020206049806548
144,-0.9602407736697484,0.2791731659420781,45.36102120228304,11.020208600756936
145,-0.9602849331531322,0.27902123066011364,45.36099031396669,11.020222315305876
146,-0.9602997228655277,0.27897032506055325,45.36095873779755,11.020223159260293
147,-0.9602849331531322,0.27902123066011364,45.36092719960434,11.020252007165213
148,-0.9602407736697484,0.2791731659420781,45.36090268259617,11.020248227566706
149,-0.9601678688655472,0.27942380642707115,45.36086094560115,11.020259252302704
150,-0.960067244556023,0.27976934415801435,45.36085868373654,11.020266596599976
151,-0.9599403058796778,0.2802045844514871,45.360816388067434,11.020273860329826
152,-0.959788807159846,0.2807230764484456,45.36077994208723,11.02028752820331
153,-0.9596148143926948,0.2813172728398912,45.3607453927539,11.020299372182825
154,-0.9594206612861043,0.28197871319894763,45.36071384649964,11.020310262821154
155,-0.9592088999663394,0.2826982246590261,45.36068207559016,11.02032514801569
156,-0.9589822476421521,0.2834661332632279,45.36065414964074,11.020330606801284
157,-0.9587435306584734,0.28427247918242976,45.36061636918698,11.020344121751775
158,-0.9584956274728998,0.28510722915305403,45.36058890268665,11.020348841663115
159,-0.9582414121373747,0.28596047990058004,45.36056698015966,11.020371671727144
160,-0.9579836998568267,0.2868226469591014,45.36052954681876,11.020377605891237
161,-0.9577251961216422,0.2876846341286964,45.3605086192768,11.020383499016472
162,-0.9574684507717773,0.28853797978202567,45.36047183713609,11.020399852153288
163,-0.9572158181519248,0.289374977286809,45.360448398744744,11.020410908909739
164,-0.9569694242688773,0.29018876789857584,45.36042082541107,11.020408346184585
165,-0.9567311415774243,0.2909734055475832,45.36038087662372,11.02042745364578
166,-0.9565025717157654,0.2917238939496165,45.36034422210838,11.020442257413174
167,-0.9562850362028823,0.2924361973738067,45.36033087429424,11.02045105266129
168,-0.9560795748157003,0.2931072271716099,45.36029534748588,11.020460918388713
169,-0.9558869510987364,0.29373480678864367,45.36026987432025,11.020469995700273
170,-0.955707664235988,0.29431761843388204,45.36023759160964,11.020482536092237
171,-0.9555419663433227,0.2948551348658122,45.36020787371081,11.020498277525933
172,-0.955389884124611,0.2953475398786358,45.36016578853662,11.020506963397198
173,-0.9552512437774983,0.2957956410455411,45.360132743409665,11.02051175604702
174,-0.95512569803234,0.2962007781188886,45.360108080672276,11.020522481222152
175,-0.9550127542546862,0.29656473022070284,45.36008074559378,11.020538502812284
176,-0.9549118026297104,0.2968896246056384,45.36004697409567,11.020544995866786
177,-0.9548221435665674,0.2971778493679257,45.360012464580926,11.020557311717347
178,-0.9547430136016899,0.29743197201841515,45.359983181879514,11.020564187863753
179,-0.9546736092324793,0.2976546654010841,45.35995099774227,11.020578351062612
180,-0.9546131082675873,0.29784864197054134,45.35993391478167,11.020578652808014
181,-0.9545606884290943,0.29801659703072525,45.35989903953283,11.020589924874086
182,-0.9545155430790678,0.29816116115361546,45.35986818504056,11.020611819921363
183,-0.9544768940636291,0.298284861665234,45.35984398982135,11.020608734713896
184,-0.9544440017688391,0.29839009281054263,45.35980836830658,11.020616690240063
185,-0.9544161725630467,0.2984790939916976,45.359769219677446,11.020627134028638
186,-0.9543927638598244,0.29855393531488666,45.35974596995089,11.020651981792476
187,-0.9543731870752827,0.2986165095766934,45.35972119972376,11.0206638064889
188,-0.9543731870752827,0.2986165095766934,45.35967972,11.02066511
189,0.18092866714612515,0.9834962213474573,45.35968738993187,11.020669202951439
190,0.18092866714612515,0.9834962213474573,45.35968445142941,11.020671800031367
191,0.18092866714612515,0.9834962213474573,45.35968196602015,11.020674865902501
192,0.18092866714612515,0.9834962213474573,45.35967530899743,11.020684874457386
193,0.18092866714612515,0.9834962213474573,45.35967574546026,11.020689647981726
194,0.18092866714612515,0.9834962213474573,45.359680974674326,11.020686745706769
195,0.18092866714612515,0.9834962213474573,45.35968291923108,11.020697712269058
196,0.18092866714612515,0.9834962213474573,45.359685805819524,11.020699290909759
197,0.18092866714612515,0.9834962213474573,45.35969184932301,11.020701315598135
198,0.18092866714612515,0.9834962213474573,45.35968918575915,11.020700532753878
199,0.18092866714612515,0.9834962213474573,45.3596910297488,11.020712230623905
200,0.18092866714612515,0.9834962213474573,45.359684021861206,11.020726725635969
201,0.18092866714612515,0.9834962213474573,45.359694592927895,11.020721635344227
202,0.18092866714612515,0.9834962213474573,45.3596846513106,11.020724410230867
203,0.18092866714612515,0.9834962213474573,45.35969763934513,11.02073370709169
204,0.18092866714612515,0.9834962213474573,45.359697326091855,11.020736952579387
205,0.18092866714612515,0.9834962213474573,45.35969351,11.02074007
206,0.9520757921660317,0.30586220095236244,45.35972143369503,11.020725133081278
207,0.9518883523914902,0.3064450433298183,45.359758986337184,11.020713588137333
208,0.9516618200779549,0.3071478149131365,45.35979144642073,11.020706141504084
209,0.9513896571563686,0.30798980544149085,45.35982073421043,11.020705610566498
210,0.9510645937679219,0.3089921333643591,45.359853795339475,11.020682445049678
211,0.9506786200108566,0.31017762887457456,45.35988872895921,11.020678483276265
212,0.9502229942580052,0.311570635945288,45.35992134623525,11.020669112631502
213,0.9496882714100328,0.3131967227577963,45.35994795335351,11.02064750438518
214,0.9490643547592402,0.31508229167223434,45.35997635498233,11.02064715009843
215,0.9483405754909778,0.31725408252289045,45.360016481881104,11.020622904785798
216,0.9475058042331108,0.319738566558002,45.360055933746615,11.020625366983024
217,0.9465485994416384,0.32256123278390547,45.36007995703796,11.020615404052126
218,0.9454573977106935,0.3257457737471409,45.36010196820067,11.02059378442529
219,0.9442207512043487,0.32931318375536617,45.360138025451214,11.020577803337595
220,0.9428276171693207,0.33328078897953434,45.36017671695206,11.020578482439799
221,0.9412677037081929,0.3376612354948456,45.36020816645161,11.020549307578426
222,0.9395318744577168,0.34246146772734753,45.36024496486815,11.020547908357688
223,0.93761261231856,0.3476817355300186,45.36026371850197,11.020528586074207
224,0.9355045387591222,0.3533146727226059,45.36029507073249,11.020509418653283
225,0.9332049803958095,0.35934449288177067,45.360324947761676,11.020495671764543
226,0.9307145686042709,0.3657463489739382,45.360361955129896,11.020479407657309
227,0.9280378510916227,0.3724859016677585,45.36038826712039,11.020455709359963
228,0.9251838871183129,0.3795191365618457,45.36041962165167,11.020440290373527
229,0.9221667910690345,0.3867924630204673,45.360444734025386,11.020426599107006
230,0.9190061831796602,0.3942431169691524,45.36046473228258,11.020414585480252
231,0.9157275023804567,0.4017998772822741,45.3604953596478,11.020393921923613
232,0.9123621353605877,0.4093840909955694,45.360530217634285,11.020365693560551
233,0.9089473189045703,0.4169109874495916,45.360555568889446,11.02035153969265
234,0.9055257798291052,0.4242912467455473,45.36057655820828,11.020324872507704
235,0.9021450885832579,0.43143277476926317,45.360614762181065,11.020304246127655
236,0.8988567183943654,0.4382426266319976,45.36064502616873,11.020277138644229
237,0.8957148208464997,0.4446290135786497,45.360657607666575,11.020258437580765
238,0.8927747495816134,0.45050332574742175,45.36068457723,11.020241203702984
239,0.8900913846582845,0.4557821046915925,45.36071772471966,11.020216786453135
240,0.8877173290385941,0.4603889048669444,45.36074176885736,11.020194446150313
241,0.8857010637733838,0.46425599148605107,45.36077911918156,11.020171688823247
242,0.884085158042963,0.467325832078807,45.3608020781983,11.020158018994124
243,0.8829046330594531,0.46955234950125885,45.360830615176035,11.020128863121618
244,0.8821855743269091,0.47090191383079066,45.360850590563345,11.020111935293299
245,0.8819440749493275,0.4713540587093475,45.36088626756001,11.020095687813239
246,0.8821855743269091,0.47090191383079066,45.36092007721278,11.020094805031228
247,0.8829046330594531,0.46955234950125885,45.36095355469632,11.020076958677352
248,0.884085158042963,0.467325832078807,45.36098011691234,11.020057822257566
249,0.8857010637733838,0.46425599148605107,45.36101227832438,11.020042014564801
250,0.8877173290385941,0.4603889048669444,45.36104195086752,11.020037257691907
251,0.8900913846582845,0.4557821046915925,45.36108398056262,11.020028890791817
252,0.8927747495816134,0.45050332574742175,45.361114803621,11.02002622845828
253,0.8957148208464997,0.4446290135786497,45.36114983216311,11.020013335249605
254,0.8988567183943654,0.4382426266319976,45.361173960844255,11.020019558650008
255,0.9021450885832579,0.43143277476926317,45.3612222348992,11.020009401612091
256,0.9055257798291052,0.4242912467455473,45.361250119417484,11.020009272359212
257,0.9089473189045703,0.4169109874495916,45.36128483269205,11.02000457306
258,0.9123621353605876,0.4093840909955696,45.361328088840715,11.019998492417756
259,0.9157275023804567,0.4017998772822741,45.36137021058961,11.020001895951843
260,0.9190061831796602,0.3942431169691524,45.361407297269295,11.020013714471064
261,0.9221667910690345,0.3867924630204673,45.361445471487336,11.020002816521158
262,0.9251838871183128,0.37951913656184594,45.3614754563846,11.020007407149595
263,0.9280378510916227,0.3724859016677585,45.361512198803005,11.020009119285914
264,0.9307145686042709,0.3657463489739382,45.361556447209374,11.020002855675992
265,0.9332049803958095,0.35934449288177067,45.36159427389031,11.020023042789282
266,0.9355045387591222,0.3533146727226059,45.361627424713035,11.020013979279726
267,0.93761261231856,0.3476817355300186,45.361654874399,11.020005070295735
268,0.9395318744577168,0.34246146772734753,45.36169861513061,11.02001028537938
269,0.9412677037081929,0.3376612354948456,45.361723526765054,11.020013658843355
270,0.9428276171693207,0.33328078897953434,45.36176285577045,11.020003845288894
271,0.9442207512043487,0.32931318375536617,45.36179672665617,11.020009421967817
272,0.9454573977106935,0.3257457737471409,45.361832949512866,11.020004150119385
273,0.9465485994416384,0.32256123278390547,45.36186764779215,11.019989880676922
274,0.9475058042331108,0.319738566558002,45.361892023788734,11.01999260114729
275,0.9483405754909778,0.31725408252289045,45.361935150439336,11.019994165142345
276,0.9490643547592402,0.31508229167223434,45.361975031315595,11.019982618921707
277,0.9496882714100328,0.3131967227577963,45.36200408203524,11.019969906418064
278,0.9502229942580052,0.311570635945288,45.36204098959499,11.019959273399945
279,0.9506786200108566,0.31017762887457456,45.3620741780354,11.019955859124355
280,0.9510645937679219,0.3089921333643591,45.36210927523964,11.01996306357622
281,0.9513896571563686,0.30798980544149085,45.36214170197113,11.01995528029892
282,0.9516618200779549,0.3071478149131365,45.36217041224607,11.019935399572077
283,0.9518883523914902,0.3064450433298183,45.36220310497498,11.019927613364162
284,0.9520757921660317,0.30586220095236244,45.36223970195503,11.01991669815399
285,0.9520757921660317,0.30586220095236244,45.36227073,11.01991931
286,0.2108778085845649,0.9775124295100148,45.36227013209812,11.01992140003836
287,0.2108778085845649,0.9775124295100148,45.3622712238031,11.019930888227233
288,0.2108778085845649,0.9775124295100148,45.36226209216528,11.019933882561158
289,0.2108778085845649,0.9775124295100148,45.362273504394885,11.019945142717715
290,0.2108778085845649,0.9775124295100148,45.362278617248265,11.019948910907358
291,0.2108778085845649,0.9775124295100148,45.3622825461274,11.019952786282953
292,0.2108778085845649,0.9775124295100148,45.36227792675236,11.019957064292965
293,0.2108778085845649,0.9775124295100148,45.362289381291085,11.019971683187038
294,0.2108778085845649,0.9775124295100148,45.36228695516366,11.019984654390704
295,0.2108778085845649,0.9775124295100148,45.36228557,11.0199881
296,-0.9548049495336774,0.29723308756932115,45.362247203368504,11.02000161940638
297,-0.9548952412118246,0.2969428872881307,45.36222234135116,11.020007014864555
298,-0.9550029031619323,0.29659645134809176,45.36219441802047,11.020018245889606
299,-0.9551305332272705,0.2961851861538486,45.362157082037896,11.020022316380556
300,-0.9552809486346263,0.295699694243549,45.362131961660076,11.0200401380921
301,-0.955457166589157,0.29512980671802663,45.362107404421984,11.020048394200893
302,-0.955662374389357,0.29446464333854505,45.36207984853058,11.02005613777814
303,-0.9558998878381288,0.2936927040820944,45.36203761966049,11.020062872299796
304,-0.9561730969887218,0.2928019955447647,45.36200720248824,11.020072777536049
305,-0.9564853986475227,0.2917801949654732,45.3619725505458,11.020087548241934
306,-0.9568401155658971,0.29061485379078716,45.36195440080579,11.020101300863931
307,-0.9572404028889021,0.289293641611931,45.36190791380813,11.020099241758151
308,-0.9576891431775952,0.2878046299831944,45.36188821215877,11.020110750127555
309,-0.9581888321591234,0.28613661409462293,45.361848862772476,11.020110160529123
310,-0.9587414582460473,0.284279468552062,45.361826753222225,11.020123904972987
311,-0.9593483797505409,0.28222453165876993,45.361802569968354,11.020130577230022
312,-0.9600102045341941,0.2799650106535008,45.36176281100125,11.02013616887832
313,-0.9607266775041793,0.2774963984122688,45.361740980317975,11.020156052458363
314,-0.9614965818106708,0.2748168902494825,45.36171122942516,11.020157540624714
315,-0.9623176597396318,0.2719277877548345,45.36167612297699,11.02015543309921
316,-0.963186559061204,0.268833875179148,45.361646818262095,11.020170029478056
317,-0.9640988099386402,0.2655437528447952,45.36160607961965,11.02017663838246
318,-0.9650488364074777,0.26207011151326143,45.36157493008755,11.020173123381763
319,-0.9660300049186102,0.25842993169706524,45.36154563183045,11.020186011494316
320,-0.9670347105646719,0.2546445926445349,45.361508587980175,11.020198287022854
321,-0.9680544994840817,0.2507398772206446,45.36147848999388,11.020189168708255
322,-0.9690802237099306,0.24674586118982983,45.361450806510724,11.020192889485632
323,-0.9701022225821173,0.24269667847178342,45.361416067405344,11.02021177252394
324,-0.9711105229681704,0.23863015773469756,45.361391806859636,11.020210553529209
325,-0.9720950491354878,0.2345873301060256,45.36136312034255,11.02020741156905
326,-0.9730458323543291,0.2306118126590025,45.36131924982032,11.020213603860414
327,-0.9739532103075106,0.22674907746602643,45.361302000040965,11.020218338686737
328,-0.9748080071919815,0.22304562115046742,45.36126582274722,11.020222510555922
329,-0.9756016869898314,0.21954805474564126,45.36122762839119,11.02022412100973
330,-0.9763264746455403,0.21630213800656503,45.361194754239754,11.020232846807579
331,-0.9769754426148594,0.2133517858549577,45.36116139797378,11.020237198546413
332,-0.9775425631868557,0.2107380771433397,45.36113565021817,11.020243166845498
333,-0.9780227298248463,0.20849829722555452,45.36110016331715,11.020242795303865
334,-0.9784117532208252,0.206665045809278,45.36107999287812,11.020233778222748
335,-0.9787063395409562,0.20526544020448892,45.36104312780184,11.020241100632262
336,-0.9789040592534396,0.20432044140794753,45.36100070833627,11.0202524205801
337,-0.9790033148664642,0.20384432658397625,45.36097170901441,11.020255763101755
338,-0.9790033148664642,0.20384432658397625,45.360943320564935,11.020274416008858
339,-0.9789040592534396,0.20432044140794753,45.360917504704666,11.020269789604496
340,-0.9787063395409562,0.20526544020448892,45.36088025269175,11.02028232048812
341,-0.9784117532208252,0.206665045809278,45.36084173885176,11.02028911829311
342,-0.9780227298248463,0.20849829722555452,45.36081744482938,11.02029180550056
343,-0.9775425631868557,0.2107380771433397,45.36078812516376,11.020313139803992
344,-0.9769754426148594,0.2133517858549577,45.360760958602256,11.020319745833378
345,-0.9763264746455403,0.21630213800656503,45.3607262069899,11.020331319009347
346,-0.9756016869898314,0.21954805474564126,45.36070881615811,11.020348048888332
347,-0.9748080071919815,0.22304562115046742,45.36067436450915,11.020357290966318
348,-0.9739532103075106,0.22674907746602643,45.360636010815874,11.020370216966144
349,-0.9730458323543291,0.2306118126590025,45.36061111884423,11.020384741230588
350,-0.9720950491354878,0.2345873301060256,45.3605848742863,11.020396000115836
351,-0.9711105229681704,0.23863015773469756,45.36055563845968,11.020415778125075
352,-0.9701022225821173,0.24269667847178342,45.360523614812394,11.020435651693163
353,-0.9690802237099306,0.24674586118982983,45.36050113228011,11.02044699085133
354,-0.9680544994840817,0.2507398772206446,45.36046440527881,11.020458807275919
355,-0.9670347105646719,0.2546445926445349,45.36044112341069,11.020467974488962
356,-0.9660300049186102,0.25842993169706524,45.36040934304363,11.02049597761172
357,-0.9650488364074777,0.26207011151326143,45.36038430329942,11.02049940333883
358,-0.9640988099386402,0.2655437528447952,45.36035090462669,11.020519174879466
359,-0.963186559061204,0.268833875179148,45.360330826499066,11.020530673087002
360,-0.9623176597396318,0.2719277877548345,45.36027976471657,11.020553382502078
361,-0.9614965818106708,0.2748168902494825,45.360260937565386,11.02056624502411
362,-0.9607266775041793,0.2774963984122688,45.36023482477366,11.02058461299656
363,-0.9600102045341941,0.2799650106535008,45.36020359724881,11.020593769681964
364,-0.9593483797505409,0.28222453165876993,45.36017602543793,11.020608747742202
365,-0.9587414582460473,0.284279468552062,45.36014446320727,11.020612256940776
366,-0.9581888321591234,0.28613661409462293,45.36012747087921,11.02063359870151
367,-0.9576891431775952,0.2878046299831944,45.360082894639376,11.020648408074234
368,-0.9572404028889021,0.289293641611931,45.36006667991495,11.020664439669257
369,-0.9568401155658971,0.29061485379078716,45.36003032319125,11.020673349158763
370,-0.9564853986475227,0.2917801949654732,45.36000372675236,11.020684045615766
371,-0.9561730969887218,0.2928019955447647,45.359967532747376,11.020698505406795
372,-0.9558998878381288,0.2936927040820944,45.359940767719145,11.02070591879123
373,-0.955662374389357,0.29446464333854505,45.35991119013365,11.020732342663713
374,-0.955457166589157,0.29512980671802663,45.35987777324919,11.020729798351125
375,-0.9552809486346263,0.295699694243549,45.35985078102859,11.0207459646321
376,-0.9551305332272705,0.2961851861538486,45.35981050339027,11.02074870926553
377,-0.9550029031619323,0.29659645134809176,45.35977935181219,11.020762984979823
378,-0.9548952412118246,0.2969428872881307,45.35976067278086,11.02077984452076
379,-0.9548049495336774,0.29723308756932115,45.35972890520962,11.020781279574226
380,-0.9548049495336774,0.29723308756932115,45.35970006,11.02079678
381,0.18563850809759755,0.9826181070544641,45.35970743693634,11.020808983554074
382,0.18563850809759755,0.9826181070544641,45.35970334791354,11.020802174685533
383,0.18563850809759755,0.9826181070544641,45.35970658821789,11.020807424595922
384,0.18563850809759755,0.9826181070544641,45.3597138303373,11.020814523719892
385,0.18563850809759755,0.9826181070544641,45.35970924638536,11.020820524204265
386,0.18563850809759755,0.9826181070544641,45.35970023049858,11.020834565324494
387,0.18563850809759755,0.9826181070544641,45.359706224349054,11.020828153663345
388,0.18563850809759755,0.9826181070544641,45.35970871145412,11.02084126679016
389,0.18563850809759755,0.9826181070544641,45.35970657554556,11.020846413993986
390,0.18563850809759755,0.9826181070544641,45.35970672083026,11.020845825380576
391,0.18563850809759755,0.9826181070544641,45.35970945496183,11.020852268703335
392,0.18563850809759755,0.9826181070544641,45.35970852002579,11.020856644860526
393,0.18563850809759755,0.9826181070544641,45.359713203941666,11.020857109656806
394,0.18563850809759755,0.9826181070544641,45.3597044847326,11.02086963146705
395,0.18563850809759755,0.9826181070544641,45.359714156206735,11.020881028102457
396,0.18563850809759755,0.9826181070544641,45.35971575,11.02087983
397,0.953175406440238,0.302417996418016,45.35973451818866,11.020876018310137
398,0.9530013631115791,0.3029660078415929,45.35977317924098,11.02085742712127
399,0.9527951187950224,0.30361400099530844,45.35980326357114,11.020852830700887
400,0.9525518490687299,0.30437637036363985,45.35982191370488,11.020833413571983
401,0.9522662319527158,0.3052687725309888,45.35985046592737,11.020829602522324
402,0.9519324371604806,0.30630807217849765,45.35989269339313,11.020826034414544
403,0.9515441229574648,0.30751224701645463,45.359908289129905,11.02081622457454
404,0.9510944421374999,0.30890024625298984,45.35995204067256,11.020810058511104
405,0.9505760587785191,0.31049179776138597,45.359975065013124,11.02078518699559
406,0.9499811776152469,0.3123071599831625,45.35999768440404,11.020778772032687
407,0.9493015880705413,0.3143668158167276,45.360032623769094,11.020775458762222
408,0.9485287252131699,0.31669110730407124,45.360059823019476,11.020773393760447
409,0.947653750143244,0.3192998118374734,45.36008151246084,11.020759329161056
410,0.9466676525203623,0.32221166284227903,45.360117922279755,11.020744179534123
411,0.9455613781025098,0.32544382040666003,45.36015386514742,11.02073491629949
412,0.9443259841996933,0.3290113000571267,45.36016647373422,11.02072324377032
413,0.9429528257950771,0.3329263707264399,45.36019743877001,11.020712537771491
414,0.9414337746677552,0.3371979358104408,45.360223580915054,11.020690181928947
415,0.9397614730814767,0.3418309139205127,45.36025942704809,11.020689097714861
416,0.9379296224050122,0.3468256383475583,45.36027834285333,11.020674590589506
417,0.9359333053433362,0.35217729618630644,45.36030729992041,11.02066018530148
418,0.9337693382580581,0.3578754293453355,45.36033311967843,11.020632790732744
419,0.9314366473614912,0.3639035201148582,45.3603673730901,11.020630631037815
420,0.9289366594624543,0.3702386834283207,45.360387601730466,11.02061181137401
421,0.9262736945734125,0.3768514863196383,45.36041708965796,11.020585429824903
422,0.923455344279375,0.38370591228421386,45.360432902024584,11.020578467812784
423,0.9204928166058713,0.39075948430842933,45.36045235068921,11.020566001407179
424,0.9174012255423806,0.3979635553330708,45.360496707949636,11.020544314665647
425,0.9141998017379305,0.4052637690471831,45.36051335738906,11.020521957826059
426,0.9109120005344556,0.4126006874477016,45.36053441434572,11.020504065522916
427,0.9075654847354782,0.4199105749047726,45.360565135425986,11.020493798858148
428,0.9041919625224345,0.42712632195853767,45.36058623197473,11.020462156338873
429,0.900826865795353,0.43417848617972904,45.3606111598877,11.020447592251408
430,0.8975088608344521,0.4409964225746555,45.36063929925887,11.0204230223064
431,0.8942791912866488,0.4475094725608581,45.360666902771534,11.020400534572218
432,0.8911808626399099,0.45364817872927254,45.36069082087766,11.020379274679811
433,0.8882576869805682,0.4593454925433916,45.36070219797032,11.020367557560554
434,0.8855532162574559,0.4645379437420324,45.36073460872546,11.020352718589626
435,0.883109600784868,0.46916674328173674,45.36074684575999,11.020327403627856
436,0.880966416611557,0.47317879580829975,45.36077787256709,11.020297442255185
437,0.8791595100625956,0.47652760241826164,45.36081315238126,11.020297977066935
438,0.8777199097694437,0.47917403935764247,45.360823951357546,11.020278261146865
439,0.8766728555756383,0.4810870028350963,45.360856201376315,11.020253728442073
440,0.8760369897914855,0.4822439139243467,45.36088762853937,11.020242869036114
441,0.8758237495423956,0.4826310803683275,45.36090703086673,11.020225257198648
442,0.8760369897914855,0.4822439139243467,45.36093421823954,11.020204806526515
443,0.8766728555756383,0.4810870028350963,45.36095504634438,11.020202038468225
444,0.8777199097694437,0.47917403935764247,45.36099363453586,11.020193841046328
445,0.8791595100625956,0.47652760241826164,45.3610095391093,11.02016793951021
446,0.880966416611557,0.47317879580829975,45.3610440962065,11.020170080750743
447,0.883109600784868,0.46916674328173674,45.361068391328615,11.020158884730325
448,0.8855532162574559,0.4645379437420324,45.361103488934624,11.020154439857546
449,0.8882576869805682,0.4593454925433916,45.361139437300345,11.020145463116444
450,0.8911808626399099,0.45364817872927254,45.361159260810744,11.020141139731447
451,0.8942791912866488,0.4475094725608581,45.36120352813971,11.02013529967738
452,0.8975088608344521,0.4409964225746555,45.361232796144805,11.020130167174143
453,0.900826865795353,0.43417848617972904,45.36126902076966,11.02012590309379
454,0.9041919625224345,0.42712632195853767,45.36129830590695,11.020132294124085
455,0.907565484735478,0.41991057490477285,45.36134451985791,11.02013409434052
456,0.9109120005344556,0.4126006874477016,45.36136672089744,11.020128399982061
457,0.9141998017379305,0.4052637690471831,45.361393402963834,11.020132570270952
458,0.9174012255423806,0.3979635553330708,45.361437391215425,11.020122501323774
459,0.9204928166058713,0.39075948430842933,45.36146634903659,11.020137509943396
460,0.923455344279375,0.38370591228421386,45.361502638881056,11.020147129467883
461,0.9262736945734125,0.3768514863196383,45.36152850725275,11.020139762369551
462,0.9289366594624543,0.3702386834283205,45.3615669932435,11.020146734134812
463,0.9314366473614912,0.3639035201148582,45.36159265191678,11.020137348786557
464,0.9337693382580581,0.3578754293453355,45.3616239480163,11.020147306364509
465,0.9359333053433361,0.35217729618630667,45.36167021523704,11.020143981725045
466,0.9379296224050122,0.3468256383475583,45.36169922531077,11.02014616805655
467,0.9397614730814767,0.3418309139205127,45.361711920786114,11.020144730782484
468,0.9414337746677552,0.337197935810441,45.36174573980711,11.020153832475321
469,0.9429528257950771,0.3329263707264401,45.361789302034786,11.020148971990071
470,0.9443259841996933,0.3290113000571267,45.361815514900385,11.020145070875287
471,0.9455613781025098,0.32544382040666003,45.36184848734563,11.020141470861706
472,0.9466676525203623,0.32221166284227903,45.361876503399166,11.020136460162403
473,0.947653750143244,0.3192998118374734,45.36191449827662,11.020131081150051
474,0.9485287252131699,0.31669110730407124,45.36194704682499,11.020132308585746
475,0.9493015880705413,0.3143668158167276,45.361984199940075,11.020134995644405
476,0.9499811776152469,0.3123071599831627,45.36200604899234,11.020122802507169
477,0.9505760587785191,0.31049179776138597,45.36203347872275,11.020122959316522
478,0.9510944421374999,0.30890024625298984,45.36206194982038,11.020116126072686
479,0.9515441229574648,0.30751224701645463,45.36208957021683,11.020109199558869
480,0.9519324371604806,0.30630807217849765,45.36212801922766,11.020106931646698
481,0.9522662319527158,0.3052687725309888,45.36216223854804,11.02009755118574
482,0.9525518490687299,0.30437637036363985,45.36218724134089,11.020091629306773
483,0.9527951187950224,0.30361400099530844,45.36220933295965,11.02008315080035
484,0.9530013631115791,0.3029660078415929,45.36224518129943,11.020073593205726
485,0.953175406440238,0.302417996418016,45.3622774317573,11.020069955472863
486,0.953175406440238,0.302417996418016,45.36230304,11.02006662
487,0.05017981546841942,0.9987401995111418,45.36230479927544,11.020074307040144
488,0.05017981546841942,0.9987401995111418,45.36229450917088,11.020074098561004
489,0.05017981546841942,0.9987401995111418,45.362300315369936,11.020081426633997
490,0.05017981546841942,0.9987401995111418,45.362306596947775,11.020096726170676
491,0.05017981546841942,0.9987401995111418,45.36230454074207,11.020104738187174
492,0.05017981546841942,0.9987401995111418,45.36230454028475,11.020106515395389
493,0.05017981546841942,0.9987401995111418,45.36230076152329,11.020116377910668
494,0.05017981546841942,0.9987401995111418,45.36230583,11.02012215
495,-0.9555645703163388,0.29478187182415216,45.362282868566105,11.020136176783168
496,-0.9557459650620764,0.29419321927529213,45.36223735246248,11.020143674525922
497,-0.9559607954705223,0.2934943909572485,45.362210057278574,11.020137626241965
498,-0.9562137945905976,0.2926690606036967,45.36219135119597,11.020155494966968
499,-0.9565100423645465,0.29169939810663564,45.36215603268369,11.020155146897924
500,-0.956854916692448,0.2905661170912541,45.362124502181075,11.020178921974608
501,-0.9572540235917704,0.2892485683929417,45.36209935263333,11.020185457429172
502,-0.957713104252156,0.2877248858609542,45.362078060123544,11.020194430327722
503,-0.9582379173812975,0.28597219041849786,45.36203911581281,11.020215709710591
504,-0.9588340960976349,0.28396685750388423,45.362002355533804,11.020216206727696
505,-0.9595069797676554,0.2816848518773277,45.36197548475398,11.020218362231834
506,-0.9602614226100161,0.27910213228670977,45.36195590296951,11.020220025369285
507,-0.9611015825718633,0.2761951266366947,45.361921174153004,11.020231098818885
508,-0.962030695871436,0.27294127610370816,45.361890423899276,11.020247687818877
509,-0.9630508446082755,0.26931964410210996,45.361857278026754,11.020244479873666
510,-0.9641627268451282,0.2653115831669751,45.36182867103488,11.020258232490661
511,-0.9653654404062398,0.26090144972626483,45.36180129374446,11.020261282729685
512,-0.9666562931282481,0.25607735346093097,45.36177122160366,11.020268630654186
513,-0.9680306532366612,0.25083192459135495,45.36173512658726,11.020281018588477
514,-0.9694818536945266,0.24516307910659094,45.361705778683074,11.020276943816016
515,-0.9710011635898288,0.23907475882493,45.36167553868498,11.020272417875697
516,-0.9725778377467557,0.23257762042777352,45.36163867639106,11.020284398339252
517,-0.9741992526849291,0.2256896454605872,45.36161106558174,11.020279201321474
518,-0.9758511328268842,0.21843664198226176,45.361586059350756,11.02028362386224
519,-0.9775178656005654,0.21085260831138639,45.361554856357834,11.020282818496417
520,-0.9791828980621071,0.20297993039385212,45.36152144367676,11.020292676583258
521,-0.9808292012649242,0.19486938688775823,45.361486561750006,11.020291785951251
522,-0.9824397823268979,0.18657994024406144,45.36144170075455,11.020278378843216
523,-0.9839982185802041,0.17817829786757083,45.361421034909654,11.020283711207014
524,-0.9854891839389696,0.1697382347595961,45.36139423592167,11.020285117639974
525,-0.9868989352645181,0.16133967761762935,45.3613597147532,11.020281467550268
526,-0.9882157265164485,0.15306755980797426,45.36133305620711,11.020271770403987
527,-0.9894301211438895,0.14501046642635182,45.361303819780126,11.020265381238248
528,-0.9905351785536067,0.1372590982331388,45.36125789076219,11.020267652673128
529,-0.9915264983758185,0.1299045919842246,45.36123097352108,11.020261212245103
530,-0.9924021161388874,0.12303674200440368,45.36120155040906,11.020263202617096
531,-0.9931622551093987,0.11674217329660153,45.36117127773782,11.020255038638402
532,-0.9938089505083186,0.1111025197263964,45.36114596650591,11.020256508674624
533,-0.994345573025467,0.10619266172695631,45.361106700819704,11.020247672895128
534,-0.9947762874760896,0.10207907657932819,45.36107255133871,11.020245089328828
535,-0.9951054886474922,0.09881835084454617,45.361053418725945,11.020248391268497
536,-0.9953372591707357,0.09645589928297667,45.361010790939254,11.020245427190975
537,-0.9954748932356158,0.09502492797965874,45.360985322916854,11.020253431174725
538,-0.9955205251252262,0.09454567179090713,45.36095594850211,11.020250317881223
539,-0.9954748932356158,0.09502492797965874,45.36092267242988,11.020259166145548
540,-0.9953372591707357,0.09645589928297667,45.360890926593584,11.020241668709442
541,-0.9951054886474922,0.09881835084454617,45.360857561644615,11.020272411740375
542,-0.9947762874760896,0.10207907657932819,45.360828090129786,11.020266085158504
543,-0.994345573025467,0.10619266172695631,45.360798962013874,11.020288056096518
544,-0.9938089505083186,0.1111025197263964,45.360770948406476,11.02028695149328
545,-0.9931622551093987,0.11674217329660153,45.36074675713393,11.02030415410074
546,-0.9924021161388874,0.12303674200440368,45.360717506487354,11.020321526418579
547,-0.9915264983758185,0.1299045919842246,45.36067515333283,11.020335492396692
548,-0.9905351785536067,0.1372590982331388,45.360649151461885,11.020351341933422
549,-0.9894301211438896,0.14501046642635096,45.360609970780374,11.020365006495346
550,-0.9882157265164487,0.15306755980797337,45.36060219603065,11.020392938208765
551,-0.9868989352645181,0.16133967761762935,45.36057767297173,11.020403639033352
552,-0.9854891839389696,0.1697382347595961,45.360541697628946,11.020433250567942
553,-0.9839982185802041,0.17817829786757083,45.360513590671,11.020442219858113
554,-0.9824397823268979,0.18657994024406144,45.360487352917296,11.020463030891683
555,-0.9808292012649242,0.19486938688775823,45.36045748233737,11.020476957160932
556,-0.9791828980621071,0.20297993039385212,45.36043324324934,11.020508169851933
557,-0.9775178656005654,0.21085260831138639,45.36039829558813,11.020530651555703
558,-0.9758511328268842,0.21843664198226176,45.36037987096182,11.020556725116796
559,-0.9741992526849291,0.2256896454605872,45.3603470061204,11.020575715057749
560,-0.9725778377467557,0.23257762042777352,45.36032326548328,11.020594938285766
561,-0.9710011635898288,0.23907475882493,45.3603034330899,11.020623976165483
562,-0.9694818536945266,0.24516307910659094,45.36027024017063,11.02063359903671
563,-0.9680306532366612,0.25083192459135495,45.36023685280184,11.020660865419474
564,-0.9666562931282481,0.25607735346093097,45.360215403418366,11.020675979321727
565,-0.9653654404062398,0.26090144972626483,45.360197653109736,11.02069756870647
566,-0.9641627268451282,0.2653115831669751,45.36016440658197,11.020705122991474
567,-0.9630508446082755,0.26931964410210996,45.36013252903918,11.020733517791992
568,-0.962030695871436,0.27294127610370816,45.36010326249285,11.020750300412994
569,-0.9611015825718633,0.2761951266366947,45.36008000761594,11.020763803084634
570,-0.9602614226100161,0.27910213228670977,45.36005272031532,11.020776144510233
571,-0.9595069797676554,0.2816848518773277,45.36001950906914,11.020795005989301
572,-0.9588340960976349,0.28396685750388423,45.35999127324877,11.020803942100207
573,-0.9582379173812975,0.28597219041849786,45.3599716103073,11.020822159513855
574,-0.957713104252156,0.2877248858609542,45.35994394898363,11.020825029832784
575,-0.9572540235917704,0.2892485683929417,45.35991487252951,11.020847812151263
576,-0.956854916692448,0.2905661170912541,45.35987985975317,11.020861731166411
577,-0.9565100423645465,0.29169939810663564,45.35985729852486,11.02087191089208
578,-0.9562137945905976,0.2926690606036967,45.35982355788192,11.020886309907452
579,-0.9559607954705223,0.2934943909572485,45.359795106696474,11.02089032176779
580,-0.9557459650620764,0.29419321927529213,45.35977158341092,11.02090869674271
581,-0.9555645703163388,0.29478187182415216,45.359735394541815,11.02090625773876
582,-0.9555645703163388,0.29478187182415216,45.35971167,11.02093044
583,0.158371280329442,0.9873796319384015,45.35971883116576,11.02093460214451
584,0.158371280329442,0.9873796319384015,45.35972508050259,11.020934007634676
585,0.158371280329442,0.9873796319384015,45.35971564708808,11.020943393529762
586,0.158371280329442,0.9873796319384015,45.35970556161309,11.020938208733975
587,0.158371280329442,0.9873796319384015,45.359697066778764,11.02094442799131
588,0.158371280329442,0.9873796319384015,45.35971146473471,11.020952852857572
589,0.158371280329442,0.9873796319384015,45.35971479076109,11.020951516124025
590,0.158371280329442,0.9873796319384015,45.359707022235284,11.020965091951291
591,0.158371280329442,0.9873796319384015,45.359702932285856,11.020953773761777
592,0.158371280329442,0.9873796319384015,45.35971724236796,11.020960804211903
593,0.158371280329442,0.9873796319384015,45.359721415576416,11.0209680478841
594,0.158371280329442,0.9873796319384015,45.3597230647432,11.020973832722515
595,0.158371280329442,0.9873796319384015,45.35971845908044,11.020974084157483
596,0.158371280329442,0.9873796319384015,45.359718193534945,11.020975445198822
597,0.158371280329442,0.9873796319384015,45.35972135177831,11.020983678911033
598,0.158371280329442,0.9873796319384015,45.35972086152728,11.020982373127634
599,0.158371280329442,0.9873796319384015,45.35971623561414,11.020991599657977
600,0.158371280329442,0.9873796319384015,45.35971799703246,11.021001109866035
601,0.158371280329442,0.9873796319384015,45.35972104170018,11.02099613311325
602,0.158371280329442,0.9873796319384015,45.3597261717352,11.021012098414348
603,0.158371280329442,0.9873796319384015,45.35972767163694,11.021005058295922
