,Choice,Sin,Cosin,Lat,Lon,Msx,Mdx
0,8,0.9537169507482269,0.30070579950427306,45.3596665575,11.020597651,1.003065698829245,0.99893319195577
1,8,0.9548466887874576,0.2970989749420688,45.35970048051344,11.020587822712004,1.2166788394237862,0.7850168300886152
2,8,0.954797770124424,0.2972561490792538,45.35973233951789,11.020576072340125,0.9883758213527861,1.010047326690714
3,8,0.9547383367547888,0.29744698406724424,45.359767954393455,11.02056714864389,0.9886123318655348,1.0110822872456535
4,8,0.9546666121202031,0.297677106447462,45.35980085583497,11.020554421554342,0.9859742572107062,1.0158787563870921
5,8,0.9545806360462522,0.2979526963890956,45.35983418584381,11.020545956241753,0.98329867535864,1.0157845768264484
6,8,0.9544782722948345,0.29828045144975185,45.35986819352674,11.02053519977701,0.9807477458751848,1.0191397117512915
7,8,0.9543572234014049,0.29866752441730393,45.359900823341285,11.020523590441716,0.9769572486662796,1.0237725391334724
8,8,0.954215053870984,0.29912143180654066,45.35993703540762,11.02051374291444,0.9726056388408663,1.0258827338293104
9,8,0.9540492226986611,0.29964993019869124,45.359968977766144,11.020501387488789,0.9669289357015862,1.0315458155282806
10,8,0.953857126011474,0.30026085851660905,45.36000186113363,11.020490492938903,0.9618719316521607,1.037847143104043
11,8,0.9536361503956143,0.30096194553237676,45.360035712390406,11.020479150003952,0.9578083674891771,1.039970719178667
12,8,0.9533837371737747,0.3017605833977772,45.36006787366104,11.02047102470443,0.9493678183757625,1.0477468694070562
13,8,0.9530974575310728,0.3026635697400744,45.36010323899225,11.020459528197282,0.9448326664810363,1.0539677132964413
14,8,0.9527750979543083,0.3036768228201789,45.360134886118175,11.020448601579453,0.9393357962203076,1.0614952783882925
15,8,0.9524147549494166,0.30480507632689235,45.36017021377485,11.020435683315075,0.9327932491074636,1.0681955910120853
16,8,0.9520149374387962,0.3060515624750266,45.36020304452971,11.020427560510418,0.924729014408927,1.0740463249211083
17,8,0.9515746746197707,0.3074176940618047,45.36023393973086,11.020413531249467,0.9180671163800669,1.0809118581729835
18,8,0.9510936263990336,0.308902757875574,45.36026818449869,11.020403278569761,0.9106426637479087,1.0898436602345576
19,8,0.9505721928245022,0.3105036331974512,45.36030297676395,11.020390331734712,0.9025598040143048,1.0940043099181518
20,8,0.950011618245168,0.3122145499479439,45.36033524784442,11.02037848105518,0.8976712441228812,1.104303263360735
21,8,0.9494140852837892,0.3140269011800513,45.360367352780884,11.020364950358305,0.8889847622555237,1.1091843370368888
22,8,0.9487827931634476,0.3159291240087982,45.36040210034053,11.02035278651442,0.8854760187163324,1.1127887039228719
23,8,0.9481220145572806,0.31790666163489534,45.36043429648264,11.02033989883743,0.8805548417628417,1.1196659238735232
24,8,0.9474371250112399,0.31994201685686136,45.3604673723828,11.020327071165365,0.875662960477197,1.1233164918217693
25,8,0.9467345992056588,0.32201490441732744,45.360500133929605,11.020313569492208,0.873752436511601,1.1271116849617229
26,8,0.9460219689490372,0.32410250579991934,45.36053116264078,11.02030188771813,0.8744182597215837,1.125395570551615
27,8,0.9453077388936579,0.3261798258442109,45.360566315066656,11.02028781515214,0.8747395374893193,1.12678364087664
28,8,0.9446012575515947,0.3282201459873323,45.36059994149381,11.020274898321562,0.8773575703664848,1.1243417853663378
29,8,0.9439125432502639,0.33019556431729796,45.360629824489635,11.020260809645581,0.8806018961828318,1.1188078086169497
30,8,0.9432520671235732,0.3320776081989059,45.36066276788997,11.020246055641913,0.8873136145991314,1.116518980821914
31,8,0.9426304979550314,0.33383790127103535,45.360693907093605,11.020232266165232,0.8931121467081696,1.1071255452797188
32,8,0.9420584164865246,0.33544886335610363,45.36072701114655,11.020221056537707,0.9027487827623694,1.0966110732760366
33,8,0.9415460094536307,0.33688441947045217,45.36076083884111,11.020206010561257,0.9131726220798869,1.0863818175790219
34,8,0.9411027558574495,0.33812069282656126,45.36079485365579,11.020192613310027,0.9257547872762348,1.0756039337617975
35,8,0.9407371195919002,0.3391366565588786,45.36082749219745,11.020178026930852,0.9384036048861445,1.0606489858704775
36,8,0.9404562633071148,0.33991471990253463,45.36085900146839,11.02016586805365,0.9536504928229659,1.0490367415861643
37,8,0.9402657981596648,0.34044122666206045,45.36089178472944,11.02015366826195,0.9680164427012763,1.031391038756577
38,8,0.9401695828203128,0.3407068469219234,45.36092546025745,11.020143007526347,0.9843642828566029,1.0158513019752016
39,8,0.9401695828203128,0.3407068469219234,45.36095821423699,11.020129686713965,1.0088175351225348,1.0028012118924776
40,8,0.9402657981596648,0.34044122666206045,45.36099174118444,11.02011822708173,1.0140341204591565,0.9847131377428436
41,8,0.9404562633071148,0.33991471990253463,45.36102393960572,11.020107064642325,1.0309153007657386,0.9696246062524444
42,8,0.9407371195919002,0.3391366565588786,45.361058114816636,11.020095645007206,1.0461002359560454,0.9528511689091418
43,8,0.9411027558574495,0.33812069282656126,45.36109205759824,11.020085536532749,1.0640356492920604,0.9378824355937546
44,8,0.9415460094536307,0.33688441947045233,45.3611255197902,11.020076497419407,1.0752201227381766,0.9239058804210195
45,8,0.9420584164865246,0.33544886335610363,45.36116035740157,11.020066023185937,1.0872831213192284,0.9142575686371129
46,8,0.9426304979550314,0.33383790127103535,45.361194449567776,11.020056527032068,1.098071927550684,0.9026974599379433
47,8,0.9432520671235732,0.3320776081989059,45.36122716902252,11.020046484906562,1.106878755561244,0.8925185880496381
48,8,0.9439125432502639,0.33019556431729796,45.36126103253369,11.020039161868349,1.1146089448460443,0.8858389347134432
49,8,0.9446012575515947,0.3282201459873323,45.36129866565395,11.020030700273153,1.1200622007664485,0.8808980132122494
50,8,0.9453077388936579,0.3261798258442109,45.36133117209789,11.02002344938415,1.124222133718221,0.876307055041191
51,8,0.9460219689490372,0.32410250579991934,45.3613661671391,11.020014490806577,1.124199479787319,0.875654556442525
52,8,0.9467345992056588,0.32201490441732744,45.36139987007672,11.020008556096675,1.1253340737540356,0.8728377367388206
53,8,0.9474371250112399,0.31994201685686136,45.361435274664494,11.020000786199644,1.1259739750553013,0.8748953173840907
54,8,0.9481220145572806,0.31790666163489534,45.36146959039415,11.019993584856396,1.124489849762218,0.8754868980850818
55,8,0.9487827931634476,0.3159291240087982,45.361503591498995,11.019985499539684,1.119291423400779,0.8807299332475982
56,8,0.9494140852837892,0.3140269011800513,45.36153895882291,11.019977630322442,1.114051689979085,0.8852987847042548
57,8,0.950011618245168,0.3122145499479439,45.361573510537426,11.019968387932167,1.1091969588868766,0.8900459785493343
58,8,0.9505721928245022,0.3105036331974512,45.36160658593421,11.019964678522477,1.1032542080242038,0.8973936446109738
59,8,0.9510936263990336,0.308902757875574,45.361641807114246,11.019956248663869,1.0962873129917425,0.9030720344688293
60,8,0.9515746746197707,0.3074176940618047,45.36167846367161,11.019950275548284,1.0890570249721996,0.9101634748690259
61,8,0.9520149374387962,0.3060515624750266,45.36171097786893,11.01993955707955,1.0828498358491006,0.9182955373182256
62,8,0.9524147549494166,0.30480507632689235,45.361747527435746,11.01993362195967,1.0758615519083146,0.9246882461517226
63,8,0.9527750979543083,0.3036768228201789,45.361782482299965,11.019923641729106,1.06683200382803,0.9320350626930289
64,8,0.9530974575310728,0.3026635697400744,45.36181326084227,11.019916308297052,1.0622079401529934,0.937901866168707
65,8,0.9533837371737747,0.3017605833977772,45.36184736865654,11.019907899974843,1.0541664533898119,0.9462456548301221
66,8,0.9536361503956143,0.30096194553237676,45.36188464672635,11.019897422932544,1.0472873015856246,0.9520675821679965
67,8,0.953857126011474,0.30026085851660905,45.36191656065594,11.019888040902869,1.042244862071182,0.9577827587004526
68,8,0.9540492226986611,0.29964993019869124,45.36194954458712,11.019880601688266,1.0355326428503442,0.9620471717502255
69,8,0.954215053870984,0.29912143180654066,45.36198292028288,11.01987189878888,1.0321917488703969,0.9660932887823245
70,8,0.9543572234014049,0.29866752441730393,45.36202076231585,11.019862738246369,1.0276883228940648,0.9726294387498705
71,8,0.9544782722948345,0.29828045144975185,45.362053159851115,11.019852092956397,1.023836392676377,0.9785306853172978
72,8,0.9545806360462522,0.2979526963890956,45.36208583566909,11.019843008443074,1.0186061819195278,0.9782661695578612
73,8,0.9546666121202031,0.297677106447462,45.36212022107882,11.019831208463305,1.0140885849337642,0.9818943173060661
74,8,0.9547383367547888,0.29744698406724424,45.36215571705938,11.019821859934945,1.0121729584540011,0.9861819292675142
75,8,0.954797770124424,0.2972561490792538,45.36218760411476,11.019813474489194,1.0111423791497822,0.9883886741789634
76,8,0.9548466887874576,0.2970989749420688,45.36222311673073,11.019801438747535,1.0105615428784969,0.9905871624977491
77,8,0.9548466887874576,0.2970989749420688,45.36225589,11.01979384,1.0090648079292994,0.9897731323672261
78,8,0.1871863868101744,0.9823244151465196,45.362255633348056,11.019796173938941,0.4988496625062249,1.5014221606276914
79,8,0.1871863868101744,0.9823244151465196,45.36225812856959,11.01980016534765,0.9965692191445698,1.0043980030316086
80,8,0.1871863868101744,0.9823244151465196,45.36225933222012,11.019803486764435,1.012494695368294,1.0096884538363635
81,8,0.1871863868101744,0.9823244151465196,45.36225701110373,11.01980794242025,1.0034321164005786,0.9990301786380427
82,8,0.1871863868101744,0.9823244151465196,45.36225842207022,11.019810593983507,0.9980591060473263,0.9937178206593875
83,8,0.1871863868101744,0.9823244151465196,45.36225910638089,11.01981528502408,0.98873256488403,0.9881926971429321
84,8,0.1871863868101744,0.9823244151465196,45.36226091466512,11.019818703686848,0.9963256960969619,1.0006746705053287
85,8,0.1871863868101744,0.9823244151465196,45.362261915513194,11.019819290336343,0.9957073345370501,1.0086058342784328
86,8,0.1871863868101744,0.9823244151465196,45.362259270700946,11.019824981636722,1.0086869805052918,1.0031060778074417
87,8,0.1871863868101744,0.9823244151465196,45.362264171827235,11.019827418901041,1.024404666905463,0.9894924175535995
88,8,0.1871863868101744,0.9823244151465196,45.362263630750896,11.019830662986973,1.006881009499315,1.0111955385347207
89,8,0.1871863868101744,0.9823244151465196,45.362264628965384,11.01983538327034,0.9965268227282257,1.0009434456444282
90,8,0.1871863868101744,0.9823244151465196,45.362264831276,11.019838977930934,0.9888115763763845,0.9970463526665588
91,8,0.1871863868101744,0.9823244151465196,45.36226594569368,11.01984024805143,1.0165970913557465,1.0002762902318565
92,8,0.1871863868101744,0.9823244151465196,45.36226351697549,11.019843032375237,0.9948106356430567,1.0070439245337153
93,8,0.1871863868101744,0.9823244151465196,45.362266763209526,11.019846652028523,1.0137179680501824,1.0198368973529799
94,8,0.1871863868101744,0.9823244151465196,45.362268753655265,11.019850934819884,1.0173459639240912,1.0148370894262766
95,8,0.1871863868101744,0.9823244151465196,45.36226747,11.01985461,1.0039354522260862,0.99569075414929
96,8,-0.9534831998479204,0.3014461603798771,45.36223557641325,11.019864500860395,1.499995684656298,0.500344043777519
97,8,-0.9532927025117176,0.30204804806173785,45.362205123342285,11.019875101741148,1.0350907907628273,0.9641479912181121
98,8,-0.9530634327394912,0.30277069404884155,45.36217410130684,11.019884923228833,1.0432828599797452,0.9545198881090112
99,8,-0.9527890404154907,0.3036330753790311,45.36214054747347,11.01989451554058,1.0534451078795415,0.9472838450887142
100,8,-0.9524624710446395,0.3046559391371505,45.3621094468979,11.019905589813936,1.0604655465855102,0.9384405531187445
101,8,-0.9520759538318286,0.3058616977249909,45.36207741558115,11.019914363529207,1.0719246242474476,0.9266359447262645
102,8,-0.9516210038484642,0.3072742505229513,45.36204731284833,11.019925565477486,1.0856481789874444,0.9126362368915752
103,8,-0.9510884412252744,0.30891872226797434,45.36201737678247,11.019936797123872,1.0997624271369308,0.9005282107614362
104,8,-0.9504684306278597,0.31082110993272866,45.36198354727265,11.019947472194774,1.1149900426051675,0.8844735180437489
105,8,-0.9497505446445482,0.3130078320863299,45.36195231045809,11.019960092323485,1.132784370440936,0.8681127643516067
106,8,-0.9489238551384449,0.31550517768998926,45.36192173254813,11.019970007651425,1.1500335635938872,0.8491409978487657
107,8,-0.947977057058925,0.3183386550356391,45.36189126810791,11.019980514158648,1.1726494306128095,0.8280486486425847
108,8,-0.946898629613969,0.32153224602703173,45.361863175162775,11.019992447051045,1.19257890915603,0.80708156346973
109,8,-0.945677039979093,0.32510757612885766,45.36183144500213,11.020004640181847,1.2157200795161631,0.7831650535887831
110,8,-0.9443009947275882,0.329083015904023,45.36179970635306,11.020017939559938,1.2407149995521607,0.7596663016912268
111,8,-0.9427597437411112,0.33347273588884957,45.361769780279744,11.020030765863702,1.2659647969357979,0.7314664384911123
112,8,-0.9410434403059257,0.3382857423202872,45.36173841025518,11.02004489997909,1.2920649876061108,0.707113118323934
113,8,-0.9391435592213078,0.3435249265673948,45.36170876324336,11.020059503098325,1.3193398530012557,0.6817635319024895
114,8,-0.9370533718725474,0.34918616562270793,45.361679511931555,11.020073936811965,1.3464990032826565,0.6527599078537665
115,8,-0.93476847324575,0.3552575142425697,45.36165034511581,11.020088789999331,1.3714505513350554,0.6280427726484421
116,8,-0.9322873507856034,0.36171853085674394,45.36161999630245,11.020105906958126,1.3974027997230207,0.6026378055400174
117,8,-0.929611978966357,0.3685397788058343,45.36159138543238,11.020122591143652,1.419838940873543,0.5822927745814842
118,8,-0.9267484167817934,0.3756825415060424,45.36156277235106,11.020139251013092,1.4403179118976024,0.5593307011016897
119,8,-0.9237073785702444,0.38309878461682323,45.361535132621626,11.020159514546288,1.4617079538159343,0.5407611976148353
120,8,-0.9205047423568895,0.3907313902138866,45.361506069085024,11.020178483309836,1.4736725297771525,0.5264380939792893
121,8,-0.9171619550265927,0.3985146775864075,45.36147814939749,11.020197116748363,1.484325002046025,0.5136337168773545
122,8,-0.9137062909966335,0.40637521306444774,45.36145253461697,11.020218074403447,1.4910471599119224,0.5093403222404205
123,8,-0.9101709214478405,0.414232897958128,45.36142534048756,11.020237047021583,1.4930090486322336,0.5050519621937611
124,8,-0.9065947552314713,0.42200231016759704,45.36139828187004,11.020259122035887,1.4875481752681834,0.5101806573510137
125,8,-0.9030220206444719,0.42959426233502584,45.361371075096514,11.020280321316163,1.481917475484718,0.5199497186059657
126,8,-0.8995015693156801,0.43691752860079736,45.36134622010145,11.02030338360111,1.4653388238360168,0.5367160225772395
127,8,-0.8960858989809722,0.4438806840215767,45.36131879911826,11.02032448455093,1.4434446346723258,0.5563448362619272
128,8,-0.8928299100050826,0.45039399618591297,45.36129322465637,11.020347276938061,1.416923286176335,0.5829182506338234
129,8,-0.88978942979651,0.45637130784307817,45.361266490721775,11.020369291941522,1.3825555509121414,0.6157296791371728
130,8,-0.8870195581467943,0.4617318523397164,45.361239538233995,11.020387270801928,1.346193515129728,0.6552679044954255
131,8,-0.8845729032798414,0.46640194980625066,45.36121402234671,11.020409661328031,1.3020789836618831,0.6959915425020815
132,8,-0.8824977913679883,0.4703165404603825,45.361187876387376,11.020428482103092,1.253321883320621,0.7466098250157563
133,8,-0.8808365400667123,0.47342052097823467,45.36116092381199,11.020448812016973,1.201950988070419,0.7982484620394561
134,8,-0.8796238882669503,0.47566985945099766,45.36113652840676,11.02046755091146,1.1451335047651023,0.853058393537345
135,8,-0.8788856693229757,0.47703247296038964,45.361105767037934,11.02048568513729,1.0891215621933856,0.9105184854901902
136,8,-0.8786378036302415,0.477488858542087,45.361074474298185,11.020503426426483,1.0305702411571063,0.968861371552261
137,8,-0.8788856693229757,0.47703247296038964,45.36104555089117,11.020517841083675,0.971123452944188,1.028941172958944
138,8,-0.8796238882669503,0.47566985945099766,45.361015570826375,11.020530816642001,0.910505543156692,1.0868463572738774
139,8,-0.8808365400667123,0.47342052097823467,45.36098649651454,11.020543502572263,0.8541806924148035,1.1470220152136588
140,8,-0.8824977913679883,0.4703165404603825,45.36095302906334,11.020557329827799,0.7974327788994579,1.2009880091539937
141,8,-0.8845729032798414,0.46640194980625066,45.36092175114635,11.020565087370203,0.7464327640134737,1.2528998703323204
142,8,-0.8870195581467943,0.4617318523397164,45.36088853769571,11.020572720394966,0.6975764438622613,1.3019906063146847
143,8,-0.88978942979651,0.45637130784307817,45.36085415530212,11.020580053220487,0.6551206396416928,1.3442902540633257
144,8,-0.8928299100050826,0.45039399618591297,45.360819874047586,11.020584409784462,0.6154669626240274,1.3855196840543405
145,8,-0.8960858989809722,0.4438806840215767,45.36078735493573,11.020586363258918,0.5841217350724744,1.4172835757007056
146,8,-0.8995015693156801,0.43691752860079736,45.360751059090866,11.020590088619985,0.5550885023771045,1.4449926261301493
147,8,-0.9030220206444719,0.42959426233502584,45.360713715533954,11.020592968004877,0.5343485548075868,1.4658203673771817
148,8,-0.9065947552314713,0.42200231016759704,45.360679155012996,11.020593978076118,0.5192337628990034,1.4831609684536662
149,8,-0.9101709214478405,0.414232897958128,45.36064167524494,11.020594263797898,0.5084554062326496,1.4888145832597506
150,8,-0.9137062909966335,0.40637521306444774,45.36060598104599,11.02059412160468,0.5066759542794957,1.4946768710369012
151,8,-0.9171619550265927,0.3985146775864075,45.36056800313273,11.020590043843912,0.5071479464549731,1.4917995171782936
152,8,-0.9205047423568895,0.3907313902138866,45.36053147825152,11.020589426111494,0.5142788039716175,1.4850983704921021
153,8,-0.9237073785702444,0.38309878461682323,45.360495123487325,11.020590360938836,0.525558588580506,1.4731884303216776
154,8,-0.9267484167817934,0.3756825415060424,45.36046165732829,11.020588033983502,0.5418096951655346,1.4613847891400944
155,8,-0.929611978966357,0.3685397788058343,45.36042195748346,11.020584884724903,0.5591988120393246,1.4411027747657483
156,8,-0.9322873507856034,0.36171853085674394,45.3603872514393,11.02058424670846,0.5821599094214459,1.4217246527103005
157,8,-0.93476847324575,0.3552575142425697,45.360350832184764,11.020583131894822,0.6037832765855607,1.3971970001796528
158,8,-0.9370533718725474,0.34918616562270793,45.3603146266423,11.020582402458027,0.628240027980018,1.3704278199418538
159,8,-0.9391435592213078,0.3435249265673948,45.36028090429779,11.020583142573159,0.6548010308682091,1.3461248153330134
160,8,-0.9410434403059257,0.3382857423202872,45.36024445713496,11.020581061086679,0.6816050869177693,1.3200967649749262
161,8,-0.9427597437411112,0.33347273588884957,45.36020981572463,11.020582201860218,0.7086851159655154,1.2919654109701122
162,8,-0.9443009947275882,0.329083015904023,45.36017706116264,11.020583354467842,0.7353956612475387,1.2664824817542222
163,8,-0.945677039979093,0.32510757612885766,45.360142249762426,11.020587164662189,0.7597257777115122,1.2423794082347124
164,8,-0.946898629613969,0.32153224602703173,45.360106728854426,11.020588814501844,0.783971182753324,1.216454048825565
165,8,-0.947977057058925,0.3183386550356391,45.360073428924,11.020591040054763,0.8081661628596681,1.1914809331416596
166,8,-0.9489238551384449,0.31550517768998926,45.36003899935098,11.020595345681416,0.827543745859715,1.1710963973849438
167,8,-0.9497505446445482,0.3130078320863299,45.3600071839118,11.020597546431715,0.8507188440454789,1.1485927167924548
168,8,-0.9504684306278597,0.31082110993272866,45.35997327610931,11.020605456739316,0.8675783677053039,1.1331571583675468
169,8,-0.9510884412252744,0.30891872226797434,45.35994012415839,11.020611605964692,0.8850092698270711,1.1138052874041053
170,8,-0.9516210038484642,0.3072742505229513,45.35990646888911,11.020617005748138,0.8992642878284398,1.099071846335154
171,8,-0.9520759538318286,0.3058616977249909,45.359875830154984,11.020623225090493,0.9151209352714584,1.085037834249762
172,8,-0.9524624710446395,0.3046559391371505,45.35984130605335,11.02062806583441,0.9277245919491938,1.0730289074080794
173,8,-0.9527890404154907,0.3036330753790311,45.35980813800407,11.02063737807924,0.9383774814185716,1.0636601346594066
174,8,-0.9530634327394912,0.30277069404884155,45.35977780035025,11.020644392573377,0.9477027995084044,1.0519440500494077
175,8,-0.9532927025117176,0.30204804806173785,45.35974450465252,11.020652933955438,0.9568996556481393,1.042237879666437
176,8,-0.9534831998479204,0.3014461603798771,45.35971478291597,11.020661908127888,0.9650624244968372,1.0365105850484668
177,8,-0.9534831998479204,0.3014461603798771,45.35967972,11.02066511,0.9640467143551167,1.0358868224349427
178,8,0.18092866714612515,0.9834962213474573,45.359679846259674,11.020671725811697,0.5015780312867875,1.5000215788240205
179,8,0.18092866714612515,0.9834962213474573,45.359680446530085,11.020679448143177,0.9814257794626785,0.9786285689281841
180,8,0.18092866714612515,0.9834962213474573,45.35968401009442,11.020686279083309,1.0098009753722743,1.0048983039588486
181,8,0.18092866714612515,0.9834962213474573,45.35968577177858,11.020693681064863,0.9910006610896298,0.9787693234150932
182,8,0.18092866714612515,0.9834962213474573,45.35968633867898,11.020698233543639,0.9801399877055182,1.0005742355062404
183,8,0.18092866714612515,0.9834962213474573,45.359688138744936,11.020705701849858,0.9933581896028308,1.0117047965714423
184,8,0.18092866714612515,0.9834962213474573,45.35968831748767,11.020712389829711,1.000530539552505,0.978665342652523
185,8,0.18092866714612515,0.9834962213474573,45.35968878263705,11.020718585489934,0.9896458554810666,0.990152418884974
186,8,0.18092866714612515,0.9834962213474573,45.359690897193055,11.020728393576224,0.9940319851791867,0.9825834914415011
187,8,0.18092866714612515,0.9834962213474573,45.35969272061834,11.020732495132606,0.989011787119736,1.0108897724621901
188,8,0.18092866714612515,0.9834962213474573,45.35969351,11.02074007,1.0106094235127683,1.0032393227307395
189,8,0.952049812558921,0.30594305745763134,45.35972382673833,11.02072901185607,1.5019196355998272,0.49915356759482976
190,8,0.9518534018140322,0.30655358659629894,45.359758249285896,11.020718902994647,0.9635737289929522,1.0369470787130055
191,8,0.9516154789866902,0.30729136036168064,45.35979134519223,11.020708206719915,0.9550728259221988,1.045219863433652
192,8,0.9513290098590362,0.30817708383432035,45.35982440180861,11.020699654636301,0.9469617527100961,1.052796271634909
193,8,0.9509861619558609,0.3092334389558494,45.359855331462136,11.020687206494788,0.93731838577303,1.062998318836503
194,8,0.9505782948480643,0.3104849519119187,45.359889573599105,11.02067840176766,0.9254368333572702,1.07395214089889
195,8,0.9500959687802113,0.311957769750317,45.35992075467452,11.020665908180797,0.9100852232821258,1.088007989934166
196,8,0.9495289754330954,0.31367933437345863,45.35995367794103,11.020653680386106,0.8946914139437083,1.1031879986960105
197,8,0.9488663950178278,0.315677944123234,45.35998630779275,11.020642729969289,0.8787366650010396,1.1207343397340823
198,8,0.9480966843422877,0.31798219626130086,45.36001714056709,11.020631186483717,0.8592889647063825,1.1403838874456016
199,8,0.9472078009785706,0.3206203077868595,45.36005094096641,11.02061822222035,0.8410138138435029,1.1578635415473568
200,8,0.9461873691431165,0.3236193172139572,45.360083267361816,11.020605667106476,0.8191951198126786,1.181312911181601
201,8,0.9450228932871628,0.3270041760637922,45.36011462666707,11.020596969209167,0.7949697891122447,1.2048725347521276
202,8,0.9437020255397138,0.33079674574010137,45.36014444747044,11.020581887147223,0.7693989026731706,1.2296813755356888
203,8,0.9422128928510877,0.33501472287824113,45.36017797657253,11.020569937239763,0.7425454831729524,1.2562301036448997
204,8,0.9405444887111769,0.3396705238242358,45.3602067401065,11.020554847032962,0.7160232062974893,1.2823018000365454
205,8,0.9386871324000681,0.34477016614918565,45.360238887527885,11.020541356682024,0.6883735144368412,1.3102779174303296
206,8,0.9366329956216367,0.35031219149901005,45.360270591606465,11.020524578703656,0.6608464968165132,1.3392492362949704
207,8,0.9343766918896262,0.3562866790288384,45.36030107138684,11.020507861777185,0.6352806069385257,1.3651217379281866
208,8,0.9319159181198801,0.36267440157085934,45.36033327764259,11.020491945530889,0.6062498647026275,1.3918989596242095
209,8,0.9292521306535895,0.3694461769673145,45.36036120508413,11.02047382505999,0.5828354359837515,1.417106172224237
210,8,0.9263912297483226,0.37656246420134704,45.3603926459558,11.020456735398374,0.5606508380589919,1.4394084300731154
211,8,0.9233442180387382,0.3839732477848307,45.36042018362209,11.020438420121872,0.5418302563423303,1.4590932226146736
212,8,0.9201277904502358,0.3916182442649561,45.36045066051006,11.020418773406222,0.5238186465149176,1.4759359600765167
213,8,0.916764806606846,0.39942745194479595,45.360478592174935,11.02039971851135,0.5124189251920114,1.487474352743778
214,8,0.9132845930666748,0.4073220495713905,45.36050684350379,11.020378277071787,0.5052549024527708,1.494695928157307
215,8,0.9097230228548977,0.4152156327593499,45.36053486062827,11.020355727598302,0.5037401803012249,1.4965682223338466
216,8,0.9061223246394661,0.4230157595054469,45.3605617650899,11.020334433942109,0.5072730968595985,1.4921129258679793
217,8,0.9025305840116544,0.43062575970740763,45.36059029060307,11.02031296554098,0.5181893989784672,1.4820307052827058
218,8,0.8990009146586178,0.437946749551779,45.360618049561396,11.020291449090772,0.5331583724775254,1.4672173705210065
219,8,0.8955902970878983,0.4448797812465859,45.360645526301184,11.020267219841038,0.5566048257077014,1.4445822093596383
220,8,0.892358105689179,0.4513280527629765,45.36067179784648,11.020245811249733,0.587574883333179,1.4142560953487062
221,8,0.8893643694515321,0.45719910143183645,45.360698609238995,11.020224168494714,0.6217348415222379,1.3762455602105277
222,8,0.8866678353741135,0.462406909240102,45.36072545852376,11.02019878522461,0.6650242045883998,1.3387464616139741
223,8,0.8843239241601734,0.4668738557233121,45.36075240879463,11.020181347621715,0.7117813684612764,1.2891943878684844
224,8,0.8823826829561796,0.4705324652126081,45.36078190758398,11.020160237745754,0.7621420685406358,1.2372076108769052
225,8,0.8808868478893759,0.4733269073436663,45.36080747646027,11.020141513272417,0.8172187496630571,1.1816911527235214
226,8,0.879870128803082,0.4752142216306745,45.36083903471515,11.020121835170244,0.8755735709083087,1.1201115276008415
227,8,0.879355819507187,0.4761652472607,45.36086832094561,11.020104706347457,0.9383249423677112,1.0632986455507427
228,8,0.879355819507187,0.4761652472607,45.360895496536344,11.020088000344757,1.005517823572128,1.0008534811809315
229,8,0.879870128803082,0.4752142216306745,45.360929693176466,11.020073354945772,1.0613838079583031,0.9380632081061344
230,8,0.8808868478893759,0.4733269073436663,45.360957918048925,11.020057426687298,1.1239550529869968,0.8758200445900342
231,8,0.8823826829561796,0.4705324652126081,45.36099261890108,11.020047437394732,1.1832838444911893,0.8183565774645536
232,8,0.8843239241601734,0.4668738557233121,45.361026592406866,11.020036818857154,1.2372351746440942,0.7624766533276133
233,8,0.8866678353741135,0.462406909240102,45.361058739436025,11.020026396500748,1.2889900193366712,0.7119872038027579
234,8,0.8893643694515321,0.45719910143183645,45.361095286047295,11.020019738873833,1.3365767382712566,0.6645305942551801
235,8,0.892358105689179,0.4513280527629765,45.36113035608057,11.020012837529105,1.3769647063453347,0.6218936541707264
236,8,0.8955902970878983,0.4448797812465859,45.36116718653604,11.0200083313156,1.4142921554750978,0.5892468832784999
237,8,0.8990009146586179,0.4379467495517788,45.36120290329022,11.020005541481208,1.4419149051980538,0.5598432345105643
238,8,0.9025305840116544,0.43062575970740763,45.36123921582346,11.020003555946184,1.464749170994762,0.5342018123489035
239,8,0.9061223246394661,0.4230157595054469,45.361277731617044,11.02000158279963,1.4827383571522743,0.5177722885530615
240,8,0.9097230228548977,0.4152156327593499,45.36131354713061,11.020000263108091,1.4918132272918434,0.5093124793851175
241,8,0.9132845930666748,0.4073220495713905,45.361349255164896,11.020001510544919,1.4965685958747648,0.5034127741765074
242,8,0.916764806606846,0.39942745194479595,45.36138812404105,11.02000127831217,1.4936090251441658,0.5047969535873872
243,8,0.9201277904502358,0.3916182442649561,45.3614269219788,11.020002581437472,1.487091752150729,0.5127225707877001
244,8,0.9233442180387383,0.38397324778483055,45.361464657977606,11.02000307227987,1.4752468743716236,0.5239706857899465
245,8,0.9263912297483226,0.37656246420134704,45.36150189168988,11.020005191551615,1.4595320216411123,0.5402282960934273
246,8,0.9292521306535895,0.3694461769673145,45.36154017071314,11.02000647490548,1.4405653733763035,0.5615848772772672
247,8,0.9319159181198801,0.36267440157085934,45.361576719387735,11.020008110852514,1.4169003663976687,0.5826214150075048
248,8,0.9343766918896262,0.3562866790288384,45.36161197168192,11.020008311887693,1.3932584821485448,0.6092855802360989
249,8,0.9366329956216367,0.35031219149901005,45.36164920194086,11.020008250786464,1.367361551831156,0.6359315297122005
250,8,0.9386871324000681,0.34477016614918565,45.36168554697334,11.020008941890344,1.339337374064865,0.6606389571231772
251,8,0.9405444887111769,0.3396705238242358,45.36172107219206,11.020006896946569,1.3089058686175818,0.6895537843379536
252,8,0.9422128928510877,0.33501472287824113,45.36175856560381,11.020006552458772,1.2848691426710732,0.7170984489093523
253,8,0.9437020255397138,0.33079674574010137,45.36179317017099,11.020004025081244,1.2569574018196434,0.7446845605970555
254,8,0.9450228932871628,0.3270041760637922,45.36182991954517,11.020000458715712,1.2297259566887948,0.769932999103719
255,8,0.9461873691431165,0.323619317213957,45.361865322466215,11.019997354768446,1.2057048385604399,0.7951255062532849
256,8,0.9472078009785706,0.3206203077868595,45.3618977593678,11.019993632940741,1.1809390053765032,0.8188102834094603
257,8,0.9480966843422877,0.31798219626130086,45.36193440064882,11.019989365496059,1.1575800514592174,0.8409026188604813
258,8,0.9488663950178278,0.315677944123234,45.36196753890714,11.019983001125548,1.1383827588209914,0.8618703621340233
259,8,0.9495289754330954,0.31367933437345863,45.36200315985897,11.019979192793341,1.118514765148431,0.8792216555711265
260,8,0.9500959687802113,0.311957769750317,45.362036482399596,11.019969499915492,1.10409343578786,0.8958792062987335
261,8,0.9505782948480643,0.3104849519119187,45.36206818194109,11.019964724374663,1.0900535567270908,0.9112392343456613
262,8,0.9509861619558609,0.3092334389558494,45.36210373949587,11.019955763582834,1.0754822989265247,0.9250771570372872
263,8,0.9513290098590362,0.30817708383432035,45.36213613178618,11.01994901403571,1.0637058126957644,0.937766750224474
264,8,0.9516154789866902,0.30729136036168064,45.36216974778687,11.019938761113645,1.0535746202211693,0.9445992691901988
265,8,0.9518534018140322,0.30655358659629894,45.362201813033785,11.019932451388788,1.0431717918541248,0.9557969897755845
266,8,0.952049812558921,0.30594305745763134,45.36223427822703,11.01992202666741,1.0381308729305148,0.9625172582777436
267,8,0.952049812558921,0.30594305745763134,45.36227073,11.01991931,1.0357388815258028,0.9638735420016663
268,8,0.2108778085845649,0.9775124295100148,45.36227007046841,11.019925032707418,0.49999823944673677,1.4986423799594668
269,8,0.2108778085845649,0.9775124295100148,45.362274327641416,11.019931022622771,1.007950225478025,0.985026837636513
270,8,0.2108778085845649,0.9775124295100148,45.36227450673564,11.019934777460936,0.9914652867792361,1.005128341516689
271,8,0.2108778085845649,0.9775124295100148,45.362274326670345,11.019938473826413,1.0071212745591591,0.9884282983973011
272,8,0.2108778085845649,0.9775124295100148,45.362276715362334,11.019942869449544,1.0003763959264833,1.0466041649426008
273,8,0.2108778085845649,0.9775124295100148,45.362277477055194,11.019948928988946,0.9878664640865608,1.0076026079586042
274,8,0.2108778085845649,0.9775124295100148,45.36227626271826,11.019952762061342,1.0152760059363024,0.9936459507000794
275,8,0.2108778085845649,0.9775124295100148,45.36227941822112,11.019956408347987,1.0204998508830427,1.0019547025889983
276,8,0.2108778085845649,0.9775124295100148,45.36228108170814,11.019963312936488,0.9827307603599433,1.0126015148543586
277,8,0.2108778085845649,0.9775124295100148,45.36228273025244,11.019967794590324,0.9945237824019404,1.0031674766960352
278,8,0.2108778085845649,0.9775124295100148,45.36228187292093,11.01997451701228,0.9888005686361242,1.0104249989633933
279,8,0.2108778085845649,0.9775124295100148,45.36228491001479,11.019977892553328,0.9957120607189982,0.9912051497122025
280,8,0.2108778085845649,0.9775124295100148,45.36228411739433,11.019983424315761,0.9961007468082642,0.9963158197907435
281,8,0.2108778085845649,0.9775124295100148,45.36228557,11.0199881,0.9986021372355971,0.9871499824385936
282,8,-0.9541320838551751,0.2993859825679571,45.362254792481686,11.019998399992364,1.5006905609151835,0.5011189218376639
283,8,-0.9540722457319116,0.2995766177859461,45.36222790644736,11.020007349391909,1.0100978992248264,0.9890723382371266
284,8,-0.9540011732348017,0.29980287101130604,45.36219736938737,11.020017074484159,1.0145103584832238,0.9852808011749976
285,8,-0.9539171866419472,0.3000699935500256,45.36217052946804,11.020025626139255,1.017845849209972,0.9855469176528664
286,8,-0.9538184454606032,0.30038370977654255,45.36214028937898,11.020031911753577,1.0191601808697974,0.9813095950093416
287,8,-0.9537029509154046,0.3007501976977728,45.362110756585864,11.020043494177097,1.0220476072642142,0.9766756302967052
288,8,-0.953568552625353,0.301176053902015,45.362081112314925,11.020054196659878,1.026510567858689,0.9745419434939451
289,8,-0.9534129600984266,0.3016682408148991,45.362050713849946,11.02005982068196,1.0288985050667134,0.9722855637147084
290,8,-0.9532337596495437,0.30223401440671105,45.36202230986583,11.020070095138225,1.0349821690676162,0.9660303720188805
291,8,-0.9530284373041897,0.3028808308386883,45.3619911084765,11.020081884276292,1.039442084856714,0.9611683346412538
292,8,-0.9527944081848368,0.3036162310083346,45.36196388226374,11.020089136319696,1.0444765560777143,0.9553465189435484
293,8,-0.9525290527889403,0.3044477025582623,45.36193160563189,11.020100476214267,1.04998584674345,0.9500774913876792
294,8,-0.952229760454233,0.3053825196458925,45.361904086207055,11.020111403556236,1.057906548901472,0.944333877075122
295,8,-0.951893980167221,0.3064275616216761,45.36187534215964,11.020119780362808,1.0618157489338018,0.9364872620665005
296,8,-0.9515192787017381,0.307589112711949,45.36184590060829,11.020128911663024,1.068048659335828,0.9297132015597592
297,8,-0.9511034058730269,0.3088726458214265,45.361814873142805,11.020142126361787,1.0774103127567163,0.9224257594880549
298,8,-0.9506443664556756,0.31028259462317115,45.36178772136089,11.020150630377373,1.0859341879134778,0.9128086377230487
299,8,-0.9501404980375445,0.3118221191464244,45.36175875992333,11.020160247546265,1.0921821349001466,0.9054093997104863
300,8,-0.9495905537642483,0.31349287105404516,45.361731478497056,11.020172335271438,1.1008017008601654,0.8976926565505697
301,8,-0.9489937885695684,0.3152947656659992,45.361700439524384,11.020183146695734,1.1083566196096961,0.8920862692466582
302,8,-0.9483500470896822,0.31722576847569867,45.3616725477177,11.020192766644442,1.116153998768971,0.8851906001163281
303,8,-0.9476598510316616,0.3192817043656727,45.36164412105743,11.020204434414616,1.1233815487132162,0.8743275674409182
304,8,-0.9469244833241991,0.32145609790638385,45.36161628650029,11.020215727986898,1.1320376053024541,0.8679171839420811
305,8,-0.9461460659435519,0.3237400529738946,45.36158649808281,11.020227077034724,1.138948685789446,0.8601730262428732
306,8,-0.9453276279108749,0.3261221794180802,45.361557913538924,11.020240080727444,1.1431621879403746,0.8546475627015072
307,8,-0.94447315963668,0.3285885736386862,45.36152911986988,11.020250552514025,1.1499054291124045,0.851327164294012
308,8,-0.9435876495883356,0.3311228586859572,45.36149981584404,11.020263222847756,1.1546791171759327,0.8467298159487378
309,8,-0.9426770992242931,0.3337062879210883,45.36147190555326,11.020276375925587,1.156215432965598,0.8409701682192858
310,8,-0.9417485123198632,0.33631791439547865,45.36144593159815,11.020289011100289,1.159340762189226,0.8414899329567376
311,8,-0.9408098552429301,0.33893482600313724,45.361418895909104,11.020301870560976,1.159603309483381,0.8401298927102687
312,8,-0.9398699854505677,0.3415324442116,45.361389198843334,11.020311904872209,1.1569070827863972,0.8413593526273718
313,8,-0.9389385464776621,0.3440848818800607,45.36135965917257,11.020326021362362,1.1558443248082464,0.8430776184640334
314,8,-0.9380258289617824,0.3465653534336069,45.36133168998089,11.020339520157654,1.149995412056871,0.8502025434701282
315,8,-0.9371425987540553,0.34894662858450975,45.36130417952685,11.020352000945834,1.1470624624834764,0.8531553743981258
316,8,-0.9362998948361375,0.3512015189742747,45.36127705394913,11.020366587870726,1.1363532607029658,0.8611817941812985
317,8,-0.9355088015061577,0.35330338563975355,45.361249385484136,11.020380810144662,1.1300623060745865,0.8723763758804357
318,8,-0.9347802009996339,0.3552266541506762,45.36122286639419,11.020393253107795,1.1187263458703085,0.8824622037877891
319,8,-0.9341245142511098,0.3569473236699335,45.36119093789281,11.020406282671152,1.1061027885234056,0.8940712884916052
320,8,-0.9335514387533488,0.3584434560729942,45.361165568976254,11.020416960218611,1.0927027970332992,0.9081260159313415
321,8,-0.9330696933181276,0.3596956316265395,45.3611378389033,11.020429061375026,1.075396593177598,0.9237595016850704
322,8,-0.9326867798924262,0.3606873585446223,45.361108445558294,11.020442998506233,1.0618434510501973,0.9400922410657636
323,8,-0.9324087723744976,0.3614054249718485,45.361079776661484,11.020455616578571,1.043851428159886,0.9572006989741176
324,8,-0.9322401415841907,0.3618401835328521,45.36105200917453,11.0204651603106,1.025033383633542,0.9739127120164025
325,8,-0.9321836241935544,0.3619857604732128,45.361023528393915,11.020475951948436,1.0111540311798008,0.9919171029851409
326,8,-0.9322401415841907,0.3618401835328521,45.36099364585566,11.020487667783783,0.9911727151397197,1.010136697756493
327,8,-0.9324087723744976,0.3614054249718485,45.3609645601805,11.020501695801983,0.9736228912817985,1.027727262176445
328,8,-0.9326867798924262,0.3606873585446223,45.36093594490591,11.020511565205366,0.9554632991696635,1.0459059345431618
329,8,-0.9330696933181276,0.3596956316265395,45.360906519983565,11.020518833781336,0.938390834604679,1.0611414689503047
330,8,-0.9335514387533488,0.3584434560729942,45.36087853230055,11.020527362602992,0.9243877215514755,1.0777730217873902
331,8,-0.9341245142511098,0.3569473236699335,45.360846919596845,11.020538247416226,0.907494402231979,1.092234701180666
332,8,-0.9347802009996339,0.3552266541506762,45.36081885582943,11.020547279656359,0.8929017924142143,1.1053948367626654
333,8,-0.9355088015061577,0.35330338563975355,45.36078725404982,11.020554029064781,0.8801136413326386,1.1197734439149598
334,8,-0.9362998948361375,0.3512015189742747,45.36075781607777,11.020559214122075,0.8721944927006736,1.1287954820277915
335,8,-0.9371425987540553,0.34894662858450975,45.36072919518647,11.020568079513886,0.8603254250923323,1.1367137550833728
336,8,-0.9380258289617824,0.3465653534336069,45.36069720904831,11.020574036867973,0.8530095126735018,1.147006956293531
337,8,-0.9389385464776621,0.3440848818800607,45.36066727485397,11.020581470414328,0.8488894754750457,1.1502721742825202
338,8,-0.9398699854505677,0.3415324442116,45.36063706530634,11.020587901589202,0.8441356709393957,1.1567472285832505
339,8,-0.9408098552429301,0.33893482600313724,45.36060552126545,11.02059359534928,0.8414783106160171,1.156892061749398
340,8,-0.9417485123198632,0.33631791439547865,45.36057553281525,11.020599154580271,0.8415252521488126,1.1610935751990665
341,8,-0.9426770992242931,0.3337062879210883,45.360545646582594,11.020603837187064,0.8421210198386827,1.1589597211769105
342,8,-0.9435876495883356,0.3311228586859572,45.360514439928735,11.020608658535206,0.8428601483779065,1.157053845982711
343,8,-0.94447315963668,0.3285885736386862,45.360483108844484,11.020614629895904,0.8441717231277633,1.153864586848874
344,8,-0.9453276279108749,0.3261221794180802,45.360449688686515,11.020619680171457,0.8512429736650645,1.1505111309987224
345,8,-0.9461460659435519,0.3237400529738946,45.36042120618397,11.020626135552881,0.8559936769160222,1.1439399643276817
346,8,-0.9469244833241991,0.32145609790638385,45.36039085522114,11.020630399140858,0.8625614538619223,1.1382094324456196
347,8,-0.9476598510316616,0.3192817043656727,45.36035987512169,11.020637975622535,0.8677652336902766,1.1299435529150141
348,8,-0.9483500470896822,0.31722576847569867,45.360327964335525,11.020640417877006,0.8757423703829746,1.1237451090525594
349,8,-0.9489937885695684,0.3152947656659992,45.36029828132601,11.020649202422897,0.8852338985768192,1.1164233516160174
350,8,-0.9495905537642483,0.31349287105404516,45.36026982055341,11.020655279652418,0.8927408118652439,1.1089404276070658
351,8,-0.9501404980375445,0.3118221191464244,45.36023875506046,11.020659341235111,0.8993414262118722,1.1002457141650246
352,8,-0.9506443664556756,0.31028259462317115,45.360206855458465,11.020666082075351,0.9092670850398484,1.093770434177337
353,8,-0.9511034058730269,0.3088726458214265,45.360177126809056,11.020672469839592,0.9149739461319211,1.0849910064506327
354,8,-0.9515192787017381,0.307589112711949,45.36014654977636,11.020679041807455,0.9236104042310325,1.079616358155375
355,8,-0.951893980167221,0.3064275616216761,45.36011742013744,11.020685730997597,0.9311422815897791,1.0695339023096586
356,8,-0.952229760454233,0.3053825196458925,45.360086802037316,11.020694123781915,0.9379850157739935,1.0621876705208084
357,8,-0.9525290527889403,0.3044477025582623,45.360057412187935,11.02070103650456,0.9439151385454196,1.055164219074314
358,8,-0.9527944081848368,0.3036162310083346,45.3600275611278,11.020707843179911,0.9495134842830849,1.0517461032852538
359,8,-0.9530284373041897,0.3028808308386883,45.35999599652016,11.020715134773903,0.9553345174883174,1.0437108787885114
360,8,-0.9532337596495437,0.30223401440671105,45.359966917854145,11.020722330150084,0.9609715467767976,1.0385078003219557
361,8,-0.9534129600984266,0.3016682408148991,45.359937540267666,11.020731540493273,0.9650347853067365,1.0324884466568358
362,8,-0.953568552625353,0.301176053902015,45.359907428627814,11.020739377953204,0.9702332470116768,1.0303308285225954
363,8,-0.9537029509154046,0.3007501976977728,45.35987647221211,11.020746510877336,0.9741826018064563,1.0254290531012273
364,8,-0.9538184454606032,0.30038370977654255,45.359848262212715,11.020755929989955,0.9779295981236161,1.0221118481905052
365,8,-0.9539171866419472,0.3000699935500256,45.35981823399747,11.020764352082047,0.9819249480663886,1.01861671749896
366,8,-0.9540011732348017,0.29980287101130604,45.35978770113984,11.020773054694546,0.9840698413055012,1.0147339568443092
367,8,-0.9540722457319116,0.2995766177859461,45.359759754702516,11.020781053415398,0.9873597119171607,1.014766205516003
368,8,-0.9541320838551751,0.2993859825679571,45.35972921125541,11.020789471555029,0.9885523285266824,1.013377013313784
369,8,-0.9541320838551751,0.2993859825679571,45.35970006,11.02079678,0.9872270210823032,1.0135118512696863
370,8,0.18563850809759755,0.9826181070544641,45.359697996384135,11.020802663212335,0.5012617830164141,1.5026032509539116
371,8,0.18563850809759755,0.9826181070544641,45.35970089906418,11.020806868194356,0.9913575591549844,0.9978837527493584
372,8,0.18563850809759755,0.9826181070544641,45.35970220877224,11.020814777883498,0.9952322283602254,0.9845334102349664
373,8,0.18563850809759755,0.9826181070544641,45.35970461022084,11.020817903150284,1.016227587153588,1.0056474898638244
374,8,0.18563850809759755,0.9826181070544641,45.359705007000194,11.020821636065003,0.9902359236206886,0.9933918679786055
375,8,0.18563850809759755,0.9826181070544641,45.35970638127875,11.020827456722182,0.9996361370298205,0.9915024989467598
376,8,0.18563850809759755,0.9826181070544641,45.35970731609513,11.02083323819643,0.9977089477959906,0.9853571971655617
377,8,0.18563850809759755,0.9826181070544641,45.359706277335086,11.020837096300983,1.005680328326873,1.014290496632298
378,8,0.18563850809759755,0.9826181070544641,45.359709425008695,11.020844890148023,1.0251039695048272,1.0109874747468115
379,8,0.18563850809759755,0.9826181070544641,45.35971115926272,11.020848516454206,1.0076647469639164,1.0196705794604277
380,8,0.18563850809759755,0.9826181070544641,45.35970965844006,11.02085348585195,1.0147773737699244,1.0040578629790733
381,8,0.18563850809759755,0.9826181070544641,45.35971102305704,11.020858580368872,1.0110294682207692,0.9987161629389668
382,8,0.18563850809759755,0.9826181070544641,45.35971179931938,11.020864226762624,0.992281299070121,0.9979850712286513
383,8,0.18563850809759755,0.9826181070544641,45.35971317211047,11.020868508076218,0.9983206556392435,0.9976565821063738
384,8,0.18563850809759755,0.9826181070544641,45.35971332264746,11.020874875057856,0.9892192708036015,1.0121566275133442
