,Sin,Cosin,Lat,Lon
0,0.9553112899914292,-0.2956016563128687,45.359670230257244,11.020601415573712
1,0.9584930889700813,-0.28511576314997333,45.35970028156555,11.020589687062008
2,0.959794375304138,-0.2807040383295891,45.35973619117809,11.020579440610103
3,0.9496695614727458,-0.31325345012012656,45.35976680566251,11.020568623178947
4,0.9562198712283356,-0.292649206163395,45.35979828267145,11.020563372344832
5,0.9505715940545317,-0.31050546625885117,45.359835436972006,11.020550645140052
6,0.9535661422216976,-0.30118368549512975,45.35986588338478,11.020544461490624
7,0.9445485237516581,-0.3283718719357116,45.35989384130849,11.020529270308634
8,0.9514009724649515,-0.30795484992567435,45.35993309838362,11.020513913660336
9,0.957797402809328,-0.28744414269855273,45.35996883454845,11.020501105543694
10,0.9539633767623475,-0.2999231164751715,45.35999733290887,11.02049185396471
11,0.950656482621743,-0.3102454706345538,45.360022547058314,11.0204871103419
12,0.9464315315806411,-0.32290456179794347,45.3600562482192,11.020468385332315
13,0.9563219283116218,-0.2923155306006532,45.360092869920436,11.020472542340608
14,0.9547736454169545,-0.2973336274578098,45.36012400257789,11.020459918343542
15,0.9557249523989731,-0.2942614744780234,45.3601577198896,11.020449194930048
16,0.9535914650162303,-0.3011035002257525,45.36019414749924,11.020443111449321
17,0.9453583546708767,-0.3260330984025592,45.360211037622506,11.020422965037106
18,0.9445643456464751,-0.32832635735415194,45.36025462467025,11.020424400576363
19,0.9590348161509247,-0.28328823027150646,45.36028626221892,11.020409006505306
20,0.9534719043489762,-0.3014818860514453,45.360323056382526,11.020395289732365
21,0.9581899706088025,-0.2861328017279776,45.36035005835075,11.020395672297576
22,0.9639704746902171,-0.26600925533807557,45.360387015631495,11.02038048237911
23,0.9607958710737612,-0.2772567296344896,45.3604161107176,11.020366536353054
24,0.9445385462767688,-0.3284005703365453,45.36044675342876,11.020347645400054
25,0.9537671278848057,-0.30054661163681196,45.36048013965856,11.02035834070383
26,0.9507120100470481,-0.3100752714298604,45.360512209835385,11.020339179034943
27,0.9427444535351961,-0.33351595963105635,45.36054691507443,11.020329596672195
28,0.9496469376880425,-0.31332202881336474,45.36057760821416,11.020309369086633
29,0.9547065809101569,-0.297548894077659,45.36060369257546,11.020304068075168
30,0.9489872454674394,-0.3153144588186876,45.36063596648427,11.020293091230796
31,0.9468282351079913,-0.3217394803288622,45.36067565099115,11.020286513195298
32,0.949694934419158,-0.3131765181787921,45.360713763137674,11.020275581906716
33,0.9432351388796374,-0.33212568823069266,45.36073147719481,11.02026720039782
34,0.9515430631301267,-0.30751552645181296,45.36076568391985,11.020254043546595
35,0.9514205209981136,-0.3078944498097978,45.360798392575624,11.020244792047196
36,0.953781578709327,-0.30050074894206813,45.360835595885675,11.020229918903869
37,0.9459078575325072,-0.32443539427482654,45.36086590031688,11.020221658241278
38,0.9512775740543035,-0.30833581871290794,45.36089435851246,11.020220923724912
39,0.9605633901571791,-0.2780610966851476,45.36092387847552,11.020199308943933
40,0.960587639138259,-0.277977314784473,45.3609616337491,11.02019428436198
41,0.9447253917682887,-0.32786267574741307,45.36099311946342,11.020182503684662
42,0.9587453988026267,-0.28426617856296654,45.36103427549954,11.02017310608555
43,0.9478572521821959,-0.31869519840376825,45.361055749147454,11.020166609632684
44,0.9591432987016854,-0.28292071779148587,45.361090612646855,11.020153708529872
45,0.9540652139602921,-0.29959901119813814,45.36112872854346,11.02015250140811
46,0.9533385126990264,-0.3019034286072424,45.36116162344856,11.020131125413682
47,0.9510307528483581,-0.309096274867047,45.36118796065188,11.020122501115521
48,0.9533005931111664,-0.30202314344086006,45.3612317394859,11.02012567862127
49,0.9581971559483792,-0.2861087386509497,45.36125124248869,11.020099711011367
50,0.9464115007060132,-0.3229632662260399,45.36128407939718,11.020098025815589
51,0.9504703202207644,-0.3108153316351007,45.361311050879145,11.020087207585208
52,0.9592732827248404,-0.2824796790041871,45.36134906535793,11.020082236880096
53,0.9529355941429566,-0.3031728111414515,45.36138922247651,11.020054493831804
54,0.9510835726870367,-0.3089337109557037,45.361412299453505,11.02005619829509
55,0.9453820203282545,-0.3259644699044174,45.36144834928011,11.020057036468945
56,0.960633880462154,-0.2778174719275662,45.361482735644216,11.020025912342064
57,0.962489385310994,-0.27131933798324226,45.36151432768036,11.020023451172168
58,0.9464996525856731,-0.3227048305420914,45.361548141716234,11.020007125443614
59,0.9541077823078696,-0.2994634197019041,45.3615710700046,11.020001914059158
60,0.9516806478816123,-0.3070894730329168,45.36161286851678,11.019989170279302
61,0.9596707208356059,-0.28112649745420387,45.36163826338736,11.019983057347138
62,0.9506946481210345,-0.31012849922898444,45.36166843544303,11.019974496568487
63,0.9584937653020669,-0.28511348946878384,45.36170782401283,11.019962990479685
64,0.9530023811646061,-0.3029628054639558,45.361738434277754,11.019962697532806
65,0.9585574249442932,-0.28489939116145163,45.36177154519461,11.019935014978932
66,0.9551750946174489,-0.2960414474740787,45.361809256035116,11.01993390701852
67,0.946200200568709,-0.32358179869043147,45.36184194865705,11.019914160753315
68,0.9514171569095347,-0.30790484494105963,45.361868510650524,11.01991283310034
69,0.9519226602728822,-0.30633845475062216,45.36190033724376,11.01990505275842
70,0.9519694380748833,-0.30619305833312244,45.3619428243741,11.019892261106426
71,0.9550126066875194,-0.2965652054235447,45.361972257541964,11.01987608949737
72,0.9553054699064024,-0.2956204647295374,45.36199212919992,11.019865289366168
73,0.952995834941039,-0.3029833965500948,45.362038847423236,11.019858804918751
74,0.9517059865188309,-0.307010936652457,45.362071803735034,11.019851162351506
75,0.9539003624444614,-0.30012347213826024,45.36209852968076,11.019824885918135
76,0.9598141089095825,-0.28063655559834677,45.36212812648004,11.019827532847799
77,0.9531343060038948,-0.3025475082007351,45.36216508533581,11.019817751044988
78,0.9491276676404949,-0.31489152182825453,45.36219214813135,11.01981153350726
79,0.9592914262584706,-0.28241805803983056,45.3622214177519,11.01979881102792
80,0.15606213003690403,0.9877472407292993,45.36225804974558,11.019788431851493
81,0.15429515041466352,0.9880248005786678,45.36225944876061,11.019792384422765
82,0.16460791288470253,0.986359080160842,45.36225567658685,11.019793783736539
83,0.12173595270102827,0.9925625208620226,45.36225428256572,11.019809317336883
84,0.11274457099305835,0.99362400419454,45.36226404539325,11.019823204177548
85,0.14126479804854714,0.9899718464846883,45.362265486887054,11.019828683170319
86,0.11827545784829366,0.9929808236168393,45.36226010637821,11.019821787739424
87,0.16873367088245053,0.9856616804515294,45.362258841504115,11.019831380250034
88,0.13118374572896424,0.9913580709594886,45.36226404572756,11.01984454253922
89,0.12239584092082606,0.9924813641198931,45.36225720286808,11.019847034598806
90,-0.9466995011828248,0.32211807533913844,45.36226192318687,11.019852216321299
91,-0.9542322042085525,0.29906671571956533,45.36222816804682,11.01986236408097
92,-0.9539964054646843,0.29981804208629864,45.36220837647438,11.019877943262049
93,-0.9521946612211996,0.3054919428427612,45.3621650097736,11.019883962623812
94,-0.9464242341652473,0.32292594969237925,45.362140828933015,11.019891519887919
95,-0.9538098983385225,0.3004108483917607,45.362089165848204,11.019903392945363
96,-0.9549784444596945,0.29667519380181107,45.36207230666887,11.019912404857719
97,-0.9532505968883239,0.30218090530682806,45.36203713386748,11.019913435842497
98,-0.9588268125314198,0.2839914498199509,45.36200505447559,11.019943184354235
99,-0.9430636635891764,0.332612276408675,45.361969329754324,11.019941523641327
100,-0.9561222376188802,0.29296803021945184,45.36194116226627,11.019955188990766
101,-0.9632570143476094,0.268581317872501,45.36191153446469,11.019962166040735
102,-0.9504898696284926,0.31075554336746936,45.36188720787676,11.019976627578696
103,-0.9583170861371991,0.2857067769891153,45.36184411976149,11.019993436804773
104,-0.9493668913611739,0.31416954910879097,45.36180588292602,11.019995598638328
105,-0.9470918483416035,0.32096266263365447,45.361774647956224,11.02000205425347
106,-0.9520870904271803,0.3058270299399745,45.361740064534125,11.020010695503995
107,-0.9607646088305892,0.2773650418106163,45.36171715523566,11.020025171692788
108,-0.9554306747219213,0.2952155581950487,45.36167851578599,11.020038336868485
109,-0.9556845727777018,0.2943925905227602,45.3616553444519,11.020050118722
110,-0.9506089882258378,0.31039096556480017,45.36161468816377,11.020054959290741
111,-0.9573977891330805,0.2887723556074743,45.361579823744485,11.020067448419164
112,-0.9457459574024307,0.32490703910035507,45.3615508940135,11.020081248841654
113,-0.9580997509073347,0.28643475227580745,45.36151691989512,11.020087878234131
114,-0.9506901019935518,0.31014243497382016,45.36148683451806,11.020092250341564
115,-0.9504620760152575,0.3108405412052408,45.3614525494488,11.020113710630618
116,-0.9475997815073771,0.3194599412871217,45.36142325817734,11.02011420464564
117,-0.9503288903127027,0.3112474903304878,45.361377956277735,11.02012024947948
118,-0.9469092971299307,0.321500828939679,45.36135270446641,11.020130505484778
119,-0.9546438657131735,0.2977500456023614,45.361315889346855,11.020141447117696
120,-0.9452105491101951,0.32646135736225135,45.3612987221726,11.020150736127833
121,-0.9574023810366699,0.28875713114192547,45.36125684393773,11.020167526314127
122,-0.9570635206431584,0.2898782804111458,45.3612287722851,11.02018009142857
123,-0.9547326723981768,0.29746516477637436,45.361189538514815,11.020183037845959
124,-0.9541529348657101,0.2993195230638189,45.36115916933165,11.02019592159383
125,-0.9545629861793002,0.29800923713277255,45.36113781142685,11.020218088071568
126,-0.9543791365953328,0.2985974943490769,45.36109525195775,11.02021437569
127,-0.9518319900146738,0.3066200625932785,45.36105994631313,11.020229506949073
128,-0.9561700414247675,0.29281197359697975,45.3610338673965,11.020234273850525
129,-0.9493925350469763,0.3140920476501686,45.360995165649314,11.02024649832991
130,-0.9532438983325326,0.30220203555203967,45.36096763723353,11.020263982134422
131,-0.9543057755097534,0.2988318705036802,45.360944203959285,11.020269756926867
132,-0.9525605694597232,0.30434907837969183,45.360904356008064,11.020283403866925
133,-0.9554722941560223,0.29508082807974423,45.36087624425056,11.020285143645399
134,-0.9492192370911146,0.3146153841377794,45.36083490010559,11.020301057806362
135,-0.9638269830996149,0.2665286976088966,45.3608091955351,11.020304772023533
136,-0.9462293457709955,0.32349656134462057,45.360781494006176,11.020315590366693
137,-0.9493409443043973,0.3142479458440982,45.36074118251791,11.020323812731986
138,-0.9567654290880716,0.2908606430954835,45.36070849923506,11.020352924980637
139,-0.9638573002904466,0.2664190396289497,45.36067261664414,11.020346360766979
140,-0.9559933227561178,0.29338842316239616,45.360646537435265,11.020357825846787
141,-0.9574116500744749,0.28872639696029045,45.360612219250235,11.02036439070154
142,-0.9572008618792688,0.2894244461298752,45.36058645725314,11.020378567361657
143,-0.9529037023325462,0.30327303553221835,45.3605453888689,11.020400015114246
144,-0.9591972798991538,0.2827376491273568,45.360513651103965,11.020402369848211
145,-0.9669944834569069,0.25479730956960656,45.36048226285968,11.020420804384798
146,-0.9603650478812461,0.2787453583614477,45.360441241172246,11.020421019301523
147,-0.9473833474618119,0.3201012229780633,45.36041676855131,11.020425427832476
148,-0.9531246197933793,0.3025780215807589,45.36038295899794,11.020429374376567
149,-0.9561150491026803,0.2929914894316544,45.36034941659031,11.020455661861845
150,-0.9386896682934747,0.34476326173054833,45.360327235865526,11.020462179181225
151,-0.9501163939547197,0.3118955561377557,45.36029792160034,11.020477129481291
152,-0.952223474110626,0.3054021207403279,45.36025099710295,11.02048784329197
153,-0.9506881130095318,0.31014853180754476,45.36022752366507,11.02049564248029
154,-0.9581761156169316,0.28617919466873976,45.36019242528408,11.020497659228733
155,-0.9570336608833774,0.2899768472415695,45.360154686817204,11.020510702335772
156,-0.9474164359524307,0.32000327636946724,45.360135799228765,11.020525389551937
157,-0.9633381802469952,0.2682900491602469,45.36010530776093,11.02053016852112
158,-0.9497961003319856,0.31286956993954024,45.36007003331299,11.020551345335978
159,-0.9621730531481342,0.27243901298381934,45.36003179907768,11.020560580529505
160,-0.9622211563528821,0.27226906961115244,45.35999815518451,11.02057030153242
161,-0.9541260287256977,0.2994052793591473,45.35995923461669,11.020570190219033
162,-0.9585161679783089,0.285038165381723,45.359945558905075,11.020588591853974
163,-0.9530121659357917,0.302932024682718,45.35989825058458,11.020588200586584
164,-0.9564386417593256,0.2919334248584368,45.35986833383007,11.02060609299737
165,-0.9625639894844404,0.27105454459904926,45.35984806173614,11.02061571353129
166,-0.948905138207891,0.3155614657759457,45.35980922771835,11.020627288759448
167,-0.950235231724843,0.31153331184455046,45.35977135830786,11.020634015635741
168,-0.9500681544846014,0.3120424679979053,45.35973040586406,11.020641020774919
169,-0.9513324620478338,0.30816642687678825,45.3597290866808,11.020651119692179
170,0.13064218869212005,0.9914295832451907,45.359675930064,11.020663979433374
171,0.147290395733199,0.9890932915174168,45.35967518153337,11.02066387734857
172,0.13184424146818893,0.9912704454343819,45.359674089625976,11.020683813673188
173,0.13501365123127182,0.9908437384276092,45.35968894179913,11.020682222771605
174,0.12786799719753347,0.991791195409947,45.35967885943096,11.020691345540753
175,0.13772961313532064,0.9904698650971643,45.35969357200139,11.020704587619894
176,0.09303251642788336,0.9956630709668284,45.359682848686475,11.020704424110797
177,0.1630076378295565,0.9866248071122214,45.359685755100436,11.020725201667174
178,0.1722137226101447,0.9850596092342616,45.359696695264326,11.020732023513027
179,0.12197553338758621,0.992533107384743,45.359687579550545,11.020749056652082
180,0.9519645967542548,-0.30620810983138397,45.35969395569209,11.020744158652446
181,0.9579903955455393,-0.28680028250073436,45.35972190302888,11.020735195023597
182,0.9493977325814165,-0.31407633685023956,45.359758929692354,11.020727705451206
183,0.9516207632936518,-0.3072749955144538,45.35978230331983,11.020711557516732
184,0.9390453356436244,-0.343793335604332,45.35982935531685,11.020696618854695
185,0.9589599064677048,-0.28354170378879173,45.35985455436773,11.020683965991411
186,0.9485201661369501,-0.3167167416344337,45.35989115771879,11.020679044737534
187,0.9479578510854783,-0.3183958425692808,45.35992661350829,11.02067842374159
188,0.9514521361192642,-0.3077967392193902,45.359959827659566,11.020665938880947
189,0.9505663216264719,-0.3105216066387631,45.35997600493736,11.020647029749172
190,0.954902990516657,-0.29691796628420025,45.36002164119328,11.020637679882425
191,0.9518341668388423,-0.3066133050573753,45.360053216956295,11.020639504554454
192,0.945884132704937,-0.32450455697421143,45.36008684313176,11.020620575024996
193,0.9563737886979726,-0.2921458134074244,45.360118693931554,11.020611651370633
194,0.9594399152870037,-0.2819131940049405,45.36014574224245,11.020602452555178
195,0.9521325161696238,-0.3056855764547963,45.36018011251563,11.02059126469883
196,0.9584355167943522,-0.28530923600041935,45.360205942636995,11.020575467056409
197,0.9491563142269005,-0.31480516381280244,45.36024433132795,11.020564415409652
198,0.9583458431677201,-0.28561030248076075,45.36026994996188,11.020563490858562
199,0.9591734366099282,-0.2828185257402708,45.3603035677964,11.020545647857219
200,0.9557055617975281,-0.2943244453817442,45.36033603377166,11.020538606225667
201,0.9363636187468486,-0.3510315847431772,45.360375863559966,11.020513784826576
202,0.9498348535493607,-0.3127519000467695,45.36040837886932,11.02052045906538
203,0.9594335847223282,-0.28193473802790453,45.36042855716145,11.020510027737712
204,0.9542692725915961,-0.2989484159307521,45.360467005669406,11.02049743492471
205,0.9554955432787668,-0.2950055368538261,45.36049536906948,11.0204825509006
206,0.9568959705199703,-0.2904308895462808,45.36052219000274,11.020480375791774
207,0.9628612342216706,-0.269996747449152,45.36055841800545,11.020474371718475
208,0.9511190036955508,-0.3088246117283771,45.360600248482626,11.020454165347465
209,0.9535068825432241,-0.3013712410677272,45.36062825687164,11.020447310242847
210,0.9514165161285009,-0.3079068249290781,45.36065325551225,11.020438353627053
211,0.9563193774080416,-0.29232387585330005,45.36069577741162,11.02042533964218
212,0.9581834737011672,-0.2861545574090419,45.36072528030101,11.020410830279953
213,0.9495711650740244,-0.3135515945740985,45.36075820796084,11.020401664631903
214,0.9553844118157196,-0.2953652411160313,45.36079827887796,11.020394676112922
215,0.9536878288823889,-0.30079814667247434,45.36081896802738,11.020381878858405
216,0.9408743791345079,-0.33875566812712415,45.360862375750585,11.020378024524561
217,0.9569731122861007,-0.29017660546890056,45.360886348997944,11.020361979575778
218,0.952143160024965,-0.3056524215799276,45.36091616390447,11.02037090160081
219,0.9474249980620352,-0.3199779258748212,45.360954456293506,11.020339242333169
220,0.9557473005838891,-0.2941888805284949,45.36097913811023,11.020332100848632
221,0.9584092664171139,-0.28539740371245437,45.3610223377522,11.020324908157
222,0.9569006661120749,-0.29041541831360684,45.36104839599282,11.020314164596174
223,0.9561648741086237,-0.29282884680447685,45.361077313240706,11.020307593273806
224,0.9569033210141693,-0.29040667043312496,45.36110937197244,11.020292671896218
225,0.9494684989952014,-0.31386234150627135,45.361147915013845,11.020284973547062
226,0.9558035190247075,-0.29400617854049527,45.361173787828605,11.020270484031341
227,0.9481346256127798,-0.31786904805928134,45.36121383549327,11.02025882748183
228,0.9462656656776384,-0.3233903059147814,45.36124791776488,11.020253649234533
229,0.9590042106706561,-0.2833918204817349,45.36126177570119,11.020242367639172
230,0.9480127640731847,-0.3182323037567373,45.361310616002264,11.020222610081841
231,0.9600770837842378,-0.2797355772731699,45.361346169421424,11.020228812763092
232,0.9587745974692772,-0.2841676815678121,45.36137500154541,11.020206118304323
233,0.952741994781823,-0.30378066327393644,45.361403975179535,11.020193736971962
234,0.9609013600409179,-0.2768909104169263,45.36143401078625,11.020192690941574
235,0.9512365373376284,-0.30846239646660134,45.36146610401648,11.02017882082738
236,0.9563687624908666,-0.29216226678284196,45.36150611622054,11.020168527222372
237,0.948327531277966,-0.3172930718125411,45.361531178596834,11.02015316632857
238,0.962050561780163,-0.2728712454225852,45.361556695223875,11.02015386914268
239,0.9560234956316166,-0.2932900881385262,45.36160471431719,11.020137679855848
240,0.9548149018213483,-0.29720111584563247,45.361629954662796,11.020122560994102
241,0.949524197496545,-0.31369379714706197,45.361661418495764,11.02011158986572
242,0.9610492289294593,-0.27637724141848524,45.361695843361396,11.020109221591284
243,0.9493018397113874,-0.3143660559293504,45.36173011397233,11.020099221655048
244,0.9495023554484607,-0.3137599034258918,45.36176310728857,11.020092271316711
245,0.9534271686354102,-0.3016233315044861,45.36179563438321,11.020076341456763
246,0.9489691103951686,-0.315369033856849,45.36183093347467,11.020077955383519
247,0.9520770660660395,-0.30585823557831876,45.361861799817696,11.020065812816618
248,0.9538795235945838,-0.3001896974697328,45.3619001012597,11.020044838230719
249,0.9541528456224102,-0.29931980754814247,45.361918545330205,11.020032643893824
250,0.9463951737795692,-0.32301110669253946,45.36195592503254,11.02001846982591
251,0.9567426864087079,-0.29093544301691543,45.361989658380985,11.020007669674545
252,0.9498908191555395,-0.3125818799675026,45.36200923120874,11.019997717547598
253,0.9557160235212985,-0.294290472806438,45.36204936497181,11.019999647058967
254,0.9569190456736324,-0.2903548519089437,45.362077471214704,11.019975224443174
255,0.9557901543523593,-0.29404962309632937,45.362117561883025,11.019967137947818
256,0.9478983673903453,-0.3185728882041251,45.36214367121848,11.019952573178292
257,0.9491300283449557,-0.3148844062412484,45.36217756199135,11.019954126663652
258,0.9588485456033699,-0.28391806317017315,45.36220726082045,11.019942976979351
259,0.9538801423101188,-0.3001877314388907,45.36224531482366,11.01993175709495
260,0.09427279445511254,0.9955464028490204,45.362276438510385,11.019922441340766
261,0.1325450854399978,0.9911769772980523,45.36228017672898,11.01993037265782
262,0.11771177796168104,0.9930478021369867,45.36228549577614,11.019941817918182
263,0.1303387805662787,0.9914695165664427,45.36227421029019,11.019949266126098
264,0.128529109579994,0.9917057365925509,45.36228262928571,11.019950813948507
265,0.13929619250685024,0.9902507615513833,45.362278448461176,11.019947926033261
266,0.13793182519122713,0.9904417254939418,45.36227322244929,11.019954772428363
267,0.12339913194841977,0.9923571203122273,45.362281596530956,11.019970883276493
268,0.14527663778741293,0.9893910746076017,45.362276418615295,11.019970658590456
269,0.09461002070517627,0.9955144117400643,45.36227984954367,11.019975879601635
270,-0.9495663322500655,0.31356623009686196,45.36228307575538,11.019986961307737
271,-0.9541588276607796,0.29930073771544,45.362249079558104,11.019996900962182
272,-0.9498916881654823,0.31257923916045705,45.3621991083256,11.020009505774544
273,-0.9465007176526876,0.32270170666258846,45.36217748890632,11.02001822186845
274,-0.9515950512626004,0.3073546134557425,45.36216614799358,11.020043471073595
275,-0.9550727794110621,0.2963713650608452,45.362123742454976,11.020033753398232
276,-0.9475545061195688,0.3195942082274019,45.36208499023354,11.02004387754135
277,-0.9560178390227543,0.29330852607836516,45.362060172817415,11.020055238112098
278,-0.9551203064490311,0.2962181631985264,45.36201931279536,11.020068705735637
279,-0.9447310480581672,0.3278463768824004,45.36199542540968,11.020074343521305
280,-0.9599445820055243,0.28018993464833664,45.36195823410067,11.020089274655554
281,-0.9528215988471985,0.30353088931815214,45.361938288871826,11.020095104984382
282,-0.9525411171137239,0.30440995418635514,45.36188963240022,11.020099754754174
283,-0.9498965192395996,0.3125645577100722,45.361858771023364,11.020116765641847
284,-0.9575234699003962,0.288355344306127,45.36182294183745,11.020131271230804
285,-0.9507603249623587,0.3099270954232141,45.361801074882344,11.020143107879862
286,-0.9567999908233381,0.2907469304403061,45.36176066068771,11.02014764140579
287,-0.9566751440598419,0.29115746381997626,45.361733056579574,11.020154579594978
288,-0.9475792436292939,0.31952085541156033,45.361700468568486,11.020156257431738
289,-0.9344373603734867,0.3561275326877026,45.361666469893144,11.02017649032876
290,-0.9370508332009545,0.34919297816164196,45.36163809915079,11.020193256336412
291,-0.9447580745403342,0.32776848626864696,45.36160129205072,11.020201412257792
292,-0.952133741276453,0.30568176053357277,45.361569906275335,11.02020892663566
293,-0.9569995607178335,0.2900893668955716,45.36153605165134,11.020215941499995
294,-0.9460857173280371,0.3239163711020075,45.3614970652659,11.020233106360664
295,-0.954482900859055,0.2982656399380987,45.36147665311196,11.020242320870798
296,-0.9552714557353321,0.295730360053376,45.361438559759115,11.020249489530837
297,-0.9533672301508463,0.30181273080256754,45.361409019442064,11.020259446090785
298,-0.9534170915364351,0.3016551832244974,45.36136935261066,11.020271930437394
299,-0.9550891045457258,0.29631875131021246,45.361348579009714,11.02028114348623
300,-0.9626656062902594,0.2706934252356476,45.36131274969947,11.020294999987783
301,-0.9538920718077598,0.30014982149303315,45.361276452505514,11.020297464001889
302,-0.9469452051175538,0.32139505052952194,45.36124866329988,11.020308686143009
303,-0.9615080827218927,0.2747766490451288,45.36121642870318,11.020310055501124
304,-0.9481210903369739,0.317909418008067,45.36118584655539,11.020336893613521
305,-0.9434014502019389,0.3316529869560632,45.3611542255229,11.02033514286183
306,-0.9543185831276974,0.2987909668934859,45.36112377053428,11.020345409900361
307,-0.9574726380356621,0.28852408463251394,45.36107627586034,11.020354496351732
308,-0.9568557269666916,0.2905634487870834,45.361057379079725,11.02037983485671
309,-0.9532651039740677,0.3021351378858636,45.361024830696195,11.0203786140133
310,-0.9485432476647196,0.31664760745924864,45.36097977297572,11.020392681338294
311,-0.956357387420276,0.29219949953185076,45.36095705288831,11.020386238854877
312,-0.9578035077701206,0.2874237994725778,45.360928418824386,11.020405273347686
313,-0.9617402913161825,0.273962793202041,45.36088718921535,11.020416916674863
314,-0.9508728323833184,0.30958174467388355,45.36086163375804,11.020438000145731
315,-0.9432623771189216,0.33204832165207715,45.360825094523996,11.020435118087741
316,-0.9512721906035563,0.30835242723920836,45.36079013548607,11.020453911065607
317,-0.9506245206222829,0.31034339173189235,45.36076090941104,11.020464131479132
318,-0.9545371661997106,0.29809192934969914,45.36072587106969,11.02047392435014
319,-0.9467106446662286,0.32208532297460235,45.36069624519706,11.020477853573603
320,-0.9518029103001814,0.30671031926576053,45.36066441488554,11.02048535126858
321,-0.9501100752712309,0.31191480386172116,45.36063763212157,11.0205076024817
322,-0.952136879550556,0.30567198530406714,45.36061348672587,11.020516343104005
323,-0.9429662363398196,0.33288838538332255,45.36056865189852,11.020525790179034
324,-0.9577462239829498,0.28761462140579946,45.360529879117074,11.020533052281149
325,-0.957693064802076,0.2877915801930393,45.360505937226236,11.020537056656002
326,-0.9513608741814451,0.30807870273148813,45.360475148175524,11.020546524238215
327,-0.9442818944552936,0.3291378188600053,45.360443528526204,11.020557900152072
328,-0.9486763389191863,0.3162486426451332,45.360402951809974,11.020575157538458
329,-0.9548790156552628,0.2969950596579621,45.360370778448775,11.020573777186817
330,-0.9567412915653339,0.29094002992695367,45.360329971495474,11.020588710172435
331,-0.9619639953783684,0.2731762647004429,45.36030254855032,11.020598430271042
332,-0.9602726363344233,0.27906354815227374,45.36028340627354,11.020622111566395
333,-0.9544454862083922,0.2983853445738006,45.36024707296918,11.020621857771598
334,-0.9599747096568618,0.28008669518423013,45.36022496413245,11.020624808130579
335,-0.9529106350336745,0.3032512516704906,45.36018709557149,11.020632058175602
336,-0.9552508928632125,0.2957967742961969,45.36015444448585,11.020649079847944
337,-0.9571452382050045,0.28960834411578174,45.36011287143976,11.020663736445337
338,-0.9483240846649128,0.31730337288540633,45.360081620856015,11.020668735827847
339,-0.9489354495285589,0.3154703038766595,45.3600453296779,11.020677990974578
340,-0.9518280179518002,0.30663239268209685,45.36001583385366,11.02069780591899
341,-0.9592729609052653,0.28248077186960097,45.35998336385929,11.020692518399445
342,-0.9563958760063317,0.29207349821249,45.35995523451843,11.020716012072715
343,-0.955831192625527,0.29391619758710597,45.359927656032646,11.020729481399401
344,-0.95297092758959,0.3030617283146065,45.35988215045177,11.020739809401778
345,-0.9604166909294465,0.2785673702789545,45.35985893259555,11.02074490416537
346,-0.9528412151256483,0.30346930447390863,45.35982233096848,11.020753127165582
347,-0.9560420775489957,0.2932295107177994,45.35979053027992,11.020762282703586
348,-0.9551391547102307,0.29615738238211436,45.35976218940865,11.020767437040334
349,-0.9544172405177598,0.29847567908033085,45.359728234846656,11.02078966714438
350,0.10843711288090274,0.9941033108032858,45.35969580423792,11.020793527910813
351,0.14224369075955431,0.9898316687392358,45.359694070166896,11.020803031455799
352,0.1548156741958137,0.9879433723768258,45.35969569832266,11.020822888066718
353,0.1547211818313582,0.9879581751737813,45.359704297702294,11.020819150957557
354,0.11419634797453483,0.993458199477602,45.359708288446924,11.020834932300847
355,0.12959265733948966,0.9915673165063932,45.35971559155011,11.020845137783231
356,0.16316583341544488,0.9865986574113322,45.359715597005355,11.020845017891068
357,0.1253901852777503,0.9921075049791789,45.35971887421914,11.020851239223573
358,0.12824939838091967,0.9917419481976811,45.35971546314506,11.020864665143453
359,0.12296882882435366,0.9924105335684255,45.35972156095442,11.020868815522029
360,0.9481641581639596,-0.3177809452645483,45.35972041328635,11.020884773562377
361,0.9597284492263114,-0.2809293572157589,45.359760843943505,11.02087895386639
362,0.9618491922874928,-0.2735802099858425,45.35978280603488,11.02086525442473
363,0.9624577880319352,-0.2714314024881324,45.35981795223206,11.020856755841052
364,0.9543790172905832,-0.2985978756713798,45.35984213813668,11.020849262767324
365,0.946563364376386,-0.3225179021704953,45.35988341289708,11.020830772866985
366,0.9551309023389533,-0.2961839958491629,45.35991435865815,11.020817994502137
367,0.9524424804174061,-0.30471842985999237,45.35995042851762,11.020816737356864
368,0.947608130055342,-0.31943517629249635,45.35997800747061,11.020807687699284
369,0.9571440513383359,-0.2896122666387544,45.36000692865651,11.020795732138838
370,0.943337409751831,-0.331835096640946,45.36004434212834,11.020775656793322
371,0.9449313973934537,-0.3272684742227015,45.36007182880121,11.020765566838897
372,0.9536041275522346,-0.3010633951767329,45.36011048064945,11.020766935834555
373,0.9463207350341428,-0.3232291237565693,45.36014015732282,11.020743254437185
374,0.9540673153779953,-0.29959231920632556,45.36016102826047,11.020740571535471
375,0.958111579953471,-0.2863951821505797,45.36020618167566,11.020726716261057
376,0.9523491154212054,-0.305010102056387,45.36023692403289,11.020719254596989
377,0.954150896471911,-0.2993260208566047,45.36027079078092,11.020713974608833
378,0.9604106896284293,-0.27858806013080434,45.3603045109042,11.020696481409761
379,0.9536689160201357,-0.3008581037914374,45.3603321466578,11.020692772722745
380,0.9537027999072997,-0.3007506765561419,45.3603708430673,11.020685461426675
381,0.9546837920966046,-0.29762200373636183,45.360389162945886,11.02066059377528
382,0.9536788889806801,-0.3008264893798011,45.36042664929819,11.020666251224965
383,0.9537450718102605,-0.3006165963443155,45.36046963912747,11.020654599472902
384,0.9582447216495471,-0.28594938963177047,45.36049620293078,11.020639909529953
385,0.957811337912258,-0.2873977052217541,45.36052826745132,11.020632362091085
386,0.9665022319352398,-0.25665820786446725,45.36056791228484,11.020609119658117
387,0.9523458259781515,-0.3050203726671259,45.36058657371016,11.020605783437105
388,0.963621167413118,-0.2672718573164404,45.36062903550521,11.020598767272146
389,0.9482068056027707,-0.317653669597235,45.360659681872285,11.02059357561267
390,0.9651836092215753,-0.26157331761862374,45.36068587588054,11.020575748731432
391,0.9489732674578072,-0.3153565246676421,45.36072051674534,11.020574211832352
392,0.9584349997066077,-0.28531097304063646,45.36075309097603,11.020566263026014
393,0.9563974266142639,-0.292068420692162,45.36079798846522,11.020547638267999
394,0.9562855126504052,-0.29243463935544955,45.360816241594165,11.020531586119906
395,0.9552216586136903,-0.29589116734926424,45.36085090395433,11.020528463611043
396,0.9556489783009936,-0.2945081158003409,45.36088076047987,11.020523758924904
397,0.9421133500859833,-0.3352945504921986,45.36091584008834,11.020516452363097
398,0.9541417114767258,-0.2993552979659198,45.360946848734116,11.020486428966121
399,0.9490685242953109,-0.3150697322687805,45.36098367580249,11.020487457529756
400,0.951673339867239,-0.3071121198942409,45.36100530498051,11.02047394736727
401,0.9600578520564325,-0.2798015738068485,45.36104292872914,11.020455525473476
402,0.9535934233153492,-0.30109729824379544,45.361073613513774,11.020461207231069
403,0.9560779732340373,-0.29311245128226016,45.361107447609186,11.020446805476261
404,0.9563036144551694,-0.29237543840066105,45.36113276394689,11.020435846333443
405,0.9592501216900902,-0.28255831971036927,45.361175009012,11.020426859123925
406,0.9523230076289718,-0.305091607784464,45.36120735622985,11.020421172863841
407,0.9591551763472775,-0.2828804476916403,45.3612451706173,11.020405086230165
408,0.9573498385105352,-0.2889312837057491,45.36126584071486,11.020388412475558
409,0.9592460972087614,-0.28257198196169314,45.36130786987853,11.02039117355596
410,0.9492028292919551,-0.31466488343020976,45.36133608331524,11.020379789807448
411,0.952424334372026,-0.30477514218847174,45.361361529986546,11.020366572879457
412,0.9377785817529302,-0.34723382842900385,45.36139640077464,11.02035030917674
413,0.9527394514341498,-0.30378863981550597,45.36144016239067,11.02034389091992
414,0.9485934896325655,-0.31649706385164417,45.36144829728098,11.02032400958943
415,0.9491249152676348,-0.3148998177487644,45.36148930561348,11.02032195755994
416,0.9530560748188223,-0.30279385438106143,45.36153664320797,11.020308178651726
417,0.963647798468709,-0.2671758232071353,45.361560763466954,11.02030244981211
418,0.9539356347068235,-0.3000113411797792,45.3615904711353,11.020293052219566
419,0.9487787259150127,-0.3159413383067896,45.36162307972999,11.020282407462885
420,0.9487381214987635,-0.3160632481244814,45.36165437779503,11.020276349295635
421,0.9569472076513477,-0.2902620226076577,45.361687365134685,11.020261050380501
422,0.954583981513414,-0.297941977972219,45.36172177380174,11.020245993947649
423,0.9541512494282676,-0.2993248957478744,45.361758342517646,11.020241593126872
424,0.9587289855905257,-0.2843215295902891,45.36178424050449,11.020233979462443
425,0.9538710800310362,-0.3002165263279564,45.3618150554248,11.020213221171803
426,0.9544265720373708,-0.29844583861899215,45.36185455034311,11.020218576256543
427,0.9625586681513429,-0.27107344090986274,45.36187462633587,11.020211128691978
428,0.95270884186995,-0.30388462057632754,45.36191532031987,11.02018413998371
429,0.9649976220136084,-0.26225863095059604,45.361944785526674,11.02018239897482
430,0.9524485397810155,-0.3046994897747801,45.361977871813316,11.020169114728091
431,0.9585536171470302,-0.28491220236126186,45.36201363917942,11.020163169578368
432,0.9591813652695339,-0.28279163445843475,45.36204247411111,11.02015050636728
433,0.952282179210218,-0.30521902161994796,45.362081674044816,11.02014265164886
434,0.9610274923123651,-0.2764528151779378,45.36211468553887,11.020129911702792
435,0.9582786999370155,-0.2858355003267148,45.36214869906873,11.020114221345418
436,0.9510045001873669,-0.30917703767158466,45.36217435118601,11.020100388371535
437,0.9477755677950607,-0.318938039579399,45.36221165465789,11.020093356570253
438,0.9488073352980128,-0.31585541072567436,45.36224585825898,11.020088116963946
439,0.9486093907985357,-0.3164494014670134,45.362269272698086,11.020080711841711
440,0.1488686529505003,0.9888569786216324,45.36230357670475,11.020068011347204
441,0.12482855283811631,0.9921783269132327,45.362308165446166,11.020077072688713
442,0.12618719155046143,0.99200644790677,45.36230905250318,11.020091500993109
443,0.1256901343342886,0.9920695490392941,45.36230730191701,11.020086316360487
444,0.13245531575842803,0.9911889776058525,45.36229483192402,11.020097897193681
445,0.1355836930805031,0.9907658967539466,45.36231056783747,11.020097287853645
446,0.09398545646421133,0.9955735703468699,45.362311524164895,11.020101955178648
447,0.11633849698100704,0.9932096224464402,45.36229986191278,11.020104803085681
448,0.11746870194032843,0.9930765851959527,45.36230760773539,11.020103677374005
449,0.11885556066346495,0.9929115548221671,45.36231051616202,11.020122831705347
450,-0.947434272103436,0.3199504649845541,45.36231083435351,11.02012705594673
451,-0.9550137503882612,0.29656152240192585,45.36227205566254,11.02013769697299
452,-0.9620812522679174,0.27276301808455594,45.362238582111274,11.020140620108533
453,-0.9507357766813835,0.3100023918263317,45.36221680118585,11.020153667704212
454,-0.9480789296771847,0.3180351287234855,45.36218241785991,11.020166638419475
455,-0.9522892065046431,0.3051970956197933,45.36215290747209,11.020179922039326
456,-0.9583014353855985,0.28575926745759517,45.36211797343698,11.020190158259023
457,-0.9578175767960958,0.28737691205184707,45.36207867792705,11.020201851751048
458,-0.9561069203861097,0.2930180144458518,45.36205119634671,11.020205187942246
459,-0.9556023657564512,0.294659326274723,45.3620178291196,11.02021737408381
460,-0.9590840939425058,0.28312135339193817,45.36199196926257,11.02022922146532
461,-0.9487168342037438,0.31612713976883766,45.361952375696625,11.020229906804795
462,-0.9610635405909249,0.2763274704889754,45.36192808766698,11.02024519993126
463,-0.9548603585654298,0.29705503806584205,45.36188819940207,11.020268682812713
464,-0.9468279227861129,0.3217403994411248,45.361856241143684,11.020269995360987
465,-0.9519923961390762,0.3061216713879963,45.3618145808907,11.02027729802085
466,-0.9521488173745838,0.30563479771155216,45.36178247279175,11.020276473483626
467,-0.9582289516636496,0.28600223109896034,45.36175000808609,11.020296778904942
468,-0.9649255271776068,0.2625237646404942,45.36172217478126,11.020303650768534
469,-0.9526050483365027,0.3042098319972734,45.36168814332698,11.020328391874937
470,-0.9573291028043326,0.2889999808371128,45.36166502800784,11.020329272879412
471,-0.9551422579826476,0.2961473738121096,45.361633246026024,11.020328346501898
472,-0.9552456052469864,0.2958138496695492,45.36159927562132,11.020346702688103
473,-0.9540058687737262,0.299787928951931,45.36156173759924,11.02036380956567
474,-0.9552594904541807,0.29576900766851666,45.36154252077351,11.020360474919062
475,-0.950643179831237,0.3102862301816732,45.36150408006262,11.020371589724517
476,-0.9467692636509644,0.32191297178866646,45.361471087527285,11.020398459234267
477,-0.9616539198414867,0.27426581714370357,45.36143586939148,11.020396651551215
478,-0.9498532218297224,0.31269610963313277,45.36140009839173,11.020409757842883
479,-0.956719509255023,0.2910116503008565,45.36135819972758,11.020411926536578
480,-0.9618194221699329,0.27368485368521295,45.36132997349898,11.02041999181161
481,-0.9546049498940884,0.2978747885231394,45.3612982954159,11.020427802631922
482,-0.9581622725153217,0.28622553961565766,45.36127353704014,11.020439408784757
483,-0.9513921595473663,0.30798207537419875,45.36123878699199,11.020455259711005
484,-0.9519714083739385,0.3061869325078065,45.36120779079135,11.020474761364909
485,-0.9476828069411322,0.31921356084630365,45.361165362000676,11.020476543835978
486,-0.9629350853463103,0.26973324120155096,45.36113144569144,11.02049393840486
487,-0.9638448126227397,0.26646421369526496,45.361108561181105,11.020493799808552
488,-0.9575623013251954,0.28822636777504557,45.361076314456504,11.02050556500751
489,-0.9541469713851783,0.2993385324285725,45.36104018056694,11.020508367487315
490,-0.9563613964426863,0.29218637783817897,45.36100898654615,11.020520587543242
491,-0.9499786993313726,0.31231469836796605,45.36097412580819,11.020534931145011
492,-0.944870903313919,0.32744308829281876,45.3609457051756,11.020544360390959
493,-0.9657787384013797,0.25936736196337284,45.36091274319487,11.020554343357652
494,-0.9492105901224112,0.31464147151871746,45.36087198083529,11.020566335562195
495,-0.9376349432902141,0.34762150842713546,45.36084764426684,11.020577144691552
496,-0.9532434174763417,0.30220355232529117,45.36081648389864,11.020590075999214
497,-0.9525465175969201,0.30439305480575674,45.36077527557514,11.02059293055991
498,-0.9562924153848803,0.2924120658887925,45.3607543858168,11.020603359571203
499,-0.9412002103157959,0.33784932159396364,45.36071261995961,11.020618535803223
500,-0.954972396136484,0.29669466226634805,45.360689179254614,11.02062463351386
501,-0.9596537003033704,0.28118459327290485,45.360656005829306,11.020632251954588
502,-0.9474265562016693,0.3199733123306462,45.36061791433471,11.02064026237941
503,-0.940584882705806,0.3395586524082478,45.360582184055716,11.02066874561777
504,-0.943603942833861,0.33107642481516525,45.36055184865812,11.02066089964953
505,-0.9604141938317016,0.2785759793783425,45.3605140781875,11.020679118190328
506,-0.9550595807317759,0.2964138951743736,45.36048278745472,11.020681817397504
507,-0.9602579657187119,0.2791140255769335,45.3604526306241,11.02069741863978
508,-0.9625281626684442,0.27118173992750505,45.36042413266743,11.020703557075619
509,-0.9523766732834437,0.30492404330514955,45.36039260355984,11.020715661535538
510,-0.9469754874210108,0.32130581417667986,45.36036723058659,11.020719751742403
511,-0.9504118439491267,0.31099409460827515,45.36031891077276,11.020738766667812
512,-0.9563577740960786,0.2921982339542694,45.3602932052272,11.02074727634741
513,-0.9606816225300466,0.2776523368045676,45.360258377186206,11.020753724235975
514,-0.9524546863504948,0.3046802757793498,45.360217183792166,11.020780532066583
515,-0.947296782657392,0.32035730921418615,45.3601961341812,11.020772609161954
516,-0.9426556652743242,0.33376682987711837,45.36016153686172,11.020787661555785
517,-0.9624609429220087,0.27142021544033507,45.360132139915166,11.020793250410854
518,-0.9432697778129213,0.3320272974692926,45.3600958981444,11.020813266936765
519,-0.9540158355330989,0.2997562101976927,45.360064730205835,11.020813167824377
520,-0.9612050056225927,0.2758349817664026,45.36002872481506,11.020835040390786
521,-0.9529004765570248,0.3032831709432541,45.36000622643967,11.020831315493735
522,-0.9568315656286231,0.2906430026969131,45.3599684536282,11.020855088291825
523,-0.9525897469248137,0.30425774279994827,45.35993556767452,11.020855178038346
524,-0.9423475909774917,0.33463564929474876,45.35989800663689,11.020864192479497
525,-0.9523291071887666,0.30507256776224023,45.35986887777538,11.020874757258728
526,-0.9544885240969134,0.2982476443616878,45.359832292809934,11.020885837674884
527,-0.9530008266884015,0.3029676951940971,45.35980024103087,11.020903461690134
528,-0.9561574676144268,0.29285302990607137,45.359761352765226,11.020903190343342
529,-0.9451313703628227,0.32669051525272785,45.359751477277044,11.020922669127847
530,0.14820361212439825,0.9889568693089102,45.35970870321275,11.020925616157255
531,0.14045040866258668,0.9900877146528546,45.359711274862555,11.02093965106512
532,0.11773861222962342,0.9930446209462304,45.359697167174645,11.02094483212061
533,0.15013558523482246,0.9886654166330475,45.359713840494834,11.020952514825625
534,0.13155501577219886,0.9913088710513875,45.359714418336125,11.020954727621826
535,0.13798063117019801,0.990434927404054,45.359727237201774,11.020969591886994
536,0.13640242151556786,0.9906535112766165,45.35972575293779,11.020974245584604
537,0.14843774751090238,0.988921753787371,45.359722798138826,11.020985607424835
538,0.1342967426591112,0.990941161175149,45.35972976046259,11.020987788622005
539,0.09443643844759977,0.9955308930883726,45.35972549903547,11.02100462517604
540,0.9504283385689595,-0.310943681789882,45.35973236546508,11.021007923134546
541,0.9541321884831118,-0.2993856491223781,45.359762636464396,11.020995726703429
542,0.9595492120368976,-0.28154095559859305,45.35979752539285,11.02098017421006
543,0.9521024661618754,-0.3057791587542796,45.35982186243777,11.020975584939066
544,0.9572275171182596,-0.2893362757616335,45.35985914163816,11.02096785382185
545,0.9686629689470735,-0.24837884891963133,45.35989330231331,11.02095339102906
546,0.952345542378779,-0.30502125813010017,45.3599176340674,11.020951400472196
547,0.9503620594143687,-0.3111461971898098,45.359960796881914,11.020935183034421
548,0.9572571759687992,-0.289238135549653,45.359994338143906,11.020920674541427
549,0.955037630935914,-0.29648460920647635,45.36001221616471,11.020912812723248
550,0.9543380146281927,-0.29872889688732757,45.360062033804574,11.02090347221732
551,0.9519027362041276,-0.30640036032468215,45.360090581477884,11.020901530762869
552,0.9557538755849295,-0.2941675191185916,45.36011460515622,11.020876117213156
553,0.9513483207386655,-0.3081174656323805,45.36014712589857,11.020877783913914
554,0.9498150976030968,-0.3128118929408211,45.36017895921182,11.020867641612485
555,0.9543620026675633,-0.2986522524012802,45.360215265640655,11.020849324885202
556,0.9516923970661775,-0.30705305952951056,45.36025236792206,11.020852223190886
557,0.9585313681168187,-0.2849870459092828,45.360289005288024,11.020829409021252
558,0.958619295375253,-0.2846911423529953,45.36030653533124,11.020828829259262
559,0.9510430170039536,-0.30905853783388304,45.360338798721244,11.020812568694382
560,0.9566620480174971,-0.291200490870067,45.36038297408872,11.0208044220228
561,0.9576723253185049,-0.28786058660234765,45.36042193503345,11.020799354386266
562,0.9545238063118633,-0.2981347064397442,45.360433391740976,11.020784044618285
563,0.9491179860471678,-0.31492070202158556,45.360478334122924,11.020774395813623
564,0.9500776330911841,-0.3120136072350907,45.36050970660514,11.020765220792711
565,0.9581485032539118,-0.2862716292479726,45.36054477271843,11.020750741601217
566,0.9628400094512043,-0.270072427693026,45.36057023218188,11.020746426201022
567,0.9487828571813867,-0.31592893175321,45.36060353411288,11.02074359656952
568,0.9561294296011006,-0.2929445576396225,45.360629932358805,11.020725134019767
569,0.9606123615862728,-0.2778918688404608,45.36066215427017,11.020720609923114
570,0.9477418810041631,-0.3190381278008802,45.3607046683122,11.02070598650983
571,0.9569829660696173,-0.29014410669975316,45.36073218450921,11.020688965777289
572,0.949918509841774,-0.31249771944765226,45.36077106341327,11.020678982486558
573,0.9502104912424675,-0.311608764852256,45.36079201806232,11.02066868424538
574,0.9562225334580611,-0.2926405072901686,45.36081670451306,11.02066347080165
575,0.9605145627206848,-0.27822971588507894,45.36085521368772,11.02065560249112
576,0.9626266375434738,-0.27083197132492615,45.36089455452263,11.020652295333816
577,0.9584995752139105,-0.2850939569944497,45.3609224178034,11.020630539030428
578,0.948610959332993,-0.31644469948687526,45.360963051303756,11.020618453218487
579,0.9552070905638641,-0.2959381931020699,45.36098142972697,11.020612005233136
580,0.959119849562999,-0.28300020172121826,45.36102120731003,11.020606213971712
581,0.9548909908804848,-0.29695655496265094,45.36106284531416,11.020590866662873
582,0.9556634660729191,-0.29446110034008666,45.361084365084984,11.020577182872602
583,0.9586572180754784,-0.2845634168894248,45.361124205812125,11.020577831584642
584,0.9495298521690371,-0.31367668042085406,45.361156257415054,11.02056856083721
585,0.9551934628207492,-0.2959821761263774,45.361192787825814,11.020545221969494
586,0.964520861514553,-0.2640066432937332,45.36121497835319,11.020546479283277
587,0.9543906033105741,-0.2985608418940405,45.36125099179198,11.020531215320938
588,0.9514587242849979,-0.30777637333291896,45.36128316981614,11.020515772830374
589,0.9575324481499842,-0.28832552911578585,45.361312435002226,11.02051186718066
590,0.9423296383670821,-0.33468620027566764,45.36133835748401,11.020495312744485
591,0.9558663521732831,-0.2938018325043962,45.36138213816555,11.020483722465436
592,0.9527836463804463,-0.30365000113614465,45.36141033112472,11.020491729167794
593,0.9493429938911082,-0.31424175398865634,45.3614423764033,11.02046926634438
594,0.960625624177492,-0.2778460188190644,45.36147964556726,11.02045565309442
595,0.9536033559300184,-0.3010658392428584,45.36151532713523,11.020449718409456
596,0.9541379431002287,-0.29936730873037,45.36154421531836,11.02043723315852
597,0.9487010080987107,-0.3161746309122383,45.361573780506525,11.020437487727062
598,0.9561623439515913,-0.2928371083196234,45.36161155147252,11.020424869003888
599,0.9492393168494878,-0.3145547954603739,45.36163448374108,11.020414067864095
600,0.9531420229254837,-0.3025231960255555,45.36167115727412,11.02040304352274
601,0.9634191673305837,-0.2679990821253774,45.36170220877422,11.020381298535495
602,0.9528726526067188,-0.30337057852441013,45.361739470051305,11.0203760854664
603,0.9595947295543555,-0.28138577613572313,45.361768572489545,11.020357126106992
604,0.9593718463025589,-0.28214475100915737,45.36179633315314,11.020360005019036
605,0.9516093400575514,-0.3073103706600731,45.36183964540893,11.020349906584425
606,0.9475113946282917,-0.3197219996333529,45.36186770906768,11.020332072034318
607,0.95725377117936,-0.2892494037381814,45.3619022359948,11.020327280471639
608,0.9516758657662244,-0.3071042925751887,45.36193398962513,11.020307851462684
609,0.9536351201855204,-0.3009652098644427,45.361962167138294,11.020316012625846
610,0.9601193434003121,-0.27959049774367056,45.361984330440414,11.020290660294124
611,0.9498467368397856,-0.3127158079068136,45.36202588036444,11.020294568038093
612,0.9513113078259972,-0.3082317238740862,45.36204421426772,11.020275825092716
613,0.945005410863338,-0.3270546948738294,45.36208592690452,11.020274854318773
614,0.952184505254772,-0.3055235963926926,45.36213104490032,11.020259945366341
615,0.9524023113429119,-0.3048439557358473,45.362149028401255,11.020246473110547
616,0.9592928668218983,-0.28241316482172674,45.36219652390483,11.020233280970789
617,0.9522186825351958,-0.30541706015043757,45.36222661844315,11.020234447630626
618,0.9535109514739579,-0.301358367096763,45.36225358448838,11.02021280145674
619,0.9523714350475637,-0.30494040353066393,45.36228460926579,11.020201370638004
620,0.15207349531476635,0.9883691881188678,45.362318395730874,11.02019731891847
621,0.17597876266572982,0.9843939633554437,45.36232099001917,11.020203285589869
622,0.12780001190387638,0.9917999581353939,45.36231246345557,11.020209123119539
623,0.11045796888214374,0.9938807962278129,45.36231202864541,11.02021596278206
624,0.13210321191221222,0.9912359665601713,45.362326064678655,11.020215449916634
625,0.10485552527599067,0.9944874653906384,45.36232800305866,11.02023169867286
626,0.14096049557037005,0.9900152214428602,45.362326530298844,11.020220386530678
627,0.12655517480336545,0.9919595696047746,45.362325156975544,11.020231433626947
628,0.11811698838375324,0.9929996863318499,45.36233065323681,11.020248436882698
629,0.09766354639554416,0.9952194892110209,45.36232726716868,11.020243137806492
630,-0.9491311239867047,0.314881103719697,45.36233104139001,11.020250607005956
631,-0.95592851496903,0.2935995134006613,45.36230199707191,11.02025465661583
632,-0.9429247127252314,0.3330059851294567,45.362268926996336,11.020269186910298
633,-0.9584246443173572,0.28534575722296524,45.36223647896499,11.020284499551282
634,-0.9508398535180761,0.30968302013788823,45.362207885559386,11.02029971192134
635,-0.9533052314527048,0.30200850266988305,45.36216809134772,11.020311552050957
636,-0.9596806425339194,0.2810926259183682,45.36214150908142,11.020313624857948
637,-0.9612672224397788,0.2756180818867167,45.3621036319686,11.020333024805058
638,-0.9495181097832383,0.31371222353243794,45.36208199538593,11.02032854521882
639,-0.9503365150244565,0.31122420890922187,45.362034945743986,11.02033878530238
640,-0.9409935509337843,0.338424492466233,45.36200667839716,11.020352933958797
641,-0.9550415060089225,0.296472126514803,45.36198179474847,11.020361861283227
642,-0.9395606134096804,0.34238261306501105,45.36193876066967,11.020376049317642
643,-0.949520443427427,0.3137051601637791,45.36191277545049,11.020382909096632
644,-0.9530357252159801,0.30285789813384556,45.361883608839264,11.020405383947546
645,-0.9536535664094117,0.30090675511628145,45.36184782497604,11.020414268443083
646,-0.9549064736937396,0.2969067639811989,45.36181743488721,11.020415392789252
647,-0.9549533283738745,0.2967560287974941,45.361780437372616,11.020439511010064
648,-0.9525879286853409,0.30426343540256673,45.36175310584115,11.02043712733717
649,-0.9514807618435301,0.3077082381764509,45.361712240745625,11.020456801657692
650,-0.9630368687015763,0.2693696150672208,45.36168342576167,11.020464592269684
651,-0.9471706835876896,0.32072994271197813,45.361654283570864,11.02047126311585
652,-0.9538542547521905,0.30026997967020125,45.36162060014864,11.02047990996191
653,-0.9537720517830278,0.30053098548667695,45.36158545240378,11.02049891754387
654,-0.9456235073674465,0.32526325078940127,45.36155191419656,11.02050300080869
655,-0.9593146659857691,0.28233910750126734,45.36151762963816,11.02051429089527
656,-0.9594482964632066,0.281884668639234,45.361494812813895,11.020518177318161
657,-0.9508594797611214,0.30962275392549815,45.36146501727926,11.02053966347669
658,-0.9594228135823932,0.2819713899984258,45.36143202978877,11.02053974881693
659,-0.9480487084088556,0.3181252056727049,45.36140435220219,11.020555530879967
660,-0.9472348760637669,0.3205403088044624,45.361368079853094,11.020566871382446
661,-0.9528047728408121,0.303583703205176,45.36133324673587,11.020572386557976
662,-0.9539789275911814,0.29987364957925094,45.36129541177205,11.020585257154963
663,-0.9553765370458034,0.2953907115370567,45.361272669296966,11.020591185319766
664,-0.9534592282416202,0.3015219727994859,45.36124089294677,11.020610078483383
665,-0.9498472003468531,0.31271440004138784,45.361202203949304,11.020616045218208
666,-0.9546143133095556,0.29784477975033513,45.36116976338314,11.020633357525591
667,-0.9439996110102171,0.32994656296521524,45.36113791435899,11.020641162671126
668,-0.9550264733348437,0.29652054773592185,45.3611037718746,11.020651852684177
669,-0.9538759558043345,0.3002010342060254,45.36107169993963,11.020665926488473
670,-0.9527002201053274,0.3039116493510256,45.361047893150335,11.020668662930573
671,-0.9559319672819491,0.29358827280472666,45.36100639998363,11.020677918516531
672,-0.9588664361785088,0.28385763609655784,45.36098122534541,11.020694786144976
673,-0.9501950352403667,0.31165589197792826,45.360940932862945,11.020701594745248
674,-0.9535802293903007,0.3011390810172958,45.360903851778055,11.020714970179869
675,-0.9500837478562704,0.3119949872343831,45.36088235618922,11.0207277100823
676,-0.9619072838262629,0.2733758901622111,45.36085230981464,11.020724738103551
677,-0.9536382779462169,0.30095520403504245,45.36080781108119,11.02073460192644
678,-0.949970993365779,0.31233813690235657,45.36078074069924,11.020754496698128
679,-0.9509560300829432,0.3093260882125666,45.36075158722896,11.020761402095713
680,-0.9543826012774562,0.2985864202854444,45.36071825033068,11.02077708613028
681,-0.9522241437385575,0.3054000328771612,45.36069016850436,11.020781498972054
682,-0.9430001914497379,0.33279218579431474,45.36065291155865,11.02080846833309
683,-0.9579276575261516,0.2870097610647761,45.360628005425184,11.02080876926137
684,-0.9533489323900283,0.301870523752806,45.36059351263107,11.020820728637753
685,-0.9495129765325699,0.3137277600026165,45.36055945553118,11.020825225805597
686,-0.9527677638592196,0.30369983231918707,45.36053016016195,11.020838337142527
687,-0.949359738610424,0.3141911626789451,45.360501975944736,11.020842944005505
688,-0.955282342534971,0.29569519110208464,45.36045734005857,11.02086010543075
689,-0.9572033935434759,0.2894160731349481,45.36042675771018,11.020869430742172
690,-0.9569073252416523,0.2903934759922588,45.360395920343656,11.020886939926008
691,-0.9512441148520903,0.30843902794436273,45.36036212512338,11.020889430376949
692,-0.9570326600455984,0.2899801503655829,45.36032499166626,11.020910505895504
693,-0.9472157341647862,0.32059686983915653,45.36030597400607,11.020909342025156
694,-0.9559181793349258,0.2936331630061572,45.360268767948675,11.020920630054643
695,-0.9562107447177615,0.2926790250193957,45.36023651569708,11.020929995558479
696,-0.9516914164482231,0.30705609887897484,45.360197181783285,11.020939917056635
697,-0.9603195679392806,0.2789020032787742,45.36017042633455,11.020965774606198
698,-0.9530379901002075,0.30285077088519496,45.360137883586745,11.020963190890113
699,-0.9473352143009497,0.32024364434813346,45.36011407089278,11.0209780472429
700,-0.9548191193386254,0.29718756593338796,45.36007941372256,11.020990697584374
701,-0.9504114874888683,0.31099518396463427,45.36004480987998,11.021004124679145
702,-0.9630537433772135,0.2693092782789635,45.360007716463706,11.020998456647213
703,-0.9540554660568833,0.29963005137499676,45.35997747775656,11.021010807681881
704,-0.9557185125525227,0.2942823894907638,45.3599497998142,11.021030600092095
705,-0.9484129581965839,0.31703763297880727,45.359913539107865,11.021040883478838
706,-0.9510697556439653,0.30897624487867675,45.359878218689516,11.021052369619431
707,-0.9570975782803112,0.28976581173417215,45.35985686793124,11.021063784604085
708,-0.9440615747893115,0.32976922689408905,45.35981842343557,11.021064607935688
709,-0.9534756217523775,0.30147012907403803,45.35978807901469,11.021082265296466
710,0.14763591357209058,0.9890417771882714,45.35975283174507,11.02109151627594
711,0.13481538149666975,0.9908707347136191,45.359753084105826,11.021102742775062
712,0.11724463053831062,0.9931030644449422,45.35974944362839,11.021102601556539
713,0.12853675246664825,0.9917047460133119,45.359756121925436,11.021103629103123
714,0.15493640718733617,0.987924445353935,45.35975355457057,11.021108672973227
715,0.16115837658845422,0.9869285575234785,45.35976293439915,11.02112176729766
716,0.12450842831007314,0.9922185501590642,45.359754009303174,11.021123862327014
717,0.14214939498340493,0.9898452149229454,45.359756420903125,11.021131306260095
718,0.13805039722125445,0.9904252055693321,45.35975597903258,11.021146773143677
719,0.12080596991190316,0.9926761393494076,45.3597564110347,11.021143396859587
