,Sin,Cosin,Lat,Lon
0,0.9619483875399903,-0.2732312202315332,45.359671659783956,11.020592425419435
1,0.9536585397072691,-0.3008909929582457,45.35970371038291,11.020583318364125
2,0.9521763814725588,-0.30554891354057245,45.359734677405335,11.020553157194058
3,0.9486159747013606,-0.3164296644459676,45.35976193721651,11.020562353818883
4,0.9624086454190537,-0.2716055949767276,45.35980574066391,11.020546697595291
5,0.9605192442970731,-0.2782135534710333,45.359832402812195,11.020536723905694
6,0.9499584275736396,-0.31237635294915983,45.35986666500495,11.02054486507457
7,0.9538085215067365,-0.30041521982272035,45.35989592339795,11.020528538136249
8,0.9589077144956215,-0.28371816135169003,45.359928474614684,11.020515247179304
9,0.9584516924055414,-0.2852548918510487,45.359953430711364,11.020500417357166
10,0.9437964736438733,-0.330527179423099,45.35998367608018,11.02048896091796
11,0.9536351928627339,-0.3009649795801103,45.360024161937744,11.020480238520397
12,0.9454280552544937,-0.3258309259995222,45.360058556984434,11.020474431088598
13,0.953798800919536,-0.3004460806275486,45.36009081857317,11.020468384561093
14,0.9465397058252525,-0.32258732972056475,45.36012115078394,11.02045849998048
15,0.9513061074417999,-0.3082477736236398,45.36015193949105,11.020458428511658
16,0.957598272595856,-0.288106834909262,45.36018881766368,11.020435899858795
17,0.9506087154835137,-0.31039180086913404,45.36021507580511,11.02043674961649
18,0.9469715225225872,-0.32131749957207906,45.360244128890514,11.020426850952026
19,0.9535969831662764,-0.30108602374765986,45.360282704005506,11.020419433230094
20,0.94572420642622,-0.3249703453847695,45.36031986564847,11.02040640841291
21,0.9569739854443262,-0.29017372586573464,45.360354954793735,11.020403541781924
22,0.9360790912183518,-0.35178961750430426,45.3603776025632,11.020400215780047
23,0.9462732076887141,-0.3233682365516312,45.360420012549696,11.020385620040525
24,0.9512789034302482,-0.3083317172925037,45.36044263745996,11.020384230976388
25,0.9486675339341859,-0.31627505443716264,45.36047298655957,11.020365659781291
26,0.9456013954676646,-0.325327528637841,45.3605038489965,11.02037590905228
27,0.9412787543732464,-0.3376304289686428,45.36054443592624,11.020362203553766
28,0.9427556375062572,-0.3334843443854156,45.360570625608794,11.02034973884001
29,0.9365240692256664,-0.3506032911439926,45.36061600767595,11.020346542517224
30,0.9431900818690463,-0.3322536221982566,45.36064399015429,11.020342800380538
31,0.9434183641657237,-0.331604870523444,45.360679949744586,11.020330989891892
32,0.9298223180344931,-0.36800877283695554,45.360698010519215,11.020320447912814
33,0.9376126423062792,-0.347681654660463,45.3607379719321,11.020316772747277
34,0.9322732923103354,-0.36175476285026015,45.360764864275154,11.020312312270033
35,0.9381073558453138,-0.3463446100474408,45.360798698930246,11.02031749099854
36,0.9369719775482471,-0.3494045124055026,45.360840172336104,11.020303219329724
37,0.9324719358685712,-0.36124242388944194,45.36087678353723,11.020300940677911
38,0.934853123658375,-0.35503469856646264,45.360899193556264,11.02028354884636
39,0.9344750702116055,-0.35602857069765476,45.360927014411764,11.020277219360375
40,0.9409016594643714,-0.33867988900611146,45.360965690500116,11.020272191891571
41,0.9388703503033029,-0.3442709184949454,45.360995964427644,11.0202669365093
42,0.9459673586077731,-0.32426186400598017,45.36103295174755,11.02026127417847
43,0.9441717405512583,-0.3294536755666984,45.3610588553328,11.020251426677527
44,0.9285389434484096,-0.3712350071042751,45.36110382655793,11.020238682926378
45,0.9456416141858927,-0.32521060486998166,45.36112016181182,11.020228245818263
46,0.943395562286879,-0.33166973491324653,45.36115456205444,11.02021656185449
47,0.9328320338728674,-0.36031152712702597,45.36119535904351,11.020208524290616
48,0.9435516969670955,-0.33122529364544967,45.361229494175056,11.020201547565758
49,0.9424377625891411,-0.3343816137977292,45.36125553972639,11.02018715034973
50,0.9452874040871835,-0.32623875256338564,45.36128582630432,11.020167498931611
51,0.9377513210465133,-0.34730744287377313,45.36132052302296,11.020170120225773
52,0.93793775616262,-0.3468036412216999,45.3613554317369,11.020147816628626
53,0.9329320654631809,-0.36005244233389566,45.361377694573775,11.020130572053805
54,0.9465740549864444,-0.3224865244107413,45.361412954747884,11.020120403183546
55,0.9471164778843998,-0.3208899769700656,45.36143452929948,11.020109164099523
56,0.9375743940839778,-0.3477847833906221,45.36147207904756,11.02009553177649
57,0.9521358632716749,-0.30567515089045516,45.36149617580332,11.02007694491119
58,0.9506327214153049,-0.31031827044911714,45.36153916278873,11.020074503782148
59,0.9485929651724114,-0.31649863574020703,45.36155680968599,11.020067399816366
60,0.9497407572132145,-0.3130375282423338,45.36159966334611,11.020043961297217
61,0.9463914686628194,-0.3230219621670199,45.36163619098282,11.02003719487399
62,0.9517148182711452,-0.3069835576755226,45.361661438658075,11.020024288845523
63,0.9511091355211836,-0.3088550021096417,45.36168779212537,11.02001230471278
64,0.9542097674546605,-0.2991382952651213,45.36172326033834,11.01999754005337
65,0.9547299673329055,-0.2974738467101087,45.36175324677561,11.019976304469779
66,0.9489072467526173,-0.3155551252322922,45.36178659209503,11.01997262516671
67,0.9452011820824199,-0.3264884766572875,45.36181945777393,11.019958122811198
68,0.9548516284451689,-0.29708309890602835,45.361853034366064,11.019956554670625
69,0.9504063010354521,-0.3110110334893438,45.36188460561221,11.019930982878451
70,0.9535175759830771,-0.301337406060643,45.36190491039333,11.019928137853277
71,0.952333142676415,-0.3050599701043435,45.361941143753995,11.019910027723752
72,0.9514700020569743,-0.3077415070894749,45.361972676089366,11.019882282455319
73,0.9654372157256864,-0.2606357275813013,45.36199956795182,11.019881104242657
74,0.9576993484416537,-0.28777066910029564,45.3620380833576,11.019872480186471
75,0.945994025643434,-0.32418405797776356,45.36206245963069,11.019863288820106
76,0.958758321946556,-0.2842225890006356,45.36209283743023,11.019855712356101
77,0.9566862195441975,-0.2911210698905721,45.36213261097294,11.019845350042656
78,0.9481775167285287,-0.31774108448628546,45.36216214918328,11.019832303840213
79,0.957920683563838,-0.2870330364271497,45.3621956051427,11.019832529100864
80,0.9530012933798933,-0.3029662271875375,45.36222828602074,11.019813472440966
81,0.13972353378004645,0.9901905544429397,45.3622577782814,11.019804501044106
82,0.13226364302381982,0.9912145724988447,45.362260975151145,11.019807948662287
83,0.12977922814288398,0.9915429148265027,45.362261057164375,11.019806341823898
84,0.14402963625649803,0.989573374682151,45.362266925334445,11.01981958659424
85,0.10937027561767022,0.9940010778723104,45.362260376752985,11.019826482104554
86,0.12346547350934806,0.9923488685190871,45.36225868521003,11.019833814558847
87,0.12647942383899938,0.9919692310476947,45.36226214205845,11.01983174652841
88,0.1564798958331739,0.9876811439933634,45.36226888696727,11.019833439148611
89,0.13004553768805863,0.9915080222204073,45.36226341398103,11.019845539700386
90,0.1163734562231754,0.9932055269110581,45.36226739027829,11.019847186004778
91,0.15173279773734993,0.9884215487790604,45.36226477368441,11.019849352526801
92,-0.9623460775677986,0.27182720060706345,45.36226974232021,11.019857697881527
93,-0.9513838588092257,0.30800771613267613,45.36224512476916,11.019862704876909
94,-0.9532268424945504,0.30225582996506395,45.36220762267659,11.019873472114956
95,-0.9569476376228734,0.29026060505690715,45.36216863414278,11.019888586530469
96,-0.9583667989168547,0.2855399774705128,45.36213761163331,11.019900867162809
97,-0.9548412128598864,0.29711657345940995,45.36211306091712,11.019905368595879
98,-0.9671900366861362,0.25405399610136137,45.362082647607764,11.019918056873486
99,-0.9530910927760401,0.3026836118308583,45.36203769392843,11.019923967939215
100,-0.9630650849001725,0.2692687175410902,45.36201482347826,11.019931494871365
101,-0.9542450117280873,0.29902584769892826,45.36198525147487,11.019939677480963
102,-0.9639556358913531,0.2660630226718793,45.36194466328195,11.019952667576716
103,-0.9562741480871844,0.2924717998374026,45.36191354757901,11.019964997238414
104,-0.9581634376840867,0.2862216390935759,45.361886200529064,11.019973673462816
105,-0.9576874556934184,0.28781024513986087,45.361857289333834,11.019974747832896
106,-0.9608140482463031,0.27719373133703906,45.36182107666889,11.019975880670525
107,-0.9606587084329389,0.2777316076933947,45.36178720944091,11.019989326516734
108,-0.9696269212570615,0.24458870287393117,45.36175483965398,11.020000969956234
109,-0.970841435734874,0.23972256185067026,45.36171274796907,11.02000656815349
110,-0.965861648248554,0.2590584421372647,45.36168749925985,11.020018238489547
111,-0.9700331356072879,0.24297266476682713,45.36166625474294,11.02001290781515
112,-0.9589557359905755,0.2835558082825562,45.36161917247648,11.02002600993128
113,-0.9674638090414551,0.2530094428968985,45.36158574070375,11.020026166477264
114,-0.973146051129122,0.23018853831543448,45.361555723405736,11.020032836141517
115,-0.9697271179288554,0.24419114798328756,45.36151966806605,11.020031878053274
116,-0.9812278993441395,0.192851781295085,45.361482413046275,11.020037957081863
117,-0.9773398992714587,0.21167598184974823,45.361443523908065,11.020036405444676
118,-0.9840570973445694,0.17785283007526373,45.36142174958617,11.020039535815098
119,-0.9851135185852248,0.17190507700657917,45.36138080069794,11.020027783259076
120,-0.9808814422873773,0.19460625934495174,45.361356729299146,11.020040998416295
121,-0.9796758803172283,0.20058706220657332,45.36131101089139,11.020044904418274
122,-0.9810456502443605,0.19377675850477988,45.361287194105145,11.02003478093728
123,-0.9877213630491138,0.15622582685459097,45.3612477666628,11.020036690633226
124,-0.9888475184646387,0.1489314782922875,45.3612103175831,11.020032627786986
125,-0.989101469893903,0.14723546533943674,45.36117575521918,11.020034964312602
126,-0.9886262142301377,0.15039351228356185,45.361140782335355,11.020028375463863
127,-0.9913195384897179,0.13147460822734075,45.36111012435891,11.020038802452447
128,-0.9896110056178842,0.14377085087026542,45.36108406057483,11.020021618627649
129,-0.991015843041568,0.13374452826418856,45.36104187903237,11.020035351001514
130,-0.9932782345821629,0.11575123630156917,45.36101385370234,11.020028346841551
131,-0.9871998437077584,0.15948814558887256,45.36097966928969,11.020044430377409
132,-0.9909396176466762,0.13430813146738105,45.360944797754335,11.020037471563116
133,-0.988201011247512,0.15316253252474843,45.36090956567304,11.020038954312408
134,-0.9886004568410552,0.15056273354870034,45.360874253956375,11.020052291563827
135,-0.9896372554423033,0.14359005063243524,45.36084038398573,11.020051481590473
136,-0.9846000362198882,0.17482210579842247,45.360810239842195,11.020063274419725
137,-0.9855770970188529,0.16922702453181265,45.360784583924776,11.020074318149529
138,-0.989260835178901,0.14616087021204885,45.36075496832436,11.020089075213356
139,-0.9804800026548103,0.19661883021222373,45.36071378708362,11.02009952385311
140,-0.9885965239706643,0.15058855465512572,45.36068990253082,11.020104553788611
141,-0.9822370243174503,0.18764441920824768,45.360647728281116,11.020132871467199
142,-0.980397047702392,0.19703205032794452,45.36062372743946,11.020145608111589
143,-0.9833617212988436,0.18165826456337023,45.36059738181967,11.020158910921113
144,-0.9785022544207658,0.20623612218396406,45.36056374267484,11.020176034457588
145,-0.9794466393046318,0.20170344755323974,45.36052919579639,11.020194467057005
146,-0.980168018260326,0.1981682516944257,45.360511261029195,11.020211895885323
147,-0.972365003792479,0.2334658420404414,45.36047139740512,11.020229627619774
148,-0.9732382862450356,0.2297982554042266,45.36044720153127,11.020252030609186
149,-0.9759465929695487,0.21800974214729518,45.360412207995836,11.0202739215571
150,-0.9739631558168912,0.22670635436882258,45.360383849503435,11.020295562577422
151,-0.9758447202393881,0.2184652878168761,45.36034847368824,11.020308158986172
152,-0.9682461965340972,0.24999860579062116,45.360315905881535,11.020347829751154
153,-0.9722068617744004,0.23412350996594056,45.36029955928078,11.020366530768541
154,-0.9716921084188684,0.23625081256261116,45.36026954054123,11.020371751645468
155,-0.9638924776271108,0.2662917414676423,45.36023610305276,11.020400843092593
156,-0.9529712195547986,0.3030608102349096,45.360196337561405,11.02041896795062
157,-0.966398890475981,0.25704704722441907,45.360173945772516,11.020438243777269
158,-0.9669875021663429,0.25482380315444847,45.36014020018145,11.02045357967107
159,-0.9575580594610151,0.28824045996572883,45.36011579946718,11.020466824205226
160,-0.954848423318038,0.29709340027516085,45.36008705455241,11.020485183062698
161,-0.9633054513973931,0.26840753958870983,45.36005616251657,11.020509500864136
162,-0.9469132074526027,0.32148931172252715,45.36002125041542,11.020509152851632
163,-0.9535231565761328,0.3013197469020037,45.359982785473804,11.020524793695236
164,-0.9504278898224925,0.3109450534219255,45.35996414386193,11.020550746690251
165,-0.9577172747959963,0.28771100353884643,45.35993557663475,11.020558790242724
166,-0.945109749097495,0.32675305991049275,45.359903746513226,11.020577886770502
167,-0.9471416004549943,0.32081581738990356,45.35987327871099,11.020596958003745
168,-0.9459910400023208,0.3241927701774478,45.359845181323095,11.020593372221366
169,-0.9573054867680054,0.28907819876959284,45.35980807003221,11.020607608650893
170,-0.9601713615017095,0.27941180460380255,45.359774139792094,11.020620919440338
171,-0.9523586854215916,0.3049802195258864,45.35974162604642,11.02063826270132
172,-0.9552241996700219,0.29588296396508884,45.3597125134451,11.020642696913857
173,0.1348363588967717,0.9908678803551263,45.35968341727614,11.0206613081781
174,0.12888373989583377,0.9916597105814389,45.35968451744264,11.020676365221128
175,0.12336302245096424,0.9923616098437922,45.359682509115395,11.020669161980711
176,0.12068181816090956,0.9926912403992377,45.359684569909604,11.020675376106958
177,0.11350604979279845,0.9935373051176462,45.359696140780265,11.020694039260853
178,0.15195953217761216,0.988386716108812,45.359694892920686,11.02069471152754
179,0.13315808660315728,0.991094810788648,45.35968955820284,11.020698561791248
180,0.11147461083175986,0.9937672821842686,45.35968911487408,11.020716202392974
181,0.11887495590190222,0.9929092329409173,45.359696764530575,11.020716914161252
182,0.10482164788759754,0.9944910367289032,45.35969929893664,11.020727492972956
183,0.14569240116241963,0.9893299369995475,45.359689127891535,11.020736938556363
184,0.9568615490499729,-0.290544275368981,45.35969578589301,11.020741195826613
185,0.9426507539570214,-0.33378070055690634,45.35971951313569,11.020725586054049
186,0.9531449117235243,-0.3025140943089346,45.359764335078694,11.0207242275154
187,0.9604823276309237,-0.2783409749007195,45.35979225727322,11.020712204206404
188,0.9479347388272718,-0.31846464627093557,45.359822467053796,11.020701091333708
189,0.9446472390072846,-0.32808778373464936,45.359858939781176,11.020693766774926
190,0.9522504942639631,-0.30531786088278234,45.359882824265796,11.020674382776704
191,0.9460305580788176,-0.32407743392757354,45.35992227682307,11.020675346348563
192,0.9566471235853471,-0.29124951662772186,45.35994946749999,11.020665698651037
193,0.9399073093773141,-0.341429714259169,45.359986792625115,11.020651142182343
194,0.9497864347736283,-0.3128989107044004,45.36001451101015,11.020642705602796
195,0.9505404691435047,-0.310600734900042,45.36004858291344,11.02064035699126
196,0.9517952958035355,-0.30673394804987003,45.36008412700354,11.020625597119812
197,0.9460069618563062,-0.32414630665704225,45.3601161057236,11.020616417810134
198,0.94144933432287,-0.33715449115060736,45.36014174737218,11.02060368100834
199,0.9348165777671553,-0.355130913793356,45.360172837036586,11.020603081379317
200,0.9450225976403736,-0.3270050304644266,45.36020677892766,11.02058809275849
201,0.9381638169967856,-0.3461916412596089,45.36023703513176,11.020588519267069
202,0.9536323218657716,-0.30097407644662233,45.36028148099769,11.020582775579982
203,0.9422505972350425,-0.3349086621904632,45.36030485624077,11.020565133019813
204,0.9218649575133361,-0.3875112902986636,45.36034608882633,11.020563826262286
205,0.93666467092843,-0.350227489261674,45.36037269585028,11.020555920387066
206,0.938513649647747,-0.34524213159008565,45.36041316386696,11.020544455372105
207,0.9310347698507404,-0.3649304828717091,45.36044603456663,11.020551287336284
208,0.9187774128784779,-0.39477596885364097,45.3604822586093,11.020540396652361
209,0.9268339801792944,-0.3754714012877777,45.3605098791238,11.020540671470666
210,0.926211097426676,-0.3770053089860575,45.3605372116613,11.020543293212114
211,0.9335366099095253,-0.3584820748079754,45.36057902035046,11.020545443948201
212,0.9208022960395084,-0.3900296547807225,45.36061012147386,11.020540878596446
213,0.9117405191793668,-0.4107666316615052,45.36065025491811,11.02052747845145
214,0.9312847885793393,-0.3642919743292945,45.3606689156795,11.020531290958917
215,0.9066066149704435,-0.4219768307523934,45.36070958221571,11.020533525097283
216,0.9171105176162708,-0.3986330373634576,45.36074573660544,11.020536925039861
217,0.893601265691124,-0.4488616467857565,45.36077944459396,11.02053972456304
218,0.9152683703772503,-0.40284464770798756,45.36081793373206,11.020546864810575
219,0.9174564919704303,-0.3978361287531737,45.36083972287355,11.020530757584694
220,0.8936224260048001,-0.44881951800394715,45.36088390740095,11.020525390070636
221,0.9019253959777451,-0.4318918615699857,45.36091662212433,11.020526763034628
222,0.9009862535180981,-0.43384763566420576,45.36094603856148,11.020518862965712
223,0.8948453914104844,-0.446376215172154,45.36097307355301,11.020516999337861
224,0.8794502928831266,-0.47599073767015976,45.36101384580711,11.020513470455228
225,0.9074414222046637,-0.42017861114908883,45.36104164758977,11.020504423744132
226,0.9142631195087295,-0.4051209057876013,45.36107523033536,11.020504877441024
227,0.8946513369053732,-0.446765022549246,45.36111203513485,11.020490193490295
228,0.9055244688619897,-0.42429404461082354,45.361145973774555,11.02048184788642
229,0.9129906678430113,-0.40798044123655275,45.36117331594603,11.020469378144544
230,0.9152644626765631,-0.4028535259388729,45.361205596422764,11.020472272033693
231,0.9021761591675058,-0.43136779878633397,45.36123552503712,11.020446369628903
232,0.9089124610116851,-0.41698697607680996,45.36127176553802,11.020434438363067
233,0.8971788069477157,-0.4416675088388023,45.361307782004964,11.020423604863332
234,0.9164348142047634,-0.40018399682331224,45.36133718584083,11.020403638916855
235,0.9207530384770894,-0.3901459241555748,45.36136680136062,11.02039581959535
236,0.9068785585795891,-0.42139207395085954,45.36139439137039,11.020368233660419
237,0.9146358233473597,-0.4042787536461661,45.361430832403116,11.020342280740683
238,0.9340819219743204,-0.35705876692886235,45.36145419727353,11.020329347524951
239,0.9337086767640603,-0.3580336673212555,45.36147950966524,11.02031412908451
240,0.9302973471920145,-0.366806278309819,45.36151326232803,11.020300394844412
241,0.9462714423745878,-0.3233734023483025,45.361539599161866,11.02028415201292
242,0.924843888863453,-0.38034692220645744,45.36157871850328,11.02026175427815
243,0.9347322210373884,-0.3553528879220074,45.36160027727146,11.020236882196425
244,0.9319845874037679,-0.36249790184472586,45.3616314192284,11.020217299348275
245,0.9488452222119294,-0.31574157832885175,45.36166467079802,11.020202491182523
246,0.9377660903396494,-0.3472675622759612,45.3616890248205,11.020191260096434
247,0.9456286272293223,-0.3252483656598252,45.36172493468826,11.0201699364064
248,0.9397701637062502,-0.34180702071128904,45.361754517803035,11.020148961670804
249,0.945630296645301,-0.3252435119514608,45.36177408113669,11.020126461876076
250,0.9441350435997061,-0.32955882547275384,45.3618055050747,11.020115757137363
251,0.9420749306891901,-0.33540248205247036,45.36184836975004,11.020098885401259
252,0.944556854874807,-0.32834790681381365,45.36186949165946,11.020085578730827
253,0.9593421459552716,-0.2822457209488469,45.361901556639275,11.020070593430676
254,0.9474383230410224,-0.31993846913620005,45.36193808164144,11.02004960015336
255,0.9539192606371648,-0.3000634002764165,45.361970538004016,11.020042649901999
256,0.9473950645564488,-0.32006654254089434,45.3619963568785,11.02002126977781
257,0.9487419171222929,-0.3160518544402426,45.36201894218048,11.020014411226086
258,0.9526848036620856,-0.3039599724821238,45.362053040199704,11.020010719877298
259,0.9467653885578917,-0.32192436849176903,45.362092289404856,11.019988859326585
260,0.9579886548379971,-0.2868060968697927,45.36211944323338,11.019984793643864
261,0.952290544688661,-0.3051929201285203,45.362148031347374,11.019960619017812
262,0.9511022278499661,-0.30887627325327405,45.36218033329443,11.019947645035506
263,0.9455953382637158,-0.3253451340560188,45.362204986769605,11.01994788023733
264,0.9478480865752442,-0.3187224572816423,45.362251718960806,11.019931854684275
265,0.1339132909658966,0.9909930527015228,45.36227464257168,11.019917250802798
266,0.14552668908797406,0.9893543261961774,45.36227798622592,11.019937363986271
267,0.1322804559806295,0.9912123289011072,45.36227364465467,11.019929621322797
268,0.12176329315804589,0.9925591672234496,45.36227384284534,11.019930268643444
269,0.13054908892120884,0.9914418466969418,45.36226721644661,11.019951943314867
270,0.11835478677189563,0.9929713714141909,45.36226886451098,11.01995002424565
271,0.15696928994597756,0.987603484205,45.3622703146408,11.019964464793672
272,0.11966259676011942,0.9928146166010173,45.36227870555408,11.019966345982786
273,0.16013073409739775,0.9870958150035023,45.362282756319836,11.01997379224932
274,0.10182636973471489,0.994802186581156,45.3622859829042,11.01998398445796
275,0.10103189759349193,0.9948831869464164,45.362275078087485,11.019995022492669
276,-0.9553044287646637,0.2956238291860443,45.36228072368437,11.0199978260335
277,-0.9545403486913644,0.29808173832049584,45.36224394406776,11.020002449130725
278,-0.9554514133207266,0.2951484317820883,45.362214540408836,11.020009923817888
279,-0.9549433589192914,0.2967881083465801,45.36217910318605,11.020019839491729
280,-0.9541719707650343,0.2992588348008634,45.362143510516084,11.020037503720339
281,-0.9505307011283496,0.31063062664915747,45.36211569737155,11.02005201260615
282,-0.9579529918560982,0.28692519128502864,45.362087550687164,11.02005674013716
283,-0.9541062661581745,0.299468250199761,45.36206229397202,11.020063836352639
284,-0.9585045589666343,0.2850772008424697,45.362028134112315,11.020074999975368
285,-0.9483694580339141,0.3171677333343669,45.361993478286045,11.020083356833316
286,-0.9527421178419339,0.3037802773223874,45.361969356725645,11.020084467228624
287,-0.9639454486177625,0.26609992876568106,45.36192691712026,11.020102763486737
288,-0.9541800445606555,0.29923309068721893,45.361893956807734,11.020110124522095
289,-0.9528997115242712,0.303285574627216,45.36186550359438,11.020123345021375
290,-0.9693111998158754,0.24583693357896422,45.36182031689213,11.02013342553518
291,-0.9494552842188384,0.31390231485117287,45.36180807980568,11.020142413566298
292,-0.9591746523191321,0.2828144026538817,45.36176478726766,11.020142826759168
293,-0.9618061547819868,0.27373147539785914,45.3617398447332,11.020152497352477
294,-0.9567379223675978,0.29095110912957944,45.36170429579919,11.020161486707085
295,-0.9658542198503082,0.25908613625077004,45.36167141611817,11.020168117368462
296,-0.970566323314664,0.2408339927158438,45.36164488647515,11.02017263195721
297,-0.9699402896310098,0.24334303883717925,45.3616146615976,11.020181371091352
298,-0.9632975081671433,0.26843604593826886,45.36157349253922,11.020184056357127
299,-0.9669737340605729,0.25487604367015854,45.361548907393775,11.020185538748466
300,-0.9762863617314833,0.21648311688698316,45.361498913882244,11.02019614276673
301,-0.9715867450394616,0.23668374862593394,45.361478510743275,11.020207439177959
302,-0.9738609219666489,0.22714511807711993,45.36144056808328,11.020202044820579
303,-0.9693922775990897,0.24551703022651888,45.36140140306907,11.020208238542354
304,-0.9806005870011509,0.19601655229341758,45.36137369815251,11.0202196653191
305,-0.9706407077443514,0.24053402351755676,45.36133878333499,11.020216648804341
306,-0.9749758236513889,0.22231091582577736,45.36131073067013,11.020218081328247
307,-0.9733995369463779,0.22911425418899,45.36127581854835,11.020224954025185
308,-0.9807388299034256,0.19532369932924074,45.361231151090095,11.020227511720961
309,-0.9765383729608857,0.21534346085940484,45.36120202678644,11.020233791071991
310,-0.9817428830388464,0.19021280609510524,45.36118005055714,11.020226611506606
311,-0.9789096653269599,0.20429358073483206,45.361141143182834,11.020235062748661
312,-0.9784815320048993,0.20633441672524083,45.3611029373836,11.02023597926873
313,-0.9782857997775127,0.20726044956448436,45.36107593287768,11.020244316420595
314,-0.9817620891594548,0.19011365098083446,45.3610371869995,11.020252867728228
315,-0.9762319637522486,0.21672829291172008,45.361014145178096,11.020258997775553
316,-0.9783278966936529,0.20706164915544614,45.36096665227013,11.020248787363178
317,-0.9772494047313192,0.2120933779076622,45.360949216536454,11.02026449576675
318,-0.9703607541299758,0.2416609336328582,45.360906664025535,11.020277974265904
319,-0.9794269791882845,0.20179889107255217,45.36088199141265,11.020274310746263
320,-0.9818983295681969,0.1894087389514662,45.36084383378834,11.02029317334541
321,-0.9761979241957869,0.21688156398328737,45.360815536540585,11.020304305886262
322,-0.9784443418929183,0.2065107014605636,45.36077530956479,11.020310941919892
323,-0.9759893885172822,0.21781807432272793,45.36074681108707,11.020321160011362
324,-0.9779776989365198,0.208709416133604,45.36071796486128,11.020329772442903
325,-0.9768668635774139,0.21384838284267232,45.36068980610848,11.020339118922156
326,-0.9632424985642212,0.26863337275877747,45.3606485633408,11.02036239890625
327,-0.9774324034660987,0.2112484240284071,45.360627745840375,11.020380341394832
328,-0.9744718815072956,0.22450958142500563,45.36059765042773,11.020386004892913
329,-0.9726459401112515,0.23229264987317155,45.36057257191126,11.020415023796913
330,-0.9736663719570993,0.22797762197176208,45.36053194285492,11.020425124814878
331,-0.97186370658042,0.23554391486889958,45.36050456523433,11.02043186714762
332,-0.9640575005554037,0.26569368758566275,45.36047108559345,11.020455568508929
333,-0.9748912605082328,0.22268145451444527,45.36043591058481,11.020470659901262
334,-0.9629285389084712,0.26975661058739037,45.3604083648635,11.020488121679405
335,-0.9612048421825008,0.2758355513071398,45.36037240199614,11.020496928478256
336,-0.9626740194190013,0.270663503885663,45.360351685486194,11.020515930119476
337,-0.9586023083006234,0.28474833541342526,45.360323997626196,11.020533485510185
338,-0.9606725846862464,0.2776836059839447,45.360285968286895,11.02054132649592
339,-0.9576317887356852,0.2879954117740282,45.36025041314339,11.020573099398437
340,-0.9497850556697598,0.31290309686289663,45.36022499622089,11.020586715911326
341,-0.9482918365396945,0.3173997365345051,45.36020084664033,11.020594313977371
342,-0.9659774200610924,0.25862641769957645,45.36017146010673,11.020606524362535
343,-0.9548735643853286,0.2970125856559917,45.3601338587838,11.020621529901335
344,-0.9543564157768636,0.2986701050750446,45.36010342612558,11.02064108810249
345,-0.9640552255070532,0.2657019423574934,45.36008298362782,11.020644799234269
346,-0.9532788120522405,0.30209188418802174,45.36003808235799,11.020653073492618
347,-0.9512724684783802,0.3083515699895967,45.360014115691705,11.020679053991737
348,-0.9479413206244275,0.31844505437016346,45.359973792711266,11.02069589830917
349,-0.9555613476451537,0.2947923182285755,45.359943940747854,11.020698395305462
350,-0.9585871368359054,0.28479940500770223,45.35992303852988,11.020716696199408
351,-0.9627095025474586,0.27053726860605526,45.35989031990601,11.020722114646675
352,-0.9574801270467465,0.2884992310397835,45.35986189068303,11.020732046823795
353,-0.9540305480523172,0.299709381539843,45.35982118181722,11.020747281127342
354,-0.9597937814571056,0.28070606882693105,45.35979490470504,11.02075658825686
355,-0.962079456808345,0.27276935089441406,45.35976640497049,11.02076600330701
356,-0.9537800974305115,0.3005054504421576,45.35973260730033,11.020783361396852
357,0.12340936510958223,0.992355847769967,45.35970213871238,11.020796195750716
358,0.10526090576572068,0.9944446398454667,45.35970432607765,11.02080210985283
359,0.1374658969704544,0.9905065003169381,45.35970343010986,11.02080737243326
360,0.1528276701890892,0.9882528538914396,45.359704195639495,11.020817029960396
361,0.14259956726276793,0.9897804622321413,45.35970137119488,11.020816609066912
362,0.11903589640532032,0.9928899512871413,45.35970589883151,11.02082809870799
363,0.13176013756535557,0.9912816280698228,45.359714451832566,11.020836447594547
364,0.13197216606990456,0.9912534223813896,45.35971419181669,11.020838777965325
365,0.13194019606135038,0.99125767823674,45.35971086119259,11.020847577251562
366,0.1073633346098591,0.9942198521360612,45.35971050415595,11.020864923599685
367,0.1503213299128114,0.988637192185912,45.35970909956158,11.020868374718928
368,0.9549277958897088,-0.29683817921086697,45.35971421128375,11.020874478346814
369,0.9445892520459216,-0.32825469519768713,45.35975010831009,11.020859946405121
370,0.958169558088594,-0.2862011494601453,45.359777388228615,11.020853035114188
371,0.9484903725261817,-0.31680595516048154,45.35981154757292,11.020844128182782
372,0.9545744868508547,-0.2979723964622018,45.35984060386491,11.020840454088791
373,0.943433243889719,-0.33156253455980483,45.35987904076547,11.02083034966794
374,0.9586113249577047,-0.28471797917032526,45.3599078338991,11.020820187786725
375,0.9545441591219453,-0.2980695359914834,45.35993310005537,11.020796755887133
376,0.9515472053904942,-0.307502708790574,45.35996495378453,11.020797749504771
377,0.9509174862374145,-0.3094445578256574,45.3599981792702,11.020791091747292
378,0.9435464567744148,-0.3312402208495329,45.360026824975805,11.020778174444702
379,0.9598421653529021,-0.2805405810406974,45.36006743925634,11.020775069243209
380,0.9484546611720494,-0.31691285190255875,45.36009247129194,11.020765800724817
381,0.9459705239963127,-0.32425262948839995,45.3601385234284,11.020744273341267
382,0.9468814119088711,-0.321582946969305,45.36016303528656,11.02073870038417
383,0.9491339910540233,-0.31487246152348913,45.36019979034202,11.02073497745618
384,0.9331725295024529,-0.35942875536327606,45.36023089539871,11.020730306172819
385,0.944803576680138,-0.32763730174145106,45.36025918042962,11.020729187027744
386,0.9415035014770649,-0.3370031998459755,45.360291021639284,11.020704825018406
387,0.9398482649349637,-0.341592211414046,45.36032677992978,11.020705740287287
388,0.9301481143422315,-0.3671845385982244,45.36036522655796,11.020688970825336
389,0.946898375830164,-0.32153299340844876,45.36039838422135,11.02067939248907
390,0.9391068492773273,-0.3436252692111149,45.36042350907665,11.020688376652755
391,0.9336904733938483,-0.35808113590856966,45.36046743361924,11.02067725212815
392,0.9449427794507386,-0.32723560864293616,45.36049129529059,11.020669788575018
393,0.929244609709004,-0.3694650935159651,45.36052536369606,11.02067366915396
394,0.9354724637597963,-0.3533995890591507,45.36056042790448,11.020672403856448
395,0.9298062216790163,-0.3680494397862767,45.360595433883205,11.02066138488316
396,0.9307975201216997,-0.36553519192451767,45.36061518293384,11.020659048223102
397,0.9286856685074149,-0.3708678054360285,45.360659101370835,11.020655413359147
398,0.9161036540593698,-0.4009415107207914,45.36068922959508,11.020665823363267
399,0.9273083817181218,-0.37429823028611586,45.360730117989306,11.020650086514866
400,0.910838587057856,-0.4127627264257862,45.36076192426609,11.020651162324322
401,0.9334060473027136,-0.3588218929479142,45.36080617893773,11.020641304738794
402,0.9206754482213786,-0.39032898821681644,45.36083199847924,11.020650546365127
403,0.9168107732322877,-0.3993219328877577,45.36086624692598,11.020641718224482
404,0.9211596706005994,-0.38918486771583904,45.360895056836014,11.0206411373561
405,0.9091903309427839,-0.4163807657903414,45.36093361606613,11.020636523807323
406,0.915831499861428,-0.4015627769870698,45.36096840299446,11.020630137394331
407,0.9160167780915204,-0.40113995345119935,45.36098841510808,11.020624153331159
408,0.9211254130183776,-0.3892659418594481,45.36103360662017,11.020613272068536
409,0.9160948293636182,-0.40096167349666134,45.361060110603994,11.020619654907758
410,0.905484827492763,-0.42437863657399294,45.361092846064594,11.020610985618319
411,0.9156624911761507,-0.4019480093906247,45.361132937268046,11.020601941748398
412,0.9262143232914803,-0.3769973837173211,45.361159857447454,11.020595266544438
413,0.9095184291697352,-0.4156635983588379,45.36119776146508,11.020581645767498
414,0.9203338405436281,-0.39113376477902767,45.361226498132055,11.020562588815013
415,0.9281182777764222,-0.3722854582942074,45.361259755018665,11.020554491434932
416,0.9300675391173089,-0.36738858539735975,45.361291995203146,11.020545148450715
417,0.9164203529910556,-0.40021711185773773,45.36132142272252,11.020523881263028
418,0.9360579553351418,-0.3518458529722835,45.36134968487853,11.020516149242056
419,0.9346898036291871,-0.3554644440610505,45.361383583941375,11.020497157059317
420,0.9357197885472471,-0.352744209479185,45.36140987271516,11.02047978186738
421,0.9321673924730063,-0.3620275575285343,45.361443185622115,11.020477758080741
422,0.9288919778114784,-0.3703507709691988,45.36146839111718,11.02045434588107
423,0.9313737122046071,-0.3640645659964861,45.361499641411015,11.020434540262148
424,0.9376863918371623,-0.34748270541626053,45.361540074560246,11.02042470116536
425,0.9370592600179598,-0.34917036416997593,45.361566999433734,11.020397964191858
426,0.9450978103397348,-0.3267875898669327,45.361597497071834,11.020387161691072
427,0.9404211546019674,-0.34001184093660997,45.36162469338429,11.020364059456007
428,0.9376322448420842,-0.3476287868292754,45.361651823154915,11.020359304595974
429,0.940487801066803,-0.3398274503987718,45.36168431089542,11.02032612393187
430,0.9413065661911642,-0.33755288244273585,45.36171621268644,11.020320349645097
431,0.9473214710391281,-0.3202842963809847,45.36173819100868,11.020306283838645
432,0.9428833174012046,-0.33312317506667016,45.361772719280694,11.020291097450896
433,0.9471067402374321,-0.32091871649504233,45.361803799071964,11.020277120694102
434,0.9536521287281905,-0.3009113114726509,45.36183971437433,11.020249784807117
435,0.9500589635418403,-0.31207045004903,45.36187732714607,11.020226401732232
436,0.9522642203414967,-0.30527504755122276,45.36189845221114,11.020231032645194
437,0.9504586110100929,-0.3108511360068755,45.36192258399739,11.020219380274515
438,0.9465177063202969,-0.32265187373106047,45.36196056595539,11.020195553554366
439,0.9580278621870252,-0.2866751040347911,45.36198635662487,11.020187459073558
440,0.9514933417326186,-0.30766933652623596,45.36202066083051,11.020168209498301
441,0.9533577926216849,-0.30184254048677184,45.362053326741915,11.020167431183317
442,0.9489549710273327,-0.3154115770901792,45.36208762677841,11.020149744594075
443,0.9523493035819514,-0.30500951455155,45.36211360241596,11.020137680137799
444,0.9556147385771034,-0.2946191972940906,45.36214762402287,11.02011965625693
445,0.9489594994582085,-0.31539795241571644,45.36217451770583,11.020124614649006
446,0.9540221467582798,-0.29973612310618025,45.362219674857094,11.020092884822743
447,0.9555913331507264,-0.29469510346664646,45.362250767265095,11.020090043652253
448,0.9562501042353079,-0.2925504027513257,45.36228103032191,11.020082922407239
449,0.13775574636031074,0.9904662307947272,45.362304745048405,11.020066049280052
450,0.144891460511843,0.9894475552907012,45.3623036177721,11.02007229287103
451,0.12441014068903063,0.9922308788249515,45.362301595715614,11.020074433486885
452,0.11603727240731875,0.9932448597462107,45.36230930583114,11.020084652369267
453,0.11640984919241726,0.9932012620868937,45.36231205040522,11.020085921153864
454,0.11058876727893387,0.9938662508364623,45.36230101759888,11.020086355484407
455,0.1078921183314789,0.994162607827284,45.36231520148432,11.020089958026047
456,0.14643339848173123,0.9892205314332545,45.36231407095137,11.020089797381337
457,0.11452430779975897,0.9934204461973722,45.36230359241706,11.02009413346085
458,0.18353372565765935,0.9830134137163231,45.36231695093878,11.020101832768036
459,0.14560654367197107,0.9893425768862383,45.36230770688173,11.020116069183954
460,-0.956282275061892,0.29244522632871245,45.36231238448048,11.02012038296087
461,-0.9613051874432272,0.2754856377286153,45.362274758113536,11.020124727740379
462,-0.9589023776322847,0.283736198203809,45.36224885077022,11.020136766978219
463,-0.9527750099513133,0.30367709892626904,45.36221425996148,11.0201490618287
464,-0.9539074833179902,0.3001008385025576,45.36218887728115,11.020156874964027
465,-0.9567838200631467,0.29080014041498026,45.362150141229925,11.020169284933479
466,-0.9554508885661889,0.29515013050662897,45.36211228623578,11.020171674341448
467,-0.96319220724984,0.2688136378481964,45.36208643255712,11.020188194987831
468,-0.949833095119135,0.3127572403900575,45.36205096074077,11.02020205136234
469,-0.9570251267246965,0.29000501171114024,45.362021562509895,11.020206880449951
470,-0.9509109180452308,0.3094647410326036,45.36199576960429,11.02022190744372
471,-0.9554879243411731,0.2950302127548917,45.36195657472032,11.020231291987425
472,-0.9556102742366113,0.29463367725606077,45.36192527019206,11.020240238765313
473,-0.9512257669748619,0.3084956081422969,45.36188800505051,11.020253331950844
474,-0.9539649065463988,0.2999182506582764,45.36186675354209,11.0202630841374
475,-0.9531682575164606,0.30244052781172415,45.36182868420525,11.020265194787683
476,-0.9520544310424833,0.305928685043383,45.361802312278726,11.020265719887188
477,-0.9608089878504125,0.27721127117392974,45.361766493239415,11.02028340444081
478,-0.9541681756608345,0.29927093503391716,45.36173692051128,11.02029435248689
479,-0.9620380378260691,0.2729153967363638,45.36170497546205,11.020302556265857
480,-0.9537514135778961,0.30059647552518814,45.36167290318737,11.020314851308989
481,-0.9568970285489666,0.29042740358677954,45.36163465832649,11.020318989073544
482,-0.9564816758361115,0.29179239844407134,45.361596452218464,11.02032135228236
483,-0.9654299678229494,0.26066257351100247,45.36157581780511,11.020332069593668
484,-0.9649605246689772,0.26239509490570195,45.361532909488936,11.020338175142665
485,-0.9640583072194342,0.2656907606244505,45.36150977889482,11.020341799698825
486,-0.95835339267464,0.285584969403166,45.36147337489864,11.020362237670875
487,-0.9635177001169897,0.2676446180315734,45.36143861866222,11.020372979817765
488,-0.9490086664517432,0.3152499817596886,45.361413315623345,11.020359690770222
489,-0.9601655670508328,0.27943171589845106,45.36136564224993,11.020380766443882
490,-0.9662818595407565,0.2574866363958677,45.361349096166634,11.020389971588331
491,-0.9625719882009662,0.2710261380952748,45.361308348047075,11.020393200862557
492,-0.9636040104006482,0.26733370745154333,45.3612706589302,11.020386979563584
493,-0.964551352231886,0.2638952233513142,45.361242579002926,11.020405689980956
494,-0.967539487715626,0.252719883885269,45.36120837682306,11.020407092066693
495,-0.9604211809513097,0.27855188956474825,45.36117405660523,11.02042265999481
496,-0.9659405545722463,0.25876407214422437,45.36113586591663,11.02042057835441
497,-0.9609717938872842,0.27664636515424346,45.36111338655088,11.020433213561743
498,-0.9703301155954975,0.24178392578587254,45.36108091693895,11.020446311416775
499,-0.9653147982824565,0.2610887592695258,45.36104423996212,11.020445855135053
500,-0.9623013252564087,0.2719855867684159,45.36101275981206,11.020457794899203
501,-0.9665960778681855,0.25630454980323825,45.36097589242115,11.020468104516686
502,-0.963845414719958,0.2664620358011852,45.36094950719386,11.020480896337588
503,-0.9715034000282841,0.23702561830630026,45.36091885722296,11.020484703635768
504,-0.9645772713124506,0.26380046942230206,45.36087610677343,11.020498944365816
505,-0.9595564813452864,0.28151617912342625,45.36084186663674,11.020506569177856
506,-0.9598522666123896,0.2805060182581795,45.36082122832022,11.020514169465189
507,-0.9683088330276339,0.2497558885805532,45.36079435385794,11.020527380288014
508,-0.9577867216334558,0.2874797312205455,45.360762099861304,11.02052974077187
509,-0.9580803578587056,0.28649961236506877,45.360719765577606,11.020545487597959
510,-0.9624186418558788,0.2715701710576581,45.360703683475386,11.020558581506402
511,-0.9553853545467593,0.29536219175372286,45.3606582838792,11.020570976532815
512,-0.9618959268282983,0.27341584802481556,45.36062747487398,11.020584767017995
513,-0.9600724153524178,0.2797515992436405,45.36060258757554,11.020602670057729
514,-0.96440568801841,0.2644270578396568,45.360566263718866,11.02060378443308
515,-0.9600834478167043,0.2797137344293083,45.36052934668891,11.020608901266115
516,-0.9631984593850679,0.2687912346752248,45.36049648105045,11.020632901470247
517,-0.9596573496059542,0.28117213828413967,45.36046775076533,11.020640530163494
518,-0.9549620825749211,0.2967278565355291,45.36043983491084,11.020665562779083
519,-0.9611749663566002,0.27593963841642705,45.36041305363088,11.020670340044333
520,-0.9582212027711967,0.2860281918967449,45.36037923279707,11.020684096435515
521,-0.9618485686254694,0.2735824026379175,45.36034842911182,11.020697249746778
522,-0.9520766276317398,0.3058596003354698,45.360319844020246,11.0207112042504
523,-0.9546484829716017,0.2977352413806932,45.3602897966181,11.020729121065118
524,-0.9638446150140226,0.2664649284774086,45.36026101452671,11.02072810690229
525,-0.9616098240856727,0.27442038230044347,45.3602208740095,11.020740775921228
526,-0.9523122753392556,0.3051251058798178,45.36018104729161,11.020758269421929
527,-0.9511511813107362,0.3087254934261036,45.36016559968034,11.020777400526214
528,-0.9667452598407027,0.25574128054643863,45.36012538787963,11.02078769948064
529,-0.9575415460654126,0.28829531310560563,45.36009701061579,11.020797660461616
530,-0.9592173767829538,0.2826694608153289,45.36006887476211,11.020807864086176
531,-0.9515013967933114,0.3076444244584605,45.36003243398737,11.020822316357636
532,-0.9641550846405831,0.26533935396339176,45.360010256572664,11.020822276617414
533,-0.9534802733744295,0.3014554167465284,45.35997728746999,11.020846438955566
534,-0.944882135828028,0.3274106739143732,45.35994220726227,11.020849694421596
535,-0.9460956581195678,0.3238873348670831,45.35990843959913,11.020856414369701
536,-0.9520326523055521,0.3059964525024036,45.35986926385701,11.020872647915777
537,-0.9557688908630033,0.2941187298668762,45.35983920389671,11.020878625928846
538,-0.9576567846058548,0.28791228334056085,45.35980567900054,11.020895411037765
539,-0.9575112613075282,0.28839588150538226,45.35977438074631,11.020896818603017
540,-0.9609234536581629,0.2768142268917342,45.35975432438226,11.020911688003666
541,0.14612171025656256,0.9892666201746105,45.35971482023802,11.020926769005696
542,0.10121986954994029,0.9948640801678856,45.3597292494111,11.02093252366354
543,0.10780906721613961,0.9941716174916612,45.35972626710508,11.02094391141335
544,0.11073221762357051,0.9938502784525274,45.35971618236953,11.02095022651019
545,0.1329266360475428,0.9911258797090732,45.359716024977764,11.020956157934434
546,0.11166856772476814,0.9937455061444549,45.35971513339015,11.020969509962963
547,0.12739664179500154,0.9918518516690665,45.35972189057335,11.020962832418478
548,0.1654795571905492,0.9862132204305617,45.35972262378193,11.020978725441706
549,0.11298170619802789,0.993597068264889,45.359715233656765,11.020997628825276
550,0.13070048688816174,0.9914218994591543,45.35971904047122,11.021000422259359
551,0.1192402977712947,0.9928654246107138,45.35973052590961,11.02101367548926
552,0.9448760173992647,-0.32742833069803895,45.35972326661542,11.021021531529065
553,0.9580729512913227,-0.2865243794233481,45.3597551191776,11.021003730262512
554,0.9495688793877578,-0.3135585165456011,45.35978920415054,11.021008705499234
555,0.953085958819471,-0.30269977717396745,45.35982061666616,11.020998586043811
556,0.942637915264789,-0.33381695688693286,45.359842286705415,11.020986236297436
557,0.9559643352393212,-0.2934828610846682,45.35988511786192,11.02096060676993
558,0.954809725063878,-0.29721774664955947,45.35991137196734,11.020962812501645
559,0.9458852475221893,-0.324501307424002,45.35994490539305,11.02094831384119
560,0.9467102102536177,-0.32208659984785293,45.35998542524168,11.020940290860056
561,0.9515865322248269,-0.30738098784461015,45.36000958997827,11.020939643633358
562,0.9528114501306124,-0.3035627455732992,45.360045730091166,11.020930970492033
563,0.9403905726007888,-0.34009641421743997,45.360089673199376,11.020915332738882
564,0.9500695312506848,-0.3120382761603197,45.360111930806774,11.020912101230362
565,0.9388148091940727,-0.34442234834269525,45.360147333008115,11.020901209070246
566,0.9309041624149087,-0.36526352185592986,45.360173952839176,11.020898892868267
567,0.9450794245713701,-0.32684075824757225,45.360205316126056,11.020889468985978
568,0.9386675646251122,-0.34482343760359535,45.36023440434637,11.020874591620094
569,0.9334034699024263,-0.35882859748647444,45.360273041495546,11.020864554864342
570,0.9308196602706695,-0.3654788093085498,45.36031120479978,11.020870001721816
571,0.9315953988671685,-0.36349692269608186,45.360346838608436,11.020862035871458
572,0.9369105111344895,-0.34956929803074754,45.36038531088737,11.02084913734953
573,0.9337865699807538,-0.35783046505793614,45.36040714530222,11.020857541818776
574,0.9309060198882497,-0.36525878789677013,45.36045013700563,11.02085196553337
575,0.9286395228133719,-0.37098333745459916,45.36048525660317,11.020852544141107
576,0.9241911168058704,-0.38193033346032895,45.36051275368591,11.02084130202371
577,0.9100755167933429,-0.41444246130594514,45.36053146485789,11.02084983961544
578,0.9213969659565131,-0.3886227362444615,45.36058907238286,11.020839809872143
579,0.9066942508471669,-0.42178849614551456,45.36060929865724,11.02084912851827
580,0.9069394877362621,-0.42126092340102755,45.36064728753912,11.020850224934616
581,0.9078916156378736,-0.4192049788044647,45.360683973242125,11.020843130239635
582,0.9027726649804971,-0.43011802492340534,45.360725693224666,11.020847080612482
583,0.8929849749826868,-0.45008647441927224,45.36074884638693,11.020854105628251
584,0.9010173686615054,-0.4337830118507373,45.360789950786064,11.020866166701442
585,0.8772362902397672,-0.48005884127507825,45.360829061194984,11.020859953858823
586,0.8802403472709243,-0.4745281140631844,45.36085893919485,11.020860880589607
587,0.8833629316861414,-0.46868958909161346,45.3608886316705,11.020872071171606
588,0.886509522421045,-0.46271034855167303,45.360924390314665,11.020859180853632
589,0.8904508714204845,-0.45507938382934876,45.360961685074145,11.020863767526208
590,0.8914703027201457,-0.45307913146386675,45.36099433122886,11.020863509677383
591,0.8859985890963296,-0.4636879339807252,45.361032198436774,11.020863813932714
592,0.8791807710555419,-0.47648837531064986,45.36105886137875,11.020854952752005
593,0.8780563252023932,-0.4785573004061992,45.361092845401544,11.02086005425031
594,0.8774533739458622,-0.47966193986079697,45.36112676978471,11.02085682024292
595,0.8828058705755947,-0.4697380066348329,45.36115929199906,11.02084597195029
596,0.8827430206157607,-0.4698561051579117,45.361193610471496,11.020836462352499
597,0.8868786950999585,-0.4620023594937527,45.36122686831741,11.0208227684353
598,0.8917902292314229,-0.45244909884689366,45.36125113643339,11.020818898870008
599,0.8783926462723606,-0.4779397022372589,45.36129065502239,11.02079520820952
600,0.8904206595503508,-0.45513849435739695,45.3613150235215,11.020794146779814
601,0.8891198482090071,-0.45767444272188956,45.36135106160453,11.020767334395375
602,0.8983377773368244,-0.4393054038018814,45.36138404083916,11.02074731739392
603,0.9017610150622084,-0.43223497280295986,45.361413489039506,11.020737171821233
604,0.910333961807678,-0.4138744712827031,45.36143777169492,11.020716867585783
605,0.9082972598076714,-0.4183253372984662,45.361473299127574,11.020698613977308
606,0.9003054476310309,-0.4352586598402024,45.36150327702067,11.020665492644671
607,0.9132262887792176,-0.40745275245424095,45.361535855056545,11.02065854043307
608,0.9146908752588394,-0.4041541818640731,45.361570041816286,11.020635716712023
609,0.9350540764386904,-0.35450511157864517,45.36158635956474,11.020609924993666
610,0.9290665157738264,-0.3699127049289904,45.36163133061013,11.020581621017241
611,0.9195792448966205,-0.39290458428906283,45.361658194960505,11.020566076294406
612,0.9359785825673971,-0.3520569456425001,45.36168316299568,11.020544000093489
613,0.9202506730163997,-0.39132939937201683,45.36172074829832,11.020521726366692
614,0.9356310743002293,-0.3529794509653484,45.36174643198727,11.0204898328821
615,0.9485240573010646,-0.3167050879305962,45.36177612916018,11.020472609755464
616,0.9381660579694607,-0.34618556826367325,45.361801291491545,11.02044549491247
617,0.9407537821461203,-0.3390904324479976,45.36183734713383,11.020434587179444
618,0.9463859583955834,-0.3230381057269763,45.36186539118516,11.02041337619553
619,0.938066410914357,-0.34645549312178126,45.3618807881414,11.02039791678029
620,0.9440811233993843,-0.3297132579089843,45.36191264727303,11.020381233923864
621,0.9448358394459048,-0.3275442512066919,45.36195295991366,11.0203573738394
622,0.9436702684699658,-0.3308873288686387,45.3619745043982,11.020338113219093
623,0.9552224619442561,-0.295888573955052,45.36201393687523,11.020340136613186
624,0.9490953271917197,-0.31498898378013557,45.36203548627481,11.02031839836392
625,0.9530931087533395,-0.3026772638420251,45.36207041422641,11.020301698046994
626,0.9430728590635084,-0.3325862031079764,45.362099216067286,11.02029380210978
627,0.942228409043754,-0.33497108112623103,45.362135057396834,11.020275303672797
628,0.9560806578070042,-0.2931036945644428,45.36216156533724,11.020250755043822
629,0.9504678765858241,-0.31082280414801405,45.36220005979531,11.020255934366979
630,0.9477441649048816,-0.3190313431134138,45.3622300749172,11.020232815116875
631,0.9561887873109487,-0.29275075238300796,45.36226667908373,11.020235682742646
632,0.9529568585522378,-0.30310596453756955,45.3622922576981,11.020215866655503
633,0.12149756712745816,0.9925917293540727,45.362320992352075,11.0201958131804
634,0.12923592406799642,0.9916138744139732,45.36231215058265,11.020209367445375
635,0.13789914802225364,0.9904462756630147,45.362311161379814,11.020210304336528
636,0.14156955846101776,0.9899283105948392,45.36232194337478,11.020208496667303
637,0.1396231154252556,0.9902047190550779,45.36232116007314,11.020214830093693
638,0.15799828663141455,0.9874393862012683,45.36232463683521,11.020225440568442
639,0.13185618259212054,0.9912688571281927,45.36232545425872,11.020221335441136
640,0.15859080827450675,0.9873443956041067,45.362329542215946,11.020223425907323
641,0.14416921561022636,0.9895530492451287,45.36232819449017,11.020235856489435
642,0.13805161870824875,0.9904250353116243,45.362323874270224,11.020237910349719
643,0.1470770840194395,0.9891250332270126,45.36233021726488,11.020247125875551
644,-0.9470818352019815,0.3209922077410083,45.3623296057809,11.020251299157602
645,-0.9570381327310209,0.28996208803690326,45.36229388372157,11.020263532497122
646,-0.9455452253754625,0.3254907475945605,45.36226491908158,11.020275480912439
647,-0.9583859810423347,0.2854755879957543,45.36223606734389,11.020285646964032
648,-0.9592421614756487,0.28258534223757187,45.36220479378646,11.020284829304432
649,-0.9540135003283495,0.29976364221040935,45.362170443731394,11.020295655645171
650,-0.9583199470150388,0.28569718086304835,45.36213466698231,11.020316975010607
651,-0.9528323906976397,0.3034970102610907,45.36210646514025,11.020320383299714
652,-0.9580616364947501,0.2865622108321357,45.36207163181097,11.02033161784235
653,-0.9556816419682704,0.29440210462024646,45.362037236267405,11.02033780631847
654,-0.952126938548949,0.30570294877446924,45.36201382109954,11.020345162221318
655,-0.9638933524793106,0.2662885747571521,45.36198157706755,11.020366252047664
656,-0.9596949539597288,0.28104376055026364,45.36193956487429,11.020378289766105
657,-0.9677261755779901,0.25200406564418154,45.36192077848976,11.020363958942506
658,-0.9564293939041267,0.29196372116443653,45.36187201549157,11.020386628770668
659,-0.969435366001979,0.24534683846467037,45.3618524099067,11.020398243482417
660,-0.9663446694332436,0.25725081119008186,45.361814252445306,11.020394051524569
661,-0.9710972128236801,0.23868431713474636,45.361780140643866,11.020408018871496
662,-0.962024516621293,0.2729630550451243,45.36175340046566,11.020413220249559
663,-0.9671615181968024,0.2541625419279093,45.361714014052865,11.02041704137714
664,-0.9690073508839654,0.24703188849385316,45.361680451058675,11.020426946457988
665,-0.972230613416161,0.23402485837285594,45.36164671533784,11.020438629109563
666,-0.9711217611765359,0.23858441895769938,45.3616199083054,11.020429871855654
667,-0.9699206672888947,0.24342123811587438,45.361582024601944,11.020437434026633
668,-0.9742202743248358,0.22559888540159434,45.36154897065144,11.02044546698442
669,-0.9787700638952561,0.2049613671462902,45.36151030840416,11.020448642793854
670,-0.9778635174753917,0.20924373632358612,45.361477336590454,11.020451067948862
671,-0.9756257343781184,0.21944116846926692,45.36145145771209,11.020433916121751
672,-0.9814479149626713,0.19172894986262548,45.36140522702651,11.020444409372399
673,-0.9776846289811216,0.21007800040472238,45.361379203013136,11.020449103346236
674,-0.9860810485679137,0.16626534712682556,45.36134587860624,11.020445468961098
675,-0.9849882170203325,0.17262158709473874,45.36131915330086,11.020437367545897
676,-0.986970321655229,0.1609024057364397,45.36128140189678,11.020443262305609
677,-0.9896887342809816,0.1432348045598859,45.36125187155004,11.02044164636567
678,-0.9859550305876239,0.1670110105919895,45.361209973655356,11.020446271779031
679,-0.9819199182192198,0.18929678867947242,45.361180763113715,11.020442499613477
680,-0.9933545200202845,0.11509473296059351,45.36113650498576,11.020438152158404
681,-0.9934446279186587,0.1143143528151991,45.36110780193045,11.020444571709628
682,-0.9904702111180634,0.13772712473488613,45.361062006238505,11.020444668800852
683,-0.9909804674922259,0.13400639182102214,45.36104494852771,11.02046162680346
684,-0.9885818720342963,0.15068471151767954,45.361003545005076,11.020455503817441
685,-0.9902680927065531,0.13917293044024592,45.360962918572646,11.020449350748391
686,-0.9927093540226691,0.12053272765475359,45.36094467699228,11.020467507219015
687,-0.9870572676800157,0.16036817115644236,45.36090536653074,11.020469895972044
688,-0.9908465737294757,0.13499284176784612,45.36088306441599,11.020478669379175
689,-0.989414247858625,0.145118731162974,45.36084687280271,11.020479613504097
690,-0.9842690393614133,0.1766761391771983,45.36080839579138,11.02050510652198
691,-0.9900845100242631,0.1404729974408419,45.36078025837323,11.020519710459832
692,-0.9831150390312584,0.182988578962096,45.36075186317122,11.02052261565138
693,-0.9859608632881492,0.16697657339904715,45.36071528149013,11.020551226232817
694,-0.9846040522531186,0.17479948594529138,45.36068140462468,11.020569922907343
695,-0.9802515399330017,0.19775469263453335,45.36065108204833,11.02057879335805
696,-0.9801652697539048,0.1981818457080644,45.36062506707578,11.020595393182814
697,-0.9769480479877494,0.21347719206727012,45.36058884091743,11.020614890055137
698,-0.978236866824702,0.2074912826722851,45.360572085343065,11.020631814057362
699,-0.9742034922005945,0.22567134462347235,45.360532920526296,11.020663276335386
700,-0.9764659406982481,0.21567166400870907,45.36050357704428,11.020669493936088
701,-0.9676525343841934,0.25228668752006606,45.360475680559226,11.020702252425558
702,-0.9652582148706415,0.2612978733643703,45.36043327563024,11.020717643850032
703,-0.9697160092076407,0.2442352584833052,45.36042852328437,11.020744731033872
704,-0.970264135782647,0.24204856292478416,45.36039292117547,11.020750062453672
705,-0.9714920910883357,0.23707196576738673,45.36036278696004,11.020777068417686
706,-0.9669877562802195,0.2548228388589742,45.36033103607869,11.020802246827946
707,-0.9663094606548255,0.25738303411254637,45.36029456048648,11.020819105206101
708,-0.9637711244870798,0.26673061242555135,45.36027770491138,11.020845118286243
709,-0.9565336502386411,0.29162197441403653,45.36024698303994,11.020852049246983
710,-0.9616761036413428,0.2741880225050051,45.36021377260669,11.020874835580134
711,-0.9558459318996367,0.2938682604006685,45.36019359042056,11.020893988598724
712,-0.9654416348249006,0.26061935796602514,45.36015764959622,11.020898841716804
713,-0.9548833312654227,0.2969811840360413,45.360126830619535,11.020926617164447
714,-0.9632561245828126,0.26858450896077574,45.360088615785926,11.02093335266928
715,-0.9617121371085712,0.2740616086540848,45.36006485914933,11.020954374170685
716,-0.9532958262366112,0.3020381891083587,45.36003372250521,11.020967144619762
717,-0.9571731191351421,0.28951618263078654,45.36000479213168,11.02097970403845
718,-0.9597070805388043,0.28100234796827755,45.35997409509122,11.020998806861243
719,-0.9549535124034488,0.2967554365943714,45.35993627099293,11.021007435492177
720,-0.9539353234207741,0.3000123309634173,45.35990791090316,11.021022748714682
721,-0.9519107888878552,0.3063753416952828,45.359878969012556,11.021039103999152
722,-0.962100701490216,0.27269440806887546,45.35984764582448,11.021039124764329
723,-0.9536813352937291,0.30081873397840414,45.35982232814333,11.021060345897633
724,-0.9606909594458893,0.2776200288864921,45.359779553224655,11.021068418471957
725,0.11826539471197038,0.9929820222006146,45.35975439376712,11.021083749102344
726,0.1652050889998682,0.9862592349725023,45.35974952685399,11.021090290466805
727,0.10981137909758364,0.9939524440438219,45.35974881336354,11.021102469589366
728,0.13171345797551084,0.9912878315545558,45.35974368151183,11.021104457230216
729,0.13910242692554078,0.990277998757634,45.35974253487115,11.021109295588271
730,0.1310792081296419,0.9913718985305696,45.35975273746647,11.021112167601641
731,0.11496040452991288,0.9933700747406874,45.359751441934996,11.021123702386806
732,0.11195791705455488,0.993712948898627,45.359746681708735,11.021135330467365
733,0.1310173451142841,0.991380076095543,45.35974527790546,11.02113091145105
734,0.13903968694598481,0.9902868096940212,45.35974876222864,11.021144796513983
735,0.14033442756544853,0.9901041603992369,45.359745774772676,11.021150636938033
