,Choice,Sin,Cosin,Lat,Lon
0,6,0.9537169507482269,0.30070579950427306,45.3596665575,11.020597651
1,6,0.9558183885168833,0.2939578340051312,45.35969971000371,11.020588355548366
2,6,0.9560079841387118,0.2933406454329789,45.359731075119136,11.020578317579432
3,6,0.9562366150079671,0.29259449092234263,45.359765564837204,11.020568794205403
4,6,0.9565104004834356,0.2916982237981878,45.35979691549312,11.020557679061769
5,6,0.9568359388418163,0.2906286051659403,45.35983042997188,11.020546397490259
6,6,0.9572202225427352,0.28936040771888,45.359863591060744,11.020537586896966
7,6,0.9576705162603957,0.2878666050196641,45.35989701881565,11.020529022968049
8,6,0.9581941939938666,0.28611865824591765,45.3599283941636,11.020518365350707
9,6,0.9587985330903175,0.2840869108985054,45.35996380332758,11.020511432906796
10,6,0.9594904651684224,0.28174109968352945,45.35999473701367,11.020501479117263
11,6,0.9602762867275842,0.2790509866470328,45.360028090385185,11.020492191088389
12,6,0.961161335625093,0.2759871136473357,45.36006270308115,11.020484949012237
13,6,0.9621496434704971,0.2725216754124254,45.36009441634331,11.020477080525279
14,6,0.9632435781036595,0.26862950180882844,45.3601285818179,11.020468633844601
15,6,0.9644434943705387,0.2642891336516596,45.36016283472437,11.020460547313743
16,6,0.9657474149761383,0.25948396957597714,45.36019586465666,11.020454111150892
17,6,0.967150765792959,0.25420345439449266,45.36023048261857,11.020447514512494
18,6,0.9686461911182397,0.24844427228681815,45.36026630148851,11.020445237862706
19,6,0.9702234735097898,0.24221150148289458,45.360298164132665,11.02043897366183
20,6,0.9718695795878807,0.23551968128306386,45.36033252766072,11.020435825776213
21,6,0.973568847342475,0.2283937378393829,45.36036773392455,11.020431189896916
22,6,0.9753033220556437,0.22086971269783764,45.360404770757235,11.020430902845847
23,6,0.9770532372780678,0.21299523826707406,45.360438724491544,11.020429415669373
24,6,0.9787976250751501,0.20482970767748945,45.360472592109566,11.02042711085645
25,6,0.9805150270119242,0.19644409332887985,45.3605082406308,11.02042860031829
26,6,0.9821842653832981,0.1879203789733064,45.36054215867067,11.020429539640492
27,6,0.9837852244806936,0.17935058431315795,45.36057924867812,11.020432159261937
28,6,0.9852995856663462,0.17083537831996767,45.36061207029642,11.020432794053985
29,6,0.9867114589305478,0.16248229692846525,45.36064730867808,11.020436971327781
30,6,0.9880078582314383,0.15440360123043137,45.36068350223152,11.020438288006163
31,6,0.9891789784446654,0.14671383235117363,45.360717554913656,11.020441487574498
32,6,0.9902182476351273,0.13952713732610467,45.36075406008929,11.0204468075621
33,6,0.991122148309839,0.13295445509530493,45.360790383169075,11.020446510679049
34,6,0.9918898233687636,0.12710066206547826,45.3608219651353,11.020448748340481
35,6,0.9925225042368603,0.12206178182949656,45.36085960994752,11.020450202047378
36,6,0.9930228175743777,0.11792236334404199,45.360892236569036,11.020451799171305
37,6,0.993394040643902,0.11475312637650255,45.36092830451966,11.0204521750447
38,6,0.9936393820002504,0.11260896295659827,45.36096377525681,11.020451195543222
39,6,0.993761362598765,0.11152736976117478,45.36099557117343,11.02045000141543
40,6,0.993761362598765,0.11152736976117478,45.361029703515285,11.020444117309342
41,6,0.9936393820002504,0.11260896295659827,45.361064537066554,11.02043964234067
42,6,0.993394040643902,0.11475312637650255,45.36109833217711,11.020431927308275
43,6,0.9930228175743777,0.11792236334404199,45.361132983161376,11.02042392614897
44,6,0.9925225042368603,0.12206178182949656,45.3611666534809,11.020415332837498
45,6,0.9918898233687636,0.12710066206547826,45.361197580780846,11.020400133506794
46,6,0.991122148309839,0.13295445509530493,45.36123190708723,11.020386888691261
47,6,0.9902182476351273,0.13952713732610467,45.361263276559065,11.020374710170191
48,6,0.9891789784446654,0.14671383235117363,45.36129568962286,11.02035523122409
49,6,0.9880078582314383,0.15440360123043137,45.361328384167294,11.020337281371692
50,6,0.9867114589305478,0.16248229692846525,45.36135831641043,11.020318351028322
51,6,0.9852995856663462,0.17083537831996767,45.36139182153119,11.020298655680813
52,6,0.9837852244806936,0.17935058431315795,45.36142294749989,11.02027624928225
53,6,0.9821842653832981,0.1879203789733064,45.36145343276442,11.020255442757515
54,6,0.9805150270119242,0.19644409332887985,45.36148304419429,11.020234137826446
55,6,0.9787976250751501,0.20482970767748945,45.3615135491971,11.020210022850438
56,6,0.9770532372780678,0.21299523826707406,45.3615443846954,11.02018788954791
57,6,0.9753033220556437,0.22086971269783764,45.3615754102323,11.020165920035568
58,6,0.973568847342475,0.2283937378393829,45.36160460127661,11.020143695344478
59,6,0.9718695795878807,0.23551968128306386,45.36163453375802,11.02012001190767
60,6,0.9702234735097898,0.24221150148289458,45.36166560053222,11.020097972980064
61,6,0.9686461911182397,0.24844427228681815,45.36169504411324,11.020077273441222
62,6,0.967150765792959,0.25420345439449266,45.36172213511566,11.02005676102422
63,6,0.9657474149761383,0.25948396957597714,45.3617562738485,11.02003701896368
64,6,0.9644434943705387,0.2642891336516596,45.36178366080915,11.020016565306989
65,6,0.9632435781036595,0.26862950180882844,45.36181298349578,11.01999835029473
66,6,0.9621496434704971,0.2725216754124254,45.361846105598694,11.019980097610492
67,6,0.9611613356250929,0.27598711364733586,45.36187489684844,11.019962382522545
68,6,0.9602762867275842,0.2790509866470328,45.36190642533086,11.01994688840275
69,6,0.9594904651684224,0.28174109968352945,45.36193800506417,11.019930000808712
70,6,0.9587985330903175,0.2840869108985054,45.36196884865176,11.019915442189122
71,6,0.9581941939938666,0.28611865824591765,45.36200200826151,11.019900623228127
72,6,0.9576705162603957,0.2878666050196641,45.36203248430432,11.019884552352806
73,6,0.9572202225427352,0.28936040771888,45.362064869852524,11.019871741420319
74,6,0.9568359388418163,0.2906286051659403,45.36209702005233,11.019859570500076
75,6,0.9565104004834356,0.2916982237981878,45.36212931857902,11.019847125174437
76,6,0.9562366150079671,0.29259449092234263,45.36216054476139,11.019833291378262
77,6,0.9560079841387118,0.2933406454329789,45.362192876331086,11.019823274845503
78,6,0.9558183885168833,0.2939578340051312,45.362224168655,11.019810650851124
79,6,0.9558183885168833,0.2939578340051312,45.36225589,11.01979384
80,6,0.1871863868101744,0.9823244151465196,45.362256930924275,11.019800089771653
81,6,0.1871863868101744,0.9823244151465196,45.36225918027214,11.019803074170273
82,6,0.1871863868101744,0.9823244151465196,45.36225652218387,11.01980854668001
83,6,0.1871863868101744,0.9823244151465196,45.3622603255695,11.019813341254846
84,6,0.1871863868101744,0.9823244151465196,45.362258839113515,11.019819861186884
85,6,0.1871863868101744,0.9823244151465196,45.362259835941465,11.01982412501011
86,6,0.1871863868101744,0.9823244151465196,45.36226422987184,11.019829556758108
87,6,0.1871863868101744,0.9823244151465196,45.362264472357964,11.019834736516064
88,6,0.1871863868101744,0.9823244151465196,45.36226420789367,11.019839564951754
89,6,0.1871863868101744,0.9823244151465196,45.362264062795475,11.019845098466964
90,6,0.1871863868101744,0.9823244151465196,45.362266541285855,11.019850803758878
91,6,0.1871863868101744,0.9823244151465196,45.36226747,11.01985461
92,6,-0.9534134568979562,0.30166667069116027,45.36223693462022,11.019864263005385
93,6,-0.9532166172110091,0.30228807563779353,45.36220740548093,11.019875500018426
94,6,-0.9529815817301529,0.30302822456513184,45.36217739565367,11.019883458464816
95,6,-0.9527023551162362,0.30390495645181054,45.36214544893071,11.019893194559591
96,6,-0.9523722939884118,0.30493772092551963,45.36211582119213,11.019903109456697
97,6,-0.9519840915391989,0.30614749624369963,45.362085623412085,11.019912084105078
98,6,-0.9515297727029319,0.3075566478876806,45.362056682451055,11.019922545298055
99,6,-0.9510007021316182,0.30918871995137404,45.36202941419593,11.019932312826562
100,6,-0.9503876075100983,0.311068152486286,45.36199821487484,11.019943012339331
101,6,-0.9496806210774733,0.31321991946538874,45.361967825791105,11.019953425591106
102,6,-0.9488693426137292,0.31566908408615063,45.36193752785041,11.019963026683117
103,6,-0.9479429275844546,0.3184402707614309,45.36190980091674,11.019976090923395
104,6,-0.9468902045773294,0.3215570563298266,45.36187996314071,11.019987698949157
105,6,-0.9456998265510513,0.3250412867026455,45.361850637967045,11.019998192669695
106,6,-0.9443604606613102,0.3289123292604854,45.361820107320895,11.020012170099005
107,6,-0.9428610214116485,0.3331862756816115,45.361792302430665,11.020022659365932
108,6,-0.9411909514582376,0.3378751143442463,45.361763143455875,11.02003534403643
109,6,-0.939340553422582,0.34298589576797067,45.36173464910357,11.020050112379613
110,6,-0.9373013743847695,0.3485199184787324,45.36170742980463,11.020064455728958
111,6,-0.9350666422192621,0.354471965899695,45.3616774631655,11.020077327707165
112,6,-0.9326317495271031,0.36082962707351895,45.36164981309018,11.020093430899408
113,6,-0.9299947766284122,0.36757273490272596,45.36162201651232,11.020110931918651
114,6,-0.9271570400334036,0.3746729548773138,45.361596129362255,11.020126449610087
115,6,-0.9241236472647495,0.3820935547298551,45.36156760039764,11.020144095501415
116,6,-0.9209040332509951,0.3897893810021639,45.36154096124467,11.020161176982626
117,6,-0.9175124482669025,0.39770706213905044,45.36151289901141,11.020182011354887
118,6,-0.9139683631719707,0.4057854496168495,45.361487663200755,11.020199860689296
119,6,-0.9102967551431377,0.4139562991136557,45.36146413881543,11.020219433881634
120,6,-0.9065282368309536,0.4221451833530289,45.36143917113874,11.02024160485375
121,6,-0.9026989943968132,0.4302726176681269,45.361415080671435,11.020262337076002
122,6,-0.8988505055227346,0.4382553693014206,45.36138779249095,11.020281682453179
123,6,-0.8950290172683562,0.44600791276348517,45.361365075816785,11.020305328998868
124,6,-0.8912847753115725,0.4534439869463479,45.36134064649017,11.020326293041306
125,6,-0.8876710100520234,0.46047820568754444,45.36131463122456,11.02034769803597
126,6,-0.8842427003838099,0.4670276724327454,45.36129119549485,11.020369451462692
127,6,-0.881055151528003,0.47301355156693736,45.36126856609946,11.020390969977592
128,6,-0.8781624379008732,0.4783625535720736,45.36124236510065,11.020411158330221
129,6,-0.875615774319341,0.4830082978201729,45.36121863681428,11.020432622717681
130,6,-0.8734618877739988,0.48689252469747596,45.36119384579283,11.020452668599836
131,6,-0.8717414666364439,0.489966136938607,45.36116855831317,11.020473155221325
132,6,-0.8704877639487005,0.4921900576155429,45.36114114566306,11.020490520671485
133,6,-0.869725426193936,0.4935358984225731,45.36111661908837,11.020509023658601
134,6,-0.8694696089000058,0.49398643625029925,45.36108858438965,11.020522733996108
135,6,-0.869725426193936,0.4935358984225731,45.36106071055827,11.02053807917537
136,6,-0.8704877639487005,0.4921900576155429,45.36103230424751,11.020552764167759
137,6,-0.8717414666364439,0.489966136938607,45.36100446065616,11.020565535345272
138,6,-0.8734618877739988,0.48689252469747596,45.36097249594315,11.02057625113941
139,6,-0.875615774319341,0.4830082978201729,45.36094279575098,11.020585169506772
140,6,-0.8781624379008732,0.4783625535720736,45.360910680829356,11.020593397631478
141,6,-0.881055151528003,0.47301355156693736,45.36087705883256,11.020599533790099
142,6,-0.8842427003838099,0.4670276724327454,45.3608455174601,11.020604505826967
143,6,-0.8876710100520234,0.46047820568754444,45.360810750441814,11.020608926712585
144,6,-0.8912847753115725,0.4534439869463479,45.36077740779575,11.020613063564296
145,6,-0.8950290172683562,0.44600791276348517,45.36074483929877,11.02061275829098
146,6,-0.8988505055227346,0.4382553693014206,45.36070886537761,11.020614994615025
147,6,-0.9026989943968132,0.4302726176681269,45.360673799423665,11.020614523216365
148,6,-0.9065282368309536,0.4221451833530289,45.360637962493094,11.020612479041223
149,6,-0.9102967551431377,0.4139562991136557,45.36060339795606,11.020611452726023
150,6,-0.9139683631719707,0.4057854496168495,45.36056474900651,11.020611233610547
151,6,-0.9175124482669025,0.39770706213905044,45.36053145829242,11.020608507932081
152,6,-0.9209040332509951,0.3897893810021639,45.360494605407595,11.02060597322547
153,6,-0.9241236472647495,0.3820935547298551,45.360460777566395,11.020601581912263
154,6,-0.9271570400334036,0.3746729548773138,45.360425975484944,11.02059874684911
155,6,-0.9299947766284122,0.36757273490272596,45.36039126504823,11.020597505640646
156,6,-0.9326317495271031,0.36082962707351895,45.36035720336807,11.020593942488066
157,6,-0.9350666422192621,0.354471965899695,45.36032117795248,11.020590747317712
158,6,-0.9373013743847695,0.3485199184787324,45.36028659660511,11.020592661327171
159,6,-0.939340553422582,0.34298589576797067,45.360253757523225,11.020589959866845
160,6,-0.9411909514582376,0.3378751143442463,45.3602200033268,11.020592269259929
161,6,-0.9428610214116485,0.3331862756816115,45.36018688538528,11.020590548126359
162,6,-0.9443604606613102,0.3289123292604854,45.36015225900366,11.020589812710226
163,6,-0.9456998265510513,0.3250412867026455,45.360118973064786,11.020592132251275
164,6,-0.9468902045773294,0.3215570563298266,45.36008837237983,11.020593648681514
165,6,-0.9479429275844546,0.3184402707614309,45.36005516465203,11.020596615614485
166,6,-0.9488693426137292,0.31566908408615063,45.36002341375294,11.020600862227013
167,6,-0.9496806210774733,0.31321991946538874,45.35999142557292,11.020605261361187
168,6,-0.9503876075100983,0.311068152486286,45.35996108364038,11.020609073782003
169,6,-0.9510007021316182,0.30918871995137404,45.359930642049655,11.020614786100131
170,6,-0.9515297727029319,0.3075566478876806,45.35989903193365,11.02062062514467
171,6,-0.9519840915391989,0.30614749624369963,45.359866955322865,11.020627112461971
172,6,-0.9523722939884118,0.30493772092551963,45.3598359779046,11.020634126741783
173,6,-0.9527023551162362,0.30390495645181054,45.359804787831955,11.020641151824233
174,6,-0.9529815817301529,0.30302822456513184,45.359773487011516,11.020648347985551
175,6,-0.9532166172110091,0.30228807563779353,45.35974322925129,11.020655905868038
176,6,-0.9534134568979562,0.30166667069116027,45.35971275213341,11.020663424117394
177,6,-0.9534134568979562,0.30166667069116027,45.35967972,11.02066511
178,6,0.18092866714612515,0.9834962213474573,45.35968125760334,11.020671518585592
179,6,0.18092866714612515,0.9834962213474573,45.35968157104117,11.020676682432462
180,6,0.18092866714612515,0.9834962213474573,45.359681653933166,11.020680829474353
181,6,0.18092866714612515,0.9834962213474573,45.359683499408554,11.020688126668148
182,6,0.18092866714612515,0.9834962213474573,45.35968392963479,11.020689798228835
183,6,0.18092866714612515,0.9834962213474573,45.35968645498044,11.02069838458208
184,6,0.18092866714612515,0.9834962213474573,45.35968899115809,11.020703619943784
185,6,0.18092866714612515,0.9834962213474573,45.359687111125666,11.020707488541218
186,6,0.18092866714612515,0.9834962213474573,45.35968915780099,11.020713227818721
187,6,0.18092866714612515,0.9834962213474573,45.359689335649534,11.020717449573816
188,6,0.18092866714612515,0.9834962213474573,45.3596903763257,11.02072428230971
189,6,0.18092866714612515,0.9834962213474573,45.35968987090326,11.020729116419327
190,6,0.18092866714612515,0.9834962213474573,45.35969093792954,11.020733475515522
191,6,0.18092866714612515,0.9834962213474573,45.35969351,11.02074007
192,6,0.9536337013615304,0.3009697054979248,45.35972495205027,11.020730749072959
193,6,0.9538156261037589,0.30039266202804354,45.359755914648204,11.02072156967641
194,6,0.954033189331685,0.2997009737281701,45.35978690453497,11.02071140562889
195,6,0.9542917388856077,0.29887669212349605,45.35981834322148,11.020701163724246
196,6,0.9545970359879548,0.29790014918259333,45.35984985113239,11.020692022807802
197,6,0.9549551933203377,0.2967500273808183,45.35988072705091,11.020682399720869
198,6,0.9553725856254537,0.29540349123755305,45.35991182635712,11.020670866040378
199,6,0.9558557299759937,0.29383638895150543,45.35994102108573,11.020662778386034
200,6,0.9564111337835292,0.2920235318855388,45.359972643745664,11.02065521596932
201,6,0.9570451099513269,0.289939058283379,45.36000669299356,11.02064513168407
202,6,0.9577635603248055,0.28755688570081706,45.360036280867696,11.020637006310807
203,6,0.9585717307476559,0.2848512541861867,45.36006738391661,11.02062621717956
204,6,0.959473943533238,0.28179735925089294,45.360100268525635,11.02061949918694
205,6,0.960473315900886,0.27837207015495796,45.360130500480764,11.020612117860916
206,6,0.9615714757393876,0.27455472504471007,45.36016327681318,11.020604454945465
207,6,0.9627682887221607,0.27032799009906894,45.36019849694043,11.020598859047029
208,6,0.9640616130373967,0.26567876518030736,45.36022676640108,11.020590988217407
209,6,0.9654470995038332,0.2605991136969493,45.360258897307865,11.020587284993749
210,6,0.9669180553013422,0.25508718966712257,45.360291787025794,11.020582405858192
211,6,0.968465388661878,0.2491481305649264,45.360324789343565,11.020577654887822
212,6,0.9700776494125278,0.2427948807332329,45.360357798898406,11.020574375454796
213,6,0.971741176120235,0.23604890728927866,45.36039130205868,11.020569748472363
214,6,0.9734403547914803,0.22894076889762766,45.36042221956029,11.020568885293063
215,6,0.9751579868503885,0.2215104979044958,45.360457291295006,11.02056614555326
216,6,0.9768757558801773,0.21380775845027783,45.36048889053089,11.020566230829834
217,6,0.9785747739891159,0.20589174755718337,45.36052337448364,11.020565293432316
218,6,0.980236180441627,0.19783081295190147,45.360556284679255,11.020565493051661
219,6,0.9818417582668142,0.18970177048074938,45.360589594509364,11.02056424916485
220,6,0.9833745298179154,0.18158891515011016,45.36062129453577,11.020568120559089
221,6,0.9848192905010379,0.17358273260042964,45.36065670594952,11.020572453137522
222,6,0.9861630416924373,0.1657783315150694,45.36069008809468,11.02057272120383
223,6,0.9873952894638415,0.15827363123596017,45.36072408620894,11.020575891225196
224,6,0.9885081849707209,0.15116735178566532,45.360756089372416,11.020575393878032
225,6,0.9894964946251489,0.1445568646745726,45.36079000392237,11.0205805157332
226,6,0.9903574024547506,0.13853597151310282,45.36082334956605,11.020582689778024
227,6,0.9910901619953755,0.13319268296712278,45.360856429048354,11.020583378473063
228,6,0.991695629142008,0.12860707266957289,45.36088954040162,11.020584969051836
229,6,0.9921757190433657,0.12484927929619916,45.36092276816163,11.02058323493708
230,6,0.9925328380047944,0.12197772535241257,45.360955144970646,11.020584150900472
231,6,0.9927693444556253,0.12003761372648211,45.36098803208723,11.020582034526694
232,6,0.9928870908355903,0.11905975328396355,45.36102074805371,11.020582988534562
233,6,0.9928870908355903,0.11905975328396355,45.361052706277135,11.020577145722463
234,6,0.9927693444556253,0.12003761372648211,45.36108471980228,11.020571743937179
235,6,0.9925328380047944,0.12197772535241257,45.36111571980257,11.020566702362622
236,6,0.9921757190433657,0.12484927929619916,45.36114946921069,11.02055707306819
237,6,0.991695629142008,0.12860707266957289,45.36118043135046,11.020548965667638
238,6,0.9910901619953755,0.13319268296712278,45.36121223770353,11.02053568905475
239,6,0.9903574024547506,0.13853597151310282,45.36124401968125,11.020522465306703
240,6,0.9894964946251489,0.1445568646745726,45.36127335944618,11.020507964046962
241,6,0.9885081849707209,0.15116735178566532,45.36130511044937,11.020493068451346
242,6,0.9873952894638415,0.15827363123595997,45.361333569104296,11.020476943354748
243,6,0.9861630416924373,0.16577833151506918,45.36136491689843,11.02045895506632
244,6,0.9848192905010379,0.17358273260042964,45.36139241301819,11.02044060019523
245,6,0.9833745298179154,0.18158891515011016,45.36142294745961,11.020420600744606
246,6,0.9818417582668142,0.18970177048074938,45.3614533495857,11.020400658173724
247,6,0.980236180441627,0.19783081295190147,45.361483369918176,11.020380569284992
248,6,0.9785747739891159,0.20589174755718337,45.36151212916301,11.020358584372385
249,6,0.9768757558801773,0.21380775845027783,45.36154127679398,11.020336480330606
250,6,0.9751579868503885,0.2215104979044958,45.36156856690718,11.020314440576643
251,6,0.9734403547914803,0.22894076889762766,45.36159746304178,11.020293294681998
252,6,0.971741176120235,0.23604890728927866,45.36162514086347,11.020271878933055
253,6,0.9700776494125278,0.2427948807332329,45.36165356841172,11.020246896075426
254,6,0.968465388661878,0.2491481305649264,45.361681210162736,11.020228067547302
255,6,0.9669180553013422,0.25508718966712257,45.361710775139215,11.020206430429244
256,6,0.9654470995038332,0.2605991136969493,45.361738965666646,11.020187509861906
257,6,0.9640616130373967,0.26567876518030736,45.36176594421962,11.020169465756162
258,6,0.9627682887221607,0.27032799009906894,45.36179338479998,11.020149743226746
259,6,0.9615714757393876,0.27455472504471007,45.36182354921693,11.020133175752948
260,6,0.960473315900886,0.27837207015495796,45.36185291173733,11.020113725082217
261,6,0.959473943533238,0.28179735925089294,45.36188304222491,11.020097967820645
262,6,0.9585717307476559,0.2848512541861867,45.3619127550399,11.020080643366857
263,6,0.9577635603248055,0.28755688570081706,45.36194102463913,11.020066396587918
264,6,0.9570451099513269,0.289939058283379,45.361970508274545,11.020049338401114
265,6,0.9564111337835292,0.2920235318855388,45.361998352262844,11.020035273662407
266,6,0.9558557299759937,0.29383638895150543,45.3620295221592,11.020020341019075
267,6,0.9553725856254537,0.29540349123755305,45.36205942999531,11.02000899139612
268,6,0.9549551933203377,0.2967500273808183,45.362090678844496,11.01999509013757
269,6,0.9545970359879548,0.29790014918259333,45.36211931725534,11.019983806597565
270,6,0.9542917388856077,0.29887669212349605,45.36215001839108,11.01997203636411
271,6,0.954033189331685,0.2997009737281701,45.36218339840581,11.019957057996091
272,6,0.9538156261037589,0.30039266202804354,45.362211259808774,11.019945065998767
273,6,0.9536337013615304,0.3009697054979248,45.362242094767076,11.019935660499545
274,6,0.9536337013615304,0.3009697054979248,45.36227073,11.01991931
275,6,0.2108778085845649,0.9775124295100148,45.36227132059074,11.019924839418819
276,6,0.2108778085845649,0.9775124295100148,45.36227183350063,11.019929219456937
277,6,0.2108778085845649,0.9775124295100148,45.362274963038054,11.019933899817433
278,6,0.2108778085845649,0.9775124295100148,45.362274644891876,11.0199409184415
279,6,0.2108778085845649,0.9775124295100148,45.362275589161285,11.019943708855122
280,6,0.2108778085845649,0.9775124295100148,45.36227889277892,11.019951752288234
281,6,0.2108778085845649,0.9775124295100148,45.362279543089656,11.019956009597623
282,6,0.2108778085845649,0.9775124295100148,45.36228013135389,11.01995917888267
283,6,0.2108778085845649,0.9775124295100148,45.36228207380226,11.019967318153135
284,6,0.2108778085845649,0.9775124295100148,45.362282449778384,11.019971543520459
285,6,0.2108778085845649,0.9775124295100148,45.36228177993256,11.01997661715141
286,6,0.2108778085845649,0.9775124295100148,45.362284961412946,11.019983508195839
287,6,0.2108778085845649,0.9775124295100148,45.36228557,11.0199881
288,6,-0.9539167012252883,0.30007153667661324,45.362255884155736,11.0199982394499
289,6,-0.9537996845191477,0.30044327552996497,45.36222295955847,11.020009185134656
290,6,-0.9536586709722092,0.3008905769204472,45.362190815223,11.020016907624786
291,6,-0.9534897405287941,0.3014254712301746,45.36215760808042,11.020027826002092
292,6,-0.9532885580290499,0.3020611281361686,45.36212564359621,11.020038285945875
293,6,-0.9530503761661479,0.3028117905392129,45.362093244532716,11.02004821984709
294,6,-0.9527700497814271,0.30369266082587015,45.36206366776857,11.020059457310085
295,6,-0.952442063444256,0.3047197331681161,45.36203045241917,11.020067315576405
296,6,-0.9520605742834684,0.30590956653075174,45.3619989726771,11.020081196766109
297,6,-0.9516194720257716,0.30727899450074975,45.36196680822741,11.020091773711757
298,6,-0.9511124581481591,0.3088447699984025,45.361936353940415,11.020102262922125
299,6,-0.9505331459543237,0.3106231453742241,45.36190239020707,11.020111330104585
300,6,-0.949875183218345,0.31262939130209044,45.36187253552698,11.020123497230966
301,6,-0.9491323987700672,0.31487726117485565,45.361841335878964,11.02013488960551
302,6,-0.9482989739809536,0.3173784112800848,45.36180998104789,11.02014495938209
303,6,-0.9473696394917105,0.3201417907261508,45.36177863130366,11.020159135278142
304,6,-0.9463398966426861,0.3231730187102724,45.3617477933367,11.02017193082595
305,6,-0.9452062618668557,0.3264737700454431,45.36171622715409,11.020183958883022
306,6,-0.9439665307395461,0.33004119264653264,45.36168368674156,11.020198295355494
307,6,-0.9426200564349079,0.33386738266361266,45.361656103133534,11.020211586910534
308,6,-0.9411680350476846,0.33793894390034473,45.36162500436657,11.02022459419559
309,6,-0.9396137876909327,0.3422366578569554,45.36159484256765,11.020240254578615
310,6,-0.9379630266364776,0.34673528903608664,45.36156393626412,11.020252469696304
311,6,-0.9362240902570675,0.3514035469689033,45.36153262859639,11.02027064926304
312,6,-0.9344081294524004,0.3562042217791168,45.36150424092877,11.020289026884614
313,6,-0.9325292269321128,0.3610945041362387,45.36147362241793,11.02030259762988
314,6,-0.9306044305321848,0.36602649340432747,45.36144458247667,11.020320078784703
315,6,-0.9286536829660156,0.3709478900245357,45.3614143455761,11.020335883208043
316,6,-0.9266996332814004,0.3758028601223228,45.361386516203694,11.020351573597413
317,6,-0.9247673199003168,0.3805330524992346,45.36135725610888,11.020369832464349
318,6,-0.9228837213778627,0.38507874105921197,45.36132819968657,11.020388012992814
319,6,-0.9210771786532633,0.38938005979267143,45.36130018048735,11.02040582021539
320,6,-0.9193767011092517,0.39337829306847844,45.361269564065736,11.020423585893116
321,6,-0.9178111775692163,0.39701718140278097,45.36124177418204,11.02043762106342
322,6,-0.9164085216934579,0.40024420216614154,45.361214061901634,11.020457689329373
323,6,-0.9151947882956402,0.40301178577865227,45.36118388095261,11.020472712462162
324,6,-0.9141933021427497,0.40527843060954416,45.3611517006946,11.020490171648403
325,6,-0.913423843214579,0.40700968372645413,45.36112248974724,11.02050554225714
326,6,-0.9129019317798984,0.4081789594681842,45.36109572927818,11.02052184128097
327,6,-0.912638252860609,0.40876817319299114,45.3610635228181,11.020535149306925
328,6,-0.912638252860609,0.40876817319299114,45.36103269938362,11.020548410781366
329,6,-0.9129019317798984,0.4081789594681842,45.361003754945166,11.020564123042773
330,6,-0.913423843214579,0.40700968372645413,45.36097161523553,11.020573207648347
331,6,-0.9141933021427497,0.40527843060954416,45.36094135509737,11.02058459312063
332,6,-0.9151947882956402,0.40301178577865227,45.36090724913297,11.020595403263096
333,6,-0.9164085216934579,0.40024420216614154,45.36087572623837,11.020604502948252
334,6,-0.9178111775692163,0.39701718140278097,45.360842613916006,11.020613972304465
335,6,-0.9193767011092517,0.39337829306847844,45.360810618764546,11.020620408282843
336,6,-0.9210771786532633,0.38938005979267143,45.36077583280062,11.02062761629391
337,6,-0.9228837213778627,0.38507874105921197,45.36074132712982,11.020631508583275
338,6,-0.9247673199003168,0.3805330524992346,45.3607080048181,11.020636834469613
339,6,-0.9266996332814004,0.3758028601223228,45.36067531388612,11.02064195982432
340,6,-0.9286536829660156,0.3709478900245357,45.36064112559122,11.020646564341464
341,6,-0.9306044305321848,0.36602649340432747,45.360603399751405,11.020648781184235
342,6,-0.9325292269321128,0.3610945041362387,45.36057004770125,11.020652338646471
343,6,-0.9344081294524004,0.3562042217791168,45.360534521764954,11.020655033145715
344,6,-0.9362240902570675,0.3514035469689033,45.36049962794657,11.02065880103097
345,6,-0.9379630266364776,0.34673528903608664,45.36046599607322,11.020661314221
346,6,-0.9396137876909327,0.3422366578569554,45.3604306857193,11.020664759188628
347,6,-0.9411680350476846,0.33793894390034473,45.36039738966537,11.020665038468326
348,6,-0.9426200564349079,0.33386738266361266,45.3603621460735,11.020668486093971
349,6,-0.9439665307395461,0.33004119264653264,45.36032722175734,11.02067169509799
350,6,-0.9452062618668557,0.3264737700454431,45.360294009441425,11.020674469963089
351,6,-0.9463398966426861,0.3231730187102724,45.360259534025026,11.020678499524555
352,6,-0.9473696394917105,0.3201417907261508,45.36022505825218,11.020683538507463
353,6,-0.9482989739809536,0.3173784112800848,45.36019290734951,11.020690051227188
354,6,-0.9491323987700672,0.31487726117485565,45.36015942014802,11.020694518853434
355,6,-0.949875183218345,0.31262939130209044,45.36012399186002,11.020699031716006
356,6,-0.9505331459543237,0.3106231453742241,45.3600924494593,11.020705956195123
357,6,-0.9511124581481591,0.3088447699984025,45.360058767673166,11.020711804405709
358,6,-0.9516194720257716,0.30727899450074975,45.36002769267257,11.02071760880313
359,6,-0.9520605742834684,0.30590956653075174,45.3599907469915,11.020723907869236
360,6,-0.952442063444256,0.3047197331681161,45.35995962957257,11.02073306204175
361,6,-0.9527700497814271,0.30369266082587015,45.35992593410289,11.020739291939766
362,6,-0.9530503761661479,0.3028117905392129,45.35989641469124,11.020748503344068
363,6,-0.9532885580290499,0.3020611281361686,45.359863111471576,11.020755414735262
364,6,-0.9534897405287941,0.3014254712301746,45.359830456684854,11.020764381619054
365,6,-0.9536586709722092,0.3008905769204472,45.35979533181776,11.020773394815604
366,6,-0.9537996845191477,0.30044327552996497,45.359765064580515,11.02078143318402
367,6,-0.9539167012252883,0.30007153667661324,45.35973367557977,11.02078988143691
368,6,-0.9539167012252883,0.30007153667661324,45.35970006,11.02079678
369,6,0.18563850809759755,0.9826181070544641,45.35969992321505,11.02080182658765
370,6,0.18563850809759755,0.9826181070544641,45.35970201105364,11.020804624789784
371,6,0.18563850809759755,0.9826181070544641,45.359703383051176,11.020809707522499
372,6,0.18563850809759755,0.9826181070544641,45.3597063339342,11.020813465271326
373,6,0.18563850809759755,0.9826181070544641,45.35970449056278,11.020820645664372
374,6,0.18563850809759755,0.9826181070544641,45.35970574536489,11.02082377779867
375,6,0.18563850809759755,0.9826181070544641,45.35970587644723,11.020828403829512
376,6,0.18563850809759755,0.9826181070544641,45.35970743122387,11.020835367995144
377,6,0.18563850809759755,0.9826181070544641,45.35970798651495,11.02083974418676
378,6,0.18563850809759755,0.9826181070544641,45.359708899133565,11.020844055987272
379,6,0.18563850809759755,0.9826181070544641,45.35970857066596,11.020848181941684
380,6,0.18563850809759755,0.9826181070544641,45.35970890324495,11.020851974958687
381,6,0.18563850809759755,0.9826181070544641,45.359712871229526,11.020859820805471
382,6,0.18563850809759755,0.9826181070544641,45.359712772483434,11.02086157874827
383,6,0.18563850809759755,0.9826181070544641,45.35971237152698,11.020866726631192
384,6,0.18563850809759755,0.9826181070544641,45.35971540148088,11.020869727413741
385,6,0.18563850809759755,0.9826181070544641,45.35971653246075,11.02087662846453
