,Choice,Sin,Cosin,Lat,Lon
0,0,0.9537169507482269,0.30070579950427306,45.3596665575,11.020597651
1,0,0.955040636077442,0.2964749288570535,45.3597005072865,11.020587428952359
2,0,0.955040636077442,0.2964749288570535,45.359733538154664,11.020577135552934
3,0,0.955040636077442,0.2964749288570535,45.35976618661587,11.020566839196947
4,0,0.955040636077442,0.2964749288570535,45.35980049958436,11.02055602890105
5,0,0.955040636077442,0.2964749288570535,45.35983250267273,11.020545893483398
6,0,0.955040636077442,0.2964749288570535,45.35986598852926,11.020535499383127
7,0,0.955040636077442,0.2964749288570535,45.359898904185435,11.020525855476915
8,0,0.955040636077442,0.2964749288570535,45.35993181031825,11.020514842685582
9,0,0.955040636077442,0.2964749288570535,45.3599654745774,11.02050504194562
10,0,0.955040636077442,0.2964749288570535,45.359998356206056,11.02049586886158
11,0,0.955040636077442,0.2964749288570535,45.36003211159927,11.020483966639404
12,0,0.955040636077442,0.2964749288570535,45.360065048353555,11.020473331834909
13,0,0.955040636077442,0.2964749288570535,45.36009836423526,11.020464579743383
14,0,0.955040636077442,0.2964749288570535,45.36013176287953,11.020453231317465
15,0,0.955040636077442,0.2964749288570535,45.36016449238646,11.020443288359237
16,0,0.955040636077442,0.2964749288570535,45.36019748887701,11.02043274355832
17,0,0.955040636077442,0.2964749288570535,45.36023130709207,11.020421886280435
18,0,0.955040636077442,0.2964749288570535,45.3602657100391,11.020412087732362
19,0,0.955040636077442,0.2964749288570535,45.36029806365446,11.020401821566493
20,0,0.955040636077442,0.2964749288570535,45.360331376435326,11.02039125669823
21,0,0.955040636077442,0.2964749288570535,45.36036388925559,11.020380402577828
22,0,0.955040636077442,0.2964749288570535,45.360397413373725,11.02037139665875
23,0,0.955040636077442,0.2964749288570535,45.36043061642851,11.020360203269226
24,0,0.955040636077442,0.2964749288570535,45.360463501261336,11.020350999837486
25,0,0.955040636077442,0.2964749288570535,45.36049773987235,11.020340238957305
26,0,0.955040636077442,0.2964749288570535,45.360530078212555,11.02033003161713
27,0,0.955040636077442,0.2964749288570535,45.36056357695914,11.020319855282624
28,0,0.955040636077442,0.2964749288570535,45.36059651489863,11.02030880941062
29,0,0.955040636077442,0.2964749288570535,45.36062901311174,11.02029899927137
30,0,0.955040636077442,0.2964749288570535,45.360662658903486,11.020289182764037
31,0,0.955040636077442,0.2964749288570535,45.36069550116838,11.020278004872285
32,0,0.955040636077442,0.2964749288570535,45.36072974120894,11.020267264228409
33,0,0.955040636077442,0.2964749288570535,45.360761807931915,11.02025735744493
34,0,0.955040636077442,0.2964749288570535,45.36079480855022,11.020247511838305
35,0,0.955040636077442,0.2964749288570535,45.360828694383976,11.020237364874696
36,0,0.955040636077442,0.2964749288570535,45.36086148359042,11.020226528081524
37,0,0.955040636077442,0.2964749288570535,45.360895423998066,11.020217572826363
38,0,0.955040636077442,0.2964749288570535,45.36092820892851,11.020205467001261
39,0,0.955040636077442,0.2964749288570535,45.36096160308158,11.020195189994517
40,0,0.955040636077442,0.2964749288570535,45.36099428594959,11.020185637325824
41,0,0.955040636077442,0.2964749288570535,45.361027602623025,11.020175274341977
42,0,0.955040636077442,0.2964749288570535,45.36106053454565,11.020164746324655
43,0,0.955040636077442,0.2964749288570535,45.36109396507519,11.020153161879431
44,0,0.955040636077442,0.2964749288570535,45.36112719509586,11.020144302542866
45,0,0.955040636077442,0.2964749288570535,45.361159959697495,11.020133720322882
46,0,0.955040636077442,0.2964749288570535,45.361194463796224,11.020123387124544
47,0,0.955040636077442,0.2964749288570535,45.361226433176874,11.020114420944202
48,0,0.955040636077442,0.2964749288570535,45.36126004416174,11.020103125201961
49,0,0.955040636077442,0.2964749288570535,45.36129367475718,11.020092615810144
50,0,0.955040636077442,0.2964749288570535,45.361326793610644,11.020083008392525
51,0,0.955040636077442,0.2964749288570535,45.361359356011235,11.02007238852032
52,0,0.955040636077442,0.2964749288570535,45.36139302462183,11.020062182479403
53,0,0.955040636077442,0.2964749288570535,45.361426192398625,11.020051097328544
54,0,0.955040636077442,0.2964749288570535,45.3614594043815,11.020041361353506
55,0,0.955040636077442,0.2964749288570535,45.36149292808855,11.020031466754805
56,0,0.955040636077442,0.2964749288570535,45.3615257639598,11.020019391804672
57,0,0.955040636077442,0.2964749288570535,45.36155876997878,11.020010815708465
58,0,0.955040636077442,0.2964749288570535,45.36159270624556,11.020000478313788
59,0,0.955040636077442,0.2964749288570535,45.36162519524681,11.019990084221666
60,0,0.955040636077442,0.2964749288570535,45.361658080411644,11.019980244373546
61,0,0.955040636077442,0.2964749288570535,45.3616917909332,11.019969150722881
62,0,0.955040636077442,0.2964749288570535,45.361725592569556,11.019958242104233
63,0,0.955040636077442,0.2964749288570535,45.36175717626941,11.019948112724734
64,0,0.955040636077442,0.2964749288570535,45.361791136539,11.019937812700451
65,0,0.955040636077442,0.2964749288570535,45.361823276836546,11.01992813579982
66,0,0.955040636077442,0.2964749288570535,45.3618576007169,11.019916886409248
67,0,0.955040636077442,0.2964749288570535,45.36188951002993,11.019907783375055
68,0,0.955040636077442,0.2964749288570535,45.36192395051939,11.019895720960575
69,0,0.955040636077442,0.2964749288570535,45.36195685251953,11.01988606349997
70,0,0.955040636077442,0.2964749288570535,45.361990047777375,11.019876001537456
71,0,0.955040636077442,0.2964749288570535,45.3620233750327,11.019865289807694
72,0,0.955040636077442,0.2964749288570535,45.362057346568044,11.01985516715248
73,0,0.955040636077442,0.2964749288570535,45.362089529092586,11.019846102485479
74,0,0.955040636077442,0.2964749288570535,45.362123198328945,11.019835720286254
75,0,0.955040636077442,0.2964749288570535,45.36215644831345,11.019824588023653
76,0,0.955040636077442,0.2964749288570535,45.362190295621104,11.019814694066703
77,0,0.955040636077442,0.2964749288570535,45.362223025687065,11.019804172694286
78,0,0.955040636077442,0.2964749288570535,45.36225589,11.01979384
79,0,0.1871863868101744,0.9823244151465196,45.362256333325035,11.019797720205334
80,0,0.1871863868101744,0.9823244151465196,45.362257355114245,11.019801488659823
81,0,0.1871863868101744,0.9823244151465196,45.362258930799285,11.019804564060642
82,0,0.1871863868101744,0.9823244151465196,45.362258522958925,11.019809984883135
83,0,0.1871863868101744,0.9823244151465196,45.362260083407556,11.019812900230901
84,0,0.1871863868101744,0.9823244151465196,45.36226054286769,11.019817094537395
85,0,0.1871863868101744,0.9823244151465196,45.362260880084115,11.019820314543107
86,0,0.1871863868101744,0.9823244151465196,45.36226105536579,11.019823997307931
87,0,0.1871863868101744,0.9823244151465196,45.36226273800735,11.019828604586486
88,0,0.1871863868101744,0.9823244151465196,45.36226361795891,11.019831659789306
89,0,0.1871863868101744,0.9823244151465196,45.36226377080709,11.019835826734194
90,0,0.1871863868101744,0.9823244151465196,45.36226425727828,11.01983827565974
91,0,0.1871863868101744,0.9823244151465196,45.362266131186416,11.019843527837358
92,0,0.1871863868101744,0.9823244151465196,45.362265711333805,11.019846966001056
93,0,0.1871863868101744,0.9823244151465196,45.36226717057978,11.01985047240516
94,0,0.1871863868101744,0.9823244151465196,45.36226747,11.01985461
95,0,-0.954287848765298,0.29888911271389534,45.36223674752579,11.019864716281473
96,0,-0.954287848765298,0.29888911271389534,45.362205264850246,11.019873128972012
97,0,-0.954287848765298,0.29888911271389534,45.36217447024082,11.019883469164661
98,0,-0.954287848765298,0.29888911271389534,45.36214415197358,11.01989281613963
99,0,-0.954287848765298,0.29888911271389534,45.36211273859973,11.01990350283049
100,0,-0.954287848765298,0.29888911271389534,45.36208342478841,11.019912956728087
101,0,-0.954287848765298,0.29888911271389534,45.36205194938908,11.01992169567595
102,0,-0.954287848765298,0.29888911271389534,45.362020432610315,11.01993252851973
103,0,-0.954287848765298,0.29888911271389534,45.361989699840734,11.01994214175769
104,0,-0.954287848765298,0.29888911271389534,45.36195992187865,11.019949644004509
105,0,-0.954287848765298,0.29888911271389534,45.36192849833576,11.019961367996789
106,0,-0.954287848765298,0.29888911271389534,45.36189849923411,11.019969833131979
107,0,-0.954287848765298,0.29888911271389534,45.36186579643151,11.019979837505138
108,0,-0.954287848765298,0.29888911271389534,45.361835460832815,11.019989851424215
109,0,-0.954287848765298,0.29888911271389534,45.3618050067882,11.01999938026607
110,0,-0.954287848765298,0.29888911271389534,45.361774338168594,11.020008489755133
111,0,-0.954287848765298,0.29888911271389534,45.36174379167261,11.020018962193715
112,0,-0.954287848765298,0.29888911271389534,45.36171377740191,11.020027764581704
113,0,-0.954287848765298,0.29888911271389534,45.36168230855297,11.020037248440921
114,0,-0.954287848765298,0.29888911271389534,45.361651576693106,11.020047492144311
115,0,-0.954287848765298,0.29888911271389534,45.36161962867609,11.020057262997776
116,0,-0.954287848765298,0.29888911271389534,45.361589933124705,11.02006745878712
117,0,-0.954287848765298,0.29888911271389534,45.36155921664622,11.020076095860757
118,0,-0.954287848765298,0.29888911271389534,45.36152730127111,11.020086075918005
119,0,-0.954287848765298,0.29888911271389534,45.36149810566108,11.020095860126558
120,0,-0.954287848765298,0.29888911271389534,45.36146659912643,11.02010577910414
121,0,-0.954287848765298,0.29888911271389534,45.36143467218919,11.020115154965247
122,0,-0.954287848765298,0.29888911271389534,45.361405163449135,11.020124574930287
123,0,-0.954287848765298,0.29888911271389534,45.36137338574163,11.020134298147012
124,0,-0.954287848765298,0.29888911271389534,45.361343750506734,11.020143550754348
125,0,-0.954287848765298,0.29888911271389534,45.36131207173172,11.020153909587709
126,0,-0.954287848765298,0.29888911271389534,45.36128156038139,11.020164158211083
127,0,-0.954287848765298,0.29888911271389534,45.361251154360254,11.020173757419272
128,0,-0.954287848765298,0.29888911271389534,45.361219738277235,11.02018282696831
129,0,-0.954287848765298,0.29888911271389534,45.361189546674204,11.020192019419587
130,0,-0.954287848765298,0.29888911271389534,45.36115753133592,11.020202588455787
131,0,-0.954287848765298,0.29888911271389534,45.361127901318056,11.020211159792924
132,0,-0.954287848765298,0.29888911271389534,45.361095907096555,11.020220232006057
133,0,-0.954287848765298,0.29888911271389534,45.361067138607545,11.02022991503031
134,0,-0.954287848765298,0.29888911271389534,45.361035729674676,11.020241008796788
135,0,-0.954287848765298,0.29888911271389534,45.36100363263208,11.020250051438154
136,0,-0.954287848765298,0.29888911271389534,45.36097420465489,11.020260247796468
137,0,-0.954287848765298,0.29888911271389534,45.360942557698166,11.02026916714187
138,0,-0.954287848765298,0.29888911271389534,45.36091160288635,11.020278537854125
139,0,-0.954287848765298,0.29888911271389534,45.36088214526444,11.020288144168822
140,0,-0.954287848765298,0.29888911271389534,45.360850634578824,11.020297770685936
141,0,-0.954287848765298,0.29888911271389534,45.360819644134885,11.020308162696876
142,0,-0.954287848765298,0.29888911271389534,45.36078833515704,11.020318169357733
143,0,-0.954287848765298,0.29888911271389534,45.36075657017202,11.020327466185709
144,0,-0.954287848765298,0.29888911271389534,45.360727916176685,11.020337660820244
145,0,-0.954287848765298,0.29888911271389534,45.36069592513154,11.020346495278002
146,0,-0.954287848765298,0.29888911271389534,45.36066552708353,11.020356922125885
147,0,-0.954287848765298,0.29888911271389534,45.36063385929816,11.020366658268358
148,0,-0.954287848765298,0.29888911271389534,45.36060507002644,11.020376019372508
149,0,-0.954287848765298,0.29888911271389534,45.360573346418775,11.020385678056108
150,0,-0.954287848765298,0.29888911271389534,45.3605424002252,11.020395172962953
151,0,-0.954287848765298,0.29888911271389534,45.3605126634013,11.020404689182083
152,0,-0.954287848765298,0.29888911271389534,45.36048087500374,11.020414449628788
153,0,-0.954287848765298,0.29888911271389534,45.360450109054085,11.020423970218468
154,0,-0.954287848765298,0.29888911271389534,45.360419558360434,11.020433861609249
155,0,-0.954287848765298,0.29888911271389534,45.36038869075168,11.020443791927471
156,0,-0.954287848765298,0.29888911271389534,45.36035710114725,11.020452837545148
157,0,-0.954287848765298,0.29888911271389534,45.36032670771736,11.020462769644793
158,0,-0.954287848765298,0.29888911271389534,45.3602953614791,11.020471984983432
159,0,-0.954287848765298,0.29888911271389534,45.360265223478955,11.02048157849571
160,0,-0.954287848765298,0.29888911271389534,45.36023405160497,11.020492010750242
161,0,-0.954287848765298,0.29888911271389534,45.360204058402694,11.02050117286099
162,0,-0.954287848765298,0.29888911271389534,45.3601723137739,11.0205109331638
163,0,-0.954287848765298,0.29888911271389534,45.36014262946642,11.020520189834302
164,0,-0.954287848765298,0.29888911271389534,45.36011025230301,11.02052966154983
165,0,-0.954287848765298,0.29888911271389534,45.36008015537116,11.020539697290967
166,0,-0.954287848765298,0.29888911271389534,45.36005006302298,11.020549234571574
167,0,-0.954287848765298,0.29888911271389534,45.36001869938604,11.020558987302465
168,0,-0.954287848765298,0.29888911271389534,45.3599876223222,11.020568715062906
169,0,-0.954287848765298,0.29888911271389534,45.35995709543064,11.020578170162912
170,0,-0.954287848765298,0.29888911271389534,45.35992554742556,11.020588040913864
171,0,-0.954287848765298,0.29888911271389534,45.35989531691757,11.020596885871203
172,0,-0.954287848765298,0.29888911271389534,45.35986452508687,11.020607800963518
173,0,-0.954287848765298,0.29888911271389534,45.359833011288146,11.020616564643198
174,0,-0.954287848765298,0.29888911271389534,45.3598036599962,11.02062629046854
175,0,-0.954287848765298,0.29888911271389534,45.35977176929564,11.020635899442887
176,0,-0.954287848765298,0.29888911271389534,45.35974158628351,11.020645322765672
177,0,-0.954287848765298,0.29888911271389534,45.359710251667686,11.020655259589414
178,0,-0.954287848765298,0.29888911271389534,45.35967972,11.02066511
179,0,0.18092866714612515,0.9834962213474573,45.359681755359304,11.020672039203044
180,0,0.18092866714612515,0.9834962213474573,45.3596820263998,11.020680177066758
181,0,0.18092866714612515,0.9834962213474573,45.359683464025785,11.020687504065993
182,0,0.18092866714612515,0.9834962213474573,45.35968525860491,11.020695106925793
183,0,0.18092866714612515,0.9834962213474573,45.35968685404639,11.020702594204712
184,0,0.18092866714612515,0.9834962213474573,45.35968689034945,11.02070965183453
185,0,0.18092866714612515,0.9834962213474573,45.3596893691477,11.02071749899659
186,0,0.18092866714612515,0.9834962213474573,45.35969110237765,11.020724541698248
187,0,0.18092866714612515,0.9834962213474573,45.359692194114544,11.020732521349622
188,0,0.18092866714612515,0.9834962213474573,45.35969351,11.02074007
189,0,0.9528471844721362,0.30345056111914304,45.35972727304913,11.020728392983344
190,0,0.9528471844721362,0.30345056111914304,45.35976234153461,11.020717863499351
191,0,0.9528471844721362,0.30345056111914304,45.35979545654244,11.020707937627554
192,0,0.9528471844721362,0.30345056111914304,45.35982889239445,11.020697176781997
193,0,0.9528471844721362,0.30345056111914304,45.359862808172416,11.020685330163595
194,0,0.9528471844721362,0.30345056111914304,45.35989693316778,11.02067431729649
195,0,0.9528471844721362,0.30345056111914304,45.35992978072319,11.020664751307516
196,0,0.9528471844721362,0.30345056111914304,45.35996421571875,11.020653583665087
197,0,0.9528471844721362,0.30345056111914304,45.359998868179474,11.020641928303274
198,0,0.9528471844721362,0.30345056111914304,45.360032629471064,11.020631954239528
199,0,0.9528471844721362,0.30345056111914304,45.36006659588195,11.02062198503434
200,0,0.9528471844721362,0.30345056111914304,45.36009917913615,11.020612013737258
201,0,0.9528471844721362,0.30345056111914304,45.360134270952756,11.020600395368529
202,0,0.9528471844721362,0.30345056111914304,45.36016875250291,11.020588882185844
203,0,0.9528471844721362,0.30345056111914304,45.360201638001186,11.020577815767023
204,0,0.9528471844721362,0.30345056111914304,45.36023629418005,11.02056753811458
205,0,0.9528471844721362,0.30345056111914304,45.36027065658018,11.020555417645095
206,0,0.9528471844721362,0.30345056111914304,45.36030438880117,11.020545930004737
207,0,0.9528471844721362,0.30345056111914304,45.3603379145375,11.02053479126904
208,0,0.9528471844721362,0.30345056111914304,45.36037035223011,11.02052449324607
209,0,0.9528471844721362,0.30345056111914304,45.36040467481725,11.02051291186234
210,0,0.9528471844721362,0.30345056111914304,45.36043956518008,11.020501763982955
211,0,0.9528471844721362,0.30345056111914304,45.36047289638904,11.020491687249308
212,0,0.9528471844721362,0.30345056111914304,45.360507762207554,11.020480750201157
213,0,0.9528471844721362,0.30345056111914304,45.36054175685361,11.020470521397984
214,0,0.9528471844721362,0.30345056111914304,45.360574921468434,11.02045945095095
215,0,0.9528471844721362,0.30345056111914304,45.360609139201955,11.020448121057132
216,0,0.9528471844721362,0.30345056111914304,45.36064347750238,11.020437811000788
217,0,0.9528471844721362,0.30345056111914304,45.36067715559202,11.020427959896669
218,0,0.9528471844721362,0.30345056111914304,45.360711621806146,11.020416382926477
219,0,0.9528471844721362,0.30345056111914304,45.36074526626418,11.020404670695555
220,0,0.9528471844721362,0.30345056111914304,45.360778113878474,11.020394324254047
221,0,0.9528471844721362,0.30345056111914304,45.36081221237989,11.020383826474587
222,0,0.9528471844721362,0.30345056111914304,45.360846911401275,11.020372740001907
223,0,0.9528471844721362,0.30345056111914304,45.360879895485034,11.020361001214821
224,0,0.9528471844721362,0.30345056111914304,45.360914330167994,11.020351010855327
225,0,0.9528471844721362,0.30345056111914304,45.360948150372714,11.020340004184684
226,0,0.9528471844721362,0.30345056111914304,45.36098266084286,11.020329540854766
227,0,0.9528471844721362,0.30345056111914304,45.361016008037765,11.020318732358527
228,0,0.9528471844721362,0.30345056111914304,45.36105022109752,11.020307538603802
229,0,0.9528471844721362,0.30345056111914304,45.36108393670787,11.020297497168988
230,0,0.9528471844721362,0.30345056111914304,45.36111737529998,11.02028669360617
231,0,0.9528471844721362,0.30345056111914304,45.361152224141335,11.020276618962322
232,0,0.9528471844721362,0.30345056111914304,45.36118582662172,11.020263999976128
233,0,0.9528471844721362,0.30345056111914304,45.361219437375055,11.020254049076302
234,0,0.9528471844721362,0.30345056111914304,45.36125321110572,11.020242769028572
235,0,0.9528471844721362,0.30345056111914304,45.361288041403455,11.02023152617308
236,0,0.9528471844721362,0.30345056111914304,45.36132032068426,11.020221588891756
237,0,0.9528471844721362,0.30345056111914304,45.36135511356529,11.02021105899243
238,0,0.9528471844721362,0.30345056111914304,45.3613884445225,11.020199634965488
239,0,0.9528471844721362,0.30345056111914304,45.36142297415515,11.020188548595812
240,0,0.9528471844721362,0.30345056111914304,45.361456738999344,11.020177949465662
241,0,0.9528471844721362,0.30345056111914304,45.36149073202599,11.020168690221004
242,0,0.9528471844721362,0.30345056111914304,45.36152453907843,11.020157090504924
243,0,0.9528471844721362,0.30345056111914304,45.36155846623384,11.020145851579047
244,0,0.9528471844721362,0.30345056111914304,45.36159221905539,11.02013608320143
245,0,0.9528471844721362,0.30345056111914304,45.36162696598989,11.020125153087001
246,0,0.9528471844721362,0.30345056111914304,45.3616607864825,11.020113437387568
247,0,0.9528471844721362,0.30345056111914304,45.36169392658308,11.02010264993665
248,0,0.9528471844721362,0.30345056111914304,45.36172826955892,11.020091696406887
249,0,0.9528471844721362,0.30345056111914304,45.36176106089794,11.020080849420392
250,0,0.9528471844721362,0.30345056111914304,45.361797247738785,11.020070460936166
251,0,0.9528471844721362,0.30345056111914304,45.3618301537493,11.02006054528613
252,0,0.9528471844721362,0.30345056111914304,45.36186446482425,11.020049556783222
253,0,0.9528471844721362,0.30345056111914304,45.36189747114087,11.020038130867686
254,0,0.9528471844721362,0.30345056111914304,45.361931537362366,11.020027800177845
255,0,0.9528471844721362,0.30345056111914304,45.36196613510593,11.02001597380045
256,0,0.9528471844721362,0.30345056111914304,45.361999872882215,11.020005249598846
257,0,0.9528471844721362,0.30345056111914304,45.36203285094944,11.019995488298656
258,0,0.9528471844721362,0.30345056111914304,45.362066226614054,11.019983511008062
259,0,0.9528471844721362,0.30345056111914304,45.36210187170448,11.019973814534865
260,0,0.9528471844721362,0.30345056111914304,45.362134558237294,11.019962088068114
261,0,0.9528471844721362,0.30345056111914304,45.36216890676672,11.019951044037146
262,0,0.9528471844721362,0.30345056111914304,45.36220319160539,11.01994076422844
263,0,0.9528471844721362,0.30345056111914304,45.362237134689764,11.019929608198527
264,0,0.9528471844721362,0.30345056111914304,45.36227073,11.01991931
265,0,0.2108778085845649,0.9775124295100148,45.36227200361542,11.019925363375426
266,0,0.2108778085845649,0.9775124295100148,45.362273510574155,11.019929627209459
267,0,0.2108778085845649,0.9775124295100148,45.36227290093732,11.019935108961223
268,0,0.2108778085845649,0.9775124295100148,45.36227579045883,11.019940161342168
269,0,0.2108778085845649,0.9775124295100148,45.3622761375206,11.019946128438047
270,0,0.2108778085845649,0.9775124295100148,45.362276829055276,11.019951336815053
271,0,0.2108778085845649,0.9775124295100148,45.362278741346614,11.019956266063836
272,0,0.2108778085845649,0.9775124295100148,45.362280282685376,11.019961029170869
273,0,0.2108778085845649,0.9775124295100148,45.362280555121636,11.019967357760912
274,0,0.2108778085845649,0.9775124295100148,45.3622822144447,11.019972033446228
275,0,0.2108778085845649,0.9775124295100148,45.3622831102059,11.019977345835862
276,0,0.2108778085845649,0.9775124295100148,45.36228340281634,11.019982809333529
277,0,0.2108778085845649,0.9775124295100148,45.36228557,11.0199881
278,0,-0.9544055299292257,0.29851312272748404,45.36225069625064,11.019999023205392
279,0,-0.9544055299292257,0.29851312272748404,45.3622134426574,11.020011293225183
280,0,-0.9544055299292257,0.29851312272748404,45.362178175952366,11.020021893734457
281,0,-0.9544055299292257,0.29851312272748404,45.362142253941386,11.02003273383853
282,0,-0.9544055299292257,0.29851312272748404,45.3621058458254,11.020043932109603
283,0,-0.9544055299292257,0.29851312272748404,45.36207001709151,11.020055568644915
284,0,-0.9544055299292257,0.29851312272748404,45.3620340569117,11.02006701133684
285,0,-0.9544055299292257,0.29851312272748404,45.36199868122176,11.020078579186732
286,0,-0.9544055299292257,0.29851312272748404,45.361963105604254,11.02008954508781
287,0,-0.9544055299292257,0.29851312272748404,45.36192666773892,11.020100839145213
288,0,-0.9544055299292257,0.29851312272748404,45.361890046327694,11.020111807964351
289,0,-0.9544055299292257,0.29851312272748404,45.36185503949565,11.020123536261048
290,0,-0.9544055299292257,0.29851312272748404,45.36181898350976,11.020134622141128
291,0,-0.9544055299292257,0.29851312272748404,45.3617834013491,11.02014446621363
292,0,-0.9544055299292257,0.29851312272748404,45.361746592289656,11.020157037868044
293,0,-0.9544055299292257,0.29851312272748404,45.36171136742921,11.020167886138495
294,0,-0.9544055299292257,0.29851312272748404,45.361675749953974,11.020180032218715
295,0,-0.9544055299292257,0.29851312272748404,45.36163883485033,11.02019084678081
296,0,-0.9544055299292257,0.29851312272748404,45.361603352434074,11.02020171830816
297,0,-0.9544055299292257,0.29851312272748404,45.36156825811261,11.020212190398587
298,0,-0.9544055299292257,0.29851312272748404,45.361531406629254,11.020223472590251
299,0,-0.9544055299292257,0.29851312272748404,45.36149539387129,11.020236050723534
300,0,-0.9544055299292257,0.29851312272748404,45.36146005833448,11.0202456951724
301,0,-0.9544055299292257,0.29851312272748404,45.361423280053295,11.020257397701226
302,0,-0.9544055299292257,0.29851312272748404,45.361387578330685,11.020268630163857
303,0,-0.9544055299292257,0.29851312272748404,45.36135189430277,11.020280900658895
304,0,-0.9544055299292257,0.29851312272748404,45.36131676809534,11.020290909230878
305,0,-0.9544055299292257,0.29851312272748404,45.36128015117303,11.020302677543405
306,0,-0.9544055299292257,0.29851312272748404,45.36124371228448,11.020314882917114
307,0,-0.9544055299292257,0.29851312272748404,45.3612084086277,11.020324456935207
308,0,-0.9544055299292257,0.29851312272748404,45.36117171657771,11.020336250901028
309,0,-0.9544055299292257,0.29851312272748404,45.36113658332241,11.020346917114946
310,0,-0.9544055299292257,0.29851312272748404,45.3611009011349,11.0203588129622
311,0,-0.9544055299292257,0.29851312272748404,45.36106457062847,11.02036949143865
312,0,-0.9544055299292257,0.29851312272748404,45.361028574781194,11.020381285811151
313,0,-0.9544055299292257,0.29851312272748404,45.36099278231349,11.020392079832371
314,0,-0.9544055299292257,0.29851312272748404,45.36095635678092,11.020404139212053
315,0,-0.9544055299292257,0.29851312272748404,45.36092033054285,11.02041498421722
316,0,-0.9544055299292257,0.29851312272748404,45.3608846035573,11.020426376420398
317,0,-0.9544055299292257,0.29851312272748404,45.36084884912131,11.020437541456987
318,0,-0.9544055299292257,0.29851312272748404,45.360812620595006,11.02044842201915
319,0,-0.9544055299292257,0.29851312272748404,45.36077702870948,11.020459979486901
320,0,-0.9544055299292257,0.29851312272748404,45.360741598674906,11.020470990720892
321,0,-0.9544055299292257,0.29851312272748404,45.36070672934551,11.020482095078506
322,0,-0.9544055299292257,0.29851312272748404,45.36067022317497,11.020493801149742
323,0,-0.9544055299292257,0.29851312272748404,45.36063313503224,11.020504641175092
324,0,-0.9544055299292257,0.29851312272748404,45.36059727512787,11.020515914832913
325,0,-0.9544055299292257,0.29851312272748404,45.360562015516685,11.020527013247605
326,0,-0.9544055299292257,0.29851312272748404,45.360527011979634,11.020538758974887
327,0,-0.9544055299292257,0.29851312272748404,45.36049066864593,11.020550432233815
328,0,-0.9544055299292257,0.29851312272748404,45.360453294412466,11.020560116845692
329,0,-0.9544055299292257,0.29851312272748404,45.36041773653189,11.02057228481204
330,0,-0.9544055299292257,0.29851312272748404,45.36038281882749,11.020583528738774
331,0,-0.9544055299292257,0.29851312272748404,45.36034579116419,11.020594128183669
332,0,-0.9544055299292257,0.29851312272748404,45.360311293947724,11.020606563180959
333,0,-0.9544055299292257,0.29851312272748404,45.36027438585296,11.020617344698675
334,0,-0.9544055299292257,0.29851312272748404,45.360238495476075,11.020628138167092
335,0,-0.9544055299292257,0.29851312272748404,45.3602032498914,11.020639120917025
336,0,-0.9544055299292257,0.29851312272748404,45.360166916219335,11.020650165108885
337,0,-0.9544055299292257,0.29851312272748404,45.36013134263788,11.020662278754726
338,0,-0.9544055299292257,0.29851312272748404,45.36009559449044,11.020673770870376
339,0,-0.9544055299292257,0.29851312272748404,45.36005931768184,11.020684532205927
340,0,-0.9544055299292257,0.29851312272748404,45.36002325264725,11.020695917851771
341,0,-0.9544055299292257,0.29851312272748404,45.359987670596986,11.020707403792922
342,0,-0.9544055299292257,0.29851312272748404,45.359950800307885,11.020717690409725
343,0,-0.9544055299292257,0.29851312272748404,45.35991612410556,11.020728832222316
344,0,-0.9544055299292257,0.29851312272748404,45.359879351470205,11.020740903451847
345,0,-0.9544055299292257,0.29851312272748404,45.35984427023608,11.020751973256038
346,0,-0.9544055299292257,0.29851312272748404,45.35980720715762,11.020762754378547
347,0,-0.9544055299292257,0.29851312272748404,45.359771832201446,11.02077379653373
348,0,-0.9544055299292257,0.29851312272748404,45.35973572909229,11.020785805770306
349,0,-0.9544055299292257,0.29851312272748404,45.35970006,11.02079678
350,0,0.18563850809759755,0.9826181070544641,45.359701258266135,11.020805813454622
351,0,0.18563850809759755,0.9826181070544641,45.35970448200238,11.020816249668187
352,0,0.18563850809759755,0.9826181070544641,45.35970583164731,11.020823974577782
353,0,0.18563850809759755,0.9826181070544641,45.35970675216644,11.02083405978307
354,0,0.18563850809759755,0.9826181070544641,45.35970870879135,11.020842317272242
355,0,0.18563850809759755,0.9826181070544641,45.3597108357963,11.020851757358685
356,0,0.18563850809759755,0.9826181070544641,45.35971219204029,11.020861504547424
357,0,0.18563850809759755,0.9826181070544641,45.35971339569477,11.020871061888055
