,Sin,Cosin,Lat,Lon
0,0.9497827365196166,-0.31291013631601733,45.35966476857487,11.020603136597815
1,0.954197444495642,-0.2991776009630169,45.35969876444119,11.02059347227117
2,0.9478172490280826,-0.3188141503209004,45.35973069177654,11.020582757123314
3,0.9458031479667267,-0.3247405199482043,45.359768143505676,11.020572019370574
4,0.9625871838163998,-0.27097216379623285,45.35978609033876,11.02056607310954
5,0.9471836195013076,-0.3206917381979183,45.35982559215707,11.020553124373453
6,0.941099854264393,-0.33812876881971793,45.35985823473063,11.020547292567034
7,0.9427678157391071,-0.3334499146896174,45.35988487399796,11.02054107156439
8,0.954897636644307,-0.2969351840572566,45.35992463318297,11.02052338335028
9,0.9386290534862122,-0.34492825333912186,45.35995675984522,11.02051158879129
10,0.9421640620669808,-0.3351520254294256,45.359982620093376,11.020512643805457
11,0.9578759313360451,-0.28718234654502034,45.360021809689385,11.020496495272605
12,0.9515782340564282,-0.3074066760336371,45.360053570238605,11.020489017936512
13,0.9476885318405726,-0.31919656423254333,45.36009416278391,11.020485508553719
14,0.9417290238318916,-0.3363724805518914,45.360121524269665,11.020482072485857
15,0.9512506243482232,-0.30841895155310356,45.36015050633283,11.02046684672178
16,0.9351307711817302,-0.354302753008021,45.36018777235635,11.020454899447559
17,0.9450490585836259,-0.326928550099563,45.36021272309281,11.02045258752021
18,0.9312260583170615,-0.3644420781293904,45.36026796155853,11.020445200487643
19,0.9357154922865688,-0.3527556059014573,45.36028394604289,11.020436597269226
20,0.931061279480308,-0.3648628425209833,45.36032580858867,11.020432770975182
21,0.9345156207899292,-0.3559221185872174,45.36035813967173,11.02042766249021
22,0.9302725116397957,-0.3668692602104816,45.36038227264939,11.02042402991196
23,0.9275392236947397,-0.373725819963994,45.36042830352223,11.020423453014347
24,0.9156049233113255,-0.4020791270484727,45.36045255062393,11.020432136204198
25,0.9370229808731281,-0.34926771009590546,45.360490582949765,11.020417319404713
26,0.9057065924440448,-0.42390514080793695,45.360516025205094,11.020411699846486
27,0.921206931264992,-0.38907298774052185,45.36056116255755,11.020419664939103
28,0.9212080863158159,-0.38907025291886865,45.36059684764009,11.020419003393544
29,0.9111823929505075,-0.41200321209547264,45.360625751717016,11.020416900284307
30,0.9084369942122557,-0.41802180271679873,45.360659890780376,11.020418092791832
31,0.9173905075339532,-0.39798826199599857,45.36069807512524,11.020420227452119
32,0.8941571930135654,-0.4477531844466341,45.36072856362302,11.020418299683465
33,0.9026126628320751,-0.43045369192886557,45.3607627788614,11.020417894469785
34,0.9013444355141439,-0.4331029999523085,45.36081109277406,11.020417525107826
35,0.9037891074589635,-0.42797809434424344,45.36083686860941,11.020414646826193
36,0.8982268948362094,-0.4395320754995034,45.3608769285335,11.020415170240085
37,0.8921245149823192,-0.4517896078569778,45.36089725815051,11.020419851988997
38,0.9003695527129717,-0.43512603754250706,45.360946933020244,11.020417535741311
39,0.88921444217116,-0.4574906292310617,45.36096998735055,11.020408464484584
40,0.8891649624284091,-0.45758678913369627,45.361004579326796,11.02040432015618
41,0.9041932785069193,-0.4271235361144461,45.36103339716248,11.02041143011277
42,0.894099685903775,-0.4478680069694318,45.36106349062214,11.020389533522513
43,0.910382032068714,-0.41376872246031215,45.36110965071946,11.02038788899241
44,0.9032230160158976,-0.42917150807007864,45.361140026102575,11.020374227851672
45,0.9061350105475826,-0.4229885845503781,45.361177034065406,11.020365353236297
46,0.9062602763368488,-0.42272013381652224,45.36120575602969,11.020366180934753
47,0.9027672741692144,-0.43012933948881743,45.36123106591918,11.020331345067659
48,0.912344939731122,-0.40942241138830615,45.36126722436745,11.020327872079061
49,0.9116108298658875,-0.41105436972647297,45.361286093701295,11.020321257780134
50,0.9119403996045798,-0.410322687124462,45.361337612078344,11.02028239211345
51,0.9128753730298551,-0.4082383535578239,45.36135234598517,11.020270481636752
52,0.9157736378824233,-0.40169471512529553,45.361395695190076,11.02025479424182
53,0.9286639351906392,-0.37092222294739413,45.36141921337176,11.02022741077501
54,0.9240797104615891,-0.38219980208423154,45.36144934621797,11.020224391590187
55,0.9364917742901073,-0.3506895445931724,45.36148694165626,11.020190819987159
56,0.9342502547993472,-0.3566180890074911,45.361511528721074,11.020168960733184
57,0.9286232605339733,-0.3710240423412644,45.3615374838603,11.020155620636364
58,0.9343131686761832,-0.3564532267188363,45.36157253215364,11.020130820486793
59,0.9426118302840308,-0.33389060694872713,45.36159936633015,11.020115643886404
60,0.9338351016759822,-0.357703792093134,45.361624535161184,11.02009370032043
61,0.9444722663991711,-0.3285911410899768,45.36166175786566,11.020077350838916
62,0.9283893615261227,-0.37160892535718,45.361691918225254,11.020060038215384
63,0.9358585202853165,-0.3523759781957022,45.361723833879886,11.02003916950022
64,0.949325582265723,-0.31429435065849676,45.36175029592512,11.020019549836078
65,0.9512392310993758,-0.30845408931876445,45.36178718341744,11.020006072105042
66,0.9525650179531344,-0.30433515500504493,45.36180854243468,11.019982059768447
67,0.9485809241265376,-0.3165347222395103,45.361841232054026,11.01996984170243
68,0.9389209056616745,-0.34413301630541193,45.36187240691114,11.019959099856681
69,0.956008338537914,-0.29333949043041796,45.36190383715243,11.01993863596198
70,0.9514838487377998,-0.3076986928654455,45.36193679795197,11.019923562087051
71,0.9496824328346124,-0.31321442617691136,45.36197308500249,11.01991812874773
72,0.9506352696273584,-0.31031046411701846,45.36199203093214,11.019912017595749
73,0.953691617452658,-0.3007861346547295,45.36202862257211,11.019885959554747
74,0.9512020309025803,-0.3085687871558085,45.362052017664666,11.019873861450575
75,0.9538064624886545,-0.30042175705976887,45.362083281354685,11.019856911117849
76,0.9545117198137137,-0.2981734004539414,45.3621268716724,11.019853746215825
77,0.9452263437501653,-0.3264156232178451,45.36214410374376,11.019831118356716
78,0.9580446851969667,-0.28661887789509766,45.36218913166844,11.019835016855533
79,0.9536029355715944,-0.3010671706932484,45.36222101705443,11.019810713827006
80,0.13757530085282468,0.9904913107116361,45.36225078242968,11.019797460786007
81,0.15061313190902897,0.9885927799132226,45.36224834001851,11.019805875028638
82,0.12657174895597553,0.99195745491741,45.36224870692524,11.01981622384648
83,0.1286760453782653,0.9916866820451965,45.362256854900274,11.019819671697018
84,0.1029556052835938,0.9946859521178978,45.3622518844571,11.019825280934077
85,0.1289414542992586,0.9916522078648301,45.36226833695011,11.019829038703412
86,0.13695984473300396,0.9905766002337787,45.36225547969881,11.019823496963575
87,0.13233122074688858,0.9912055528575484,45.36226408097426,11.019842636826294
88,0.11492859849606654,0.9933737550628816,45.36227156495471,11.019840950502058
89,0.12492614680042276,0.9921660434854638,45.3622751376076,11.019847344998414
90,-0.9490520073712837,0.3151194809981395,45.362271284776995,11.019859999284574
91,-0.9605066945160855,0.2782568773449872,45.36224688716503,11.019860331475172
92,-0.9436014257849701,0.33108359859191394,45.36220803219799,11.019884606261472
93,-0.9476778418177397,0.31922830095038734,45.36217213606765,11.019886322921336
94,-0.9478306583468228,0.3187742823657963,45.36214749036625,11.019899098309047
95,-0.9584029376959468,0.2854186556898114,45.3621114462743,11.01990663803175
96,-0.9489593914857919,0.315398277279562,45.36207525925884,11.019921112054652
97,-0.957925385117572,0.2870173453771589,45.362035424378305,11.01992949083127
98,-0.956648739803223,0.2912442078958916,45.36200943759911,11.019939057113614
99,-0.9521131645884743,0.305745845135009,45.361977196245,11.019955541677657
100,-0.9530499063558326,0.30281326918604257,45.361951506484154,11.019957498175787
101,-0.9480693035727908,0.31806382319120063,45.361908817512024,11.019967221655083
102,-0.9621879573513361,0.27238637030524004,45.36188276068991,11.019981717221821
103,-0.953124835563825,0.30257734190026797,45.361848061271075,11.019999374884488
104,-0.9536911829935669,0.3007875121748422,45.36181374666707,11.020005640325461
105,-0.9608566372912083,0.27704606579670354,45.36178202788437,11.020011972829893
106,-0.9652533605293042,0.2613158050843559,45.36174710831254,11.02002579399638
107,-0.9525151179447857,0.30449129722642476,45.361716341064906,11.020023574033164
108,-0.9595295875058417,0.28160783139122625,45.36169184900749,11.020043862165766
109,-0.9581730690071798,0.28618939503301355,45.36165796438988,11.020047689019524
110,-0.9436066562163411,0.3310686912775292,45.36162798635701,11.020069531342159
111,-0.9521222093207115,0.3057176777980745,45.36159161114334,11.020073382223256
112,-0.9665400661148801,0.25651569268690605,45.36156391028125,11.020084739265844
113,-0.9596603149265736,0.28116201726945544,45.36152223903162,11.02009848229622
114,-0.9557964816365229,0.2940290558622465,45.36150131262718,11.020107966775589
115,-0.9589114809509064,0.2837054312143837,45.361467189868385,11.020117263846688
116,-0.9534760654661834,0.3014687257131764,45.36143773748957,11.020126375131731
117,-0.9590048043897234,0.283389811315489,45.36139675696196,11.02014213320138
118,-0.9532299278587336,0.3022460994528027,45.36137433417821,11.020150226790301
119,-0.9601714263051602,0.279411581912981,45.36134229298653,11.02016521006133
120,-0.958781133696865,0.28414562756965694,45.36130155922127,11.020176640076567
121,-0.9612446333687793,0.275696853119003,45.36127688590142,11.020179259778098
122,-0.9588471248407512,0.28392286132790506,45.36124255940633,11.020192052784253
123,-0.9596675265852745,0.28113740131419956,45.361209840459466,11.020214540321316
124,-0.960059317789732,0.27979654451961045,45.36117749940327,11.020224401908472
125,-0.971135120135455,0.23853003676580317,45.3611402019172,11.020235165921239
126,-0.9575839342735907,0.28815448776847385,45.36111492185956,11.020245682584845
127,-0.9575785082154975,0.2881725188212477,45.361076096886194,11.020256712401393
128,-0.9656730053653532,0.25976074897614276,45.36105118555366,11.020264496381575
129,-0.9551687881417954,0.29606179449522696,45.36102007984509,11.020285330997643
130,-0.9566876034997985,0.2911165218770866,45.36098947143298,11.02029573406251
131,-0.9588924330065188,0.2837698044592462,45.360951022978206,11.020307672579323
132,-0.9583699694698391,0.2855293358280017,45.360916103461534,11.020314459583906
133,-0.9581029465149803,0.2864240630242383,45.360892179486164,11.020319819244476
134,-0.9644539336999511,0.2642510355148875,45.360858988782184,11.020335903169798
135,-0.9551878569520598,0.29600026677577757,45.360817710020214,11.02034033952103
136,-0.9630761806920477,0.2692290292364815,45.36079559712659,11.020356589063192
137,-0.9579786806720589,0.286839410433471,45.360756180406874,11.020363078721704
138,-0.9608434411965132,0.27709182865909765,45.36071933286788,11.020366038261951
139,-0.9607235659461524,0.27750717078250253,45.36069749821283,11.020379559630072
140,-0.962548382566138,0.27110996149037353,45.36065272717008,11.020390751721832
141,-0.9625826327497564,0.27098833024421476,45.36063026756446,11.020400066322198
142,-0.961531487646177,0.2746947365075088,45.36058705509233,11.020400242334372
143,-0.9585072821990633,0.28506804445845046,45.36056503862458,11.020414553760213
144,-0.9579275851670713,0.2870100025713099,45.360524949098206,11.020425057907415
145,-0.9592240551382907,0.28264679733556775,45.360485570901524,11.02043288546055
146,-0.9544567897606876,0.29834918548526757,45.36046055273943,11.020429683094205
147,-0.9572630502757475,0.28921869333909167,45.36043154990387,11.020449821736703
148,-0.9569821029094396,0.290146953647676,45.36039364596013,11.020452057061393
149,-0.9599895305233401,0.280035892852286,45.360366399101395,11.020466111688565
150,-0.9617531027555873,0.27391781493725564,45.36032649479825,11.02047296096983
151,-0.9548556089769482,0.2970703048190133,45.36030794629541,11.020487002105055
152,-0.9525922994158627,0.3042497511808342,45.36027070340597,11.020495791052447
153,-0.9556728402199755,0.2944306751442269,45.36023835347918,11.020500017529473
154,-0.9577465975424443,0.28761337746334265,45.36020120952091,11.020515811736558
155,-0.9485727668751353,0.31655916657530286,45.360161249740365,11.020520872761569
156,-0.9574106742972818,0.28872963260050777,45.36013570084918,11.020530939442224
157,-0.959928951621277,0.28024347956603046,45.36011135882261,11.020530864133242
158,-0.9484333629181905,0.3169765860496512,45.3600647272161,11.020559813581633
159,-0.9504532284730356,0.31086759317301577,45.360036572196556,11.020558306260499
160,-0.9514918961906029,0.30767380695082086,45.36000596160809,11.020565288032103
161,-0.9599200857003005,0.2802738465664032,45.35996233870517,11.020571445804627
162,-0.9406138177346374,0.33947849105159883,45.35993279804151,11.020574752514197
163,-0.9551484010907343,0.29612756017266256,45.35989979891212,11.020597566315027
164,-0.9513800522755534,0.30801947362490756,45.35987828074288,11.020604217712474
165,-0.9588060960987171,0.2840613843589754,45.35984069099013,11.020614387970667
166,-0.9567518939460342,0.29090516226199303,45.35981218581454,11.020629397862482
167,-0.9626875419114674,0.27061540356834196,45.359769185295974,11.02063252296929
168,-0.9615333408443765,0.27468824955693355,45.359740138340044,11.020649526501966
169,-0.9526842942052807,0.3039615692395772,45.35970665549213,11.020649663428737
170,0.14115911889252286,0.9899869206981912,45.35967747278451,11.02066020841981
171,0.0996538488365979,0.9950221657893117,45.35967859470923,11.02066764281594
172,0.14780867225185532,0.989015973787655,45.35967601413446,11.020672363667419
173,0.11038876317531944,0.9938884851755871,45.35968854072631,11.020686022619769
174,0.11607202616515482,0.9932407989716873,45.359690026889844,11.020683355119209
175,0.13120027020050296,0.9913558841805071,45.35968933858354,11.020696859032675
176,0.10723161108907464,0.9942340678045797,45.35969407102106,11.020704654053054
177,0.11696863810744497,0.9931356089171758,45.359687844795005,11.02071977312994
178,0.10571515879344429,0.9943964527296328,45.359693520903456,11.020723669572385
179,0.13296318609437704,0.9911209770475207,45.35970016942546,11.020723508688876
