,Choice,Sin,Cosin,Lat,Lon
0,6,0.9537169507482269,0.30070579950427306,45.3596665575,11.020597651
1,6,0.9559288323100988,0.2935984801701992,45.35969899482671,11.020588709509996
2,6,0.956136748469729,0.29292066882644907,45.359729082356004,11.020578335314664
3,6,0.9563857992111767,0.29210649268237576,45.3597611419198,11.02056881453044
4,6,0.9566821787691038,0.29113434841255076,45.359792761585624,11.020559445948352
5,6,0.9570325413653187,0.28998054205039286,45.35982420764006,11.020550508689523
6,6,0.9574439176512196,0.28861937660643067,45.35985572720281,11.020539960617876
7,6,0.9579235960216402,0.2870233164482798,45.35988895491587,11.020531694725822
8,6,0.9584789653156321,0.2851632392989589,45.35992022833114,11.020521922149522
9,6,0.9591173167397827,0.28300878560546383,45.35995150547689,11.020513140751005
10,6,0.9598456047266398,0.28052881329188106,45.359984098293204,11.020503828830766
11,6,0.9606701688978986,0.2776919634949541,45.36001683354583,11.020496789355803
12,6,0.961596422313364,0.274467339758556,45.36004784431791,11.020488397374299
13,6,0.9626285146622865,0.27082529933350025,45.36008054881054,11.020481399595102
14,6,0.9637689828265357,0.2667383507137749,45.360112153785266,11.020474500231968
15,6,0.9650184050638912,0.2621821463943406,45.36014519221874,11.02046877337829
16,6,0.9663750785894366,0.25713655415218606,45.36017752874401,11.020462610086556
17,6,0.9678347431667031,0.2515867840715045,45.36021057537746,11.020456386968196
18,6,0.969390375004439,0.24552454225342324,45.36024355466049,11.020450668576132
19,6,0.9710320753297067,0.23894917593681475,45.3602757436147,11.02044698070709
20,6,0.97274707606067,0.23186876895221795,45.360309768857846,11.02044495694141
21,6,0.9745198807315211,0.22430114145724236,45.36034242728634,11.020441528376907
22,6,0.976332552105935,0.21627470424973824,45.360376010140286,11.02044020762834
23,6,0.9781651488763413,0.20782911615970712,45.36041076152575,11.020439427050547
24,6,0.9799963028978823,0.1990156936185742,45.36044450654922,11.0204404702889
25,6,0.9818039162735496,0.18989752497049786,45.36047740085436,11.02044065386817
26,6,0.9835659453085921,0.18054924876391937,45.3605120617572,11.020443129733371
27,6,0.9852612271326361,0.17105646526539722,45.360546375557696,11.020445080973225
28,6,0.9868702960047958,0.16151476360818132,45.360580755778514,11.020448091347843
29,6,0.9883761312856363,0.1520283628302255,45.36061423489239,11.020451791857257
30,6,0.9897647788719077,0.1427083827413219,45.36064844403688,11.020456318439065
31,6,0.9910257932310629,0.13367077897110716,45.360682868854646,11.020460344113271
32,6,0.9921524581673828,0.1250339943872047,45.36071672273332,11.020465275698841
33,6,0.9931417605670976,0.11691639499097535,45.360750451438925,11.020470256593022
34,6,0.9939941114011468,0.10943357117376977,45.360784823264424,11.020474657641747
35,6,0.9947128304152331,0.10269559390409953,45.360817837853986,11.020479301352804
36,6,0.995303432995395,0.09680431946757946,45.36085141416397,11.020482312568932
37,6,0.9957727772845925,0.09185083570076737,45.36088480319974,11.020484936226238
38,6,0.9961281444876772,0.08791313758214621,45.360917083315236,11.020486837299739
39,6,0.9963763336014417,0.08505411124071835,45.360950320974794,11.020488156030552
40,6,0.9965228523724359,0.08331989377996282,45.36098492225216,11.020487443179185
41,6,0.9965712787838352,0.08273866268650593,45.361017468494936,11.020486226981886
42,6,0.9965228523724359,0.08331989377996282,45.36105032925736,11.020481487987862
43,6,0.9963763336014417,0.08505411124071835,45.36108267027777,11.020477695642022
44,6,0.9961281444876772,0.08791313758214621,45.3611160616856,11.020468958268763
45,6,0.9957727772845925,0.09185083570076737,45.36114801387035,11.020460480162994
46,6,0.995303432995395,0.09680431946757946,45.36118015125426,11.020449505418526
47,6,0.9947128304152331,0.10269559390409953,45.3612119042728,11.020437300182929
48,6,0.9939941114011468,0.10943357117376977,45.3612447820673,11.020423985817908
49,6,0.9931417605670976,0.11691639499097535,45.36127522844479,11.0204081692546
50,6,0.9921524581673828,0.1250339943872047,45.3613071304845,11.020391429105159
51,6,0.9910257932310629,0.13367077897110716,45.36133775048953,11.020372392790158
52,6,0.9897647788719077,0.1427083827413219,45.361367607918226,11.020352578509309
53,6,0.9883761312856363,0.1520283628302255,45.36139913942114,11.020330740672172
54,6,0.9868702960047958,0.16151476360818132,45.36142814482559,11.020308742303643
55,6,0.9852612271326361,0.17105646526539722,45.36145789194734,11.020285906423839
56,6,0.9835659453085921,0.18054924876391937,45.361487938255955,11.020263979935024
57,6,0.9818039162735496,0.18989752497049786,45.36151673559121,11.020240021285469
58,6,0.9799963028978823,0.1990156936185742,45.36154538095034,11.020216123024486
59,6,0.9781651488763413,0.2078291161597069,45.361574687748835,11.020192828443866
60,6,0.976332552105935,0.21627470424973824,45.36160347852359,11.020169054150378
61,6,0.9745198807315211,0.22430114145724236,45.36163180248645,11.020144854048965
62,6,0.97274707606067,0.23186876895221795,45.361661462120544,11.020122926018354
63,6,0.9710320753297067,0.23894917593681475,45.36169086816319,11.020099719096972
64,6,0.969390375004439,0.24552454225342324,45.36171765645515,11.020078273251777
65,6,0.9678347431667031,0.2515867840715045,45.361746370552765,11.020056884213885
66,6,0.9663750785894366,0.25713655415218606,45.361775364899195,11.020036419921121
67,6,0.9650184050638912,0.2621821463943406,45.36180336317826,11.020017625608993
68,6,0.9637689828265357,0.2667383507137749,45.36183341521542,11.019998776982273
69,6,0.9626285146622865,0.27082529933350025,45.36186241179562,11.019979434125661
70,6,0.961596422313364,0.274467339758556,45.36189233034734,11.019963562249533
71,6,0.9606701688978986,0.2776919634949541,45.361922333149025,11.019946483452523
72,6,0.9598456047266399,0.28052881329188084,45.36195210734783,11.019929873131282
73,6,0.9591173167397827,0.28300878560546383,45.36198205741897,11.01991523979448
74,6,0.9584789653156321,0.2851632392989589,45.362011979285754,11.019900360751024
75,6,0.9579235960216402,0.2870233164482798,45.362042763454106,11.019886101439644
76,6,0.9574439176512196,0.28861937660643067,45.362072866182245,11.01987324134391
77,6,0.9570325413653187,0.28998054205039286,45.362103807548756,11.019859297278398
78,6,0.9566821787691038,0.29113434841255076,45.362133833294656,11.019846145341806
79,6,0.9563857992111767,0.29210649268237576,45.3621648758114,11.019833984134634
80,6,0.956136748469729,0.29292066882644907,45.36219592513812,11.019823076905066
81,6,0.9559288323100988,0.2935984801701992,45.3622264043475,11.019810854783092
82,6,0.9559288323100988,0.2935984801701992,45.36225589,11.01979384
83,6,0.1871863868101744,0.9823244151465196,45.36225682970575,11.019799150829543
84,6,0.1871863868101744,0.9823244151465196,45.362258061550115,11.019803204680507
85,6,0.1871863868101744,0.9823244151465196,45.362259133505695,11.019806232781095
86,6,0.1871863868101744,0.9823244151465196,45.36225853013652,11.019810826687428
87,6,0.1871863868101744,0.9823244151465196,45.36226088483335,11.019815144964383
88,6,0.1871863868101744,0.9823244151465196,45.36226018367933,11.019820708777901
89,6,0.1871863868101744,0.9823244151465196,45.36226067664488,11.019824435509534
90,6,0.1871863868101744,0.9823244151465196,45.36226272773027,11.019828100644242
91,6,0.1871863868101744,0.9823244151465196,45.36226323467678,11.019832940421416
92,6,0.1871863868101744,0.9823244151465196,45.36226407612894,11.019836555975983
93,6,0.1871863868101744,0.9823244151465196,45.36226455199483,11.019840960076651
94,6,0.1871863868101744,0.9823244151465196,45.36226604397071,11.019845823592926
95,6,0.1871863868101744,0.9823244151465196,45.36226679831947,11.019851162184255
96,6,0.1871863868101744,0.9823244151465196,45.36226747,11.01985461
97,6,-0.953365411991963,0.3018184739498141,45.36223259700178,11.019864154218169
98,6,-0.9531249381988377,0.30257701859768155,45.36219946265755,11.019876506264552
99,6,-0.9528307260258893,0.30350223646783375,45.362164111803494,11.019887907103502
100,6,-0.9524731437803886,0.3046225703671729,45.36213045420742,11.019898835847021
101,6,-0.9520413937540444,0.3059692543032007,45.36209535459071,11.019910225298688
102,6,-0.9515234897987803,0.3075760854831701,45.362062119683436,11.019921298465247
103,6,-0.9509062621157521,0.3094790472213723,45.36202646792268,11.019933421280207
104,6,-0.9501753957752473,0.31171576357853953,45.36199261608844,11.01994489584617
105,6,-0.9493155105140848,0.3143247707346376,45.36195896523627,11.019956560723648
106,6,-0.9483102906006788,0.317344596205538,45.36192467119386,11.019969249135448
107,6,-0.9471426749602364,0.32081264512043167,45.36189176453045,11.019983249211895
108,6,-0.9457951191624169,0.3247639028102563,45.361857597320196,11.019995399920568
109,6,-0.9442499420183126,0.32922947468052327,45.361823578177045,11.020010084254574
110,6,-0.9424897700045425,0.3342349973249129,45.36179022586142,11.020022375347699
111,6,-0.9404980919954599,0.3397989684400167,45.36175821200263,11.020038283647985
112,6,-0.9382599342212035,0.34593105647689815,45.361724387488145,11.02005474046102
113,6,-0.9357626603557802,0.35263046306845486,45.36169147753203,11.020071421385689
114,6,-0.932996893663302,0.35988442091125494,45.361660571705166,11.020089359336783
115,6,-0.9299575469375346,0.3676669156912586,45.36162872876975,11.020107374809125
116,6,-0.9266449317179084,0.3759377215996194,45.36159776577936,11.020127183322835
117,6,-0.9230659016596484,0.38464183494942444,45.361566712453424,11.020145509127902
118,6,-0.9192349673084008,0.39370937870150263,45.36153634124505,11.020167471408778
119,6,-0.9151753028253417,0.40305603220711667,45.36150691561763,11.02018982711409
120,6,-0.9109195518513619,0.4125840157530512,45.361477003322904,11.020212189521567
121,6,-0.9065103323291871,0.4221836299294736,45.36144827652187,11.020235934422747
122,6,-0.902000341203025,0.431735317607474,45.36141966523374,11.020260484195294
123,6,-0.8974519713715323,0.44111218423588155,45.361392039169544,11.020285830561775
124,6,-0.8929363759387239,0.4501828834211913,45.36136371527757,11.020309373412017
125,6,-0.888531948184348,0.45881475243907216,45.36133639880368,11.020336645362267
126,6,-0.8843222277401589,0.46687706896428577,45.36130860579691,11.02036172043299
127,6,-0.8803932907590103,0.4742442973684774,45.36128020766111,11.020386280723343
128,6,-0.8768307298462681,0.4807992004956548,45.36125263699392,11.020410213976339
129,6,-0.8737163730745046,0.4864357094432245,45.36122579725766,11.020434699907272
130,6,-0.8711249255131479,0.4910614667734708,45.36119713994557,11.020457992993213
131,6,-0.869120737141968,0.4945999840980609,45.361167271336065,11.02048025947966
132,6,-0.8677549048937196,0.49699237925031753,45.3611374569095,11.020502309981314
133,6,-0.8670629027226952,0.4981986779610058,45.36110855734103,11.020521409580189
134,6,-0.8670629027226952,0.4981986779610058,45.36107657086258,11.02053893441389
135,6,-0.8677549048937196,0.49699237925031753,45.36104301310054,11.02055549757966
136,6,-0.869120737141968,0.4945999840980609,45.36101121984514,11.020569646244475
137,6,-0.8711249255131479,0.4910614667734708,45.360977001499826,11.02058244912605
138,6,-0.8737163730745046,0.4864357094432245,45.36094120432922,11.02059334823336
139,6,-0.8768307298462681,0.4807992004956548,45.36090439664634,11.020602151277705
140,6,-0.8803932907590103,0.4742442973684774,45.36086670172672,11.02060939857858
141,6,-0.8843222277401589,0.46687706896428577,45.36082890736457,11.020614969182988
142,6,-0.888531948184348,0.45881475243907216,45.360789370228815,11.02061811894775
143,6,-0.8929363759387239,0.4501828834211913,45.36074963760926,11.020618503376364
144,6,-0.8974519713715323,0.44111218423588155,45.36070961774039,11.02062078090232
145,6,-0.902000341203025,0.431735317607474,45.360669712192,11.02062083406474
146,6,-0.9065103323291871,0.4221836299294736,45.36062837225739,11.020617842125663
147,6,-0.9109195518513619,0.4125840157530512,45.3605881360808,11.020615573026022
148,6,-0.9151753028253417,0.40305603220711667,45.36054703399545,11.020611871048274
149,6,-0.9192349673084008,0.39370937870150263,45.36050544966585,11.02060864432884
150,6,-0.9230659016596484,0.38464183494942444,45.360465811416155,11.020605037737495
151,6,-0.9266449317179084,0.3759377215996194,45.360424441951736,11.020601803490997
152,6,-0.9299575469375346,0.3676669156912586,45.36038489713428,11.020598033052003
153,6,-0.9329968936633022,0.3598844209112541,45.36034489604817,11.020595722289942
154,6,-0.9357626603557802,0.35263046306845486,45.36030535223928,11.020594488470058
155,6,-0.9382599342212035,0.34593105647689815,45.36026603299724,11.02059270754505
156,6,-0.9404980919954599,0.3397989684400167,45.360228031822494,11.020592411178916
157,6,-0.9424897700045425,0.3342349973249129,45.360189274648555,11.020592087459335
158,6,-0.9442499420183126,0.32922947468052327,45.36015025321536,11.020593834422794
159,6,-0.9457951191624169,0.3247639028102563,45.36011308781733,11.020594577137182
160,6,-0.9471426749602364,0.32081264512043167,45.36007552252505,11.020596717649381
161,6,-0.9483102906006788,0.317344596205538,45.36003851395105,11.020600860505587
162,6,-0.9493155105140848,0.3143247707346376,45.36000160724112,11.020604340807294
163,6,-0.9501753957752473,0.31171576357853953,45.359965373800485,11.020608862201023
164,6,-0.9509062621157521,0.3094790472213723,45.359929250789264,11.020616075716966
165,6,-0.9515234897987803,0.3075760854831701,45.35989393474554,11.020622068997962
166,6,-0.9520413937540444,0.3059692543032007,45.35985727832216,11.020629216588942
167,6,-0.9524731437803886,0.3046225703671729,45.359822348197135,11.020636533013999
168,6,-0.9528307260258893,0.30350223646783375,45.35978605410852,11.020644899297773
169,6,-0.9531249381988377,0.30257701859768155,45.35975110254253,11.020652927189762
170,6,-0.953365411991963,0.3018184739498141,45.35971666816305,11.020662482084056
171,6,-0.953365411991963,0.3018184739498141,45.35967972,11.02066511
172,6,0.18092866714612515,0.9834962213474573,45.35968141736748,11.020671943664333
173,6,0.18092866714612515,0.9834962213474573,45.359682700143246,11.020680394767274
174,6,0.18092866714612515,0.9834962213474573,45.35968375647013,11.020687489268246
175,6,0.18092866714612515,0.9834962213474573,45.35968551682518,11.020694169312858
176,6,0.18092866714612515,0.9834962213474573,45.3596865354506,11.020701908346966
177,6,0.18092866714612515,0.9834962213474573,45.35968771675652,11.020710605274314
178,6,0.18092866714612515,0.9834962213474573,45.3596892863292,11.020717376027306
179,6,0.18092866714612515,0.9834962213474573,45.35969111025641,11.020724588477542
180,6,0.18092866714612515,0.9834962213474573,45.359691609812465,11.020732938119469
181,6,0.18092866714612515,0.9834962213474573,45.35969351,11.02074007
182,6,0.9537663761449255,0.30054899722903156,45.35972638887482,11.02072902243438
183,6,0.953993368746152,0.29982770450438445,45.359759997172866,11.020718902927126
184,6,0.9542676228567053,0.2989536819766782,45.359792252392545,11.020709543099297
185,6,0.9545965928048681,0.29790156932338724,45.35982623087881,11.02069931740456
186,6,0.9549882995522547,0.29664346903023686,45.35985928485064,11.020688794116785
187,6,0.9554512146235317,0.29514907500179965,45.35989201074624,11.020679462284711
188,6,0.9559940947921362,0.2933859075050541,45.359925403778554,11.020668915636795
189,6,0.9566257628550222,0.2913196695076507,45.35995876086172,11.020658435627846
190,6,0.9573548320218971,0.28891473760319886,45.359991431138845,11.020649598274625
191,6,0.9581893745320118,0.2861347978382777,45.36002606627918,11.020640452734204
192,6,0.9591365391098421,0.2829436328041228,45.36005961080302,11.020632206110076
193,6,0.9602021267011998,0.2793060612992369,45.36009274661416,11.020624014217818
194,6,0.9613901393942456,0.2751890257178021,45.36012617455341,11.020617574665982
195,6,0.9627023231861208,0.2705628151318021,45.3601607823251,11.020608711300195
196,6,0.9641377308185933,0.26540240393028425,45.3601955388525,11.02060226521366
197,6,0.9656923356521103,0.2596888770486174,45.36022966459857,11.02059557216253
198,6,0.9673587307527564,0.2534109035468209,45.360263477252495,11.02059049259499
199,6,0.9691259482678719,0.24656621097364112,45.360298853892594,11.020586704264046
200,6,0.9709794320514935,0.23916300410590086,45.36033301972427,11.020582320267183
201,6,0.9729011908210984,0.23122126394189763,45.36036836658965,11.020578641932309
202,6,0.974870149619536,0.22277385704068495,45.36040376874146,11.020577939320521
203,6,0.976862704162505,0.21386738231043628,45.36043841380091,11.020577472422268
204,6,0.9788534664110269,0.20456268304633812,45.36047411925272,11.020577329022538
205,6,0.9808161715960254,0.1949349571926905,45.360509361824285,11.020578000567756
206,6,0.9827246986192223,0.18507340901317695,45.36054552674912,11.02057955665481
207,6,0.9845541393258073,0.17508040077752532,45.36058205751685,11.020582567765382
208,6,0.986281839825798,0.1650700833883567,45.36061758275866,11.020585897355518
209,6,0.9878883309511705,0.15516650917807825,45.360652446654946,11.020589490484744
210,6,0.9893580667438399,0.14550125693234323,45.360688185330844,11.020593627204391
211,6,0.9906799004713183,0.13621062661238598,45.36072303442739,11.020597198246497
212,6,0.9918472469289279,0.12743248706474505,45.360759353870876,11.020603327505663
213,6,0.9928579064165209,0.11930288205321299,45.360795871860525,11.02060758626652
214,6,0.9937135573586097,0.11195251637054494,45.360830565503235,11.020612724570789
215,6,0.9944189577541591,0.1055032533106531,45.360865245184414,11.020615484902748
216,6,0.9949809266674349,0.10006475687280036,45.3609010372962,11.020618889339918
217,6,0.995407201963067,0.09573140696792246,45.36093474342235,11.020619485943369
218,6,0.9957052861314375,0.09257960450289308,45.360970933133046,11.020621454223576
219,6,0.9958813960437538,0.09066556685944241,45.36100541165611,11.020620121384733
220,6,0.9959396238935452,0.09002369442976524,45.36104054322412,11.020618550130848
221,6,0.9958813960437538,0.09066556685944241,45.361075316919866,11.020613768505083
222,6,0.9957052861314375,0.09257960450289308,45.36110981321102,11.020608465901722
223,6,0.995407201963067,0.09573140696792246,45.361144188034565,11.020600599982616
224,6,0.9949809266674349,0.10006475687280036,45.361176796798816,11.02059044560098
225,6,0.9944189577541591,0.1055032533106531,45.361210595825945,11.020579495322396
226,6,0.9937135573586097,0.11195251637054494,45.36124368024026,11.020564870487673
227,6,0.9928579064165209,0.11930288205321299,45.361276525453455,11.020550931783214
228,6,0.9918472469289279,0.12743248706474505,45.3613092439194,11.020531827766447
229,6,0.9906799004713183,0.13621062661238598,45.3613419173115,11.020513981215242
230,6,0.9893580667438399,0.14550125693234345,45.36137367493806,11.020492965891025
231,6,0.9878883309511705,0.15516650917807825,45.3614061346707,11.020471315556092
232,6,0.986281839825798,0.1650700833883567,45.3614375680031,11.020448769621341
233,6,0.9845541393258073,0.17508040077752532,45.36146902731549,11.020423773900998
234,6,0.9827246986192223,0.18507340901317695,45.36150039608104,11.020400693397379
235,6,0.9808161715960254,0.1949349571926905,45.36152968078229,11.02037537746115
236,6,0.9788534664110269,0.20456268304633812,45.3615603882015,11.020349964335962
237,6,0.9768627041625049,0.2138673823104365,45.361590617300145,11.020324965976146
238,6,0.974870149619536,0.22277385704068495,45.3616198609949,11.020300005617978
239,6,0.9729011908210984,0.23122126394189763,45.36164941741337,11.020275678711577
240,6,0.9709794320514935,0.23916300410590086,45.36167890648704,11.020252064842788
241,6,0.9691259482678719,0.24656621097364112,45.361710741855134,11.020228045493171
242,6,0.9673587307527564,0.2534109035468209,45.36174007850079,11.020204409985592
243,6,0.9656923356521103,0.2596888770486174,45.361769102744425,11.020182329558248
244,6,0.9641377308185933,0.26540240393028425,45.361800596203196,11.02015969146696
245,6,0.9627023231861208,0.2705628151318021,45.3618300962685,11.020139312437177
246,6,0.9613901393942456,0.2751890257178021,45.361860148970635,11.0201194768379
247,6,0.9602021267011998,0.2793060612992369,45.361891457057645,11.02010154031559
248,6,0.9591365391098421,0.2829436328041228,45.361921534228024,11.020082048545254
249,6,0.9581893745320118,0.2861347978382777,45.36195435820312,11.02006519849804
250,6,0.9573548320218971,0.28891473760319886,45.36198465389103,11.020049220632123
251,6,0.9566257628550222,0.2913196695076507,45.362015346594994,11.020034064240116
252,6,0.9559940947921362,0.2933859075050541,45.36204686840768,11.020018400108
253,6,0.9554512146235317,0.29514907500179965,45.36207966811113,11.020003087867494
254,6,0.9549882995522547,0.29664346903023686,45.362111310146,11.019988271328634
255,6,0.9545965928048681,0.29790156932338724,45.362143233950924,11.019976229201804
256,6,0.9542676228567053,0.2989536819766782,45.36217577248767,11.019962875323532
257,6,0.953993368746152,0.29982770450438445,45.362207726141996,11.019949731475627
258,6,0.9537663761449255,0.30054899722903156,45.36224108769816,11.019937970322001
259,6,0.9537663761449255,0.30054899722903156,45.36227073,11.01991931
260,6,0.2108778085845649,0.9775124295100148,45.36227074233921,11.019924229847911
261,6,0.2108778085845649,0.9775124295100148,45.36227371490975,11.019928222056413
262,6,0.2108778085845649,0.9775124295100148,45.36227356532286,11.019934694896097
263,6,0.2108778085845649,0.9775124295100148,45.362275409126624,11.019939761234147
264,6,0.2108778085845649,0.9775124295100148,45.36227561189898,11.01994368763529
265,6,0.2108778085845649,0.9775124295100148,45.362277036015726,11.019949168780334
266,6,0.2108778085845649,0.9775124295100148,45.362278148550075,11.019953361611257
267,6,0.2108778085845649,0.9775124295100148,45.36227979839673,11.019958555438064
268,6,0.2108778085845649,0.9775124295100148,45.36228014094832,11.01996317207567
269,6,0.2108778085845649,0.9775124295100148,45.36228095940952,11.019968191330367
270,6,0.2108778085845649,0.9775124295100148,45.36228264262212,11.019972907684265
271,6,0.2108778085845649,0.9775124295100148,45.36228297951897,11.019977990181097
272,6,0.2108778085845649,0.9775124295100148,45.362284809067695,11.019982576865928
273,6,0.2108778085845649,0.9775124295100148,45.36228557,11.0199881
274,6,-0.9535048836534806,0.30137756527147547,45.362254847742314,11.019997876220705
275,6,-0.9532942689296438,0.3020431042515226,45.36222416692605,11.0200077738482
276,6,-0.953041250987383,0.302840509041317,45.362191289645466,11.020017871250221
277,6,-0.952738935255299,0.30379025864665127,45.36216135152281,11.020028248057741
278,6,-0.9523796572667854,0.3049147232004389,45.36212957751963,11.020037721294097
279,6,-0.9519549642471402,0.3062380545347459,45.36209927303538,11.020047663317493
280,6,-0.9514556102231841,0.30778599996560657,45.36206796300884,11.020059334859967
281,6,-0.9508715676654157,0.30958562919734317,45.36203757165851,11.020069114725205
282,6,-0.9501920590839089,0.31166496571459784,45.36200650843702,11.020079330742892
283,6,-0.949405612498804,0.3140525162385599,45.361974646260194,11.020090502994064
284,6,-0.9485001452897889,0.31677669482657544,45.36194449300248,11.020101071650936
285,6,-0.9474630815669978,0.31986514200138866,45.36191443224748,11.020113384902306
286,6,-0.946281508834708,0.3233439438701589,45.3618836754847,11.020125064335325
287,6,-0.9449423802339825,0.32723676143999436,45.361853180582095,11.020137020615964
288,6,-0.9434327689007247,0.33156388609785553,45.36182370102547,11.020150113844114
289,6,-0.9417401807689437,0.33634124327129017,45.36179397220083,11.020164030705413
290,6,-0.9398529312619142,0.3415793723256539,45.36176480478031,11.020178141818429
291,6,-0.9377605895137814,0.3472824164203611,45.36173482062369,11.02019189293719
292,6,-0.9354544908412868,0.35344716092348066,45.36170587350411,11.020208012470917
293,6,-0.9329283139941745,0.36006216261638346,45.36167623458572,11.020223122241083
294,6,-0.9301787142183077,0.36710701384633876,45.361647968881776,11.020240335513119
295,6,-0.9272059964882726,0.3745517855733563,45.361619854038565,11.020256979813606
296,6,-0.9240148057190318,0.382356690554801,45.36159122772256,11.020274861860758
297,6,-0.9206148028720121,0.390472002495603,45.36156415102256,11.020294204161624
298,6,-0.9170212883543448,0.39883825882798346,45.361536722693614,11.02031424145852
299,6,-0.9132557278547021,0.4073867640714144,45.3615111087105,11.02033440230083
300,6,-0.9093461317311686,0.41604039792496134,45.36148478803758,11.02035485703394
301,6,-0.9053272382049763,0.4247147180922156,45.36145765782413,11.020376111480237
302,6,-0.9012404537013882,0.43331933330064554,45.36143326403229,11.020398427437668
303,6,-0.8971335112082616,0.44175950817966114,45.36140663652337,11.020421205313646
304,6,-0.8930598195803218,0.4499379497788147,45.361382856429714,11.020443254908846
305,6,-0.8890774929057068,0.45775671661757505,45.36135704686126,11.020466001049408
306,6,-0.885248068469709,0.4651191860917471,45.361332309209395,11.02048862493279
307,6,-0.8816349431407671,0.4719320152661573,45.36130682079928,11.020512192686748
308,6,-0.8783015794645687,0.4781070335291501,45.36128222927413,11.020534077859157
309,6,-0.8753095525076713,0.4835630127385884,45.3612576471816,11.020556003380431
310,6,-0.8727165246916782,0.4882272703670695,45.36123205642792,11.020577150846167
311,6,-0.8705742468813001,0.4920370724519212,45.36120716250696,11.020598192873074
312,6,-0.8689266886213087,0.4949408144431082,45.36118000508276,11.020617597278727
313,6,-0.8678083979846009,0.4968989679878603,45.36115179342472,11.020637547175605
314,6,-0.8672431819309995,0.497884789277796,45.361125383142756,11.020653927959204
315,6,-0.8672431819309995,0.497884789277796,45.361096727199694,11.020670773198841
316,6,-0.8678083979846009,0.4968989679878603,45.36106734843805,11.02068543484127
317,6,-0.8689266886213087,0.4949408144431082,45.36103825725441,11.020699621318276
318,6,-0.8705742468813001,0.4920370724519212,45.361006122652924,11.020710392467874
319,6,-0.8727165246916782,0.4882272703670695,45.36097567173763,11.020720969513187
320,6,-0.8753095525076713,0.4835630127385884,45.360942208456,11.020730289410073
321,6,-0.8783015794645687,0.4781070335291501,45.36091033389514,11.020737324124006
322,6,-0.8816349431407671,0.4719320152661573,45.36087597395402,11.020742616026732
323,6,-0.885248068469709,0.4651191860917471,45.36084077449073,11.020747187853605
324,6,-0.8890774929057068,0.45775671661757505,45.360805262097806,11.0207508013073
325,6,-0.8930598195803218,0.4499379497788147,45.360770927462625,11.020752577283773
326,6,-0.8971335112082616,0.44175950817966114,45.36073378113475,11.020752647863148
327,6,-0.9012404537013882,0.43331933330064554,45.360697225063916,11.020751323771995
328,6,-0.9053272382049763,0.4247147180922156,45.36066134995003,11.020749261245578
329,6,-0.9093461317311686,0.41604039792496134,45.36062375614952,11.020747946783882
330,6,-0.9132557278547021,0.4073867640714144,45.36058623959085,11.02074638524202
331,6,-0.9170212883543448,0.39883825882798346,45.360549142345555,11.020742950548284
332,6,-0.9206148028720121,0.390472002495603,45.36051251303925,11.020740461937077
333,6,-0.9240148057190318,0.382356690554801,45.360476170197195,11.020737108022827
334,6,-0.9272059964882726,0.3745517855733563,45.360440039199204,11.020733071028442
335,6,-0.9301787142183077,0.36710701384633876,45.360402984411465,11.020731626138488
336,6,-0.9329283139941745,0.36006216261638346,45.360367470964185,11.020727902702495
337,6,-0.9354544908412868,0.35344716092348066,45.36033064689816,11.020726638030995
338,6,-0.9377605895137814,0.3472824164203611,45.360295883207954,11.020724744202312
339,6,-0.9398529312619142,0.3415793723256539,45.360260930599374,11.020723281790668
340,6,-0.9417401807689437,0.33634124327129017,45.36022624931025,11.02072317960446
341,6,-0.9434327689007247,0.33156388609785553,45.36019111283225,11.020724475396925
342,6,-0.9449423802339825,0.32723676143999436,45.360157765586756,11.02072540628179
343,6,-0.946281508834708,0.3233439438701589,45.360124042578704,11.020726463478253
344,6,-0.9474630815669978,0.31986514200138866,45.36009011492405,11.02072871416509
345,6,-0.9485001452897889,0.31677669482657544,45.3600570796134,11.020732430771718
346,6,-0.949405612498804,0.3140525162385599,45.36002303378019,11.020735474075556
347,6,-0.9501920590839089,0.31166496571459784,45.3599906784016,11.020741357571467
348,6,-0.9508715676654157,0.30958562919734317,45.35995771998289,11.0207456749832
349,6,-0.9514556102231841,0.30778599996560657,45.359925528122616,11.020751747026681
350,6,-0.9519549642471402,0.3062380545347459,45.35989335850371,11.020758017950516
351,6,-0.9523796572667854,0.3049147232004389,45.359861820733286,11.020763002083923
352,6,-0.952738935255299,0.30379025864665127,45.359828750385326,11.020771706947588
353,6,-0.953041250987383,0.302840509041317,45.35979650271805,11.020778638312393
354,6,-0.9532942689296438,0.3020431042515226,45.35976529872444,11.020786222690104
355,6,-0.9535048836534806,0.30137756527147547,45.35973371325311,11.020794067235304
356,6,-0.9535048836534806,0.30137756527147547,45.35970006,11.02079678
357,6,0.18563850809759755,0.9826181070544641,45.35970176979748,11.020804433710085
358,6,0.18563850809759755,0.9826181070544641,45.35970284848882,11.020814172038747
359,6,0.18563850809759755,0.9826181070544641,45.35970457338228,11.02082226153871
360,6,0.18563850809759755,0.9826181070544641,45.35970610572431,11.02082948311733
361,6,0.18563850809759755,0.9826181070544641,45.35970819411894,11.020837566075972
362,6,0.18563850809759755,0.9826181070544641,45.3597090136852,11.02084662598665
363,6,0.18563850809759755,0.9826181070544641,45.35971117134322,11.020855757065771
364,6,0.18563850809759755,0.9826181070544641,45.35971324887861,11.020863009555137
365,6,0.18563850809759755,0.9826181070544641,45.359714326863084,11.020871889635341
366,6,0.18563850809759755,0.9826181070544641,45.35971575,11.02087983
367,6,0.9548855612993111,0.2969740137151728,45.35974709340735,11.020869791857516
368,6,0.9550958709179721,0.29629694118475186,45.35977897149667,11.020860656832491
369,6,0.9553477966484594,0.29548365003656946,45.35981166125734,11.020851502619625
370,6,0.9556476090128923,0.2945125589647107,45.359842057594115,11.020840523746847
371,6,0.9560020459040525,0.29335999766032506,45.359874702235665,11.020830645506791
372,6,0.9564182287187879,0.2920002941341263,45.35990593179737,11.020822430217086
373,6,0.9569035430918319,0.29040593867601694,45.35993746045679,11.020812196219088
374,6,0.9574654807072394,0.28854783529608224,45.35996939365334,11.020803485837467
375,6,0.9581114399885967,0.28639565039116377,45.36000140853775,11.020795220216018
376,6,0.9588484853522625,0.2839182666502316,45.36003207933806,11.020785943786644
377,6,0.9596830671735057,0.2810843478040932,45.3600645710516,11.02077780155336
378,6,0.96062070763777,0.2778630167141896,45.36009689985106,11.02077054845258
379,6,0.9616656611383918,0.27422464547749853,45.36012993088978,11.020761973152208
380,6,0.9628205616708946,0.27014175172257815,45.36016128635997,11.020754608084584
381,6,0.9640860735109523,0.26558999013937745,45.36019411870644,11.020747745367018
382,6,0.9654605650128821,0.26054922261447333,45.360226364527186,11.02074183648909
383,6,0.9669398282206515,0.25500464427264263,45.36025917638437,11.020736880730684
384,6,0.9685168686897934,0.24894793645121385,45.36029210191798,11.020731300258593
385,6,0.9701817900154039,0.2423784114200491,45.36032537216963,11.020728346091305
386,6,0.9719217956345767,0.23530410784867337,45.36035913745823,11.02072420376462
387,6,0.973721326218311,0.2277427910333358,45.360392144207516,11.020721278425414
388,6,0.9755623442648217,0.2197228082210071,45.36042607773256,11.020720465818744
389,6,0.9774247684734723,0.2112837475400775,45.360458916651936,11.020719711412314
390,6,0.9792870495280911,0.20247684960648232,45.36049264040796,11.02071877819531
391,6,0.9811268667738885,0.19336512429715041,45.36052703717167,11.020720214181676
392,6,0.982921912950283,0.18402313181270522,45.36056019540496,11.020721710029111
393,6,0.9846507228870267,0.1745363971154893,45.360594325049746,11.020722883959944
394,6,0.986293493241376,0.16500043996827324,45.360630695848776,11.02072751301325
395,6,0.9878328352666975,0.15551941862339125,45.36066322784552,11.020730943876071
396,6,0.9892544023524755,0.14620440289624156,45.360696333078856,11.020735376060916
397,6,0.9905473393516961,0.1371713107879189,45.36073103929434,11.020740206545305
398,6,0.9917045116433053,0.12853856069799968,45.36076532176817,11.020743517951681
399,6,0.9927224879366598,0.12042450724353487,45.360799050676285,11.020747981720929
400,6,0.9936012708108874,0.11294474154642858,45.360833355594146,11.020752052676762
401,6,0.9943437911022455,0.10620934561710686,45.360866942130926,11.020757181303303
402,6,0.994955204296695,0.10032019459172622,45.360902155624885,11.020760611661554
403,6,0.9954420466744506,0.09536839996865325,45.360934102549436,11.02076279880582
404,6,0.9958113238329961,0.0914319819646045,45.360967436312336,11.020764796072545
405,6,0.9960696125454289,0.08857385033743997,45.361000778362914,11.02076585095128
406,6,0.9962222575181858,0.08684016136194991,45.36103394955819,11.020764294543364
407,6,0.9962727371590043,0.08625910499017116,45.36106660130055,11.020762420619498
408,6,0.9962222575181858,0.08684016136194991,45.361099769910446,11.020758992199887
409,6,0.9960696125454289,0.08857385033743997,45.36113204037439,11.020753895975748
410,6,0.9958113238329961,0.0914319819646045,45.36116349623828,11.020747127699918
411,6,0.9954420466744506,0.09536839996865325,45.36119799311653,11.02073834664766
412,6,0.994955204296695,0.10032019459172622,45.36122896269753,11.020726689122892
413,6,0.9943437911022455,0.10620934561710686,45.36126144786669,11.020715087058404
414,6,0.9936012708108874,0.11294474154642858,45.36129324144101,11.020700588388411
415,6,0.9927224879366598,0.12042450724353487,45.36132406735162,11.020684422089987
416,6,0.9917045116433053,0.12853856069799968,45.36135663068976,11.020667255847178
417,6,0.9905473393516961,0.1371713107879189,45.36138566520438,11.020648319957179
418,6,0.9892544023524755,0.14620440289624156,45.361417160518705,11.020628056270528
419,6,0.9878328352666975,0.15551941862339125,45.36144766217346,11.02060681409066
420,6,0.986293493241376,0.16500043996827324,45.36147736813776,11.020585479806318
421,6,0.9846507228870267,0.1745363971154893,45.36150721631151,11.020562245948549
422,6,0.982921912950283,0.18402313181270522,45.361536438832744,11.020539175668944
423,6,0.9811268667738885,0.19336512429715041,45.36156609827026,11.020515124499195
424,6,0.9792870495280911,0.20247684960648232,45.361594230880584,11.020490738479479
425,6,0.9774247684734723,0.21128374754007728,45.36162275034412,11.020467640327173
426,6,0.9755623442648217,0.2197228082210071,45.36165159946278,11.020443562686818
427,6,0.973721326218311,0.2277427910333358,45.36167985069936,11.020420693499613
428,6,0.9719217956345767,0.23530410784867337,45.361709062387945,11.02039739514289
429,6,0.9701817900154039,0.2423784114200491,45.361737351651364,11.020374707584187
430,6,0.9685168686897934,0.24894793645121385,45.361765654254675,11.020352563927279
431,6,0.9669398282206515,0.25500464427264263,45.361795081075925,11.02033078466614
432,6,0.9654605650128821,0.26054922261447333,45.361823729919436,11.020311675443432
433,6,0.9640860735109523,0.26558999013937745,45.361852603831835,11.02029034496389
434,6,0.9628205616708946,0.27014175172257815,45.361880996368235,11.020272564417683
435,6,0.9616656611383918,0.27422464547749853,45.361910755522516,11.020254174519945
436,6,0.96062070763777,0.2778630167141896,45.36193967072195,11.020237614928245
437,6,0.9596830671735057,0.2810843478040932,45.3619691199193,11.020218529922772
438,6,0.9588484853522625,0.2839182666502314,45.36199956526076,11.020203963350095
439,6,0.9581114399885967,0.28639565039116377,45.362028828650644,11.020187816095145
440,6,0.9574654807072394,0.28854783529608224,45.36205899884698,11.020173509566547
441,6,0.9569035430918319,0.29040593867601694,45.362089879632244,11.020159003417916
442,6,0.9564182287187879,0.2920002941341263,45.362119880799554,11.020145617233156
443,6,0.9560020459040525,0.29335999766032506,45.36215012988392,11.02013291953602
444,6,0.9556476090128923,0.2945125589647107,45.362181649018375,11.020119275160294
445,6,0.9553477966484594,0.29548365003656946,45.36221127728251,11.02010810776164
446,6,0.9550958709179721,0.29629694118475186,45.362243549198055,11.020096329110492
447,6,0.9548855612993111,0.2969740137151728,45.36227450888345,11.020083462601903
448,6,0.9548855612993111,0.2969740137151728,45.36230304,11.02006662
449,6,0.05017981546841942,0.9987401995111418,45.36230429561629,11.020070221371773
450,6,0.05017981546841942,0.9987401995111418,45.36230297554296,11.020073791955229
451,6,0.05017981546841942,0.9987401995111418,45.362303391626604,11.020077680683164
452,6,0.05017981546841942,0.9987401995111418,45.36230397128626,11.02008130243578
453,6,0.05017981546841942,0.9987401995111418,45.36230403307487,11.020085885272003
454,6,0.05017981546841942,0.9987401995111418,45.362304077136784,11.020088406482762
455,6,0.05017981546841942,0.9987401995111418,45.36230499485577,11.020092637088936
456,6,0.05017981546841942,0.9987401995111418,45.36230529957751,11.020096391444358
457,6,0.05017981546841942,0.9987401995111418,45.3623043227885,11.020101218006623
458,6,0.05017981546841942,0.9987401995111418,45.36230545490506,11.020103666507238
459,6,0.05017981546841942,0.9987401995111418,45.362305516350816,11.020107139250733
460,6,0.05017981546841942,0.9987401995111418,45.36230521932786,11.020111340445647
461,6,0.05017981546841942,0.9987401995111418,45.36230607552881,11.020115201148085
462,6,0.05017981546841942,0.9987401995111418,45.36230639050831,11.02011857943529
463,6,0.05017981546841942,0.9987401995111418,45.36230583,11.02012215
464,6,-0.9538386418922847,0.30031957184486285,45.362276326446,11.020131699572584
465,6,-0.9536380546013193,0.3009559117482345,45.36224526170523,11.020142067391003
466,6,-0.9533985289066379,0.30171384634891835,45.36221513027045,11.020150261202547
467,6,-0.9531139462098634,0.3026116414486752,45.36218493888689,11.020160770639762
468,6,-0.9527775238939742,0.30366921141674463,45.36215540435071,11.020169271838508
469,6,-0.9523817985585492,0.30490803494559293,45.36212433461891,11.020180044022428
470,6,-0.9519186197955175,0.3063510099323927,45.362095729442345,11.020190118559423
471,6,-0.9513791567986112,0.30802223947170365,45.36206541466899,11.020199989432925
472,6,-0.9507539203990927,0.30994674195054184,45.36203504393143,11.020210409354526
473,6,-0.950032803483938,0.3121500797764581,45.36200581447653,11.02022071728541
474,6,-0.9492051431803724,0.3146579033806855,45.361975758095014,11.020232180239569
475,6,-0.9482598086668658,0.31749540983623536,45.3619466128144,11.020241997725945
476,6,-0.9471853189583789,0.3206867186986608,45.36191679926326,11.020254231436724
477,6,-0.9459699954486126,0.32425417146268415,45.36188688337488,11.020265662778849
478,6,-0.9446021542799797,0.3282175652362644,45.361858383536685,11.020278457336568
479,6,-0.9430703436284399,0.33259333572478017,45.361828598173226,11.020290144458862
480,6,-0.9413636305856214,0.3373937092043326,45.3618008413871,11.0203023248557
481,6,-0.9394719413315259,0.34262584761044224,45.36177129417791,11.02031674087758
482,6,-0.9373864565583416,0.34829101490132697,45.361743396241884,11.020330937315384
483,6,-0.9351000614988233,0.35438379616581916,45.361713893488776,11.020345507060977
484,6,-0.9326078463580575,0.360891403210697,45.361686542371444,11.020361116142505
485,6,-0.929907648460245,0.36779310126093634,45.36165943636061,11.020377881252067
486,6,-0.9270006221336898,0.37505979065177336,45.36163152980481,11.020394637517445
487,6,-0.9238918165354646,0.3826537747609443,45.36160529329419,11.020411426737327
488,6,-0.9205907356734743,0.3905287408017129,45.36157948908715,11.02043105816018
489,6,-0.9171118493606616,0.3986299734870262,45.361552551868336,11.020449993565752
490,6,-0.9134750193746141,0.40689481316250337,45.36152689607652,11.020470162691456
491,6,-0.9097058023787292,0.4152533601531388,45.3615011942943,11.020489712184125
492,6,-0.9058355908385817,0.42362941631822215,45.361475300410795,11.02051085930545
493,6,-0.9019015557706248,0.43194164385773987,45.361451727936696,11.020531455945944
494,6,-0.8979463610151008,0.4401049110606904,45.361425632157065,11.020553287020459
495,6,-0.8940176278754878,0.44803178575619584,45.361401958991614,11.020573797240372
496,6,-0.8901671411275495,0.45563413047839757,45.36137847317603,11.020597596372522
497,6,-0.8864498019438515,0.46282474937464874,45.361353998503766,11.020618725950483
498,6,-0.8829223492639433,0.46951903600412126,45.36132937364274,11.020640841071883
499,6,-0.8796418873858182,0.47563657340065385,45.361305476885015,11.02066257920768
500,6,-0.8766642727484084,0.4811026427764704,45.36128140084718,11.020684838457042
501,6,-0.8740424257033167,0.4858496043742982,45.36125685775238,11.020704769941496
502,6,-0.8718246423549718,0.48981812235014893,45.361231526521124,11.020725474079702
503,6,-0.8700529863547495,0.49295821418775654,45.36120684716009,11.020745180715924
504,6,-0.8687618402879096,0.4952301130379337,45.36118005873043,11.020764653525438
505,6,-0.8679766908190235,0.4966049377471565,45.36115437783822,11.020780847465847
506,6,-0.8677132113082365,0.4970651696922122,45.3611271154587,11.020797973643836
507,6,-0.8679766908190235,0.4966049377471565,45.36110008130684,11.020812061984852
508,6,-0.8687618402879096,0.4952301130379337,45.361071863310244,11.020826161031671
509,6,-0.8700529863547495,0.49295821418775654,45.36104153572826,11.020838797076543
510,6,-0.8718246423549718,0.48981812235014893,45.36101157970534,11.020849807153922
511,6,-0.8740424257033167,0.4858496043742982,45.36098041982467,11.020859339241866
512,6,-0.8766642727484084,0.4811026427764704,45.36094866755222,11.020866466778049
513,6,-0.8796418873858182,0.47563657340065385,45.36091608243779,11.0208737734632
514,6,-0.8829223492639433,0.46951903600412126,45.360883179688535,11.020878828466998
515,6,-0.8864498019438515,0.46282474937464874,45.3608492058017,11.020883125585092
516,6,-0.8901671411275495,0.45563413047839757,45.360815833273946,11.020884876531149
517,6,-0.8940176278754878,0.44803178575619584,45.360780177447,11.020886247040407
518,6,-0.8979463610151008,0.4401049110606904,45.360745479824395,11.020886298142836
519,6,-0.9019015557706248,0.43194164385773987,45.36071026317295,11.020886892034254
520,6,-0.9058355908385817,0.42362941631822215,45.360674503339915,11.02088542846158
521,6,-0.9097058023787292,0.4152533601531388,45.36063937891673,11.020882795692746
522,6,-0.9134750193746141,0.40689481316250337,45.36060341448742,11.020880670914265
523,6,-0.9171118493606616,0.3986299734870262,45.360566971160765,11.02087820312155
524,6,-0.9205907356734743,0.3905287408017129,45.36053251553532,11.020874586110034
525,6,-0.9238918165354646,0.3826537747609443,45.36049545231408,11.020871405743456
526,6,-0.9270006221336898,0.37505979065177336,45.36046086877857,11.020869070149836
527,6,-0.929907648460245,0.36779310126093634,45.36042641524918,11.020866456777968
528,6,-0.9326078463580575,0.360891403210697,45.360390764702146,11.020861946833596
529,6,-0.9351000614988233,0.35438379616581916,45.36035558456393,11.020861085667347
530,6,-0.937386456558342,0.34829101490132613,45.36032172607142,11.020860322224465
531,6,-0.9394719413315259,0.34262584761044224,45.36028702404861,11.020858223278548
532,6,-0.9413636305856214,0.3373937092043326,45.360253711959736,11.020857735899401
533,6,-0.9430703436284399,0.33259333572478017,45.36022058934349,11.020857473015973
534,6,-0.9446021542799797,0.3282175652362644,45.36018674977744,11.020858607738418
535,6,-0.9459699954486126,0.32425417146268415,45.36015405250214,11.02086011725939
536,6,-0.9471853189583789,0.3206867186986608,45.360121291593074,11.020860985026346
537,6,-0.9482598086668658,0.31749540983623536,45.36008815492069,11.020864124119061
538,6,-0.9492051431803724,0.3146579033806855,45.360056123299486,11.020867131989343
539,6,-0.950032803483938,0.3121500797764581,45.360024262627746,11.020872285697928
540,6,-0.9507539203990927,0.30994674195054184,45.35999219789919,11.020875611165653
541,6,-0.9513791567986112,0.30802223947170365,45.35996139789487,11.020881584331752
542,6,-0.9519186197955175,0.3063510099323927,45.359930052752574,11.020886504526041
543,6,-0.9523817985585492,0.30490803494559293,45.35989846842133,11.020893473680465
544,6,-0.9527775238939742,0.30366921141674463,45.35986715684006,11.020898923300054
545,6,-0.9531139462098634,0.3026116414486752,45.35983674847736,11.020905628615813
546,6,-0.9533985289066379,0.30171384634891835,45.35980551331541,11.020913181095677
547,6,-0.9536380546013193,0.3009559117482345,45.35977429349276,11.020920422878985
548,6,-0.9538386418922847,0.30031957184486285,45.3597439747585,11.020927552867459
549,6,-0.9538386418922847,0.30031957184486285,45.35971167,11.02093044
550,6,0.158371280329442,0.9873796319384015,45.35971277474293,11.02093699320389
551,6,0.158371280329442,0.9873796319384015,45.35971433968914,11.020942960899271
552,6,0.158371280329442,0.9873796319384015,45.35971476997974,11.02095026933257
553,6,0.158371280329442,0.9873796319384015,45.35971572369872,11.020956128374689
554,6,0.158371280329442,0.9873796319384015,45.35971668114953,11.020962344680065
555,6,0.158371280329442,0.9873796319384015,45.359718296428724,11.020969542330699
556,6,0.158371280329442,0.9873796319384015,45.359719351592574,11.020975142518855
557,6,0.158371280329442,0.9873796319384015,45.359719465838616,11.020982064089967
558,6,0.158371280329442,0.9873796319384015,45.35972127111755,11.02098845281325
559,6,0.158371280329442,0.9873796319384015,45.35972217838546,11.020995878069767
560,6,0.158371280329442,0.9873796319384015,45.35972368879546,11.02100280594981
