,Choice,Sin,Cosin,Lat,Lon
0,4,0.9537169507482269,0.30070579950427306,45.3596665575,11.020597651
1,4,0.955040636077442,0.2964749288570535,45.35970266006745,11.020586988211948
2,4,0.955040636077442,0.2964749288570535,45.35973790494869,11.020575711588336
3,4,0.955040636077442,0.2964749288570535,45.35977431482249,11.020564210069494
4,4,0.955040636077442,0.2964749288570535,45.359810716847214,11.020552854074664
5,4,0.955040636077442,0.2964749288570535,45.35984649539387,11.020542020279185
6,4,0.955040636077442,0.2964749288570535,45.359882793220486,11.020531152135154
7,4,0.955040636077442,0.2964749288570535,45.35991859163943,11.020520355829655
8,4,0.955040636077442,0.2964749288570535,45.35995422586428,11.02050822494342
9,4,0.955040636077442,0.2964749288570535,45.35999098622132,11.0204970852398
10,4,0.955040636077442,0.2964749288570535,45.360026105394596,11.02048617826703
11,4,0.955040636077442,0.2964749288570535,45.360062151394224,11.020474007952027
12,4,0.955040636077442,0.2964749288570535,45.360098759258285,11.020463630531829
13,4,0.955040636077442,0.2964749288570535,45.36013434574459,11.020452031452784
14,4,0.955040636077442,0.2964749288570535,45.3601700086208,11.020442064889204
15,4,0.955040636077442,0.2964749288570535,45.360206692814565,11.020429986596524
16,4,0.955040636077442,0.2964749288570535,45.360241701167176,11.02041917353469
17,4,0.955040636077442,0.2964749288570535,45.36027835159946,11.020407772623086
18,4,0.955040636077442,0.2964749288570535,45.360314270991836,11.02039722575372
19,4,0.955040636077442,0.2964749288570535,45.36034993720159,11.020385830759974
20,4,0.955040636077442,0.2964749288570535,45.360386030005,11.0203746031441
21,4,0.955040636077442,0.2964749288570535,45.360422311866344,11.020362854936328
22,4,0.955040636077442,0.2964749288570535,45.36045748169465,11.020352282729036
23,4,0.955040636077442,0.2964749288570535,45.360493731945986,11.020341400378754
24,4,0.955040636077442,0.2964749288570535,45.36052889404589,11.020329722875521
25,4,0.955040636077442,0.2964749288570535,45.36056618661583,11.020318129964375
26,4,0.955040636077442,0.2964749288570535,45.36060183494569,11.020307203938877
27,4,0.955040636077442,0.2964749288570535,45.3606362306755,11.02029665426009
28,4,0.955040636077442,0.2964749288570535,45.36067344161382,11.020284656222548
29,4,0.955040636077442,0.2964749288570535,45.360709602565414,11.020274811479162
30,4,0.955040636077442,0.2964749288570535,45.360745552084325,11.020262552284487
31,4,0.955040636077442,0.2964749288570535,45.36078252974097,11.02025146333434
32,4,0.955040636077442,0.2964749288570535,45.36081797862158,11.020240778216836
33,4,0.955040636077442,0.2964749288570535,45.360853281109726,11.020228752798692
34,4,0.955040636077442,0.2964749288570535,45.360888974486826,11.020218120976729
35,4,0.955040636077442,0.2964749288570535,45.36092605021955,11.020206716719386
36,4,0.955040636077442,0.2964749288570535,45.36096162491464,11.0201959635443
37,4,0.955040636077442,0.2964749288570535,45.36099701453062,11.020184420777971
38,4,0.955040636077442,0.2964749288570535,45.361032478564276,11.020173671057062
39,4,0.955040636077442,0.2964749288570535,45.36106903178224,11.020163190019217
40,4,0.955040636077442,0.2964749288570535,45.36110418161151,11.020150539799767
41,4,0.955040636077442,0.2964749288570535,45.361141136200175,11.02013885762524
42,4,0.955040636077442,0.2964749288570535,45.36117719731658,11.020128854152517
43,4,0.955040636077442,0.2964749288570535,45.36121278238498,11.020117042920997
44,4,0.955040636077442,0.2964749288570535,45.36124750188351,11.020106295677802
45,4,0.955040636077442,0.2964749288570535,45.36128563455073,11.020096069844895
46,4,0.955040636077442,0.2964749288570535,45.36132140797676,11.020084391394098
47,4,0.955040636077442,0.2964749288570535,45.36135680976111,11.020072362293341
48,4,0.955040636077442,0.2964749288570535,45.361393575026675,11.020061729204658
49,4,0.955040636077442,0.2964749288570535,45.361428929149895,11.020050172499104
50,4,0.955040636077442,0.2964749288570535,45.361465433186716,11.020039499992098
51,4,0.955040636077442,0.2964749288570535,45.361501217667744,11.020027587969357
52,4,0.955040636077442,0.2964749288570535,45.36153755174811,11.020016959628563
53,4,0.955040636077442,0.2964749288570535,45.361573080019184,11.020006743583977
54,4,0.955040636077442,0.2964749288570535,45.3616089530179,11.019994724941004
55,4,0.955040636077442,0.2964749288570535,45.361644277140705,11.019984010927573
56,4,0.955040636077442,0.2964749288570535,45.36168026657648,11.019973063020803
57,4,0.955040636077442,0.2964749288570535,45.361716536853514,11.0199609060619
58,4,0.955040636077442,0.2964749288570535,45.36175258889272,11.019950237966007
59,4,0.955040636077442,0.2964749288570535,45.36178922292705,11.019939646681845
60,4,0.955040636077442,0.2964749288570535,45.36182400001987,11.019928722885409
61,4,0.955040636077442,0.2964749288570535,45.36185992507397,11.019916684783501
62,4,0.955040636077442,0.2964749288570535,45.361895703237806,11.019906251539009
63,4,0.955040636077442,0.2964749288570535,45.36193173199383,11.019894066711785
64,4,0.955040636077442,0.2964749288570535,45.36196872354877,11.019882864414242
65,4,0.955040636077442,0.2964749288570535,45.362004148183686,11.019871951797317
66,4,0.955040636077442,0.2964749288570535,45.3620397982195,11.01986126051917
67,4,0.955040636077442,0.2964749288570535,45.36207617702615,11.01984976577321
68,4,0.955040636077442,0.2964749288570535,45.362111956965244,11.019838795759949
69,4,0.955040636077442,0.2964749288570535,45.362148421987904,11.019826475524024
70,4,0.955040636077442,0.2964749288570535,45.362183856774216,11.019816373406686
71,4,0.955040636077442,0.2964749288570535,45.36221936241414,11.019805309588742
72,4,0.955040636077442,0.2964749288570535,45.36225589,11.01979384
73,4,0.1871863868101744,0.9823244151465196,45.36225681944697,11.019799091246737
74,4,0.1871863868101744,0.9823244151465196,45.36225764536001,11.019802982081332
75,4,0.1871863868101744,0.9823244151465196,45.362258396269766,11.019807557538936
76,4,0.1871863868101744,0.9823244151465196,45.36225838345761,11.019812387872323
77,4,0.1871863868101744,0.9823244151465196,45.362261037006704,11.019817516422792
78,4,0.1871863868101744,0.9823244151465196,45.362261575180376,11.019822155221945
79,4,0.1871863868101744,0.9823244151465196,45.36226223209646,11.019826240174206
80,4,0.1871863868101744,0.9823244151465196,45.36226315475991,11.019831595693585
81,4,0.1871863868101744,0.9823244151465196,45.362264197024125,11.01983589801989
82,4,0.1871863868101744,0.9823244151465196,45.36226437421527,11.019840172646287
83,4,0.1871863868101744,0.9823244151465196,45.36226581580205,11.019846070070406
84,4,0.1871863868101744,0.9823244151465196,45.36226646343712,11.019850033728451
85,4,0.1871863868101744,0.9823244151465196,45.36226747,11.01985461
86,4,-0.9540474832050916,0.2996554684801037,45.36223345422989,11.019865091519438
87,4,-0.9539868392622609,0.29984847925977726,45.362200414847344,11.019874926748097
88,4,-0.9539131509747122,0.30008282256319824,45.36216632608788,11.019886217934355
89,4,-0.9538242097313794,0.3003654056816623,45.36213229805215,11.019896609342112
90,4,-0.9537175765186346,0.3007038148068999,45.36210000799075,11.019908498055969
91,4,-0.9535905903693849,0.3011062702086557,45.36206571939565,11.019918585098726
92,4,-0.9534403856524271,0.3015815495134794,45.36203193384307,11.019928847122305
93,4,-0.9532639195358991,0.30213887487553637,45.36199854893092,11.019939790415846
94,4,-0.9530580108451818,0.302787760591186,45.3619654181798,11.019950913532606
95,4,-0.952819391354175,0.30353781882898784,45.361931969404885,11.019961660361407
96,4,-0.9525447702950667,0.30439852263688566,45.36189892680745,11.019972749466016
97,4,-0.9522309125416061,0.30537892723660587,45.361865305990335,11.019983883943956
98,4,-0.9518747305103898,0.30648735278274153,45.3618307770475,11.019995329506415
99,4,-0.9514733893293736,0.30773103418094533,45.36179867608415,11.020005770034253
100,4,-0.9510244242380208,0.3091157461255265,45.361766198672,11.02001814312629
101,4,-0.9505258685055049,0.31064541410079677,45.36173171064105,11.020029893193112
102,4,-0.9499763893816243,0.3123217245364985,45.36169805979947,11.020041725117409
103,4,-0.9493754287356806,0.31414374944114787,45.36166563700802,11.020053880820655
104,4,-0.9487233441088846,0.316107602475573,45.36163330679891,11.020065814098423
105,4,-0.9480215449393641,0.31820614439507816,45.361598602290414,11.020079628983302
106,4,-0.9472726177696782,0.32042875592521514,45.36156705389751,11.020091560525703
107,4,-0.9464804333924488,0.32276119532131237,45.36153386240646,11.020105690804947
108,4,-0.9456502282306993,0.32518555602490434,45.36150186928086,11.020118297800087
109,4,-0.9447886519045159,0.3276803369634002,45.36146930286304,11.020131852774846
110,4,-0.9439037730318667,0.3302206342072015,45.36143611692389,11.020144141328116
111,4,-0.9430050359696387,0.3327784580406316,45.36140393958737,11.020159299599474
112,4,-0.9421031625168764,0.3353231742300253,45.3613717374189,11.020173170167661
113,4,-0.9412099946258055,0.3378220626550185,45.361339630299554,11.02018819342958
114,4,-0.9403382768825514,0.3402409808202914,45.36130699517089,11.020203352105636
115,4,-0.9395013808342497,0.3425451144163905,45.36127600087613,11.02021690949936
116,4,-0.938712976973042,0.3446997923736089,45.36124311587084,11.020230972179201
117,4,-0.937986664080823,0.34667134004201916,45.36121031247292,11.020244205352817
118,4,-0.9373355693697556,0.34842794146605993,45.36117773497214,11.020259566839837
119,4,-0.9367719360678864,0.34994048036148034,45.36114475941042,11.020272868454922
120,4,-0.9363067174472174,0.3511833294209971,45.36111386751853,11.020287676587806
121,4,-0.9359491974719351,0.3521350589640865,45.36108076829025,11.020300553020352
122,4,-0.9357066580444409,0.35277903862234194,45.361049466564104,11.020313406137715
123,4,-0.9355841111557333,0.3531039095690339,45.36101568057736,11.020326503982249
124,4,-0.9355841111557333,0.3531039095690339,45.36098312661396,11.020338875068326
125,4,-0.9357066580444409,0.35277903862234194,45.36094958469622,11.020352009071528
126,4,-0.9359491974719351,0.3521350589640865,45.36091571646972,11.02036340793077
127,4,-0.9363067174472174,0.3511833294209971,45.36088210984537,11.020373710642298
128,4,-0.9367719360678864,0.34994048036148034,45.36084911363529,11.020384678586895
129,4,-0.9373355693697556,0.34842794146605993,45.360814692244816,11.020395380939942
130,4,-0.937986664080823,0.34667134004201916,45.36078008788845,11.02040437316445
131,4,-0.938712976973042,0.3446997923736089,45.360746753496144,11.020413595625328
132,4,-0.9395013808342497,0.3425451144163905,45.36071238921435,11.020421355554538
133,4,-0.9403382768825514,0.3402409808202914,45.36067733497423,11.020429681856166
134,4,-0.9412099946258055,0.3378220626550185,45.360643899226446,11.020437531819454
135,4,-0.9421031625168764,0.3353231742300253,45.36060829238458,11.020445673319635
136,4,-0.9430050359696387,0.3327784580406316,45.36057455573924,11.020452954542657
137,4,-0.9439037730318667,0.3302206342072015,45.360538822915075,11.020459136858575
138,4,-0.9447886519045159,0.3276803369634002,45.36050411465878,11.020466411709375
139,4,-0.9456502282306993,0.32518555602490434,45.360469250094894,11.020472599411855
140,4,-0.9464804333924488,0.32276119532131237,45.360435123289804,11.020480311350653
141,4,-0.9472726177696782,0.32042875592521514,45.360399783343105,11.020486765627487
142,4,-0.9480215449393641,0.31820614439507816,45.36036523227088,11.02049338017651
143,4,-0.9487233441088846,0.316107602475573,45.36032947943302,11.020501279743513
144,4,-0.9493754287356806,0.31414374944114787,45.3602952350015,11.020507369616546
145,4,-0.9499763893816243,0.3123217245364985,45.36025913122219,11.02051511640339
146,4,-0.9505258685055049,0.31064541410079677,45.36022600045583,11.020521223345504
147,4,-0.9510244242380208,0.3091157461255265,45.36019079425859,11.020528630327728
148,4,-0.9514733893293736,0.30773103418094533,45.36015575764829,11.020538128884018
149,4,-0.9518747305103898,0.30648735278274153,45.36012291735025,11.020544884868105
150,4,-0.9522309125416061,0.30537892723660587,45.36008786269049,11.020552773755272
151,4,-0.9525447702950667,0.30439852263688566,45.360053578770625,11.02056224928798
152,4,-0.952819391354175,0.30353781882898784,45.360018555723244,11.020571043103047
153,4,-0.9530580108451818,0.302787760591186,45.35998442186207,11.020579565616515
154,4,-0.9532639195358991,0.30213887487553637,45.35995116065458,11.020588731665358
155,4,-0.9534403856524271,0.3015815495134794,45.359917276943165,11.020598055775482
156,4,-0.9535905903693849,0.3011062702086557,45.35988285257266,11.02060758857147
157,4,-0.9537175765186346,0.3007038148068999,45.35984981632483,11.020617442087124
158,4,-0.9538242097313794,0.3003654056816623,45.35981487970538,11.020626764260227
159,4,-0.9539131509747122,0.30008282256319824,45.35978176390258,11.0206368394143
160,4,-0.9539868392622609,0.29984847925977726,45.359747224159634,11.0206473562686
161,4,-0.9540474832050916,0.2996554684801037,45.359714404420664,11.020655950936687
162,4,-0.9540474832050916,0.2996554684801037,45.35967972,11.02066511
163,4,0.18092866714612515,0.9834962213474573,45.35967998627331,11.020669656939926
164,4,0.18092866714612515,0.9834962213474573,45.35968185138542,11.020675317234366
165,4,0.18092866714612515,0.9834962213474573,45.35968262884655,11.020680279111604
166,4,0.18092866714612515,0.9834962213474573,45.359683601501736,11.020685191935433
167,4,0.18092866714612515,0.9834962213474573,45.35968474760855,11.020690199026896
168,4,0.18092866714612515,0.9834962213474573,45.35968598953413,11.02069559615994
169,4,0.18092866714612515,0.9834962213474573,45.359686116980455,11.02070055420024
170,4,0.18092866714612515,0.9834962213474573,45.35968605410576,11.020704921509962
171,4,0.18092866714612515,0.9834962213474573,45.35968769628297,11.02071078408933
172,4,0.18092866714612515,0.9834962213474573,45.359689280264696,11.020714312998281
173,4,0.18092866714612515,0.9834962213474573,45.35968966220953,11.020719510392153
174,4,0.18092866714612515,0.9834962213474573,45.35969133887713,11.020725468668902
175,4,0.18092866714612515,0.9834962213474573,45.359690778414056,11.020728723624304
176,4,0.18092866714612515,0.9834962213474573,45.3596916202767,11.020735039600408
177,4,0.18092866714612515,0.9834962213474573,45.35969351,11.02074007
178,4,0.9528471844721362,0.30345056111914304,45.35972903792797,11.020729061791613
179,4,0.9528471844721362,0.30345056111914304,45.359762619727945,11.02071819262524
180,4,0.9528471844721362,0.30345056111914304,45.359797941502606,11.02070717169086
181,4,0.9528471844721362,0.30345056111914304,45.35983303709536,11.020695809789046
182,4,0.9528471844721362,0.30345056111914304,45.359867392731324,11.020685142244188
183,4,0.9528471844721362,0.30345056111914304,45.35990188664479,11.020673506390033
184,4,0.9528471844721362,0.30345056111914304,45.359937261454554,11.020662323652388
185,4,0.9528471844721362,0.30345056111914304,45.35997176003724,11.020651927298454
186,4,0.9528471844721362,0.30345056111914304,45.36000567795668,11.020640037334639
187,4,0.9528471844721362,0.30345056111914304,45.360042262831016,11.02062916721453
188,4,0.9528471844721362,0.30345056111914304,45.36007684507033,11.02061875316743
189,4,0.9528471844721362,0.30345056111914304,45.36011211648854,11.020607083077083
190,4,0.9528471844721362,0.30345056111914304,45.36014573863491,11.02059565189973
191,4,0.9528471844721362,0.30345056111914304,45.360181290719986,11.020584636779635
192,4,0.9528471844721362,0.30345056111914304,45.360216054749664,11.020573695019207
193,4,0.9528471844721362,0.30345056111914304,45.360250367610355,11.020563804897062
194,4,0.9528471844721362,0.30345056111914304,45.36028499095748,11.020552633377731
195,4,0.9528471844721362,0.30345056111914304,45.3603200890327,11.020540354522497
196,4,0.9528471844721362,0.30345056111914304,45.360355607864285,11.020528389519027
197,4,0.9528471844721362,0.30345056111914304,45.36038961299765,11.020518274924603
198,4,0.9528471844721362,0.30345056111914304,45.36042364775549,11.020507785053834
199,4,0.9528471844721362,0.30345056111914304,45.360459532318906,11.020496131891504
200,4,0.9528471844721362,0.30345056111914304,45.36049537971151,11.020485011133866
201,4,0.9528471844721362,0.30345056111914304,45.36052946602677,11.020473958742734
202,4,0.9528471844721362,0.30345056111914304,45.36056468717626,11.020462047650618
203,4,0.9528471844721362,0.30345056111914304,45.36059956578004,11.020451316803637
204,4,0.9528471844721362,0.30345056111914304,45.36063385342352,11.020440555723795
205,4,0.9528471844721362,0.30345056111914304,45.3606681590223,11.020429869142003
206,4,0.9528471844721362,0.30345056111914304,45.36070384772825,11.020417584830692
207,4,0.9528471844721362,0.30345056111914304,45.360738373296414,11.020406423596006
208,4,0.9528471844721362,0.30345056111914304,45.36077324386712,11.0203963235599
209,4,0.9528471844721362,0.30345056111914304,45.36080867912628,11.020385586489233
210,4,0.9528471844721362,0.30345056111914304,45.360842590009746,11.020374040953133
211,4,0.9528471844721362,0.30345056111914304,45.360877466060685,11.020362953408945
212,4,0.9528471844721362,0.30345056111914304,45.36091159059985,11.0203513858771
213,4,0.9528471844721362,0.30345056111914304,45.36094765049874,11.020339738523708
214,4,0.9528471844721362,0.30345056111914304,45.36098110425143,11.02032880946276
215,4,0.9528471844721362,0.30345056111914304,45.36101736464934,11.02031980921806
216,4,0.9528471844721362,0.30345056111914304,45.36105231231842,11.020308005674114
217,4,0.9528471844721362,0.30345056111914304,45.36108586350376,11.020296735908879
218,4,0.9528471844721362,0.30345056111914304,45.36112195206944,11.02028502439832
219,4,0.9528471844721362,0.30345056111914304,45.36115690556625,11.02027458872333
220,4,0.9528471844721362,0.30345056111914304,45.36119037067782,11.020263156620269
221,4,0.9528471844721362,0.30345056111914304,45.36122691558261,11.020252071529562
222,4,0.9528471844721362,0.30345056111914304,45.36126036565959,11.020241496316999
223,4,0.9528471844721362,0.30345056111914304,45.36129489575975,11.020229515536922
224,4,0.9528471844721362,0.30345056111914304,45.36133079447399,11.020218142598557
225,4,0.9528471844721362,0.30345056111914304,45.3613659465502,11.020208375926464
226,4,0.9528471844721362,0.30345056111914304,45.36139996227183,11.020196762254272
227,4,0.9528471844721362,0.30345056111914304,45.3614347537022,11.020185213137493
228,4,0.9528471844721362,0.30345056111914304,45.3614691912789,11.020174144669328
229,4,0.9528471844721362,0.30345056111914304,45.36150509772509,11.020164261860776
230,4,0.9528471844721362,0.30345056111914304,45.36153947582439,11.020153096751347
231,4,0.9528471844721362,0.30345056111914304,45.36157266872265,11.0201414335163
232,4,0.9528471844721362,0.30345056111914304,45.3616091769313,11.020130872698802
233,4,0.9528471844721362,0.30345056111914304,45.36164319936822,11.020118434692032
234,4,0.9528471844721362,0.30345056111914304,45.36167889216742,11.020108183630692
235,4,0.9528471844721362,0.30345056111914304,45.36171392489868,11.020096530545194
236,4,0.9528471844721362,0.30345056111914304,45.36174898067569,11.020086361355505
237,4,0.9528471844721362,0.30345056111914304,45.361782780859606,11.020074464946536
238,4,0.9528471844721362,0.30345056111914304,45.36181843796868,11.020063249688887
239,4,0.9528471844721362,0.30345056111914304,45.36185286112697,11.02005258247244
240,4,0.9528471844721362,0.30345056111914304,45.36188681592012,11.020040930793302
241,4,0.9528471844721362,0.30345056111914304,45.36192189575065,11.020030076612906
242,4,0.9528471844721362,0.30345056111914304,45.36195721015019,11.020018725277533
243,4,0.9528471844721362,0.30345056111914304,45.36199174390792,11.020007575628112
244,4,0.9528471844721362,0.30345056111914304,45.362027342958356,11.019996708424891
245,4,0.9528471844721362,0.30345056111914304,45.36206157728107,11.019985508143462
246,4,0.9528471844721362,0.30345056111914304,45.36209647393775,11.019974622252429
247,4,0.9528471844721362,0.30345056111914304,45.36213190855433,11.01996366620938
248,4,0.9528471844721362,0.30345056111914304,45.36216577430444,11.019952359791377
249,4,0.9528471844721362,0.30345056111914304,45.36220165181771,11.019941620681601
250,4,0.9528471844721362,0.30345056111914304,45.362235733976185,11.01993071776387
251,4,0.9528471844721362,0.30345056111914304,45.36227073,11.01991931
252,4,0.2108778085845649,0.9775124295100148,45.36227198797589,11.019921072329247
253,4,0.2108778085845649,0.9775124295100148,45.36227276512073,11.019926984825759
254,4,0.2108778085845649,0.9775124295100148,45.362273922222776,11.019931103700571
255,4,0.2108778085845649,0.9775124295100148,45.3622737674342,11.019933559016497
256,4,0.2108778085845649,0.9775124295100148,45.362274597754364,11.019937544147687
257,4,0.2108778085845649,0.9775124295100148,45.362275480872306,11.01994054372426
258,4,0.2108778085845649,0.9775124295100148,45.362275892402245,11.019944046337063
259,4,0.2108778085845649,0.9775124295100148,45.36227808715811,11.01994804471301
260,4,0.2108778085845649,0.9775124295100148,45.36227778317196,11.019952080481579
261,4,0.2108778085845649,0.9775124295100148,45.36227826341885,11.019956275248951
262,4,0.2108778085845649,0.9775124295100148,45.36227906356255,11.019958416825682
263,4,0.2108778085845649,0.9775124295100148,45.362280029149,11.01996303792874
264,4,0.2108778085845649,0.9775124295100148,45.36228108736538,11.019966423118545
265,4,0.2108778085845649,0.9775124295100148,45.36228126269201,11.019969341670944
266,4,0.2108778085845649,0.9775124295100148,45.36228313135299,11.0199733369247
267,4,0.2108778085845649,0.9775124295100148,45.36228319433707,11.019977029831898
268,4,0.2108778085845649,0.9775124295100148,45.36228408631104,11.019980335935239
269,4,0.2108778085845649,0.9775124295100148,45.36228450580075,11.019983950965482
270,4,0.2108778085845649,0.9775124295100148,45.36228557,11.0199881
271,4,-0.95407762213046,0.2995594948418212,45.362254239345944,11.019998345968379
272,4,-0.9540021952900722,0.29979961871510585,45.36222410098221,11.02000728621342
273,4,-0.953911904435368,0.3000867850747334,45.3621927659332,11.020017148091307
274,4,-0.9538044210643429,0.30042823828347687,45.36216233966578,11.020026567679636
275,4,-0.9536771837408922,0.3008318952704993,45.36213164066305,11.020036766381768
276,4,-0.9535274018784902,0.3013063123581323,45.36210121859531,11.02004640077741
277,4,-0.9533520661024554,0.30186062687634424,45.362070765474556,11.020055520397205
278,4,-0.9531479662160454,0.3025044702119565,45.36203974223563,11.020066420538981
279,4,-0.9529117177626771,0.3032478493750351,45.362008477410185,11.020076715849868
280,4,-0.9526397981117855,0.3041009948249704,45.36197819812552,11.020086243247484
281,4,-0.9523285928967251,0.3050741731961975,45.36194709917231,11.020095648017305
282,4,-0.9519744534964906,0.3061774646998993,45.36191740906983,11.020105927058594
283,4,-0.9515737660743426,0.3074205063412203,45.361886083128304,11.020117375237037
284,4,-0.9511230324592347,0.3088122036538543,45.361855922631555,11.020127014593127
285,4,-0.9506189628715873,0.3103604153704974,45.36182599125056,11.020138928968517
286,4,-0.9500585801428066,0.3120716172564147,45.361795299606946,11.0201483255128
287,4,-0.9494393346462319,0.3139505531553028,45.36176508515718,11.02016110390399
288,4,-0.9487592286348805,0.315999883038185,45.36173588627112,11.020170946353545
289,4,-0.9480169480607973,0.31821983940271775,45.361704945954244,11.020183229084045
290,4,-0.9472119992313286,0.3206079046314821,45.361674050460024,11.020194513073791
291,4,-0.9463448468495305,0.32315852277379103,45.36164491904272,11.02020728192887
292,4,-0.9454170491145695,0.3258628595644182,45.36161435109262,11.020219983277581
293,4,-0.9444313846669798,0.3287086242495185,45.361585343266285,11.020232509047895
294,4,-0.9433919653167278,0.33167996589459836,45.3615554369886,11.020245257733492
295,4,-0.942304327772093,0.3347574552746866,45.36152569140417,11.020257480753768
296,4,-0.9411754970928721,0.33791816120472884,45.361495919466044,11.020271902061882
297,4,-0.9400140144289019,0.34113582731407766,45.36146625612875,11.020284911878617
298,4,-0.9388299218786315,0.34438115190202073,45.36143927334126,11.020299397420787
299,4,-0.9376346981010749,0.34762216977187477,45.36140912807912,11.020313188871794
300,4,-0.9364411396965824,0.35082473100362493,45.36137999964506,11.020327099702106
301,4,-0.9352631853521908,0.3539530676867679,45.361350316880255,11.020341705383286
302,4,-0.9341156822854825,0.3569704359023693,45.361320884441135,11.020356726435441
303,4,-0.9330140975149368,0.35983981691634404,45.36129236011128,11.020371348670885
304,4,-0.9319741797714206,0.36252465880183615,45.3612636139126,11.020385188043976
305,4,-0.9310115812276961,0.364989637688394,45.361235334050015,11.020400734212135
306,4,-0.9301414514053061,0.36720141663347444,45.36120632087179,11.020414304170263
307,4,-0.9293780183491797,0.3691293797699553,45.361175449208524,11.020428496856516
308,4,-0.9287341741780755,0.3707463198924141,45.361148255307825,11.020442881820225
309,4,-0.9282210831997619,0.37202905895032007,45.361118839622826,11.020455315631136
310,4,-0.927847830763925,0.3729589829279875,45.361088619299245,11.020468231705472
311,4,-0.9276211298384072,0.37352247519703136,45.361059128514476,11.020482582712196
312,4,-0.927545099958525,0.37371123550534285,45.36102911161519,11.020494903833313
313,4,-0.9276211298384072,0.37352247519703136,45.36099925291058,11.02050594808665
314,4,-0.927847830763925,0.3729589829279875,45.36096902125165,11.020517821802693
315,4,-0.9282210831997619,0.37202905895032007,45.36093872026995,11.020529126348695
316,4,-0.9287341741780755,0.3707463198924141,45.36090795303134,11.020538167626478
317,4,-0.9293780183491797,0.3691293797699553,45.36087605651033,11.020548166776353
318,4,-0.9301414514053061,0.36720141663347444,45.360845829091474,11.020556642066392
319,4,-0.9310115812276961,0.364989637688394,45.360813765891784,11.020565789372005
320,4,-0.9319741797714206,0.36252465880183615,45.360782394164666,11.020572837175651
321,4,-0.9330140975149368,0.35983981691634404,45.36075170395036,11.020580555844397
322,4,-0.9341156822854825,0.3569704359023693,45.3607190754739,11.020586403248172
323,4,-0.9352631853521908,0.3539530676867679,45.360687085589156,11.02059301844013
324,4,-0.9364411396965824,0.35082473100362493,45.360655093942974,11.020599094775779
325,4,-0.9376346981010749,0.34762216977187477,45.36062228981482,11.020604627427936
326,4,-0.9388299218786315,0.34438115190202073,45.360590204904376,11.02060998881695
327,4,-0.9400140144289019,0.34113582731407766,45.360557646999055,11.020615374993652
328,4,-0.9411754970928721,0.33791816120472884,45.36052526910208,11.020620459449724
329,4,-0.942304327772093,0.3347574552746866,45.36049243052915,11.020624966367567
330,4,-0.9433919653167278,0.33167996589459836,45.360458868956464,11.020629775185709
331,4,-0.9444313846669798,0.3287086242495185,45.36042700231857,11.02063518333054
332,4,-0.9454170491145695,0.3258628595644182,45.360395772410904,11.020639121462986
333,4,-0.9463448468495305,0.32315852277379103,45.36036388706442,11.020645574851615
334,4,-0.9472119992313286,0.3206079046314821,45.36033145783227,11.020650019039401
335,4,-0.9480169480607973,0.31821983940271775,45.360298405051815,11.020654259424635
336,4,-0.9487592286348805,0.315999883038185,45.36026648304287,11.020661746838439
337,4,-0.9494393346462319,0.3139505531553028,45.3602355086355,11.020666840769504
338,4,-0.9500585801428066,0.3120716172564147,45.360202913703844,11.020672986416443
339,4,-0.9506189628715873,0.3103604153704974,45.36017090439399,11.020678183915324
340,4,-0.9511230324592347,0.3088122036538543,45.360138996152635,11.020684746925799
341,4,-0.9515737660743426,0.3074205063412203,45.36010672447202,11.020692818872849
342,4,-0.9519744534964906,0.3061774646998993,45.360075176891534,11.020698919112483
343,4,-0.9523285928967251,0.3050741731961975,45.36004321207525,11.020707284317973
344,4,-0.9526397981117855,0.3041009948249704,45.3600119688511,11.020713887864263
345,4,-0.9529117177626771,0.3032478493750351,45.35998042280351,11.02072169056857
346,4,-0.9531479662160454,0.3025044702119565,45.35994979236903,11.020729909307764
347,4,-0.9533520661024554,0.30186062687634424,45.35991779396589,11.020737881534457
348,4,-0.9535274018784902,0.3013063123581323,45.35988694137098,11.020746675446386
349,4,-0.9536771837408922,0.3008318952704993,45.35985634324443,11.02075342328034
350,4,-0.9538044210643429,0.30042823828347687,45.359824481736545,11.020762718601143
351,4,-0.953911904435368,0.3000867850747334,45.35979426311174,11.020771970047875
352,4,-0.9540021952900722,0.29979961871510585,45.35976285702659,11.020780457889078
353,4,-0.95407762213046,0.2995594948418212,45.359731929191355,11.020790026764855
354,4,-0.95407762213046,0.2995594948418212,45.35970006,11.02079678
355,4,0.18563850809759755,0.9826181070544641,45.3597012809447,11.020801583402612
356,4,0.18563850809759755,0.9826181070544641,45.35970217569708,11.020805734906657
357,4,0.18563850809759755,0.9826181070544641,45.35970281464132,11.020811156463562
358,4,0.18563850809759755,0.9826181070544641,45.35970425680562,11.020815930475656
359,4,0.18563850809759755,0.9826181070544641,45.35970417485035,11.020821236454275
360,4,0.18563850809759755,0.9826181070544641,45.35970628759343,11.020826590786594
361,4,0.18563850809759755,0.9826181070544641,45.359706211740594,11.020831323521225
362,4,0.18563850809759755,0.9826181070544641,45.35970700353454,11.020835450728233
363,4,0.18563850809759755,0.9826181070544641,45.359708633489056,11.02084165866165
364,4,0.18563850809759755,0.9826181070544641,45.35970927758414,11.020845335483102
365,4,0.18563850809759755,0.9826181070544641,45.359710486086314,11.020850455980597
366,4,0.18563850809759755,0.9826181070544641,45.35971046324419,11.020855644909943
367,4,0.18563850809759755,0.9826181070544641,45.35971251789652,11.02086090286619
368,4,0.18563850809759755,0.9826181070544641,45.35971350585347,11.020864633537428
369,4,0.18563850809759755,0.9826181070544641,45.35971351319691,11.020870009632915
370,4,0.18563850809759755,0.9826181070544641,45.359714065953106,11.020875223479056
