,Choice,Sin,Cosin,Lat,Lon
0,0,0.9537169507482269,0.30070579950427306,45.3596665575,11.020597651
1,0,0.955040636077442,0.2964749288570535,45.359699455643714,11.020587584026767
2,0,0.955040636077442,0.2964749288570535,45.359733203584945,11.020576535674435
3,0,0.955040636077442,0.2964749288570535,45.35976584744703,11.02056702177877
4,0,0.955040636077442,0.2964749288570535,45.35979904290276,11.020557267682564
5,0,0.955040636077442,0.2964749288570535,45.35983263187309,11.020545497912716
6,0,0.955040636077442,0.2964749288570535,45.35986509152605,11.02053584883098
7,0,0.955040636077442,0.2964749288570535,45.35989944578858,11.020526703545269
8,0,0.955040636077442,0.2964749288570535,45.35993304584208,11.02051484954152
9,0,0.955040636077442,0.2964749288570535,45.35996519973744,11.02050433916033
10,0,0.955040636077442,0.2964749288570535,45.359997929729246,11.020494617894824
11,0,0.955040636077442,0.2964749288570535,45.3600312082005,11.02048467466563
12,0,0.955040636077442,0.2964749288570535,45.36006473656542,11.020473937163642
13,0,0.955040636077442,0.2964749288570535,45.360098165724914,11.020464640289708
14,0,0.955040636077442,0.2964749288570535,45.36013134787848,11.020453526428376
15,0,0.955040636077442,0.2964749288570535,45.360164527376526,11.02044252865767
16,0,0.955040636077442,0.2964749288570535,45.360197585540746,11.020432158988427
17,0,0.955040636077442,0.2964749288570535,45.36023132606751,11.020422353378658
18,0,0.955040636077442,0.2964749288570535,45.360263796149816,11.020412168827106
19,0,0.955040636077442,0.2964749288570535,45.360297357745544,11.020401261605189
20,0,0.955040636077442,0.2964749288570535,45.36032987964711,11.020391137850986
21,0,0.955040636077442,0.2964749288570535,45.36036473106774,11.020381048147582
22,0,0.955040636077442,0.2964749288570535,45.36039697689651,11.020371555191039
23,0,0.955040636077442,0.2964749288570535,45.360430561740785,11.020360929677404
24,0,0.955040636077442,0.2964749288570535,45.36046289050636,11.020349906663514
25,0,0.955040636077442,0.2964749288570535,45.360496087401806,11.020340157972157
26,0,0.955040636077442,0.2964749288570535,45.36052986144283,11.020330320702568
27,0,0.955040636077442,0.2964749288570535,45.36056349609847,11.02031938240352
28,0,0.955040636077442,0.2964749288570535,45.36059583134253,11.020309012457691
29,0,0.955040636077442,0.2964749288570535,45.36062909240161,11.020299226749207
30,0,0.955040636077442,0.2964749288570535,45.36066140179089,11.020288182793939
31,0,0.955040636077442,0.2964749288570535,45.36069559123247,11.020278628059714
32,0,0.955040636077442,0.2964749288570535,45.360728461302394,11.02026876939129
33,0,0.955040636077442,0.2964749288570535,45.360761459672474,11.02025764562889
34,0,0.955040636077442,0.2964749288570535,45.360795155244986,11.02024756524304
35,0,0.955040636077442,0.2964749288570535,45.36082891521177,11.020235960186724
36,0,0.955040636077442,0.2964749288570535,45.36086186149414,11.020226610148372
37,0,0.955040636077442,0.2964749288570535,45.36089502933336,11.020216715880295
38,0,0.955040636077442,0.2964749288570535,45.36092771093986,11.020206253598007
39,0,0.955040636077442,0.2964749288570535,45.36096078442602,11.02019594320889
40,0,0.955040636077442,0.2964749288570535,45.360994418956295,11.020185196368782
41,0,0.955040636077442,0.2964749288570535,45.361027946147956,11.020175434912684
42,0,0.955040636077442,0.2964749288570535,45.36106077693479,11.020164510496311
43,0,0.955040636077442,0.2964749288570535,45.36109376457185,11.020155463684791
44,0,0.955040636077442,0.2964749288570535,45.36112716554134,11.02014386080451
45,0,0.955040636077442,0.2964749288570535,45.361160685908466,11.02013418279647
46,0,0.955040636077442,0.2964749288570535,45.3611939391503,11.020124024459044
47,0,0.955040636077442,0.2964749288570535,45.361226075894606,11.020113084621883
48,0,0.955040636077442,0.2964749288570535,45.36125982468604,11.020103410929618
49,0,0.955040636077442,0.2964749288570535,45.361292962512934,11.02009261871025
50,0,0.955040636077442,0.2964749288570535,45.36132588516487,11.020082456822768
51,0,0.955040636077442,0.2964749288570535,45.36135983435134,11.020072008695632
52,0,0.955040636077442,0.2964749288570535,45.36139278219889,11.020061729547805
53,0,0.955040636077442,0.2964749288570535,45.361425644780255,11.020051704831593
54,0,0.955040636077442,0.2964749288570535,45.36145918554237,11.020041570743869
55,0,0.955040636077442,0.2964749288570535,45.361492407738254,11.020030705199126
56,0,0.955040636077442,0.2964749288570535,45.3615260864518,11.020020337954778
57,0,0.955040636077442,0.2964749288570535,45.36155804498823,11.020011008382012
58,0,0.955040636077442,0.2964749288570535,45.36159275397465,11.020000561093518
59,0,0.955040636077442,0.2964749288570535,45.3616260531129,11.019990295986085
60,0,0.955040636077442,0.2964749288570535,45.36165864291776,11.019979609696914
61,0,0.955040636077442,0.2964749288570535,45.361691845794184,11.019969072968301
62,0,0.955040636077442,0.2964749288570535,45.36172562064374,11.019959430681942
63,0,0.955040636077442,0.2964749288570535,45.36175742510165,11.019949270123197
64,0,0.955040636077442,0.2964749288570535,45.36179141918577,11.019937918436746
65,0,0.955040636077442,0.2964749288570535,45.3618249674402,11.01992838931349
66,0,0.955040636077442,0.2964749288570535,45.36185733909178,11.019917459013628
67,0,0.955040636077442,0.2964749288570535,45.36189098386607,11.019908079766584
68,0,0.955040636077442,0.2964749288570535,45.36192435756139,11.01989714322949
69,0,0.955040636077442,0.2964749288570535,45.361956986857436,11.019887835894137
70,0,0.955040636077442,0.2964749288570535,45.36198985150877,11.019876531553416
71,0,0.955040636077442,0.2964749288570535,45.36202392786563,11.019866562983687
72,0,0.955040636077442,0.2964749288570535,45.362057112345205,11.019855848057809
73,0,0.955040636077442,0.2964749288570535,45.36209023853077,11.019845835886434
74,0,0.955040636077442,0.2964749288570535,45.362123596080394,11.019835168429914
75,0,0.955040636077442,0.2964749288570535,45.362155907122286,11.019824443175654
76,0,0.955040636077442,0.2964749288570535,45.36219001571916,11.019814010097909
77,0,0.955040636077442,0.2964749288570535,45.36222373452776,11.019804337007466
78,0,0.955040636077442,0.2964749288570535,45.36225589,11.01979384
79,0,0.1871863868101744,0.9823244151465196,45.36225605938082,11.019797543368119
80,0,0.1871863868101744,0.9823244151465196,45.36225681610331,11.019800964291397
81,0,0.1871863868101744,0.9823244151465196,45.36225841079317,11.019806190741582
82,0,0.1871863868101744,0.9823244151465196,45.362258966709085,11.019809297347972
83,0,0.1871863868101744,0.9823244151465196,45.36225972213048,11.019813038622086
84,0,0.1871863868101744,0.9823244151465196,45.362259387655016,11.01981618364811
85,0,0.1871863868101744,0.9823244151465196,45.36226048185553,11.019820728301708
86,0,0.1871863868101744,0.9823244151465196,45.36226119138331,11.019824182650177
87,0,0.1871863868101744,0.9823244151465196,45.36226214846578,11.01982816222829
88,0,0.1871863868101744,0.9823244151465196,45.36226380424807,11.01983170719977
89,0,0.1871863868101744,0.9823244151465196,45.362264728314955,11.019835348686584
90,0,0.1871863868101744,0.9823244151465196,45.362264649247145,11.019839131794692
91,0,0.1871863868101744,0.9823244151465196,45.362264137099096,11.01984312054349
92,0,0.1871863868101744,0.9823244151465196,45.362265553200366,11.019846411875548
93,0,0.1871863868101744,0.9823244151465196,45.362267052967084,11.019851660410277
94,0,0.1871863868101744,0.9823244151465196,45.36226747,11.01985461
95,0,-0.954287848765298,0.29888911271389534,45.362234727542315,11.019864083535055
96,0,-0.954287848765298,0.29888911271389534,45.36220244226233,11.019874664964156
97,0,-0.954287848765298,0.29888911271389534,45.36216995550876,11.01988468589608
98,0,-0.954287848765298,0.29888911271389534,45.36213768880236,11.01989547218563
99,0,-0.954287848765298,0.29888911271389534,45.36210610192003,11.019905835036502
100,0,-0.954287848765298,0.29888911271389534,45.362073285551254,11.019915117944672
101,0,-0.954287848765298,0.29888911271389534,45.36204117946182,11.019925390985165
102,0,-0.954287848765298,0.29888911271389534,45.362008663776315,11.01993551309762
103,0,-0.954287848765298,0.29888911271389534,45.36197594324736,11.019945579945404
104,0,-0.954287848765298,0.29888911271389534,45.361944000586654,11.019956357077465
105,0,-0.954287848765298,0.29888911271389534,45.36191129584548,11.019966783911345
106,0,-0.954287848765298,0.29888911271389534,45.3618797404536,11.019976220993433
107,0,-0.954287848765298,0.29888911271389534,45.361846803858775,11.019986279161978
108,0,-0.954287848765298,0.29888911271389534,45.361814688555945,11.01999629742781
109,0,-0.954287848765298,0.29888911271389534,45.36178296939528,11.020006676648258
110,0,-0.954287848765298,0.29888911271389534,45.361749061137644,11.020017174469132
111,0,-0.954287848765298,0.29888911271389534,45.3617182143271,11.020026988896417
112,0,-0.954287848765298,0.29888911271389534,45.361685569015656,11.020036920003543
113,0,-0.954287848765298,0.29888911271389534,45.36165265625552,11.020046636196506
114,0,-0.954287848765298,0.29888911271389534,45.361620213092074,11.020057063753262
115,0,-0.954287848765298,0.29888911271389534,45.361588410661916,11.020067305579802
116,0,-0.954287848765298,0.29888911271389534,45.361555986603264,11.020077752295052
117,0,-0.954287848765298,0.29888911271389534,45.36152374581788,11.020086562730965
118,0,-0.954287848765298,0.29888911271389534,45.361490663642996,11.020098373809837
119,0,-0.954287848765298,0.29888911271389534,45.361458147795524,11.02010860281699
120,0,-0.954287848765298,0.29888911271389534,45.361427161961764,11.020117760389201
121,0,-0.954287848765298,0.29888911271389534,45.361394816086126,11.020127651183389
122,0,-0.954287848765298,0.29888911271389534,45.36136155822455,11.020139002444862
123,0,-0.954287848765298,0.29888911271389534,45.361329439606855,11.020147534753189
124,0,-0.954287848765298,0.29888911271389534,45.361296752575136,11.020158814947866
125,0,-0.954287848765298,0.29888911271389534,45.36126472257351,11.02016866976445
126,0,-0.954287848765298,0.29888911271389534,45.361232660746474,11.02017821409055
127,0,-0.954287848765298,0.29888911271389534,45.36119972146178,11.020188151370068
128,0,-0.954287848765298,0.29888911271389534,45.36116766938136,11.020199543782455
129,0,-0.954287848765298,0.29888911271389534,45.36113536816554,11.020209008206681
130,0,-0.954287848765298,0.29888911271389534,45.36110216862361,11.020219584229286
131,0,-0.954287848765298,0.29888911271389534,45.36107135857232,11.020228762002997
132,0,-0.954287848765298,0.29888911271389534,45.36103923656184,11.020240211878352
133,0,-0.954287848765298,0.29888911271389534,45.36100482450413,11.020250154750322
134,0,-0.954287848765298,0.29888911271389534,45.36097391157365,11.020260645200683
135,0,-0.954287848765298,0.29888911271389534,45.36094209448528,11.02026891800423
136,0,-0.954287848765298,0.29888911271389534,45.36090898667185,11.020279326394402
137,0,-0.954287848765298,0.29888911271389534,45.36087645552157,11.020290671548397
138,0,-0.954287848765298,0.29888911271389534,45.360843524478106,11.020300229426795
139,0,-0.954287848765298,0.29888911271389534,45.360811452879425,11.02030936403155
140,0,-0.954287848765298,0.29888911271389534,45.36077906541231,11.020321522008707
141,0,-0.954287848765298,0.29888911271389534,45.3607473404573,11.020331602631597
142,0,-0.954287848765298,0.29888911271389534,45.36071383433881,11.020341101275276
143,0,-0.954287848765298,0.29888911271389534,45.360682568505396,11.020351085611141
144,0,-0.954287848765298,0.29888911271389534,45.36065022296516,11.02036031854776
145,0,-0.954287848765298,0.29888911271389534,45.360617614662836,11.020372227569352
146,0,-0.954287848765298,0.29888911271389534,45.360585429178784,11.02038143076828
147,0,-0.954287848765298,0.29888911271389534,45.3605536425578,11.020390118050805
148,0,-0.954287848765298,0.29888911271389534,45.36052115401713,11.020402048383179
149,0,-0.954287848765298,0.29888911271389534,45.36048792077822,11.020411455334695
150,0,-0.954287848765298,0.29888911271389534,45.36045580578601,11.020421757450746
151,0,-0.954287848765298,0.29888911271389534,45.360423372310244,11.020432703552814
152,0,-0.954287848765298,0.29888911271389534,45.36039184917198,11.020441727843414
153,0,-0.954287848765298,0.29888911271389534,45.360358940755994,11.020452870759334
154,0,-0.954287848765298,0.29888911271389534,45.360326529823205,11.02046225400035
155,0,-0.954287848765298,0.29888911271389534,45.36029438832286,11.020473915270008
156,0,-0.954287848765298,0.29888911271389534,45.360261359247794,11.02048357436144
157,0,-0.954287848765298,0.29888911271389534,45.36023061673462,11.020493151038997
158,0,-0.954287848765298,0.29888911271389534,45.36019653645146,11.020502911706979
159,0,-0.954287848765298,0.29888911271389534,45.36016496647588,11.020513477050548
160,0,-0.954287848765298,0.29888911271389534,45.360132260456574,11.020522945729912
161,0,-0.954287848765298,0.29888911271389534,45.360101267930304,11.020533069145486
162,0,-0.954287848765298,0.29888911271389534,45.360067731526506,11.02054287501317
163,0,-0.954287848765298,0.29888911271389534,45.36003563515651,11.020553158492262
164,0,-0.954287848765298,0.29888911271389534,45.360002310419524,11.020564141387844
165,0,-0.954287848765298,0.29888911271389534,45.35997081457354,11.020574233856768
166,0,-0.954287848765298,0.29888911271389534,45.35993855032457,11.020583838281638
167,0,-0.954287848765298,0.29888911271389534,45.359906719190924,11.020594384607543
168,0,-0.954287848765298,0.29888911271389534,45.35987406561209,11.020603842578389
169,0,-0.954287848765298,0.29888911271389534,45.359842006539004,11.020614449737888
170,0,-0.954287848765298,0.29888911271389534,45.359808808637304,11.0206245637968
171,0,-0.954287848765298,0.29888911271389534,45.3597770147877,11.020635229234479
172,0,-0.954287848765298,0.29888911271389534,45.35974447080517,11.020645491418925
173,0,-0.954287848765298,0.29888911271389534,45.35971190356883,11.020654943576423
174,0,-0.954287848765298,0.29888911271389534,45.35967972,11.02066511
175,0,0.18092866714612515,0.9834962213474573,45.359680682022194,11.020669388514737
176,0,0.18092866714612515,0.9834962213474573,45.35968109051704,11.02067377787631
177,0,0.18092866714612515,0.9834962213474573,45.35968283340483,11.02067777449424
178,0,0.18092866714612515,0.9834962213474573,45.35968413195424,11.02068200692198
179,0,0.18092866714612515,0.9834962213474573,45.35968359329169,11.020687397485355
180,0,0.18092866714612515,0.9834962213474573,45.359685473239004,11.020690858445876
181,0,0.18092866714612515,0.9834962213474573,45.35968589462931,11.020695751880693
182,0,0.18092866714612515,0.9834962213474573,45.359685946724696,11.02070069612275
183,0,0.18092866714612515,0.9834962213474573,45.35968731387496,11.02070464961994
184,0,0.18092866714612515,0.9834962213474573,45.35968768180117,11.020708722588148
185,0,0.18092866714612515,0.9834962213474573,45.35968800273187,11.020713751760674
186,0,0.18092866714612515,0.9834962213474573,45.35968969483279,11.020717266418378
187,0,0.18092866714612515,0.9834962213474573,45.359690273971204,11.020721228790828
188,0,0.18092866714612515,0.9834962213474573,45.35969058114381,11.020727255025047
189,0,0.18092866714612515,0.9834962213474573,45.35969191287144,11.020732114492139
190,0,0.18092866714612515,0.9834962213474573,45.35969354125903,11.020735665711292
191,0,0.18092866714612515,0.9834962213474573,45.35969351,11.02074007
192,0,0.9528471844721362,0.30345056111914304,45.3597275688475,11.020729343964462
193,0,0.9528471844721362,0.30345056111914304,45.35975903186467,11.020718522336878
194,0,0.9528471844721362,0.30345056111914304,45.359792370499676,11.020707771825121
195,0,0.9528471844721362,0.30345056111914304,45.35982530048944,11.020698458586637
196,0,0.9528471844721362,0.30345056111914304,45.35985869743177,11.020687380586493
197,0,0.9528471844721362,0.30345056111914304,45.359892096862254,11.02067646798717
198,0,0.9528471844721362,0.30345056111914304,45.35992529444008,11.020666696517358
199,0,0.9528471844721362,0.30345056111914304,45.359957786839594,11.020654633808265
200,0,0.9528471844721362,0.30345056111914304,45.35999196595802,11.020644664645282
201,0,0.9528471844721362,0.30345056111914304,45.36002295052904,11.020634694407482
202,0,0.9528471844721362,0.30345056111914304,45.36005642535354,11.020622924480495
203,0,0.9528471844721362,0.30345056111914304,45.36009023146803,11.020613029090228
204,0,0.9528471844721362,0.30345056111914304,45.36012279467196,11.020603689625695
205,0,0.9528471844721362,0.30345056111914304,45.36015667318705,11.020592982066328
206,0,0.9528471844721362,0.30345056111914304,45.360188823083426,11.02058184677986
207,0,0.9528471844721362,0.30345056111914304,45.36022218681767,11.020572179612769
208,0,0.9528471844721362,0.30345056111914304,45.360255371053405,11.020561134627911
209,0,0.9528471844721362,0.30345056111914304,45.36028821960488,11.020549994335996
210,0,0.9528471844721362,0.30345056111914304,45.36032067100131,11.020540490329207
211,0,0.9528471844721362,0.30345056111914304,45.360354448835906,11.020529131789447
212,0,0.9528471844721362,0.30345056111914304,45.36038686947706,11.020519586469375
213,0,0.9528471844721362,0.30345056111914304,45.36042041615191,11.020507968168856
214,0,0.9528471844721362,0.30345056111914304,45.36045336501086,11.020497413399603
215,0,0.9528471844721362,0.30345056111914304,45.36048700393925,11.020488003048637
216,0,0.9528471844721362,0.30345056111914304,45.36052039945131,11.020476788014665
217,0,0.9528471844721362,0.30345056111914304,45.36055307566171,11.02046687504417
218,0,0.9528471844721362,0.30345056111914304,45.36058575415352,11.02045528013404
219,0,0.9528471844721362,0.30345056111914304,45.3606188941744,11.020445931445865
220,0,0.9528471844721362,0.30345056111914304,45.36065181894749,11.02043561140695
221,0,0.9528471844721362,0.30345056111914304,45.3606842909649,11.020424009930242
222,0,0.9528471844721362,0.30345056111914304,45.36071821605194,11.020414075669567
223,0,0.9528471844721362,0.30345056111914304,45.360749916134175,11.020403767083392
224,0,0.9528471844721362,0.30345056111914304,45.36078347102479,11.020393465945764
225,0,0.9528471844721362,0.30345056111914304,45.360818311499074,11.020383470089758
226,0,0.9528471844721362,0.30345056111914304,45.36085045484025,11.02037161714351
227,0,0.9528471844721362,0.30345056111914304,45.360882765011276,11.020361160982006
228,0,0.9528471844721362,0.30345056111914304,45.36091722754966,11.020350947349385
229,0,0.9528471844721362,0.30345056111914304,45.360949464144845,11.020340053561743
230,0,0.9528471844721362,0.30345056111914304,45.360983293708856,11.020329120103625
231,0,0.9528471844721362,0.30345056111914304,45.36101430446301,11.020319182521218
232,0,0.9528471844721362,0.30345056111914304,45.3610495865535,11.02030915107739
233,0,0.9528471844721362,0.30345056111914304,45.36108107763139,11.020298584579937
234,0,0.9528471844721362,0.30345056111914304,45.36111400210863,11.020288889907626
235,0,0.9528471844721362,0.30345056111914304,45.36114661077827,11.020276563597323
236,0,0.9528471844721362,0.30345056111914304,45.36118082190373,11.02026690753462
237,0,0.9528471844721362,0.30345056111914304,45.36121247903981,11.020256560739481
238,0,0.9528471844721362,0.30345056111914304,45.361245902573614,11.020245072470175
239,0,0.9528471844721362,0.30345056111914304,45.36127932093572,11.02023416954352
240,0,0.9528471844721362,0.30345056111914304,45.36131268401048,11.020224797357125
241,0,0.9528471844721362,0.30345056111914304,45.36134459255272,11.020212648565886
242,0,0.9528471844721362,0.30345056111914304,45.36137845519582,11.020203672475892
243,0,0.9528471844721362,0.30345056111914304,45.361410693059625,11.020193465304404
244,0,0.9528471844721362,0.30345056111914304,45.36144470854367,11.0201824736583
245,0,0.9528471844721362,0.30345056111914304,45.36147749155377,11.020172117231608
246,0,0.9528471844721362,0.30345056111914304,45.361511290094704,11.020161747643936
247,0,0.9528471844721362,0.30345056111914304,45.36154390047118,11.020150800360414
248,0,0.9528471844721362,0.30345056111914304,45.36157619313108,11.020140414837718
249,0,0.9528471844721362,0.30345056111914304,45.36160938647315,11.020130663285016
250,0,0.9528471844721362,0.30345056111914304,45.36164332410799,11.020118148530734
251,0,0.9528471844721362,0.30345056111914304,45.3616756891456,11.02010894947502
252,0,0.9528471844721362,0.30345056111914304,45.36170870423972,11.020098608368738
253,0,0.9528471844721362,0.30345056111914304,45.36174178120056,11.020087753113245
254,0,0.9528471844721362,0.30345056111914304,45.361775960391505,11.020077163550283
255,0,0.9528471844721362,0.30345056111914304,45.36180761050591,11.020065496550828
256,0,0.9528471844721362,0.30345056111914304,45.361841661551374,11.020055825919224
257,0,0.9528471844721362,0.30345056111914304,45.36187444256657,11.020045939456566
258,0,0.9528471844721362,0.30345056111914304,45.3619072718131,11.020034874903223
259,0,0.9528471844721362,0.30345056111914304,45.36194050185921,11.020024810477123
260,0,0.9528471844721362,0.30345056111914304,45.36197296406467,11.020015039246822
261,0,0.9528471844721362,0.30345056111914304,45.36200589261774,11.02000342864943
262,0,0.9528471844721362,0.30345056111914304,45.362040044928335,11.019993257681563
263,0,0.9528471844721362,0.30345056111914304,45.36207256990859,11.019982444755707
264,0,0.9528471844721362,0.30345056111914304,45.36210585269515,11.01997223047735
265,0,0.9528471844721362,0.30345056111914304,45.36213808252629,11.019961000604416
266,0,0.9528471844721362,0.30345056111914304,45.362171595050114,11.019950259322597
267,0,0.9528471844721362,0.30345056111914304,45.36220424777193,11.019940679291205
268,0,0.9528471844721362,0.30345056111914304,45.362237142409995,11.01993011323134
269,0,0.9528471844721362,0.30345056111914304,45.36227073,11.01991931
270,0,0.2108778085845649,0.9775124295100148,45.36227121721357,11.01992478873574
271,0,0.2108778085845649,0.9775124295100148,45.362271940744655,11.01992959797954
272,0,0.2108778085845649,0.9775124295100148,45.36227427076156,11.019935410997732
273,0,0.2108778085845649,0.9775124295100148,45.3622764786848,11.019940388519098
274,0,0.2108778085845649,0.9775124295100148,45.36227715247718,11.019945968492262
275,0,0.2108778085845649,0.9775124295100148,45.36227666211276,11.019950320083357
276,0,0.2108778085845649,0.9775124295100148,45.36227877632046,11.019955818694019
277,0,0.2108778085845649,0.9775124295100148,45.362279742430616,11.01996145746839
278,0,0.2108778085845649,0.9775124295100148,45.362281336735116,11.019967417429656
279,0,0.2108778085845649,0.9775124295100148,45.36228233584123,11.019972347318541
280,0,0.2108778085845649,0.9775124295100148,45.362283137601246,11.019976973482443
281,0,0.2108778085845649,0.9775124295100148,45.362284994258474,11.019983143793253
282,0,0.2108778085845649,0.9775124295100148,45.36228557,11.0199881
283,0,-0.9544055299292257,0.29851312272748404,45.362253409400964,11.019998369675701
284,0,-0.9544055299292257,0.29851312272748404,45.362221693715604,11.020008012106626
285,0,-0.9544055299292257,0.29851312272748404,45.36219013277895,11.0200181946694
286,0,-0.9544055299292257,0.29851312272748404,45.36215829430763,11.020028262619102
287,0,-0.9544055299292257,0.29851312272748404,45.362126038387686,11.020038489335574
288,0,-0.9544055299292257,0.29851312272748404,45.3620938733493,11.020047486825293
289,0,-0.9544055299292257,0.29851312272748404,45.362063349649056,11.020057304956527
290,0,-0.9544055299292257,0.29851312272748404,45.362029920289764,11.020068152396094
291,0,-0.9544055299292257,0.29851312272748404,45.36199790049585,11.02007820860334
292,0,-0.9544055299292257,0.29851312272748404,45.36196600676543,11.020088709236104
293,0,-0.9544055299292257,0.29851312272748404,45.3619345483181,11.020098513033922
294,0,-0.9544055299292257,0.29851312272748404,45.36190175979907,11.020107809812972
295,0,-0.9544055299292257,0.29851312272748404,45.36187144464577,11.020118794107892
296,0,-0.9544055299292257,0.29851312272748404,45.36183982468785,11.020127187459805
297,0,-0.9544055299292257,0.29851312272748404,45.36180717721188,11.02013692955886
298,0,-0.9544055299292257,0.29851312272748404,45.36177491085553,11.020149301811625
299,0,-0.9544055299292257,0.29851312272748404,45.36174297275226,11.0201578389689
300,0,-0.9544055299292257,0.29851312272748404,45.361710749258584,11.020168248463175
301,0,-0.9544055299292257,0.29851312272748404,45.36167892194138,11.020178000023517
302,0,-0.9544055299292257,0.29851312272748404,45.36164648758418,11.020187040798387
303,0,-0.9544055299292257,0.29851312272748404,45.36161538771697,11.020197258884215
304,0,-0.9544055299292257,0.29851312272748404,45.36158418967649,11.020207356746655
305,0,-0.9544055299292257,0.29851312272748404,45.361551952449716,11.020217884218614
306,0,-0.9544055299292257,0.29851312272748404,45.36151902564934,11.020226784115582
307,0,-0.9544055299292257,0.29851312272748404,45.36148759188301,11.020237585130248
308,0,-0.9544055299292257,0.29851312272748404,45.36145486338879,11.02024770334342
309,0,-0.9544055299292257,0.29851312272748404,45.361424774342,11.020257067297193
310,0,-0.9544055299292257,0.29851312272748404,45.36139120885173,11.020267854898147
311,0,-0.9544055299292257,0.29851312272748404,45.361360678885305,11.020277011803667
312,0,-0.9544055299292257,0.29851312272748404,45.36132821002422,11.020288668445938
313,0,-0.9544055299292257,0.29851312272748404,45.36129646624418,11.02029799085579
314,0,-0.9544055299292257,0.29851312272748404,45.361264699972416,11.020307732329567
315,0,-0.9544055299292257,0.29851312272748404,45.36123206910863,11.020316984460488
316,0,-0.9544055299292257,0.29851312272748404,45.36120052547102,11.020327796850223
317,0,-0.9544055299292257,0.29851312272748404,45.36116823919546,11.020337277407394
318,0,-0.9544055299292257,0.29851312272748404,45.36113654139205,11.020347382621098
319,0,-0.9544055299292257,0.29851312272748404,45.36110417952342,11.020357617895195
320,0,-0.9544055299292257,0.29851312272748404,45.36107285903188,11.020368023816504
321,0,-0.9544055299292257,0.29851312272748404,45.36104099116319,11.020377882191484
322,0,-0.9544055299292257,0.29851312272748404,45.361008335179434,11.020388197311703
323,0,-0.9544055299292257,0.29851312272748404,45.36097647062578,11.020397170097016
324,0,-0.9544055299292257,0.29851312272748404,45.3609449887276,11.020407217422482
325,0,-0.9544055299292257,0.29851312272748404,45.36091316761167,11.0204172135011
326,0,-0.9544055299292257,0.29851312272748404,45.360881263712876,11.020427510510824
327,0,-0.9544055299292257,0.29851312272748404,45.3608495537162,11.020437157540888
328,0,-0.9544055299292257,0.29851312272748404,45.3608174642817,11.020448364520426
329,0,-0.9544055299292257,0.29851312272748404,45.360785371353295,11.02045724965461
330,0,-0.9544055299292257,0.29851312272748404,45.36075434163307,11.020468189611021
331,0,-0.9544055299292257,0.29851312272748404,45.36072150796591,11.020477555471738
332,0,-0.9544055299292257,0.29851312272748404,45.3606895353608,11.020487462167285
333,0,-0.9544055299292257,0.29851312272748404,45.360657246905454,11.020497537536011
334,0,-0.9544055299292257,0.29851312272748404,45.36062630960574,11.020507215931346
335,0,-0.9544055299292257,0.29851312272748404,45.36059421212122,11.020517323605558
336,0,-0.9544055299292257,0.29851312272748404,45.36056286164048,11.020527467617805
337,0,-0.9544055299292257,0.29851312272748404,45.36053044183327,11.020536656416647
338,0,-0.9544055299292257,0.29851312272748404,45.3604978212718,11.02054737029592
339,0,-0.9544055299292257,0.29851312272748404,45.36046601917116,11.02055794094264
340,0,-0.9544055299292257,0.29851312272748404,45.36043478408782,11.020567709404865
341,0,-0.9544055299292257,0.29851312272748404,45.36040187004042,11.020577049638707
342,0,-0.9544055299292257,0.29851312272748404,45.36036979184911,11.02058654629625
343,0,-0.9544055299292257,0.29851312272748404,45.36033846868463,11.020597161966428
344,0,-0.9544055299292257,0.29851312272748404,45.360306860716,11.020607480468318
345,0,-0.9544055299292257,0.29851312272748404,45.360273938260015,11.020617517404663
346,0,-0.9544055299292257,0.29851312272748404,45.360242284772205,11.020627367989265
347,0,-0.9544055299292257,0.29851312272748404,45.36021082562752,11.020636431157174
348,0,-0.9544055299292257,0.29851312272748404,45.36017897673223,11.020647038016337
349,0,-0.9544055299292257,0.29851312272748404,45.36014699561343,11.020656220938665
350,0,-0.9544055299292257,0.29851312272748404,45.36011508423,11.020666608605534
351,0,-0.9544055299292257,0.29851312272748404,45.36008269115185,11.020677816378354
352,0,-0.9544055299292257,0.29851312272748404,45.36005076159891,11.020686521953078
353,0,-0.9544055299292257,0.29851312272748404,45.36001870825093,11.020698822475895
354,0,-0.9544055299292257,0.29851312272748404,45.359987404286244,11.02070688687504
355,0,-0.9544055299292257,0.29851312272748404,45.35995583400927,11.020716743776644
356,0,-0.9544055299292257,0.29851312272748404,45.35992311117773,11.020726047388408
357,0,-0.9544055299292257,0.29851312272748404,45.35989149904666,11.020737408314696
358,0,-0.9544055299292257,0.29851312272748404,45.35986066695399,11.020747188175193
359,0,-0.9544055299292257,0.29851312272748404,45.35982749780057,11.020757157976742
360,0,-0.9544055299292257,0.29851312272748404,45.359796133976616,11.020766220236922
361,0,-0.9544055299292257,0.29851312272748404,45.35976288405581,11.020777242586574
362,0,-0.9544055299292257,0.29851312272748404,45.35973252216824,11.020787050253995
363,0,-0.9544055299292257,0.29851312272748404,45.35970006,11.02079678
364,0,0.18563850809759755,0.9826181070544641,45.359699128884586,11.020802905266601
365,0,0.18563850809759755,0.9826181070544641,45.359701882639705,11.020807790009936
366,0,0.18563850809759755,0.9826181070544641,45.35970350779114,11.020813487100908
367,0,0.18563850809759755,0.9826181070544641,45.359704365769346,11.020819489655716
368,0,0.18563850809759755,0.9826181070544641,45.35970581641484,11.020824932066501
369,0,0.18563850809759755,0.9826181070544641,45.35970695067263,11.020830469419156
370,0,0.18563850809759755,0.9826181070544641,45.359707918594815,11.020835493027782
371,0,0.18563850809759755,0.9826181070544641,45.35970834057951,11.020840795592283
372,0,0.18563850809759755,0.9826181070544641,45.35970946025972,11.02084585401852
373,0,0.18563850809759755,0.9826181070544641,45.359710381030695,11.020852270537457
374,0,0.18563850809759755,0.9826181070544641,45.359711521995266,11.02085776164603
375,0,0.18563850809759755,0.9826181070544641,45.35971291274377,11.020863757279574
376,0,0.18563850809759755,0.9826181070544641,45.3597136958285,11.020868373514082
377,0,0.18563850809759755,0.9826181070544641,45.35971475622936,11.020875092854954
