,Sin,Cosin,Lat,Lon
0,0.9588438421254575,-0.2839339472801565,45.35965454037424,11.020597925505347
1,0.9502657071086903,-0.31144034082504596,45.35968322678481,11.020581917577683
2,0.9478058689235058,-0.31884798075910425,45.35972044229581,11.020586672052218
3,0.9548394587572796,-0.29712221054661236,45.359748857076916,11.020567752878481
4,0.9584280479534516,-0.28533432477733234,45.35977757967236,11.020558197520522
5,0.9537285721457323,-0.3006689386565611,45.35981908582039,11.020545941094475
6,0.9620411075420647,-0.2729045756289868,45.359857071596835,11.020538226599077
7,0.9502814631758922,-0.31139226185678626,45.35987832087984,11.02051816704611
8,0.9581779286084143,-0.2861731243979566,45.35991633757496,11.020517521038254
9,0.9550982406808973,-0.2962893022845319,45.359944797447525,11.020505701260229
10,0.9599069177656513,-0.2803189419672653,45.359975741207606,11.020495768030697
11,0.9607392159796511,-0.27745298498809723,45.36001385309086,11.020488561595668
12,0.942021032869974,-0.3355538311964079,45.3600458858879,11.020478479062682
13,0.9491303144286929,-0.31488354392138457,45.360075636096916,11.020475220643059
14,0.9545103780955096,-0.2981776955239396,45.360115484065986,11.02046508180184
15,0.9523365612294422,-0.30504929789409585,45.360145911173426,11.020455963205054
16,0.9393642200991668,-0.34292107254801973,45.36017724564736,11.020449883177262
17,0.9298436597986144,-0.3679548455073239,45.36020765215227,11.02043933641041
18,0.9499572998645474,-0.3123797823708483,45.36023956852572,11.020440069427531
19,0.9388186294175567,-0.34441193512789364,45.360268343892976,11.02042952103842
20,0.930124155721176,-0.36724522453528174,45.360303229743415,11.020416593307242
21,0.9343914940982745,-0.35624785719607394,45.36033599010783,11.020413871693826
22,0.935800843851096,-0.35252912028310035,45.360381304470685,11.020403835269725
23,0.9390244905428772,-0.34385026706502636,45.36041020129169,11.020397950940023
24,0.9299124305493732,-0.36778101026257065,45.36044476139275,11.020388598015867
25,0.9386657108123587,-0.3448284839527172,45.360475025626734,11.020394333681125
26,0.9245145558955021,-0.3811467380646755,45.36051043008451,11.0203933360313
27,0.9289933768039583,-0.37009634671849817,45.36054881145546,11.02037850103547
28,0.9328903304934816,-0.36016056318226,45.36058258529099,11.020379619819964
29,0.9379312881525901,-0.34682113358966893,45.36061323658291,11.02037524041976
30,0.9284162125886058,-0.3715418364096143,45.360648896615515,11.020362471173229
31,0.9244681610403706,-0.38125925460588567,45.36068141838922,11.020364558848856
32,0.9217706630842574,-0.387735534452555,45.3607153434557,11.02037006325902
33,0.926710335145685,-0.37577646910653184,45.36075381914872,11.020369697775156
34,0.923604892167733,-0.3833458010254322,45.36078765853756,11.020355979911884
35,0.9093179933375555,-0.41610189496391564,45.36081690272571,11.020360761427579
36,0.9152583846084287,-0.4028673347442922,45.36085027186275,11.020350174001946
37,0.9132731856594026,-0.4073476259357924,45.36088829795214,11.02034091740715
38,0.9207889265475138,-0.39006121666666277,45.36093375648693,11.020339298219753
39,0.9173629323497814,-0.39805181867517003,45.36095048851548,11.0203369314379
40,0.9236938729086314,-0.38313134712661295,45.36099237469725,11.020319423355735
41,0.917959896440433,-0.39667320117077426,45.361021362232805,11.020331937922148
42,0.9239895513895908,-0.38241771523147655,45.36105704527133,11.020321342958246
43,0.9057126112411893,-0.4238922809378184,45.361079917649626,11.020310597749905
44,0.9308266824196423,-0.3654609244442453,45.361119687720524,11.020303471275904
45,0.9182485687287578,-0.39600450253448843,45.361147073052855,11.020280168063769
46,0.915881014985157,-0.40144983047668453,45.3611746938643,11.020280741366554
47,0.9227242038746144,-0.38546081977804064,45.36121471731177,11.02025700421314
48,0.9274691950350172,-0.37389957510152,45.36124149053659,11.020261704348489
49,0.9170617519282036,-0.3987452108181037,45.36128611751047,11.020242247440505
50,0.9456708403674019,-0.32512560907872506,45.3613093575903,11.020226978328516
51,0.9304851851806283,-0.3663295240072412,45.36134197841424,11.0202035046771
52,0.9227677708907797,-0.3853565115646309,45.3613809133888,11.020192728407652
53,0.9297938889844517,-0.3680805944452508,45.3613961277544,11.020171954791202
54,0.9329949910772504,-0.3598893533084321,45.361444510937694,11.020152303047482
55,0.9433199694008072,-0.33188467173049757,45.3614646321051,11.020140408653095
56,0.9413704268547229,-0.33737474630350855,45.36150832447266,11.020126528904042
57,0.9432601615199631,-0.3320546155218042,45.36153369638374,11.020117274869325
58,0.9339961337508639,-0.3572831120252376,45.36156121526243,11.020089443578453
59,0.93414423294181,-0.35689571594733016,45.361601555948624,11.020068835752227
60,0.9467040565078606,-0.3221046870065097,45.3616229248895,11.020058434232178
61,0.9424290588223171,-0.33440614391377665,45.36165557932936,11.020049794711836
62,0.9462550829566942,-0.32342127013945704,45.36167919259758,11.02003231074963
63,0.9444475971787789,-0.3286620394618625,45.36171617710538,11.020012994892836
64,0.9442985395246949,-0.3290900610038662,45.361746469408715,11.020000493042279
65,0.9395423257475246,-0.34243279359449835,45.36177837350833,11.01997917420744
66,0.9440068574117022,-0.32992582978554763,45.361817658470514,11.019962447949121
67,0.9542636079210305,-0.2989664974500283,45.36183105996912,11.019953962917132
68,0.9499913518796553,-0.3122762100350664,45.36187374011207,11.019935456838207
69,0.9610385235212417,-0.27641446472301634,45.36191512929741,11.01991896864507
70,0.9460524217334884,-0.32401360362213477,45.361922849370686,11.019916770149427
71,0.9499868112606477,-0.3122900229447405,45.361971489829436,11.019899801713214
72,0.9438160047372535,-0.33047140451453394,45.361996143303905,11.01988929398159
73,0.9538901277371397,-0.30015599978281865,45.362023993597056,11.019873449511913
74,0.9569327131752573,-0.29030980426957814,45.36206075295453,11.019864075348757
75,0.9428553048692415,-0.3332024520917121,45.36209843836873,11.019858415427237
76,0.9489067416660045,-0.315556644076474,45.36212649170334,11.019840469371479
77,0.9447995683546817,-0.32764886027088086,45.36216516987526,11.019821049322724
78,0.9545189082620027,-0.2981503878419654,45.362191634620736,11.019815748619092
79,0.95268991955008,-0.30394393757346455,45.36222660586744,11.019811417061135
80,0.16033449136557962,0.987062739079204,45.36225308100607,11.019792457299957
81,0.13382002936840162,0.991005650710348,45.362254813283336,11.019794175145705
82,0.1097096925250437,0.9939636730615764,45.362266856959124,11.019803436550651
83,0.1383626913795467,0.9903816262604069,45.362263965886896,11.019807685182075
84,0.15929689116086565,0.9872307230158932,45.36225770424779,11.019811766052772
85,0.13787355776075225,0.9904498382403788,45.362259575745426,11.01982829684793
86,0.13394332052121644,0.9909889943323037,45.36226974230709,11.019836920562684
87,0.10529607675599599,0.9944409164046879,45.36226077561301,11.019833204437214
88,0.15624641851047286,0.9877181058898588,45.36226573337268,11.019843609531103
89,0.11346046250624363,0.9935425121492635,45.36226818221061,11.019849311337587
90,-0.9467273230622817,0.32203629572972997,45.36227090079866,11.019850889677578
91,-0.952550122820851,0.3043817726375572,45.36223583084461,11.019863290431983
92,-0.9564709831184733,0.2918274463657954,45.36220332578485,11.019860889719219
93,-0.9585650072815562,0.28487387878728027,45.362169571970824,11.019879633127093
94,-0.9511195881754058,0.308822811639695,45.362136371940174,11.01989048582254
95,-0.9478195349927401,0.3188073541908123,45.36210620051184,11.019893013374764
96,-0.949734689233295,0.31305593760051365,45.362083940385645,11.019910473024828
97,-0.9551889106490853,0.2959968664918832,45.36203814931876,11.019925119742432
98,-0.9583223610542504,0.28568908327656994,45.362006980774325,11.019934126189023
99,-0.9485160639127342,0.3167290269291621,45.361982739580434,11.01994771254584
100,-0.9516406846881305,0.3072132927565248,45.361946901072194,11.019942389798091
101,-0.9562496876572426,0.29255176440320096,45.3619136302023,11.019955854922578
102,-0.9478701598291397,0.31865680614962727,45.361886605326035,11.019964218529168
103,-0.94603620088859,0.32406096125310035,45.361861087983186,11.01997829033464
104,-0.9523311640034556,0.30506614703670953,45.36181759771885,11.01999699126009
105,-0.9413224813971429,0.33750849769498487,45.36177993308341,11.02001029347411
106,-0.9572785796399949,0.28916728888730486,45.36175235789469,11.020015691341822
107,-0.9544054635036988,0.29851333510295625,45.36172148507647,11.020033032587722
108,-0.9553599590649322,0.29544432405353643,45.36168252221298,11.020026953959196
109,-0.9535553107843161,0.30121797634773795,45.36164747642884,11.020039185392633
110,-0.9511107415403074,0.30885005638116136,45.36162225014038,11.02006388982168
111,-0.9572284319224956,0.28933324924591747,45.36159308580024,11.02005226130617
112,-0.9503871865150011,0.31106943872405807,45.36154059140675,11.020078355310014
113,-0.9502005889814626,0.31163895889198695,45.361519072849326,11.020092610975732
114,-0.9526735364193462,0.30399528451319224,45.36149258124729,11.02009000642593
115,-0.9565584568025868,0.29154059531985205,45.36146843560429,11.020097863971934
116,-0.9571696370621142,0.2895276945067267,45.361430925289206,11.0201203611803
117,-0.9475344913639181,0.3196535431928152,45.36138494726843,11.020126013966824
118,-0.9516322475585781,0.30723942684266453,45.361362623317426,11.020134275544375
119,-0.9536858512150063,0.30080441684308595,45.36133270746732,11.020146353006062
120,-0.950352980596133,0.31117392608000766,45.36130082921453,11.020156473498794
121,-0.9563051838410244,0.29237030519323387,45.36125811624086,11.020170485522604
122,-0.9587074466455762,0.28439414857960715,45.36123385152892,11.0201748220628
123,-0.9549543062887307,0.29675288187414306,45.361205137775876,11.020185517574848
124,-0.9635506001329508,0.26752615009271585,45.36117127446815,11.020199468302774
125,-0.9431738281346865,0.3322997591358753,45.36113043362729,11.020206742947318
126,-0.961313934662881,0.27545511253736094,45.361093517346944,11.020212019937976
127,-0.9565250195978033,0.2916502818161197,45.36106241279512,11.020224715595466
128,-0.9454514353373272,0.32576307866083853,45.36104448292489,11.020235786810677
129,-0.9552499528354116,0.29579981002012806,45.361012666239624,11.020248875489965
130,-0.9513568364214743,0.30809117123689916,45.36097818295499,11.020254609652506
131,-0.9506891451616413,0.31014536796771236,45.360944547729105,11.020269208114641
132,-0.9469295722134842,0.3214411069972038,45.36090511541261,11.020273960215071
133,-0.9507698287888544,0.30989793911030195,45.360884462799234,11.020298671575288
134,-0.95031302712798,0.3112959210636321,45.36084301027376,11.020292953396591
135,-0.9517151693469983,0.30698246926300926,45.36081111162238,11.020301719325648
136,-0.9510530757300331,0.3090275831450067,45.3607786962872,11.020315197377322
137,-0.9573666380078146,0.2888756141137807,45.360748088896294,11.020333753243836
138,-0.9571927777246975,0.28945118115440105,45.360711531403574,11.020346437554018
139,-0.9565956208725723,0.29141863037118576,45.360674291609165,11.020353964337616
140,-0.9575741686789898,0.28818693842494253,45.36065438593908,11.020354613591179
141,-0.9594773038719957,0.28178591759441424,45.36061466654533,11.020371753812999
142,-0.9484894351800865,0.3168087614820025,45.36058869189458,11.020378336178014
143,-0.9549945252106039,0.29662342594234414,45.36055466355361,11.020374164849876
144,-0.9444992245078212,0.32851364492837176,45.360525737414875,11.020406775851189
145,-0.9524540630464251,0.3046822242703968,45.36049528602472,11.02040932665066
146,-0.9560752717464125,0.2931212628845329,45.36046167362225,11.020425057192506
147,-0.948355653081159,0.31720900880808606,45.3604145010218,11.020430646364536
148,-0.9534063527348872,0.30168912238388707,45.36038585082137,11.020442156368752
149,-0.9596280888319754,0.2812719878066252,45.36035629754774,11.0204563687637
150,-0.953122166025944,0.3025857508707453,45.36032374038525,11.020461939684079
151,-0.9578131500282939,0.28739166590713267,45.360292452879335,11.020469137740545
152,-0.9518105641354346,0.3066865663836381,45.36027071582276,11.020479716917306
153,-0.9555728227986829,0.29475511925759124,45.36023491743804,11.020493799784916
154,-0.9558299751391306,0.2939201568887867,45.36019050834403,11.020503905414168
155,-0.9551288184262657,0.29619071594438184,45.360172666388216,11.020515855440028
156,-0.9540359089832823,0.2996923161685036,45.36013024184682,11.020521286839802
157,-0.9490452778045869,0.31513974785293963,45.36009579237227,11.020526491861668
158,-0.9490514170860418,0.3151212587671228,45.36007296396928,11.020539641805156
159,-0.9589508446903156,0.28357234961774797,45.360032557861274,11.020558952535815
160,-0.946455739795705,0.32283359894497493,45.36000027448602,11.020560736520515
161,-0.9596664753315026,0.2811409897628064,45.35996996725172,11.020558579742438
162,-0.9540473408777983,0.29965592162345495,45.35993213066883,11.02058039929061
163,-0.9500785799887075,0.312010723928908,45.35990202843948,11.020593886293941
164,-0.9522348333653516,0.3053667010753809,45.359868485469555,11.020602902990593
165,-0.9516005171146599,0.30733769021568424,45.35983804302551,11.020616575532118
166,-0.9548890934334031,0.29696265630872426,45.359804801230375,11.02061840819215
167,-0.9626877898625875,0.2706145215051966,45.35977038300816,11.0206300273226
168,-0.9549950578092017,0.29662171120806285,45.35974033460858,11.020649054811997
169,-0.9487505733425332,0.31602586853328096,45.359713584485945,11.020655864563388
170,0.15019074691424122,0.9886570383815322,45.35967667594464,11.020664218946868
171,0.09914145748606511,0.995073349762488,45.35967347468279,11.020664814915765
172,0.1060177088827691,0.9943642418164726,45.35968276272918,11.020673771944649
173,0.1413492014275086,0.9899597988079141,45.35968091980086,11.020685989021986
174,0.1067399557541768,0.994286971575911,45.35968571639296,11.020693874109783
175,0.17023773927399735,0.9854030201531141,45.35968522015773,11.020699226258532
176,0.11780364325484823,0.9930369084962978,45.35968358123597,11.02070039305301
177,0.14379903375779265,0.9896069107935358,45.35968731584729,11.020712489505748
178,0.14461939666401835,0.9894873572252125,45.35968701334812,11.020710294924129
179,0.10524903728929329,0.9944458960394361,45.3596917523783,11.02072548845631
