,Sin,Cosin,Lat,Lon
0,0.9537169507482269,0.30070579950427306,45.3596665575,11.020597651
1,0.955040636077442,0.2964749288570535,45.35969527044579,11.020587131221571
2,0.955040636077442,0.2964749288570535,45.35972653988537,11.02057372652952
3,0.955040636077442,0.2964749288570535,45.35975348578891,11.020573394079756
4,0.955040636077442,0.2964749288570535,45.359790769910155,11.020552289282003
5,0.955040636077442,0.2964749288570535,45.359811466591275,11.020544567460174
6,0.955040636077442,0.2964749288570535,45.35985728240013,11.020539347748613
7,0.955040636077442,0.2964749288570535,45.35988318521991,11.020534640537539
8,0.955040636077442,0.2964749288570535,45.35990633611797,11.020514751834973
9,0.955040636077442,0.2964749288570535,45.359943611977705,11.020524503780342
10,0.955040636077442,0.2964749288570535,45.35997368563048,11.020508912855506
11,0.955040636077442,0.2964749288570535,45.35999879843041,11.020492802453797
12,0.955040636077442,0.2964749288570535,45.36003860782932,11.020478644615613
13,0.955040636077442,0.2964749288570535,45.360069288717966,11.02047829952718
14,0.955040636077442,0.2964749288570535,45.3600956442615,11.020472071738048
15,0.955040636077442,0.2964749288570535,45.36012393900209,11.02045427480459
16,0.955040636077442,0.2964749288570535,45.36016066326156,11.020446674490545
17,0.955040636077442,0.2964749288570535,45.360181947777555,11.020438753985452
18,0.955040636077442,0.2964749288570535,45.36020949190165,11.020424386202077
19,0.955040636077442,0.2964749288570535,45.36025256783423,11.02041555812999
20,0.955040636077442,0.2964749288570535,45.36027235099935,11.020405212371044
21,0.955040636077442,0.2964749288570535,45.360312939861224,11.020399937329461
22,0.955040636077442,0.2964749288570535,45.360338104903306,11.02039057490558
23,0.955040636077442,0.2964749288570535,45.36036843786302,11.020381960251303
24,0.955040636077442,0.2964749288570535,45.36039312590432,11.020371634343094
25,0.955040636077442,0.2964749288570535,45.36042036051841,11.020360829875548
26,0.955040636077442,0.2964749288570535,45.360460450368514,11.020351625550283
27,0.955040636077442,0.2964749288570535,45.36049671824069,11.020343446130786
28,0.955040636077442,0.2964749288570535,45.360527043533644,11.020331383156634
29,0.955040636077442,0.2964749288570535,45.36054915028363,11.020321829938144
30,0.955040636077442,0.2964749288570535,45.36057637578231,11.0203126921452
31,0.955040636077442,0.2964749288570535,45.360611657005215,11.020302183514781
32,0.955040636077442,0.2964749288570535,45.36064625162126,11.020289133490937
33,0.955040636077442,0.2964749288570535,45.36066365021502,11.020286375299918
34,0.955040636077442,0.2964749288570535,45.360702304722096,11.020275719072236
35,0.955040636077442,0.2964749288570535,45.360729413576,11.020267271387858
36,0.955040636077442,0.2964749288570535,45.36076204096229,11.020254318191071
37,0.955040636077442,0.2964749288570535,45.360791367339054,11.020245576135434
38,0.955040636077442,0.2964749288570535,45.360830180019995,11.020237736593465
39,0.955040636077442,0.2964749288570535,45.36085457063747,11.020226951791434
40,0.955040636077442,0.2964749288570535,45.360881085950794,11.020220142314184
41,0.955040636077442,0.2964749288570535,45.36092050639133,11.020208044809573
42,0.955040636077442,0.2964749288570535,45.360949827013904,11.020204399651615
43,0.955040636077442,0.2964749288570535,45.360982167511786,11.020196743852932
44,0.955040636077442,0.2964749288570535,45.361002466471916,11.02018451363002
45,0.955040636077442,0.2964749288570535,45.36103998512812,11.020168518538151
46,0.955040636077442,0.2964749288570535,45.36106244273003,11.020159016994928
47,0.955040636077442,0.2964749288570535,45.36110441735289,11.02015046060372
48,0.955040636077442,0.2964749288570535,45.361117598240945,11.020146311435857
49,0.955040636077442,0.2964749288570535,45.361156260842115,11.020131164950476
50,0.955040636077442,0.2964749288570535,45.361186858278906,11.020115424458622
51,0.955040636077442,0.2964749288570535,45.361215490545575,11.020112543627617
52,0.955040636077442,0.2964749288570535,45.361256139667944,11.02010819156608
53,0.955040636077442,0.2964749288570535,45.36127646286326,11.02009702235511
54,0.955040636077442,0.2964749288570535,45.36131045976427,11.020081694759796
55,0.955040636077442,0.2964749288570535,45.361336857781325,11.020080657765664
56,0.955040636077442,0.2964749288570535,45.36137273981797,11.020079460933877
57,0.955040636077442,0.2964749288570535,45.361398809196395,11.020054386221103
58,0.955040636077442,0.2964749288570535,45.361438253357626,11.0200526329501
59,0.955040636077442,0.2964749288570535,45.361465547654234,11.02004590739842
60,0.955040636077442,0.2964749288570535,45.361497947225956,11.020034476387515
61,0.955040636077442,0.2964749288570535,45.36152268466644,11.020019478220295
62,0.955040636077442,0.2964749288570535,45.36154365627446,11.0200097919861
63,0.955040636077442,0.2964749288570535,45.36159187824785,11.020002726912443
64,0.955040636077442,0.2964749288570535,45.3616094914294,11.019990772327171
65,0.955040636077442,0.2964749288570535,45.36165093593461,11.019978503719814
66,0.955040636077442,0.2964749288570535,45.36168018677231,11.019980773090236
67,0.955040636077442,0.2964749288570535,45.3617027192606,11.019963125468848
68,0.955040636077442,0.2964749288570535,45.361747187141745,11.01994592989325
69,0.955040636077442,0.2964749288570535,45.361763173260805,11.019954018441888
70,0.955040636077442,0.2964749288570535,45.361798461089606,11.01993225488502
71,0.955040636077442,0.2964749288570535,45.361821522339014,11.019926976486348
72,0.955040636077442,0.2964749288570535,45.36185890143158,11.019918420814603
73,0.955040636077442,0.2964749288570535,45.361892675887276,11.019900977157707
74,0.955040636077442,0.2964749288570535,45.36192055320694,11.019895065678588
75,0.955040636077442,0.2964749288570535,45.3619608787538,11.019888844307827
76,0.955040636077442,0.2964749288570535,45.36198265988221,11.019877329256621
77,0.955040636077442,0.2964749288570535,45.36201605396425,11.019862965551518
78,0.955040636077442,0.2964749288570535,45.36204347274379,11.019857770599852
79,0.955040636077442,0.2964749288570535,45.36207399053324,11.01984497302357
80,0.955040636077442,0.2964749288570535,45.3621028157093,11.019839634201238
81,0.955040636077442,0.2964749288570535,45.36213218747444,11.019834830141056
82,0.955040636077442,0.2964749288570535,45.36216381078281,11.019825814575972
83,0.955040636077442,0.2964749288570535,45.3621931423684,11.019811689623419
84,0.955040636077442,0.2964749288570535,45.362218895118296,11.019799895935908
85,0.955040636077442,0.2964749288570535,45.36225589,11.01979384
86,0.1871863868101744,0.9823244151465196,45.3622544855265,11.01979663855049
87,0.1871863868101744,0.9823244151465196,45.362258406818384,11.01979518756485
88,0.1871863868101744,0.9823244151465196,45.362247192691015,11.01981432786067
89,0.1871863868101744,0.9823244151465196,45.36225308368438,11.019809269732603
90,0.1871863868101744,0.9823244151465196,45.362259252991095,11.019817072286383
91,0.1871863868101744,0.9823244151465196,45.362260619167394,11.019826380533955
92,0.1871863868101744,0.9823244151465196,45.3622606365515,11.019823433020303
93,0.1871863868101744,0.9823244151465196,45.36226868998634,11.019840421099481
94,0.1871863868101744,0.9823244151465196,45.36226321613068,11.019839442474273
95,0.1871863868101744,0.9823244151465196,45.36227047563853,11.019835429348982
96,0.1871863868101744,0.9823244151465196,45.36226582494204,11.019843800450424
97,0.1871863868101744,0.9823244151465196,45.36226809503983,11.01985058519666
98,0.1871863868101744,0.9823244151465196,45.36226747,11.01985461
99,-0.954287848765298,0.29888911271389534,45.362233932415116,11.019860062723087
100,-0.954287848765298,0.29888911271389534,45.36219560899682,11.019868875903134
101,-0.954287848765298,0.29888911271389534,45.36215006154731,11.019878096374786
102,-0.954287848765298,0.29888911271389534,45.36213724880966,11.019899615871541
103,-0.954287848765298,0.29888911271389534,45.36209613759271,11.019910673240506
104,-0.954287848765298,0.29888911271389534,45.36205895323233,11.019916134828792
105,-0.954287848765298,0.29888911271389534,45.362021669980294,11.019929268156158
106,-0.954287848765298,0.29888911271389534,45.36198934566363,11.019940095850053
107,-0.954287848765298,0.29888911271389534,45.36195024773593,11.019949757089343
108,-0.954287848765298,0.29888911271389534,45.361916182028985,11.019967428851606
109,-0.954287848765298,0.29888911271389534,45.36189051998567,11.019973604851675
110,-0.954287848765298,0.29888911271389534,45.36185588248915,11.019987468807338
111,-0.954287848765298,0.29888911271389534,45.36182263636005,11.019990789382103
112,-0.954287848765298,0.29888911271389534,45.361786438261795,11.020012377334108
113,-0.954287848765298,0.29888911271389534,45.361740483013136,11.020017224476309
114,-0.954287848765298,0.29888911271389534,45.36171415834038,11.020028770450422
115,-0.954287848765298,0.29888911271389534,45.36168259805629,11.020051441849136
116,-0.954287848765298,0.29888911271389534,45.36164869929706,11.020056058225686
117,-0.954287848765298,0.29888911271389534,45.361605811231044,11.020057952321844
118,-0.954287848765298,0.29888911271389534,45.361582969302226,11.020067587356236
119,-0.954287848765298,0.29888911271389534,45.3615398592031,11.020077593473962
120,-0.954287848765298,0.29888911271389534,45.36150479455268,11.020092123655516
121,-0.954287848765298,0.29888911271389534,45.36146669372433,11.020107002300094
122,-0.954287848765298,0.29888911271389534,45.361434667515546,11.020111613932142
123,-0.954287848765298,0.29888911271389534,45.36141168341275,11.020127608026167
124,-0.954287848765298,0.29888911271389534,45.36136146970406,11.02013043525342
125,-0.954287848765298,0.29888911271389534,45.36133497705916,11.020142253444876
126,-0.954287848765298,0.29888911271389534,45.36130005623504,11.020161572667606
127,-0.954287848765298,0.29888911271389534,45.36126902448807,11.02016173203277
128,-0.954287848765298,0.29888911271389534,45.36123072618892,11.020176842535264
129,-0.954287848765298,0.29888911271389534,45.36120709414925,11.020192169722973
130,-0.954287848765298,0.29888911271389534,45.36116862950593,11.020192390308004
131,-0.954287848765298,0.29888911271389534,45.361135070926686,11.020205828913692
132,-0.954287848765298,0.29888911271389534,45.361094409065856,11.020221228062077
133,-0.954287848765298,0.29888911271389534,45.361062617478915,11.020237740774784
134,-0.954287848765298,0.29888911271389534,45.36102743816286,11.020242550915363
135,-0.954287848765298,0.29888911271389534,45.36099253163263,11.020266635352469
136,-0.954287848765298,0.29888911271389534,45.360953572503014,11.020271941217027
137,-0.954287848765298,0.29888911271389534,45.36092311998171,11.020281773268005
138,-0.954287848765298,0.29888911271389534,45.360890603912445,11.020296046743987
139,-0.954287848765298,0.29888911271389534,45.36085824288058,11.02030096258688
140,-0.954287848765298,0.29888911271389534,45.36081132061195,11.020303469328123
141,-0.954287848765298,0.29888911271389534,45.36078459469173,11.020322718774304
142,-0.954287848765298,0.29888911271389534,45.36075868120255,11.020336689419132
143,-0.954287848765298,0.29888911271389534,45.36071977991821,11.020338681863814
144,-0.954287848765298,0.29888911271389534,45.36067426934827,11.020344783151861
145,-0.954287848765298,0.29888911271389534,45.36063405178091,11.020365373479326
146,-0.954287848765298,0.29888911271389534,45.36059854648703,11.020374985806477
147,-0.954287848765298,0.29888911271389534,45.36057899879196,11.020379031245314
148,-0.954287848765298,0.29888911271389534,45.360544091333956,11.020400531520483
149,-0.954287848765298,0.29888911271389534,45.360517014710645,11.02041048964488
150,-0.954287848765298,0.29888911271389534,45.36047305699957,11.02041969371945
151,-0.954287848765298,0.29888911271389534,45.36043620605454,11.020421884982259
152,-0.954287848765298,0.29888911271389534,45.360406190681694,11.020433911584721
153,-0.954287848765298,0.29888911271389534,45.36037554286422,11.020443656675116
154,-0.954287848765298,0.29888911271389534,45.360336921696806,11.020462188362021
155,-0.954287848765298,0.29888911271389534,45.360303454692946,11.020468632259638
156,-0.954287848765298,0.29888911271389534,45.360266606066276,11.020479370436261
157,-0.954287848765298,0.29888911271389534,45.36024298017189,11.020497716400133
158,-0.954287848765298,0.29888911271389534,45.36019217498556,11.020499926704787
159,-0.954287848765298,0.29888911271389534,45.36016640356975,11.020512169085917
160,-0.954287848765298,0.29888911271389534,45.36012848105693,11.02052191931875
161,-0.954287848765298,0.29888911271389534,45.3601005052858,11.020538697510222
162,-0.954287848765298,0.29888911271389534,45.360059073281604,11.020548216930425
163,-0.954287848765298,0.29888911271389534,45.36001986725861,11.020553947828697
164,-0.954287848765298,0.29888911271389534,45.35998616054831,11.020568709291261
165,-0.954287848765298,0.29888911271389534,45.3599486054972,11.020583064193655
166,-0.954287848765298,0.29888911271389534,45.35991762531974,11.020587164616794
167,-0.954287848765298,0.29888911271389534,45.359884409750286,11.020612330947369
168,-0.954287848765298,0.29888911271389534,45.35985093932693,11.020619707553902
169,-0.954287848765298,0.29888911271389534,45.35982562774345,11.020619097100568
170,-0.954287848765298,0.29888911271389534,45.35978476106267,11.020630677126226
171,-0.954287848765298,0.29888911271389534,45.35975733380974,11.020649100910589
172,-0.954287848765298,0.29888911271389534,45.35972013762382,11.02065475080431
173,-0.954287848765298,0.29888911271389534,45.35967972,11.02066511
174,0.18092866714612515,0.9834962213474573,45.359684543259206,11.020671848637129
175,0.18092866714612515,0.9834962213474573,45.35967804952241,11.020678494282752
176,0.18092866714612515,0.9834962213474573,45.359688525833896,11.020688822688898
177,0.18092866714612515,0.9834962213474573,45.359677967020104,11.020676933090039
178,0.18092866714612515,0.9834962213474573,45.359681108270934,11.020689593231285
179,0.18092866714612515,0.9834962213474573,45.359685784299614,11.020687709165417
180,0.18092866714612515,0.9834962213474573,45.35968626425433,11.02070127704942
181,0.18092866714612515,0.9834962213474573,45.359684929701146,11.020705345220428
182,0.18092866714612515,0.9834962213474573,45.359698885353495,11.020711846388508
183,0.18092866714612515,0.9834962213474573,45.359689938948605,11.020713194709671
184,0.18092866714612515,0.9834962213474573,45.359691934058965,11.020717146073526
185,0.18092866714612515,0.9834962213474573,45.35968897291289,11.02073085687302
186,0.18092866714612515,0.9834962213474573,45.359694652611324,11.020729793682282
187,0.18092866714612515,0.9834962213474573,45.35968654766224,11.020743055871387
188,0.18092866714612515,0.9834962213474573,45.35969351,11.02074007
189,0.9528471844721362,0.30345056111914304,45.359726366359375,11.020727726524314
190,0.9528471844721362,0.30345056111914304,45.35975903898651,11.020717677564367
191,0.9528471844721362,0.30345056111914304,45.35980520654939,11.020707380184465
192,0.9528471844721362,0.30345056111914304,45.359826899144075,11.02069058697749
193,0.9528471844721362,0.30345056111914304,45.359870993129256,11.02068284581256
194,0.9528471844721362,0.30345056111914304,45.35990914249342,11.020672312913579
195,0.9528471844721362,0.30345056111914304,45.35995454066566,11.020666800673013
196,0.9528471844721362,0.30345056111914304,45.35998637708542,11.020646387363962
197,0.9528471844721362,0.30345056111914304,45.36002426046532,11.020634908968777
198,0.9528471844721362,0.30345056111914304,45.36004907075341,11.02062780845919
199,0.9528471844721362,0.30345056111914304,45.36007476800187,11.020612848574453
200,0.9528471844721362,0.30345056111914304,45.36011766526053,11.020606658664263
201,0.9528471844721362,0.30345056111914304,45.360151097244426,11.020587801829391
202,0.9528471844721362,0.30345056111914304,45.36018691328404,11.020574955866476
203,0.9528471844721362,0.30345056111914304,45.3602270514589,11.020565764040851
204,0.9528471844721362,0.30345056111914304,45.36026507684733,11.02056007581167
205,0.9528471844721362,0.30345056111914304,45.36029788134467,11.020535290118378
206,0.9528471844721362,0.30345056111914304,45.36033469869715,11.020534152255328
207,0.9528471844721362,0.30345056111914304,45.360370573554725,11.020524490361007
208,0.9528471844721362,0.30345056111914304,45.36041173465361,11.020516896096037
209,0.9528471844721362,0.30345056111914304,45.36045207631855,11.020494099513032
210,0.9528471844721362,0.30345056111914304,45.36048263828807,11.020491303398863
211,0.9528471844721362,0.30345056111914304,45.36052035922114,11.02047673903843
212,0.9528471844721362,0.30345056111914304,45.360535885249654,11.0204711121835
213,0.9528471844721362,0.30345056111914304,45.360594349569894,11.020453772240048
214,0.9528471844721362,0.30345056111914304,45.36063038786372,11.02044440627008
215,0.9528471844721362,0.30345056111914304,45.36066058734988,11.020431384125844
216,0.9528471844721362,0.30345056111914304,45.360695101123014,11.020412489155893
217,0.9528471844721362,0.30345056111914304,45.360734814433,11.02041532057753
218,0.9528471844721362,0.30345056111914304,45.360769722127095,11.02039436078372
219,0.9528471844721362,0.30345056111914304,45.360804189435434,11.020384957265483
220,0.9528471844721362,0.30345056111914304,45.360843636440414,11.020368521013504
221,0.9528471844721362,0.30345056111914304,45.36087963452341,11.020365252786254
222,0.9528471844721362,0.30345056111914304,45.36091735464235,11.02034593249373
223,0.9528471844721362,0.30345056111914304,45.36095147769695,11.020336450635355
224,0.9528471844721362,0.30345056111914304,45.36098604438559,11.020332294894166
225,0.9528471844721362,0.30345056111914304,45.361019985012604,11.02032145629668
226,0.9528471844721362,0.30345056111914304,45.36105370792521,11.020306769796132
227,0.9528471844721362,0.30345056111914304,45.36109715772812,11.020297228880656
228,0.9528471844721362,0.30345056111914304,45.36112392999463,11.020268966673727
229,0.9528471844721362,0.30345056111914304,45.361166328762735,11.02027932542265
230,0.9528471844721362,0.30345056111914304,45.36120316005698,11.02026573071632
231,0.9528471844721362,0.30345056111914304,45.36122949445145,11.02024060233445
232,0.9528471844721362,0.30345056111914304,45.36127060128615,11.020241408305296
233,0.9528471844721362,0.30345056111914304,45.361309697863824,11.02023535255764
234,0.9528471844721362,0.30345056111914304,45.36133329282036,11.020210249309859
235,0.9528471844721362,0.30345056111914304,45.36136997392853,11.020200244444359
236,0.9528471844721362,0.30345056111914304,45.36141621378812,11.020191591280179
237,0.9528471844721362,0.30345056111914304,45.36143549490378,11.020176117148933
238,0.9528471844721362,0.30345056111914304,45.36148632142707,11.020171900957777
239,0.9528471844721362,0.30345056111914304,45.361524152009224,11.020159901095592
240,0.9528471844721362,0.30345056111914304,45.361556327618835,11.020149558855506
241,0.9528471844721362,0.30345056111914304,45.36158364329945,11.02014029548315
242,0.9528471844721362,0.30345056111914304,45.361627079530074,11.020125230192404
243,0.9528471844721362,0.30345056111914304,45.361661266732085,11.020116933189694
244,0.9528471844721362,0.30345056111914304,45.36170983373919,11.02010821703601
245,0.9528471844721362,0.30345056111914304,45.36172421006509,11.020096742090596
246,0.9528471844721362,0.30345056111914304,45.36176528654867,11.020081521965972
247,0.9528471844721362,0.30345056111914304,45.36181561289502,11.020064858820653
248,0.9528471844721362,0.30345056111914304,45.3618384415304,11.020054457123559
249,0.9528471844721362,0.30345056111914304,45.36187822247595,11.02004638166492
250,0.9528471844721362,0.30345056111914304,45.36191397916458,11.020037869333242
251,0.9528471844721362,0.30345056111914304,45.3619542231981,11.020019572401246
252,0.9528471844721362,0.30345056111914304,45.36198647193787,11.020012363309478
253,0.9528471844721362,0.30345056111914304,45.36202579297303,11.019994806800389
254,0.9528471844721362,0.30345056111914304,45.36205789696924,11.019980997165854
255,0.9528471844721362,0.30345056111914304,45.362098051612534,11.019970117033294
256,0.9528471844721362,0.30345056111914304,45.362123228396435,11.019975666189705
257,0.9528471844721362,0.30345056111914304,45.3621692155554,11.019949251927889
258,0.9528471844721362,0.30345056111914304,45.36220456842771,11.019942831196017
259,0.9528471844721362,0.30345056111914304,45.36223003036245,11.019930823856537
260,0.9528471844721362,0.30345056111914304,45.36227073,11.01991931
261,0.2108778085845649,0.9775124295100148,45.362275471740446,11.019931836797666
262,0.2108778085845649,0.9775124295100148,45.36226644974173,11.019925311328652
263,0.2108778085845649,0.9775124295100148,45.362265972059454,11.019929345709059
264,0.2108778085845649,0.9775124295100148,45.36227237935801,11.019939188015345
265,0.2108778085845649,0.9775124295100148,45.36227262851961,11.019933335071732
266,0.2108778085845649,0.9775124295100148,45.36227316619648,11.019947228268208
267,0.2108778085845649,0.9775124295100148,45.36228082714347,11.019942594920224
268,0.2108778085845649,0.9775124295100148,45.36228490355977,11.019944095369057
269,0.2108778085845649,0.9775124295100148,45.362282859547705,11.019962152711717
270,0.2108778085845649,0.9775124295100148,45.36227532497221,11.01995644689835
271,0.2108778085845649,0.9775124295100148,45.36228175685865,11.019962102919402
272,0.2108778085845649,0.9775124295100148,45.36228117053216,11.019971728773854
273,0.2108778085845649,0.9775124295100148,45.36228468848017,11.019980403241966
274,0.2108778085845649,0.9775124295100148,45.36228337770625,11.01997383930702
275,0.2108778085845649,0.9775124295100148,45.362285474884615,11.019981455275884
276,0.2108778085845649,0.9775124295100148,45.362286362080795,11.019989540124078
277,0.2108778085845649,0.9775124295100148,45.36228557,11.0199881
278,-0.9544055299292257,0.29851312272748404,45.362259773520734,11.02000063292031
279,-0.9544055299292257,0.29851312272748404,45.36221410330402,11.02000346546561
280,-0.9544055299292257,0.29851312272748404,45.362183973725095,11.020019722380061
281,-0.9544055299292257,0.29851312272748404,45.36216303969553,11.020036371879728
282,-0.9544055299292257,0.29851312272748404,45.36212400733144,11.020039827893896
283,-0.9544055299292257,0.29851312272748404,45.36209444832613,11.020046742533
284,-0.9544055299292257,0.29851312272748404,45.362056857805825,11.020059756488422
285,-0.9544055299292257,0.29851312272748404,45.36202547565187,11.02006366155601
286,-0.9544055299292257,0.29851312272748404,45.361991987911736,11.020081530119086
287,-0.9544055299292257,0.29851312272748404,45.36196839685869,11.02008768372514
288,-0.9544055299292257,0.29851312272748404,45.36193814158608,11.02009733495234
289,-0.9544055299292257,0.29851312272748404,45.36190263567924,11.020114102778857
290,-0.9544055299292257,0.29851312272748404,45.361867944565475,11.020118404659378
291,-0.9544055299292257,0.29851312272748404,45.36184094691622,11.02012834919695
292,-0.9544055299292257,0.29851312272748404,45.36180768602639,11.020142915415045
293,-0.9544055299292257,0.29851312272748404,45.36177954471241,11.020143607478127
294,-0.9544055299292257,0.29851312272748404,45.36174392746404,11.020151160704282
295,-0.9544055299292257,0.29851312272748404,45.361715302875325,11.020170296242082
296,-0.9544055299292257,0.29851312272748404,45.36167264650717,11.020190955291527
297,-0.9544055299292257,0.29851312272748404,45.361640812439624,11.020194167575672
298,-0.9544055299292257,0.29851312272748404,45.36162272018024,11.020199221885678
299,-0.9544055299292257,0.29851312272748404,45.36157646378391,11.020212050139433
300,-0.9544055299292257,0.29851312272748404,45.36155174870677,11.020217781448943
301,-0.9544055299292257,0.29851312272748404,45.361524992287855,11.020233080897336
302,-0.9544055299292257,0.29851312272748404,45.361484488923104,11.020239678208297
303,-0.9544055299292257,0.29851312272748404,45.36146179900029,11.020254727236235
304,-0.9544055299292257,0.29851312272748404,45.36141774221204,11.02024897196157
305,-0.9544055299292257,0.29851312272748404,45.361394483518175,11.020268563872326
306,-0.9544055299292257,0.29851312272748404,45.36135417617209,11.020282268423836
307,-0.9544055299292257,0.29851312272748404,45.361333050335006,11.02028511385904
308,-0.9544055299292257,0.29851312272748404,45.36130015635608,11.020288759299609
309,-0.9544055299292257,0.29851312272748404,45.36127152041573,11.020307395843567
310,-0.9544055299292257,0.29851312272748404,45.36122706381927,11.020321868359336
311,-0.9544055299292257,0.29851312272748404,45.36120565254666,11.0203219331
312,-0.9544055299292257,0.29851312272748404,45.36115725225398,11.020338342383235
313,-0.9544055299292257,0.29851312272748404,45.361141843759725,11.02034485811201
314,-0.9544055299292257,0.29851312272748404,45.36110311421013,11.02034449959531
315,-0.9544055299292257,0.29851312272748404,45.36107931687081,11.020370121579035
316,-0.9544055299292257,0.29851312272748404,45.36104273112669,11.020382368453154
317,-0.9544055299292257,0.29851312272748404,45.3610091639308,11.020376766056089
318,-0.9544055299292257,0.29851312272748404,45.36097581825886,11.0203983061002
319,-0.9544055299292257,0.29851312272748404,45.3609477319862,11.02040076858088
320,-0.9544055299292257,0.29851312272748404,45.36091177694013,11.020422462832142
321,-0.9544055299292257,0.29851312272748404,45.36087598321225,11.020434698720576
322,-0.9544055299292257,0.29851312272748404,45.36085107895168,11.02043311652152
323,-0.9544055299292257,0.29851312272748404,45.36082440744774,11.020447843061017
324,-0.9544055299292257,0.29851312272748404,45.36078700794223,11.020460064752909
325,-0.9544055299292257,0.29851312272748404,45.36075314913763,11.020463670779067
326,-0.9544055299292257,0.29851312272748404,45.360722932755294,11.020481370344646
327,-0.9544055299292257,0.29851312272748404,45.36069683208989,11.020495755828351
328,-0.9544055299292257,0.29851312272748404,45.360658599171956,11.0204936200104
329,-0.9544055299292257,0.29851312272748404,45.36061956083688,11.020513828197268
330,-0.9544055299292257,0.29851312272748404,45.36059396294321,11.020511443001748
331,-0.9544055299292257,0.29851312272748404,45.36056152826569,11.020522779894494
332,-0.9544055299292257,0.29851312272748404,45.360529167516646,11.020536079070409
333,-0.9544055299292257,0.29851312272748404,45.36050487247508,11.020543359483971
334,-0.9544055299292257,0.29851312272748404,45.36046503071933,11.02055984203314
335,-0.9544055299292257,0.29851312272748404,45.360427872767325,11.020574230023753
336,-0.9544055299292257,0.29851312272748404,45.360398649698446,11.020572917857244
337,-0.9544055299292257,0.29851312272748404,45.36036769846597,11.020591337381761
338,-0.9544055299292257,0.29851312272748404,45.360340961222356,11.020597009282312
339,-0.9544055299292257,0.29851312272748404,45.36030834861102,11.020602200185508
340,-0.9544055299292257,0.29851312272748404,45.36026721893942,11.020620844386748
341,-0.9544055299292257,0.29851312272748404,45.360247915987486,11.020632127136487
342,-0.9544055299292257,0.29851312272748404,45.36021791166978,11.020639010463494
343,-0.9544055299292257,0.29851312272748404,45.360174204465565,11.020638167427476
344,-0.9544055299292257,0.29851312272748404,45.36015701416333,11.020656142708303
345,-0.9544055299292257,0.29851312272748404,45.36010475607425,11.020668122842103
346,-0.9544055299292257,0.29851312272748404,45.36007562593614,11.020671716390526
347,-0.9544055299292257,0.29851312272748404,45.36004913648773,11.020679857516603
348,-0.9544055299292257,0.29851312272748404,45.36002756024472,11.020693766928698
349,-0.9544055299292257,0.29851312272748404,45.35998845412445,11.020700588877462
350,-0.9544055299292257,0.29851312272748404,45.359962079595775,11.02072147024727
351,-0.9544055299292257,0.29851312272748404,45.35993032541758,11.020740263514583
352,-0.9544055299292257,0.29851312272748404,45.359899387929204,11.020730915825538
353,-0.9544055299292257,0.29851312272748404,45.35986659390425,11.020753742507658
354,-0.9544055299292257,0.29851312272748404,45.359826705218715,11.020748693622659
355,-0.9544055299292257,0.29851312272748404,45.35978846474471,11.020757416773343
356,-0.9544055299292257,0.29851312272748404,45.359762790948416,11.020777366568847
357,-0.9544055299292257,0.29851312272748404,45.35973633189239,11.020784804002576
358,-0.9544055299292257,0.29851312272748404,45.35970006,11.02079678
359,0.18563850809759755,0.9826181070544641,45.35969727624909,11.020807987475605
360,0.18563850809759755,0.9826181070544641,45.35969814223935,11.020804067261038
361,0.18563850809759755,0.9826181070544641,45.35971499629238,11.020813728765896
362,0.18563850809759755,0.9826181070544641,45.3596975457116,11.02081915776174
363,0.18563850809759755,0.9826181070544641,45.359705828998656,11.020820858654556
364,0.18563850809759755,0.9826181070544641,45.35971294110865,11.02082452933888
365,0.18563850809759755,0.9826181070544641,45.35971292516285,11.020838384915788
366,0.18563850809759755,0.9826181070544641,45.35970352211579,11.020838995717702
367,0.18563850809759755,0.9826181070544641,45.35970917144999,11.020850524213634
368,0.18563850809759755,0.9826181070544641,45.359705352573755,11.020850724446335
369,0.18563850809759755,0.9826181070544641,45.35971167158862,11.020850220327812
370,0.18563850809759755,0.9826181070544641,45.35971535419354,11.020859501507537
371,0.18563850809759755,0.9826181070544641,45.35970826466872,11.020867945790844
372,0.18563850809759755,0.9826181070544641,45.359712161337214,11.020871260963617
373,0.18563850809759755,0.9826181070544641,45.35971575,11.02087983
374,0.9539872079080639,0.29984730638739515,45.35974676792681,11.020870061177819
375,0.9539872079080639,0.29984730638739515,45.35977490427391,11.020866194238863
376,0.9539872079080639,0.29984730638739515,45.3598030178726,11.020845666419921
377,0.9539872079080639,0.29984730638739515,45.35983288167354,11.020847380556933
378,0.9539872079080639,0.29984730638739515,45.35985885754996,11.020836767590264
379,0.9539872079080639,0.29984730638739515,45.35989466472028,11.020819975959368
380,0.9539872079080639,0.29984730638739515,45.35992242032014,11.02081128171025
381,0.9539872079080639,0.29984730638739515,45.35994293274632,11.020807771881602
382,0.9539872079080639,0.29984730638739515,45.35998326702345,11.02079229859497
383,0.9539872079080639,0.29984730638739515,45.36002204511667,11.020788306300364
384,0.9539872079080639,0.29984730638739515,45.36003707909347,11.020783576020207
385,0.9539872079080639,0.29984730638739515,45.36007904339093,11.020775641509681
386,0.9539872079080639,0.29984730638739515,45.360102558441056,11.020754032955631
387,0.9539872079080639,0.29984730638739515,45.36013366656095,11.02075137567917
388,0.9539872079080639,0.29984730638739515,45.36015470723448,11.0207383127436
389,0.9539872079080639,0.29984730638739515,45.36018890743002,11.020728214282803
390,0.9539872079080639,0.29984730638739515,45.360225226366026,11.020717996538577
391,0.9539872079080639,0.29984730638739515,45.36024381115972,11.020699694373652
392,0.9539872079080639,0.29984730638739515,45.36027859042029,11.020699141080462
393,0.9539872079080639,0.29984730638739515,45.360306040897434,11.020698133757632
394,0.9539872079080639,0.29984730638739515,45.36033130135982,11.020688750732049
395,0.9539872079080639,0.29984730638739515,45.36037110030178,11.02066722940746
396,0.9539872079080639,0.29984730638739515,45.36039692086182,11.02066828643492
397,0.9539872079080639,0.29984730638739515,45.36042196292974,11.020656472418816
398,0.9539872079080639,0.29984730638739515,45.36046174535288,11.020642555574772
399,0.9539872079080639,0.29984730638739515,45.36049713999513,11.02063603760545
400,0.9539872079080639,0.29984730638739515,45.360523720240124,11.020634789110304
401,0.9539872079080639,0.29984730638739515,45.360548720769934,11.020628167826894
402,0.9539872079080639,0.29984730638739515,45.3605670577951,11.02060678892274
403,0.9539872079080639,0.29984730638739515,45.36061296700619,11.020599342255952
404,0.9539872079080639,0.29984730638739515,45.36064728858424,11.020583580502628
405,0.9539872079080639,0.29984730638739515,45.36067024438402,11.020583890657251
406,0.9539872079080639,0.29984730638739515,45.360693191087336,11.020570952515959
407,0.9539872079080639,0.29984730638739515,45.3607234308968,11.020558367218491
408,0.9539872079080639,0.29984730638739515,45.36075182818523,11.020553201881423
409,0.9539872079080639,0.29984730638739515,45.36078392131132,11.020544729804524
410,0.9539872079080639,0.29984730638739515,45.36081761990318,11.020538012046943
411,0.9539872079080639,0.29984730638739515,45.36084118338202,11.020524130241268
412,0.9539872079080639,0.29984730638739515,45.36087977284769,11.020506740064619
413,0.9539872079080639,0.29984730638739515,45.36090664769444,11.020511453473704
414,0.9539872079080639,0.29984730638739515,45.360931556368335,11.020503738139945
415,0.9539872079080639,0.29984730638739515,45.36095647975351,11.020487078843457
416,0.9539872079080639,0.29984730638739515,45.360997472518825,11.020472967603204
417,0.9539872079080639,0.29984730638739515,45.36102198524835,11.020475714489924
418,0.9539872079080639,0.29984730638739515,45.361047209037245,11.02046129522537
419,0.9539872079080639,0.29984730638739515,45.36107806881582,11.020442712700364
420,0.9539872079080639,0.29984730638739515,45.361119433599555,11.02044343106064
421,0.9539872079080639,0.29984730638739515,45.361138172961084,11.0204316043141
422,0.9539872079080639,0.29984730638739515,45.36117710176097,11.020421470049268
423,0.9539872079080639,0.29984730638739515,45.36120012392865,11.020409656090635
424,0.9539872079080639,0.29984730638739515,45.36123567870223,11.020403249268218
425,0.9539872079080639,0.29984730638739515,45.36126510242001,11.020393814986907
426,0.9539872079080639,0.29984730638739515,45.361289803258245,11.020381942013127
427,0.9539872079080639,0.29984730638739515,45.361325400258664,11.02037924419258
428,0.9539872079080639,0.29984730638739515,45.361344675094216,11.02036047626959
429,0.9539872079080639,0.29984730638739515,45.361379830653775,11.02035966727753
430,0.9539872079080639,0.29984730638739515,45.36140438963859,11.020347105514162
431,0.9539872079080639,0.29984730638739515,45.361437801745296,11.020340726984973
432,0.9539872079080639,0.29984730638739515,45.36147751308776,11.020327253602712
433,0.9539872079080639,0.29984730638739515,45.36150281778918,11.020318876674196
434,0.9539872079080639,0.29984730638739515,45.36152998112818,11.020318043449315
435,0.9539872079080639,0.29984730638739515,45.36156064816358,11.020286910787165
436,0.9539872079080639,0.29984730638739515,45.36158963798655,11.020292970615696
437,0.9539872079080639,0.29984730638739515,45.36161637254264,11.020283380993662
438,0.9539872079080639,0.29984730638739515,45.361651096802646,11.020280398378397
439,0.9539872079080639,0.29984730638739515,45.361680603678224,11.020267543858495
440,0.9539872079080639,0.29984730638739515,45.36171471326882,11.020258239855114
441,0.9539872079080639,0.29984730638739515,45.361733899245685,11.020237905763302
442,0.9539872079080639,0.29984730638739515,45.361765904375034,11.020231108270023
443,0.9539872079080639,0.29984730638739515,45.36180009745022,11.020223893002708
444,0.9539872079080639,0.29984730638739515,45.361832845941386,11.020224276347221
445,0.9539872079080639,0.29984730638739515,45.361866502810415,11.020207274679965
446,0.9539872079080639,0.29984730638739515,45.36188341395264,11.020200652732003
447,0.9539872079080639,0.29984730638739515,45.361920095450955,11.020190865080805
448,0.9539872079080639,0.29984730638739515,45.36194414711944,11.020178684641664
449,0.9539872079080639,0.29984730638739515,45.361981527320395,11.020178684114073
450,0.9539872079080639,0.29984730638739515,45.36200266951062,11.020160172797851
451,0.9539872079080639,0.29984730638739515,45.3620318565252,11.020158691885834
452,0.9539872079080639,0.29984730638739515,45.36206935532074,11.020134722115026
453,0.9539872079080639,0.29984730638739515,45.362084719170866,11.020132921541338
454,0.9539872079080639,0.29984730638739515,45.36213467125394,11.020115097855031
455,0.9539872079080639,0.29984730638739515,45.36215129380284,11.020116959506215
456,0.9539872079080639,0.29984730638739515,45.362186039413565,11.020116110243066
457,0.9539872079080639,0.29984730638739515,45.36220873600235,11.020095226222509
458,0.9539872079080639,0.29984730638739515,45.36223849379313,11.020085843310678
459,0.9539872079080639,0.29984730638739515,45.36228231128865,11.020074118611719
460,0.9539872079080639,0.29984730638739515,45.36230304,11.02006662
461,0.05017981546841942,0.9987401995111418,45.36229657445037,11.020066393737578
462,0.05017981546841942,0.9987401995111418,45.36230848967673,11.020070258468984
463,0.05017981546841942,0.9987401995111418,45.36230768869879,11.020079009648954
464,0.05017981546841942,0.9987401995111418,45.36230247738433,11.020080483933075
465,0.05017981546841942,0.9987401995111418,45.362306203315704,11.020077172482756
466,0.05017981546841942,0.9987401995111418,45.36230468433211,11.020084202016912
467,0.05017981546841942,0.9987401995111418,45.36230291611264,11.020088487222374
468,0.05017981546841942,0.9987401995111418,45.36230454611781,11.020093221268151
469,0.05017981546841942,0.9987401995111418,45.3623035777174,11.02010514866078
470,0.05017981546841942,0.9987401995111418,45.362308748794526,11.020095384399388
471,0.05017981546841942,0.9987401995111418,45.362304468702696,11.020096313037863
472,0.05017981546841942,0.9987401995111418,45.36230972796523,11.020104213113843
473,0.05017981546841942,0.9987401995111418,45.362305835248975,11.020111955840731
474,0.05017981546841942,0.9987401995111418,45.36229888960441,11.020103645237478
475,0.05017981546841942,0.9987401995111418,45.362304602062295,11.020109016672508
476,0.05017981546841942,0.9987401995111418,45.36231386493117,11.020109992920801
477,0.05017981546841942,0.9987401995111418,45.36230870471849,11.020126900542836
478,0.05017981546841942,0.9987401995111418,45.36230583,11.02012215
479,-0.9547295369557065,0.2974752279843521,45.362264201413815,11.0201387466995
480,-0.9547295369557065,0.2974752279843521,45.3622435535687,11.020152866905228
481,-0.9547295369557065,0.2974752279843521,45.36219969057849,11.020153810531651
482,-0.9547295369557065,0.2974752279843521,45.362163695243034,11.02016769813789
483,-0.9547295369557065,0.2974752279843521,45.36212839219455,11.02016896516377
484,-0.9547295369557065,0.2974752279843521,45.362097068066035,11.020183816960694
485,-0.9547295369557065,0.2974752279843521,45.36206042923599,11.020196607131881
486,-0.9547295369557065,0.2974752279843521,45.36202855147205,11.020213152848703
487,-0.9547295369557065,0.2974752279843521,45.36199022247521,11.020229482286533
488,-0.9547295369557065,0.2974752279843521,45.36195765489562,11.020221269432179
489,-0.9547295369557065,0.2974752279843521,45.36192271758491,11.020243695081472
490,-0.9547295369557065,0.2974752279843521,45.36190285010583,11.02025013841458
491,-0.9547295369557065,0.2974752279843521,45.36184942980108,11.020257311505585
492,-0.9547295369557065,0.2974752279843521,45.361824464518506,11.020277614589427
493,-0.9547295369557065,0.2974752279843521,45.36178994467975,11.02028680638678
494,-0.9547295369557065,0.2974752279843521,45.36175114942846,11.02028938338436
495,-0.9547295369557065,0.2974752279843521,45.361716491124014,11.020307506720224
496,-0.9547295369557065,0.2974752279843521,45.36167252407966,11.0203164040043
497,-0.9547295369557065,0.2974752279843521,45.36163750990431,11.020329071565813
498,-0.9547295369557065,0.2974752279843521,45.36161593686262,11.020344317949913
499,-0.9547295369557065,0.2974752279843521,45.361577684540165,11.020350836694726
500,-0.9547295369557065,0.2974752279843521,45.3615433612187,11.020357926113695
501,-0.9547295369557065,0.2974752279843521,45.361514573922726,11.020370857162415
502,-0.9547295369557065,0.2974752279843521,45.36148163112332,11.020376993390473
503,-0.9547295369557065,0.2974752279843521,45.36144132577075,11.020397735826172
504,-0.9547295369557065,0.2974752279843521,45.361406804149325,11.02039554561096
505,-0.9547295369557065,0.2974752279843521,45.36136730565635,11.020416316145315
506,-0.9547295369557065,0.2974752279843521,45.361332676529315,11.02042237394288
507,-0.9547295369557065,0.2974752279843521,45.361301586610445,11.020441331328238
508,-0.9547295369557065,0.2974752279843521,45.36126505688201,11.02044262067787
509,-0.9547295369557065,0.2974752279843521,45.361236421354484,11.020456683260027
510,-0.9547295369557065,0.2974752279843521,45.361196426306115,11.020469061595298
511,-0.9547295369557065,0.2974752279843521,45.36115664010147,11.02048070222123
512,-0.9547295369557065,0.2974752279843521,45.36113243107106,11.02049039396066
513,-0.9547295369557065,0.2974752279843521,45.36109628629032,11.02049733407357
514,-0.9547295369557065,0.2974752279843521,45.361074606791846,11.020512951077894
515,-0.9547295369557065,0.2974752279843521,45.3610221742064,11.020523436806533
516,-0.9547295369557065,0.2974752279843521,45.36099064826076,11.020536929267237
517,-0.9547295369557065,0.2974752279843521,45.36095439833261,11.020550991446132
518,-0.9547295369557065,0.2974752279843521,45.36092331556706,11.02055562135601
519,-0.9547295369557065,0.2974752279843521,45.360891351946954,11.02056135279356
520,-0.9547295369557065,0.2974752279843521,45.36084948365169,11.020564801213666
521,-0.9547295369557065,0.2974752279843521,45.360823313052215,11.020580753223149
522,-0.9547295369557065,0.2974752279843521,45.360777700053745,11.020597815171067
523,-0.9547295369557065,0.2974752279843521,45.360751699773196,11.020602474878038
524,-0.9547295369557065,0.2974752279843521,45.360711576538804,11.020622582825904
525,-0.9547295369557065,0.2974752279843521,45.36068710538173,11.02062694870534
526,-0.9547295369557065,0.2974752279843521,45.360638635354526,11.020630907428531
527,-0.9547295369557065,0.2974752279843521,45.360613876405516,11.020644691224872
528,-0.9547295369557065,0.2974752279843521,45.36057229934855,11.020659786637708
529,-0.9547295369557065,0.2974752279843521,45.36054220724722,11.020666010136157
530,-0.9547295369557065,0.2974752279843521,45.36051028158514,11.020682595815336
531,-0.9547295369557065,0.2974752279843521,45.360463958323244,11.020684445152229
532,-0.9547295369557065,0.2974752279843521,45.36044921155885,11.02070026132633
533,-0.9547295369557065,0.2974752279843521,45.3604042750869,11.020716266424733
534,-0.9547295369557065,0.2974752279843521,45.360367446987176,11.02072555713911
535,-0.9547295369557065,0.2974752279843521,45.36033460082357,11.020726018239964
536,-0.9547295369557065,0.2974752279843521,45.36029034586726,11.020748449192206
537,-0.9547295369557065,0.2974752279843521,45.36027386287717,11.020754386101586
538,-0.9547295369557065,0.2974752279843521,45.360241364444136,11.020767871155583
539,-0.9547295369557065,0.2974752279843521,45.36020079029536,11.020780398266812
540,-0.9547295369557065,0.2974752279843521,45.360170376207456,11.02079519873935
541,-0.9547295369557065,0.2974752279843521,45.36012830263062,11.020799804511695
542,-0.9547295369557065,0.2974752279843521,45.36009763882072,11.020806277031353
543,-0.9547295369557065,0.2974752279843521,45.36006185334828,11.02081958499659
544,-0.9547295369557065,0.2974752279843521,45.3600215200483,11.020827920634783
545,-0.9547295369557065,0.2974752279843521,45.35998570678114,11.020839814213996
546,-0.9547295369557065,0.2974752279843521,45.359956570977715,11.020853351127974
547,-0.9547295369557065,0.2974752279843521,45.35992370229364,11.020860265363305
548,-0.9547295369557065,0.2974752279843521,45.35988387571812,11.020869836646028
549,-0.9547295369557065,0.2974752279843521,45.35985028330935,11.020890201681956
550,-0.9547295369557065,0.2974752279843521,45.3598150254172,11.020892824483647
551,-0.9547295369557065,0.2974752279843521,45.35978727129432,11.020902935597965
552,-0.9547295369557065,0.2974752279843521,45.35974495895632,11.020922998939046
553,-0.9547295369557065,0.2974752279843521,45.35971167,11.02093044
554,0.158371280329442,0.9873796319384015,45.35971315509273,11.02093893541861
555,0.158371280329442,0.9873796319384015,45.35971912707883,11.020949965059883
556,0.158371280329442,0.9873796319384015,45.35971932126842,11.020949637567758
557,0.158371280329442,0.9873796319384015,45.35971881726833,11.020957622590387
558,0.158371280329442,0.9873796319384015,45.35971049106101,11.020958256399558
559,0.158371280329442,0.9873796319384015,45.359721918230704,11.020963172471676
560,0.158371280329442,0.9873796319384015,45.359723199266035,11.020975939794432
561,0.158371280329442,0.9873796319384015,45.35971677306529,11.020975831698605
562,0.158371280329442,0.9873796319384015,45.35971681926735,11.02099094715407
563,0.158371280329442,0.9873796319384015,45.35971864411243,11.020997792684401
564,0.158371280329442,0.9873796319384015,45.35972224800014,11.021011576425451
565,0.158371280329442,0.9873796319384015,45.35972416,11.02100831
566,0.9551369713188397,0.29616442396053255,45.35975788616836,11.020990775020136
567,0.9551369713188397,0.29616442396053255,45.35978497866399,11.020989097019946
568,0.9551369713188397,0.29616442396053255,45.359824589641335,11.020973247209161
569,0.9551369713188397,0.29616442396053255,45.359848570154085,11.020978584541151
570,0.9551369713188397,0.29616442396053255,45.359891721765756,11.020962189175311
571,0.9551369713188397,0.29616442396053255,45.35990864862713,11.020948493361653
572,0.9551369713188397,0.29616442396053255,45.359949071313714,11.020946491902613
573,0.9551369713188397,0.29616442396053255,45.3599748254048,11.020937485162314
574,0.9551369713188397,0.29616442396053255,45.360025268466714,11.020915219376253
575,0.9551369713188397,0.29616442396053255,45.36004780019316,11.020891306377981
576,0.9551369713188397,0.29616442396053255,45.360074888147366,11.02088769517788
577,0.9551369713188397,0.29616442396053255,45.3601222716452,11.020888109370368
578,0.9551369713188397,0.29616442396053255,45.36014140355224,11.020877304927133
579,0.9551369713188397,0.29616442396053255,45.3601651923898,11.020865851642377
580,0.9551369713188397,0.29616442396053255,45.36020561521909,11.020854741391641
581,0.9551369713188397,0.29616442396053255,45.36024189642068,11.020846601813792
582,0.9551369713188397,0.29616442396053255,45.36027343511425,11.02083383251823
583,0.9551369713188397,0.29616442396053255,45.36030270784069,11.02083185570195
584,0.9551369713188397,0.29616442396053255,45.360334870605634,11.020816559112209
585,0.9551369713188397,0.29616442396053255,45.36036507014248,11.020807987532729
586,0.9551369713188397,0.29616442396053255,45.36039910085248,11.020790676495242
587,0.9551369713188397,0.29616442396053255,45.36043263072662,11.020795964929212
588,0.9551369713188397,0.29616442396053255,45.36046952537664,11.020781611988992
589,0.9551369713188397,0.29616442396053255,45.36049912002487,11.02077458966995
590,0.9551369713188397,0.29616442396053255,45.360521538326665,11.02077061019623
591,0.9551369713188397,0.29616442396053255,45.360552119871734,11.020749557762999
592,0.9551369713188397,0.29616442396053255,45.36060077137461,11.020747162668819
593,0.9551369713188397,0.29616442396053255,45.36062798764536,11.020722826049901
594,0.9551369713188397,0.29616442396053255,45.36065571540916,11.020715279046357
595,0.9551369713188397,0.29616442396053255,45.36068304498469,11.02071155252209
596,0.9551369713188397,0.29616442396053255,45.36072271666353,11.020699289676354
597,0.9551369713188397,0.29616442396053255,45.36074620591083,11.020685872809752
598,0.9551369713188397,0.29616442396053255,45.36077799596822,11.020675800336166
599,0.9551369713188397,0.29616442396053255,45.36082413986608,11.020665740821082
600,0.9551369713188397,0.29616442396053255,45.360843286039206,11.020665592650612
601,0.9551369713188397,0.29616442396053255,45.36088160649827,11.020653906268997
602,0.9551369713188397,0.29616442396053255,45.360904789546765,11.020644966432114
603,0.9551369713188397,0.29616442396053255,45.36093304770881,11.020626803811467
604,0.9551369713188397,0.29616442396053255,45.36097703705976,11.020626421190693
605,0.9551369713188397,0.29616442396053255,45.36100025794176,11.020611017104207
606,0.9551369713188397,0.29616442396053255,45.36103935593164,11.020603413478234
607,0.9551369713188397,0.29616442396053255,45.361072442406524,11.020596884442107
608,0.9551369713188397,0.29616442396053255,45.36111140525096,11.020580151908858
609,0.9551369713188397,0.29616442396053255,45.36113196913903,11.020577677258109
610,0.9551369713188397,0.29616442396053255,45.36117294891278,11.020560458602127
611,0.9551369713188397,0.29616442396053255,45.36119515251397,11.020549506029262
612,0.9551369713188397,0.29616442396053255,45.36122978669344,11.020541037624408
613,0.9551369713188397,0.29616442396053255,45.36126266737745,11.020536938147654
614,0.9551369713188397,0.29616442396053255,45.36129572194699,11.020516124942759
615,0.9551369713188397,0.29616442396053255,45.361333079555436,11.020509387636293
616,0.9551369713188397,0.29616442396053255,45.361360537199296,11.020497267321879
617,0.9551369713188397,0.29616442396053255,45.361396429391235,11.020491886928502
618,0.9551369713188397,0.29616442396053255,45.36143319940908,11.020482380125697
619,0.9551369713188397,0.29616442396053255,45.36146148288059,11.020476921305221
620,0.9551369713188397,0.29616442396053255,45.36149965280122,11.020455844754276
621,0.9551369713188397,0.29616442396053255,45.36151580893617,11.020451848456428
622,0.9551369713188397,0.29616442396053255,45.36154914053381,11.020440838159615
623,0.9551369713188397,0.29616442396053255,45.36158203421089,11.020430498970097
624,0.9551369713188397,0.29616442396053255,45.36162467607273,11.020414823410652
625,0.9551369713188397,0.29616442396053255,45.36165154797354,11.020411699858467
626,0.9551369713188397,0.29616442396053255,45.361689437281264,11.020400675922666
627,0.9551369713188397,0.29616442396053255,45.361712761542066,11.020396851866012
628,0.9551369713188397,0.29616442396053255,45.36174058024348,11.020375591357457
629,0.9551369713188397,0.29616442396053255,45.36178452224426,11.02037085620787
630,0.9551369713188397,0.29616442396053255,45.36180814086618,11.020358509998278
631,0.9551369713188397,0.29616442396053255,45.36184735824786,11.020344264641192
632,0.9551369713188397,0.29616442396053255,45.361871384558505,11.02034615335182
633,0.9551369713188397,0.29616442396053255,45.36190980706657,11.02032841951003
634,0.9551369713188397,0.29616442396053255,45.361940066391966,11.020320272452434
635,0.9551369713188397,0.29616442396053255,45.361970220515275,11.02031429640416
636,0.9551369713188397,0.29616442396053255,45.362009425275765,11.020291856770736
637,0.9551369713188397,0.29616442396053255,45.36203752606617,11.020298070340864
638,0.9551369713188397,0.29616442396053255,45.36207193927835,11.020284151032463
639,0.9551369713188397,0.29616442396053255,45.362095918776504,11.02026798445336
640,0.9551369713188397,0.29616442396053255,45.36213130703781,11.020267583115206
641,0.9551369713188397,0.29616442396053255,45.36216632186657,11.020256992047665
642,0.9551369713188397,0.29616442396053255,45.36220212027371,11.020249583072838
643,0.9551369713188397,0.29616442396053255,45.362226926480034,11.020238891813898
644,0.9551369713188397,0.29616442396053255,45.36225288753901,11.020225794121759
645,0.9551369713188397,0.29616442396053255,45.36229064905912,11.02021380580104
646,0.9551369713188397,0.29616442396053255,45.36232427,11.02020208
647,0.096011835949402,0.9953801923675321,45.36232317414765,11.020210889092112
648,0.096011835949402,0.9953801923675321,45.36232689828691,11.020211159142422
649,0.096011835949402,0.9953801923675321,45.3623324165397,11.020215035620655
650,0.096011835949402,0.9953801923675321,45.36231880611151,11.0202151854506
651,0.096011835949402,0.9953801923675321,45.36232873313903,11.020223736293886
652,0.096011835949402,0.9953801923675321,45.362329247701744,11.020220936007481
653,0.096011835949402,0.9953801923675321,45.36232193700598,11.020226913224938
654,0.096011835949402,0.9953801923675321,45.36232091577243,11.020231964131993
655,0.096011835949402,0.9953801923675321,45.36233905281479,11.0202373869194
656,0.096011835949402,0.9953801923675321,45.362334661651005,11.02023648929549
657,0.096011835949402,0.9953801923675321,45.362326261085705,11.020242172048954
658,0.096011835949402,0.9953801923675321,45.362335903723505,11.020242876138127
659,0.096011835949402,0.9953801923675321,45.36233531278825,11.020260003151789
660,0.096011835949402,0.9953801923675321,45.36232928,11.02025402
661,-0.9517694449728636,0.30681415159025344,45.36229765737115,11.02026765638414
662,-0.9517694449728636,0.30681415159025344,45.36227373948476,11.02027667899629
663,-0.9517694449728636,0.30681415159025344,45.36224199179792,11.020287499746635
664,-0.9517694449728636,0.30681415159025344,45.36221865466317,11.02030242927691
665,-0.9517694449728636,0.30681415159025344,45.362166218072595,11.020310980243698
666,-0.9517694449728636,0.30681415159025344,45.36213895329976,11.020310256545226
667,-0.9517694449728636,0.30681415159025344,45.3620974044813,11.020318266200036
668,-0.9517694449728636,0.30681415159025344,45.36208157990147,11.020334775877904
669,-0.9517694449728636,0.30681415159025344,45.3620431545164,11.020352954622576
670,-0.9517694449728636,0.30681415159025344,45.36200008401714,11.020357273482942
671,-0.9517694449728636,0.30681415159025344,45.36198520794852,11.020367779765111
672,-0.9517694449728636,0.30681415159025344,45.36194802740574,11.020380962905211
673,-0.9517694449728636,0.30681415159025344,45.36191802204096,11.020392140049255
674,-0.9517694449728636,0.30681415159025344,45.361888320162514,11.020398503782648
675,-0.9517694449728636,0.30681415159025344,45.361854141317465,11.020408876028695
676,-0.9517694449728636,0.30681415159025344,45.36182013875899,11.02041311386577
677,-0.9517694449728636,0.30681415159025344,45.36178514317562,11.020423643527915
678,-0.9517694449728636,0.30681415159025344,45.36175172327996,11.020429654074055
679,-0.9517694449728636,0.30681415159025344,45.36172286305411,11.020439878951759
680,-0.9517694449728636,0.30681415159025344,45.36169107976353,11.020460594312558
681,-0.9517694449728636,0.30681415159025344,45.36166058746331,11.020469878372968
682,-0.9517694449728636,0.30681415159025344,45.3616233537554,11.020476643958391
683,-0.9517694449728636,0.30681415159025344,45.36159609678514,11.020492039376212
684,-0.9517694449728636,0.30681415159025344,45.361570509762856,11.020507267275006
685,-0.9517694449728636,0.30681415159025344,45.36154402187692,11.020506987917255
686,-0.9517694449728636,0.30681415159025344,45.36150190552404,11.020523037348866
687,-0.9517694449728636,0.30681415159025344,45.36147160878305,11.020527622885826
688,-0.9517694449728636,0.30681415159025344,45.361434673716154,11.020541776161835
689,-0.9517694449728636,0.30681415159025344,45.361404499218175,11.020549363311435
690,-0.9517694449728636,0.30681415159025344,45.36137430004383,11.02056500007242
691,-0.9517694449728636,0.30681415159025344,45.36134790675849,11.020566469755424
692,-0.9517694449728636,0.30681415159025344,45.36131259363773,11.020585514891929
693,-0.9517694449728636,0.30681415159025344,45.36128340070772,11.020588357572095
694,-0.9517694449728636,0.30681415159025344,45.3612442617761,11.020611694452363
695,-0.9517694449728636,0.30681415159025344,45.361204022060704,11.020602753327994
696,-0.9517694449728636,0.30681415159025344,45.36118002838009,11.020623150538011
697,-0.9517694449728636,0.30681415159025344,45.36115016075869,11.020640420558344
698,-0.9517694449728636,0.30681415159025344,45.36112309131162,11.020650343063163
699,-0.9517694449728636,0.30681415159025344,45.3610892434106,11.020652476174716
700,-0.9517694449728636,0.30681415159025344,45.36104797556088,11.020673139451024
701,-0.9517694449728636,0.30681415159025344,45.361020665627635,11.02066915359766
702,-0.9517694449728636,0.30681415159025344,45.360996630861074,11.020683793599586
703,-0.9517694449728636,0.30681415159025344,45.36096359934947,11.020697692172043
704,-0.9517694449728636,0.30681415159025344,45.360931428452936,11.020699915320323
705,-0.9517694449728636,0.30681415159025344,45.36088823455391,11.020701001390178
706,-0.9517694449728636,0.30681415159025344,45.36085440409983,11.020719871893657
707,-0.9517694449728636,0.30681415159025344,45.360836107460116,11.020727413934999
708,-0.9517694449728636,0.30681415159025344,45.36080396694036,11.020747557774849
709,-0.9517694449728636,0.30681415159025344,45.3607660068447,11.02076063297501
710,-0.9517694449728636,0.30681415159025344,45.36074493657717,11.020763625853345
711,-0.9517694449728636,0.30681415159025344,45.36069995918232,11.020778271062662
712,-0.9517694449728636,0.30681415159025344,45.360667999161265,11.020791999844791
713,-0.9517694449728636,0.30681415159025344,45.36064621640689,11.020795761969891
714,-0.9517694449728636,0.30681415159025344,45.36061004436654,11.0208061071273
715,-0.9517694449728636,0.30681415159025344,45.360574115397036,11.020807315270089
716,-0.9517694449728636,0.30681415159025344,45.36054452139139,11.02082526141281
717,-0.9517694449728636,0.30681415159025344,45.36051316729179,11.020843694073205
718,-0.9517694449728636,0.30681415159025344,45.36048588947534,11.020849816593074
719,-0.9517694449728636,0.30681415159025344,45.36044130310826,11.020860408052723
720,-0.9517694449728636,0.30681415159025344,45.360413302311706,11.020866211748979
721,-0.9517694449728636,0.30681415159025344,45.36037945220593,11.020876741923336
722,-0.9517694449728636,0.30681415159025344,45.36035708252243,11.020895238183389
723,-0.9517694449728636,0.30681415159025344,45.36031957211009,11.020902377445031
724,-0.9517694449728636,0.30681415159025344,45.36028634564753,11.020909981233258
725,-0.9517694449728636,0.30681415159025344,45.360261857104,11.020917920347882
726,-0.9517694449728636,0.30681415159025344,45.36022900395114,11.020919330328281
727,-0.9517694449728636,0.30681415159025344,45.360199725430654,11.020946842258214
728,-0.9517694449728636,0.30681415159025344,45.360161920967776,11.020958870707569
729,-0.9517694449728636,0.30681415159025344,45.360132863384905,11.02096267349221
730,-0.9517694449728636,0.30681415159025344,45.360098490347724,11.020978619908666
731,-0.9517694449728636,0.30681415159025344,45.36006705781994,11.020984304792352
732,-0.9517694449728636,0.30681415159025344,45.36005004841836,11.020992555290738
733,-0.9517694449728636,0.30681415159025344,45.36000120258882,11.020998958539886
734,-0.9517694449728636,0.30681415159025344,45.359971781948836,11.021009663456656
735,-0.9517694449728636,0.30681415159025344,45.35993897126861,11.021023566739627
736,-0.9517694449728636,0.30681415159025344,45.35992178069391,11.021029498666179
737,-0.9517694449728636,0.30681415159025344,45.35987423834959,11.021037897295852
738,-0.9517694449728636,0.30681415159025344,45.3598426602996,11.021040433648855
739,-0.9517694449728636,0.30681415159025344,45.35981805139949,11.021065662375415
740,-0.9517694449728636,0.30681415159025344,45.35977348841602,11.021079380215363
741,-0.9517694449728636,0.30681415159025344,45.35974926,11.02108572
742,0.08350296661483732,0.9965075286050383,45.35974892277821,11.021085459227164
743,0.08350296661483732,0.9965075286050383,45.35975174609779,11.021088841407577
744,0.08350296661483732,0.9965075286050383,45.35974399684466,11.021098361568695
745,0.08350296661483732,0.9965075286050383,45.35975024464441,11.021108968009537
746,0.08350296661483732,0.9965075286050383,45.35974375086023,11.021098154460653
747,0.08350296661483732,0.9965075286050383,45.35975513164285,11.021111743146593
748,0.08350296661483732,0.9965075286050383,45.359742051900625,11.021116319444243
749,0.08350296661483732,0.9965075286050383,45.35975398231898,11.021107366321345
750,0.08350296661483732,0.9965075286050383,45.35975539297844,11.021116875371547
751,0.08350296661483732,0.9965075286050383,45.359754921325376,11.021121442566816
752,0.08350296661483732,0.9965075286050383,45.359751255186474,11.021121952011944
753,0.08350296661483732,0.9965075286050383,45.35975206860084,11.02113220786674
754,0.08350296661483732,0.9965075286050383,45.35974210531116,11.021140030888535
755,0.08350296661483732,0.9965075286050383,45.35975896845821,11.021143749695236
756,0.08350296661483732,0.9965075286050383,45.35976016490782,11.021143737471483
757,0.08350296661483732,0.9965075286050383,45.359753996950836,11.02114374589204
758,0.08350296661483732,0.9965075286050383,45.359750058570846,11.021152934054292
