,Sin,Cosin,Lat,Lon
0,0.9491115269929281,-0.31494016785597917,45.35966143019673,11.02059854019643
1,0.9542111917189589,-0.2991337520212059,45.35969651750789,11.020591363146346
2,0.9599648911676778,-0.28012034507587735,45.359731688573376,11.020572511854864
3,0.9479392022703769,-0.3184513601776596,45.35975665946389,11.02057593627473
4,0.9529784112578426,-0.30303819507857155,45.35979702404338,11.020558330825866
5,0.9530233628773193,-0.3028967972924202,45.35982435576691,11.020542067231466
6,0.9429688068034029,-0.3328811039932526,45.359854588469574,11.02054502609253
7,0.9601015079405486,-0.27965173779235614,45.35988960780078,11.020528931495713
8,0.9575644597966668,-0.28821919667905116,45.359923405078206,11.0205159873117
9,0.9568225911309982,-0.290672546177589,45.359947315419696,11.0204996187002
10,0.9437373260020222,-0.3306960228223994,45.359981638013465,11.020495568838902
11,0.9634737392128541,-0.26780282643616976,45.36001706994966,11.020490259080978
12,0.9543040377019585,-0.29883742005602154,45.36004728475512,11.020474924113593
13,0.9582189296661822,-0.28603580690080793,45.36008661179672,11.020467983780582
14,0.9511835892214553,-0.3086256301666954,45.36011228685427,11.0204569374583
15,0.9558238199604836,-0.2939401728177846,45.36013918920045,11.020445541020814
16,0.9394996044784605,-0.3425499864031765,45.3601797784449,11.02044278807515
17,0.9591036136058876,-0.28305522141117323,45.36021460287968,11.020435774395576
18,0.9522525994869404,-0.3053112948620878,45.360243081643965,11.020422294145462
19,0.9542210785269354,-0.2991022121196903,45.36026975244289,11.020415276735717
20,0.9373463972343572,-0.3483988111227859,45.360302868222725,11.020397840062467
21,0.954365455240483,-0.2986412192642297,45.36034613469448,11.02039192918002
22,0.9579488917792014,-0.2869388797967258,45.360378832849214,11.020377386875998
23,0.9578568825106468,-0.28724587486504466,45.36041129546793,11.020371292934785
24,0.9493423922268124,-0.31424357164637917,45.36043077985761,11.020361677058638
25,0.9459785663963541,-0.3242291657434577,45.36046804343248,11.020345237923888
26,0.9525278521062442,-0.304451459122575,45.36050469506352,11.020342547656476
27,0.9576055815885475,-0.28808254044710824,45.36053781080117,11.020327640114493
28,0.9443561884385718,-0.32892459524604206,45.36056655693517,11.020320938377576
29,0.95161163821104,-0.30730325416646775,45.36059846674567,11.020311287520824
30,0.9405430175716936,-0.3396745973680295,45.36063746571577,11.020298409910477
31,0.9562817439160402,-0.29244696314528046,45.360667881968645,11.020286631492507
32,0.9605960927796261,-0.27794810043696294,45.36070383153344,11.020282874591894
33,0.9528287952772996,-0.3035082978938302,45.36072923946258,11.020264015080773
34,0.9550848498848545,-0.29633246450637996,45.360760998201144,11.020257414587242
35,0.9548870858931887,-0.2969691115156826,45.36079485657419,11.020244027966985
36,0.953281613352834,-0.30208304428321997,45.3608234065372,11.020246060348788
37,0.9481616684807234,-0.317788373644869,45.36085981928126,11.020228440242724
38,0.957212464828553,-0.28938606942430045,45.360890585378755,11.02022069697309
39,0.9566868906807131,-0.2911188643830375,45.36092572686252,11.020202294497098
40,0.9510266313268704,-0.30910895572122293,45.360950525916635,11.020196855764324
41,0.9440286471559907,-0.32986347683372,45.36099715706424,11.020197059368133
42,0.9437663151763481,-0.33061328215674884,45.36101724351636,11.020174393430295
43,0.9563943232540632,-0.2920785826578227,45.361046861767015,11.020173625574209
44,0.9544351532294791,-0.2984183946740225,45.361079141343794,11.02015300593847
45,0.9556065075465254,-0.2946458938025991,45.36112089351513,11.020151355198848
46,0.9557643200402535,-0.29413358281228613,45.361155466416974,11.020140730443751
47,0.950589595442709,-0.31045035196640824,45.36118173165969,11.020132472196112
48,0.9560617716074398,-0.293165292745993,45.36120968785558,11.02011890806334
49,0.9533630236343027,-0.30182601804161946,45.36124494511684,11.020108159912802
50,0.949224070991686,-0.31460079950624825,45.36128406988785,11.020105508644216
51,0.9521758640283912,-0.3055505260374899,45.36130292789485,11.020087431427084
52,0.9563306187328711,-0.2922870980286403,45.36134846037268,11.020070455596853
53,0.9560210970161392,-0.2932979066752057,45.36137620345963,11.020064911835275
54,0.9481981462856258,-0.31767951677831363,45.361411644864404,11.020059410587843
55,0.9448894229625364,-0.3273896430455995,45.361433454228944,11.020048323375514
56,0.957848745476131,-0.28727300741594575,45.36146716761972,11.020053140626164
57,0.9609193430227173,-0.2768284960129454,45.361507905570505,11.020032734923065
58,0.9506460735036277,-0.31027736451783783,45.36152396492488,11.020016144103309
59,0.9486473872634332,-0.3163354779948997,45.361568400851596,11.020015837329147
60,0.960656712827895,-0.2777385102910709,45.36159969615017,11.019994828068382
61,0.9619743150849284,-0.27313992223196326,45.361633337998526,11.019989835815535
62,0.9470869118437297,-0.3209772288096264,45.36166237579532,11.019973210773836
63,0.9588771456898328,-0.28382145703543815,45.36170472387065,11.019961250753465
64,0.9545257690543824,-0.2981284223470483,45.36172510355847,11.01996212452224
65,0.949654502031743,-0.31329910113315407,45.36176849167814,11.019950716656181
66,0.9493473900905957,-0.3142284724975991,45.36180207404984,11.019933124678964
67,0.9520473708783337,-0.3059506555045316,45.361834161066504,11.01992221457385
68,0.9573427649076898,-0.2889547204648159,45.3618484214501,11.019909635655804
69,0.9562157420490699,-0.29266269775553333,45.361894891379855,11.019909984447882
70,0.9578375742044138,-0.2873102529360969,45.361926045161304,11.019901004972679
71,0.949250484686836,-0.31452109201420303,45.36195592387643,11.019893526772972
72,0.9573507531688702,-0.28892825304389486,45.36199829986584,11.019878969271412
73,0.9521873999893602,-0.30551457461388354,45.362018521664325,11.019869980392864
74,0.9584956948127417,-0.2851070027646457,45.362053124898154,11.01986217973568
75,0.9536190624358801,-0.3010160855484519,45.36209038295288,11.019845234601313
76,0.9542144841002564,-0.2991232494027862,45.36211234440095,11.019836420912592
77,0.9496672171040247,-0.31326055729679286,45.36215519561309,11.01981749256148
78,0.9591207066662214,-0.28299729688477254,45.36218207909225,11.019812534911571
79,0.9540349217139178,-0.29969545900850536,45.362217337559784,11.019803917208954
80,0.11414444923077614,0.9934641637773366,45.36224961999209,11.01979773015564
81,0.15250106210947867,0.9883033067107896,45.36224515365301,11.019814388471978
82,0.10934266387018833,0.994004115614101,45.36225122783491,11.01979774427275
83,0.10539687033484471,0.994430238741572,45.362256494941846,11.01980822114523
84,0.15348339170675956,0.9881512275305786,45.36224973565269,11.01981852391151
85,0.1358947891279158,0.9907232743243086,45.36226719610126,11.019818042006685
86,0.1390332037042333,0.9902877199419051,45.36225416596718,11.019833678106957
87,0.12603371697044566,0.9920259584237772,45.36226660245585,11.019836088421457
88,0.12963133717395184,0.9915622604872038,45.36225982713097,11.019841150291311
89,0.10548718603823917,0.9944206622862046,45.36225831318695,11.019850928146308
90,-0.9501875436008493,0.3116787320074696,45.36227083944691,11.019851893436343
91,-0.9525901785434852,0.3042563914570919,45.3622359534545,11.019873661622684
92,-0.9590153462334554,0.2833541347655361,45.362205183262994,11.01987698891498
93,-0.9471821707536328,0.32069601713528684,45.36216842971423,11.019882492289385
94,-0.9553740986707133,0.29539859781170613,45.36214260358713,11.019894232269408
95,-0.9463420594114399,0.3231666854564602,45.3621108109388,11.019901190441368
96,-0.9531766771361865,0.3024139913489752,45.36207303423128,11.01990787166157
97,-0.9491697950007398,0.3147645155640221,45.36204078319786,11.019928627473863
98,-0.9542689395612044,0.29894947899057184,45.36201127759018,11.019934298623633
99,-0.9552648491496506,0.29575169987524225,45.36197631398051,11.019936791107224
100,-0.949996553015495,0.31226038695082314,45.36194381024368,11.019943329653438
101,-0.9493257920625509,0.3142937169668054,45.36192240805723,11.019970621923552
102,-0.9490145640142952,0.31523222755415925,45.36188109203429,11.019976375247078
103,-0.9614602924735844,0.2749438233468967,45.36185478283023,11.019986538171832
104,-0.9552020348018442,0.29595451121822164,45.361809621346595,11.019991610135005
105,-0.9464470038343309,0.32285920915008465,45.361775090404,11.02000369768383
106,-0.9610293550779002,0.2764463396005728,45.361757625576075,11.020023011933606
107,-0.9469651091411233,0.321336400162416,45.36171931184246,11.020023764995763
108,-0.9569930193213034,0.2901109459677373,45.36168839079064,11.020031239606663
109,-0.9566377320802529,0.29128036246947736,45.361651721296155,11.020043298467995
110,-0.9544008952426044,0.2985279403340922,45.36162577618382,11.020063852078772
111,-0.9565624528512943,0.2915274837731693,45.361594722374264,11.020067555174489
112,-0.9581458516284023,0.28628050406425476,45.36156035148828,11.0200734261605
113,-0.9647566218378718,0.2631438021690375,45.36152521492269,11.020090818238863
114,-0.9480896407033853,0.3180031968250095,45.36149346711235,11.020108840098123
115,-0.9508473055569818,0.30966013872474385,45.36145534690827,11.020103500964376
116,-0.9511521668254678,0.30872245714106616,45.36142399281362,11.020123875828125
117,-0.9583637275066794,0.2855502859384018,45.36140440284531,11.020134120505933
118,-0.9457232854175076,0.3249730256792331,45.36135990980054,11.020143518263966
119,-0.9510777521179573,0.3089516295898977,45.361336464747566,11.02014633157278
120,-0.9527296786169919,0.3038192875417284,45.36129652670606,11.02016000526271
121,-0.9495718120370296,0.3135496352807831,45.36125881684654,11.020173691727672
122,-0.9556808865132809,0.2944045569504479,45.361233435216334,11.020172854830525
123,-0.9404264233089938,0.3399972681393971,45.361194499851045,11.020200764384931
124,-0.9570613796942767,0.2898853488841535,45.361178300839086,11.020192502165742
125,-0.9532613875574826,0.30214686328337576,45.361141504709664,11.020202569771856
126,-0.9562982918439642,0.2923928470676331,45.36110506112928,11.020216106378022
127,-0.9525568477062728,0.3043607265858862,45.36108164526964,11.020242462245683
128,-0.9614540256272143,0.27496573714778344,45.361041041051124,11.020237275982236
129,-0.9505705885404764,0.3105085444908279,45.361005171887314,11.020253950413753
130,-0.951357093109115,0.3080903786082497,45.36098439320008,11.020265010005302
131,-0.9513390397380327,0.3081461203233264,45.36093980850598,11.020261906391962
132,-0.9468464452678169,0.3216858857390216,45.360910929345735,11.020282922051749
133,-0.9500610359803524,0.31206414070177857,45.360871709799085,11.020291839551476
134,-0.9472445459542743,0.3205117317039748,45.36084777024195,11.020309413499541
135,-0.9531686159046169,0.30243939831721167,45.3608165111448,11.020314928201882
136,-0.9534803692169378,0.3014551136038863,45.360787273673516,11.020325672203032
137,-0.9519227376758697,0.3063382142268205,45.36074347328779,11.020335576858765
138,-0.9577025481825779,0.28776002016367225,45.360712879437656,11.020344832243804
139,-0.9618165423770639,0.2736949740309998,45.36069065098417,11.020359971774177
140,-0.9599516419757689,0.28016574570783137,45.36064801327391,11.020357579079262
141,-0.9462543593145619,0.3234233873395491,45.360621168873706,11.020386042485518
142,-0.9484975303536575,0.3167845244215894,45.36059166500826,11.020382602103616
143,-0.9490894111877584,0.315006808769706,45.36055015983632,11.020395332344146
144,-0.9600871271765331,0.2797011051639079,45.360525101315915,11.020418885386817
145,-0.950400572616646,0.31102853819215903,45.36049655512705,11.020418259607538
146,-0.9489221732114284,0.3155102362645307,45.36046477786143,11.020424192208763
147,-0.9491701567661773,0.3147634246612371,45.360429364362965,11.020437623330087
148,-0.9585337573181294,0.2849790098964999,45.3603981316846,11.020443212899108
149,-0.9527348082137853,0.303803201460817,45.3603578247095,11.020460241986756
150,-0.9566892569536725,0.2911110881251864,45.36032959702142,11.020465663482348
151,-0.9530054972219185,0.302953003392942,45.360308857277175,11.020480098591594
152,-0.9453046845617762,0.3261886775250802,45.36026417484252,11.020486849255645
153,-0.9525239102673124,0.3044637915566792,45.36023034257817,11.020505858747981
154,-0.9508934501931076,0.3095184104053394,45.360203956691024,11.020519466818012
155,-0.9619355677319206,0.27327635011516754,45.36016420070425,11.020531868448447
156,-0.9588053458379797,0.2840639167379626,45.360135225947424,11.020529647566292
157,-0.9544250724111135,0.2984506343652844,45.36010832218936,11.02054604605341
158,-0.9523757216997845,0.30492701539354405,45.3600621380652,11.020549007976522
159,-0.949633477756228,0.313362821541758,45.360039234864104,11.02055739425038
160,-0.964233238027149,0.26505520686015466,45.36000442963526,11.020575752319097
161,-0.9537818134838016,0.3005000037729626,45.359961421324385,11.020587326242664
162,-0.9517014148914513,0.30702510792052423,45.3599335001111,11.020590543550849
163,-0.9514903803781154,0.3076784946139544,45.35991430059885,11.020600741317839
164,-0.9511500123473461,0.30872909485768146,45.35987051720245,11.020617670994206
165,-0.9579677698217681,0.2868758476810271,45.35984469578008,11.020618392612676
166,-0.9498309006957213,0.31276390470058213,45.35981288194981,11.020639611172596
167,-0.9546204708070106,0.2978250438029035,45.35978691957398,11.020637932478317
168,-0.9531008397439417,0.3026529188350795,45.35973916235981,11.020649745490761
169,-0.9574602397399116,0.28856522541219537,45.3597122427446,11.020663649966858
170,0.12622987600836372,0.9920010173396563,45.35968008390875,11.020673305207684
171,0.16426935513684546,0.9864155204389907,45.35968368600411,11.020677857824321
172,0.13374197156711864,0.9910161880823845,45.359692159347006,11.020691186620704
173,0.1530330705181715,0.9882210680448886,45.35968561492503,11.020696948178447
174,0.15681921327629597,0.9876273256382712,45.359686470542115,11.0207004855427
175,0.13719741569957955,0.9905437239846391,45.35968615987776,11.020709980100417
176,0.1125188111134217,0.9936495947493875,45.35968145507271,11.020718586113409
177,0.12935887356035233,0.9915978427927306,45.359681201751606,11.020720674839465
178,0.11382001671809236,0.9935013859045659,45.35969033781284,11.020728604755966
179,0.13170417646022256,0.9912890647550464,45.35968633165376,11.020733936416367
180,0.9581752317338729,-0.2861821540413362,45.359692687858534,11.020746618280144
181,0.950385519998575,-0.3110745302608976,45.35972020611701,11.020725244878838
182,0.9530944679224371,-0.30267298395404635,45.35974860895573,11.020729576800962
183,0.9481643820444631,-0.31778027727069774,45.35978387604994,11.020705020448839
184,0.955550898110729,-0.2948261879816294,45.35981875636323,11.020698729955823
185,0.9548066574854145,-0.2972276010425856,45.35985559968268,11.020692685252827
186,0.9458554922444635,-0.3245880277998306,45.35988894527802,11.020677509270465
187,0.9565236963647322,-0.2916546215864743,45.35991950695368,11.020670286981987
188,0.9496923857899048,-0.31318424668664085,45.35995450715205,11.020658986915803
189,0.9549423482143309,-0.2967913603643132,45.35998264507148,11.020651936188713
190,0.9613267195269519,-0.27541049058369044,45.36001203643908,11.020645475656158
191,0.945783748705118,-0.3247970145880255,45.36004591997464,11.02063562553865
192,0.9557128628237643,-0.2943007370585479,45.3600775833529,11.020616109531874
193,0.9482598548712768,-0.3174952718380306,45.36011376024735,11.020608309201236
194,0.9576223494474386,-0.28802679708452095,45.360141672082655,11.020606958877822
195,0.963341471026023,-0.26827823281328295,45.36018086718555,11.020586055290815
196,0.9428796948248398,-0.3331334283541909,45.360207811054096,11.02057963674904
197,0.9541340512101218,-0.299379712608187,45.360238600650476,11.020574059408872
198,0.9544973880834755,-0.29821927526875774,45.36026050535501,11.02056728087061
199,0.9576065243444533,-0.2880794066450013,45.36030773692706,11.020552030114974
200,0.9515790934385001,-0.3074040158012942,45.36033833931345,11.020539738294858
201,0.9537858608707017,-0.30048715713510005,45.3603597417249,11.020523021918892
202,0.9541860236365316,-0.29921402423132587,45.360395461138005,11.020524823179427
203,0.9524523474413673,-0.3046875872979221,45.360438517480354,11.020514729728207
204,0.9505944345315804,-0.31043553443120003,45.36045441268575,11.02050447837687
205,0.9579346511903064,-0.2869864178822858,45.36049438737937,11.020494316810845
206,0.9505341372559865,-0.31062011189074273,45.36052142959175,11.020474316130823
207,0.9500200140620715,-0.3121890018586522,45.360557582129324,11.020470614579693
208,0.9483812634827083,-0.3171324314461417,45.36058914276208,11.020470159204612
209,0.9600659326331749,-0.27977384616363304,45.360621913189796,11.020444294122774
210,0.9502588289521156,-0.3114613266499613,45.360654701311105,11.020436657664732
211,0.9555412021629249,-0.29485761134661614,45.36068989953604,11.020425870100512
212,0.9488727916299603,-0.31565871650307054,45.360717955380004,11.02041167097652
213,0.9523366602693271,-0.3050489887002812,45.360757439197,11.02039985212513
214,0.9555043482355697,-0.2949770169062651,45.36077793446432,11.020392047808183
215,0.9565779535023561,-0.2914766180557958,45.36081350264697,11.020394117701363
216,0.9541716524622471,-0.29925984969164277,45.360845572595004,11.020366886562176
217,0.9626851444688909,-0.2706239320882591,45.36087485596175,11.020370428096847
218,0.9522132627072186,-0.3054339573860011,45.360908349802244,11.020359740569079
219,0.9461616397785416,-0.3236945341082874,45.360944745938816,11.02034195610962
220,0.9572109976903446,-0.28939092228446844,45.360975708107226,11.020330159613213
221,0.9495224097922697,-0.3136992083226879,45.361015774388164,11.020323857614546
222,0.9581821273945371,-0.2861590654543013,45.36103273725051,11.020324698737356
223,0.9459644843947712,-0.32427024881067124,45.361066971743,11.020307388860287
224,0.9538748989831323,-0.30020439218958667,45.361115042788974,11.020289098568675
225,0.9591816652966076,-0.2827906168153862,45.361132162151236,11.020280258374202
226,0.9427488332181873,-0.3335035793897069,45.361168011183814,11.020271117402217
227,0.9618936602137882,-0.273423822006279,45.3611939061341,11.020258405117486
228,0.9537567742694256,-0.30057946625672866,45.361232283718856,11.020263151192317
229,0.9499624434537683,-0.3123641401110986,45.36125414703455,11.020236677001039
230,0.9450291422352132,-0.3269861164119622,45.36129767824665,11.020232301019993
231,0.9536389923193305,-0.30095294038798165,45.36134087563003,11.020220208663497
232,0.9484832188385187,-0.3168273718947318,45.361361184657675,11.020211780889966
233,0.9579888721396719,-0.2868053710385483,45.36139110183491,11.020213218796856
234,0.9518268329299537,-0.30663607112427926,45.36141807896916,11.020189433078166
235,0.9517824539316229,-0.30677379351551215,45.36146436032074,11.020172794293076
236,0.9531774748281187,-0.302411477097499,45.361490256455056,11.02016350070077
237,0.9444437003762548,-0.32867323715144037,45.361524093921474,11.020165344945903
238,0.9529680309339256,-0.3030708366338085,45.36155932832115,11.02014816072321
239,0.9524876808698032,-0.3045771130457177,45.361582031997905,11.020138018231366
240,0.9526415149334206,-0.3040956165835957,45.361619213604854,11.020141022315395
241,0.9627425059189348,-0.2704197982710025,45.36164604975759,11.020122853125466
242,0.9561707720165921,-0.29280958785735545,45.3616678235014,11.020110863383414
243,0.9536749696473072,-0.30083891415208824,45.36171499993387,11.020100015077105
244,0.9610708849809964,-0.2763019255123721,45.361748921639716,11.02008799129044
245,0.9509493596510147,-0.30934659425848726,45.361777971480116,11.020081659950314
246,0.9526855628507772,-0.30395759298905123,45.36180614142647,11.020070772286592
247,0.9478650439828682,-0.3186720232391843,45.361838392701706,11.02005863617035
248,0.9478030336953072,-0.31885640861988723,45.36187856800023,11.020050791414361
249,0.9496148175115552,-0.3134193650087622,45.361904721370585,11.020032490774033
250,0.9571193539436903,-0.2896938768880226,45.36195213183282,11.02003075039111
251,0.9512161482603991,-0.30852526523552387,45.361980541614734,11.020017205625042
252,0.9566284755132775,-0.2913107616226059,45.36200581985108,11.020006005926287
253,0.9407231069447901,-0.3391755239697303,45.36204199637911,11.019994821567344
254,0.9573418512165418,-0.28895774761941356,45.362063814890796,11.019990185994315
255,0.9540553600766919,-0.2996303888275249,45.36210214103467,11.019972313158842
256,0.944699766945361,-0.32793650350850034,45.36213113429811,11.01995834483177
257,0.952860869363537,-0.30340758664833106,45.362165987054205,11.01995266246874
258,0.9587121488633141,-0.2843782966787139,45.36219726272398,11.019940394371906
259,0.9451260559187987,-0.3267058897898471,45.36222556068654,11.019937621455902
260,0.1216736338012116,0.992570162173742,45.36226076753107,11.01992430375901
261,0.1499034523209165,0.9887006397197641,45.362264568186404,11.019940262404953
262,0.12289623380667734,0.9924195260655316,45.36226800440023,11.019935674601285
263,0.13236103674919802,0.9912015718059962,45.36227036764654,11.01994526762244
264,0.12188694535613678,0.9925439902350677,45.36227503672034,11.019945712100565
265,0.12965436830313132,0.9915592492533747,45.36226594034943,11.019950490284184
266,0.12321037020959744,0.9923805745140389,45.36227510891754,11.019948779507382
267,0.09043837022195715,0.9959020540151508,45.36228705014895,11.019969989382794
268,0.13235694208339427,0.9912021185824479,45.36228307332548,11.019977646750577
269,0.17567636958615698,0.984447973825447,45.3622809245553,11.019972099269792
270,-0.958277168932119,0.2858406330517811,45.36229113661588,11.019987689250897
271,-0.9530047571895257,0.30295533131822105,45.36225475755598,11.019996181511278
272,-0.9449297781704687,0.32727314941300756,45.36222093045116,11.020012398518602
273,-0.9445312661588205,0.328421508504567,45.36220040489651,11.020013716903101
274,-0.9632217947022065,0.26870759983792863,45.362157240373755,11.020024250271744
275,-0.9474302072374349,0.31996250157484274,45.362124775136145,11.020041373497511
276,-0.9586582184529411,0.28456004672587676,45.362088466866396,11.02005125200725
277,-0.9529968484691593,0.3029802086075099,45.36206090970145,11.020055370293885
278,-0.9513171796843889,0.30821360066898434,45.362029948347754,11.020073614109256
279,-0.9604437076517925,0.27847420783993293,45.36199793509681,11.020076561268597
280,-0.9559509016651534,0.2935266148164085,45.361967037402906,11.020080934935898
281,-0.9515439687580504,0.30751272415979536,45.36192637024203,11.020102147086002
282,-0.9502302942822805,0.31154837157046855,45.36190225079024,11.020107755942494
283,-0.9538039579198905,0.30042970867800634,45.36187169058467,11.020114433335898
284,-0.9552049797566109,0.29594500612136126,45.361824356803375,11.02012265725906
285,-0.939449212678651,0.34268816261648555,45.36180232395396,11.02014141360117
286,-0.9483460770026065,0.31723763684935985,45.361771294365546,11.02015310389009
287,-0.9541089267335071,0.29945977347122127,45.3617342863549,11.02015963588771
288,-0.9504054961743816,0.31101349302164927,45.36171019646995,11.020171949664746
289,-0.9581152134476429,0.28638302631297413,45.361679231609806,11.020178036225177
290,-0.9495760921856472,0.31353667273452285,45.36164039986247,11.020192224304719
291,-0.953250671772831,0.30218066907836183,45.36160556406816,11.02019519385116
292,-0.9501288462196789,0.31185762068813055,45.36157418558285,11.020218022215152
293,-0.9563354723011815,0.29227121722550115,45.36153870540949,11.020217482048329
294,-0.9555480489828427,0.2948354220325006,45.36150759805471,11.020226892044327
295,-0.9481337673153533,0.3178716081634148,45.36147709328151,11.020243143665482
296,-0.9610134546803392,0.27650160925998174,45.36143909581837,11.020243750927627
297,-0.9508891216710219,0.3095317080489696,45.361413583934926,11.02026558156944
298,-0.9542227783768303,0.299096789061338,45.36137370491452,11.020286247485927
299,-0.9475162876204193,0.3197074986515314,45.3613524741745,11.020286666648364
300,-0.959109600466127,0.2830349347584254,45.361313147881795,11.02028524385724
301,-0.9619968475005153,0.27306055262353507,45.36128015548511,11.020299312722639
302,-0.9552198319249868,0.2958970643605644,45.36124747889225,11.020303761882339
303,-0.9574179259031584,0.28870558560459875,45.361214031468506,11.020327851081664
304,-0.9508703290524203,0.30958943348851864,45.36118456679366,11.020337976171461
305,-0.9484617448005501,0.31689165127831315,45.36115206039505,11.02034616012398
306,-0.9525623332575064,0.3043435579390753,45.36112115718623,11.020347644867854
307,-0.9486504700852371,0.31632623287843015,45.36108773967339,11.020362922039324
308,-0.944630288934972,0.328136583188512,45.361050394568394,11.02037260437065
309,-0.9548335615994499,0.297141161139465,45.36102006268128,11.020389420732977
310,-0.9533075946024742,0.3020010431658221,45.36099583330895,11.020390979560664
311,-0.941754171915283,0.33630206612532076,45.360961489345954,11.020401683075683
312,-0.9555210204940449,0.2949230058744472,45.36092007864601,11.020421412343255
313,-0.9542374065354015,0.29905011614876675,45.36089780816942,11.020428182589093
314,-0.9565863553232637,0.2914490432465932,45.36085369032612,11.020431340729184
315,-0.9581053813035457,0.28641591840745734,45.3608230271028,11.020438783424321
316,-0.9513472309779759,0.3081208303742832,45.36078359859615,11.020462254274584
317,-0.9450354345902164,0.32696793018410963,45.36076308856767,11.020465060120479
318,-0.957160392658526,0.2895582544597482,45.360730034049176,11.02047372395685
319,-0.956679049648935,0.2911446306611381,45.36069784396925,11.020476998463566
320,-0.9511118245214292,0.3088467212963709,45.36066398905845,11.020496738911644
321,-0.9540963310920639,0.29949990149691663,45.36062911666064,11.020506294868452
322,-0.9564214012688624,0.29198990255641644,45.36059625960682,11.020515308223887
323,-0.9570186135807803,0.2900265044093749,45.36056728010433,11.020524216151186
324,-0.9569622937823165,0.29021228140602096,45.3605228140466,11.020541310511367
325,-0.9603325059168332,0.2788574511815948,45.36050627636239,11.020539689802968
326,-0.9580124894947805,0.2867264723948823,45.36047568066613,11.020564979149798
327,-0.9424850421240173,0.3342483289000699,45.36042525706033,11.020565577030219
328,-0.9560854826871595,0.29308795573148533,45.36040458518063,11.020574226688938
329,-0.953686672595415,0.30080181268384293,45.36037199278238,11.020585635216472
330,-0.9455348129862646,0.32552099384068867,45.3603404935114,11.020600838524876
331,-0.9523080999220581,0.30513813728021505,45.36029825521471,11.020601568982638
332,-0.9533479319121719,0.3018736833822797,45.36027761099054,11.020606337275442
333,-0.9484985164208893,0.31678157198197626,45.360235847114396,11.020623277176142
334,-0.9617547644205154,0.2739119805967583,45.36020822530502,11.020635905192435
335,-0.9503649054630195,0.31113750411074825,45.360167697010226,11.020644822108824
336,-0.9458344668402642,0.3246492897527933,45.36014659070657,11.020660156496417
337,-0.9567200545249869,0.29100985768476306,45.360113565290504,11.020676856632983
338,-0.9448971525885509,0.3273673334803715,45.3600735293545,11.020677559474855
339,-0.9586261730857824,0.2846679825250949,45.36005234880371,11.020691051243265
340,-0.9629248439892596,0.2697697996964452,45.36000806503348,11.020689484697916
341,-0.9521077470699233,0.30576271513942804,45.359982872773514,11.020711482279165
342,-0.9503244573994123,0.31126102497504016,45.35994513727987,11.020722618698226
343,-0.954457141063854,0.2983480616196697,45.35992051504819,11.020726409868038
344,-0.9585124643804964,0.2850506194121102,45.35987375957965,11.020736811308971
345,-0.9514893899133844,0.30768155759202653,45.359840843730964,11.020750662224984
346,-0.9551466947708673,0.29613306378769577,45.35982442810082,11.020766454223002
347,-0.9544162540644977,0.298478833382691,45.359781724444154,11.02077476502551
348,-0.9538747478416998,0.3002048724287028,45.35974801688789,11.020783955992671
349,-0.9524479730813264,0.30470126119409613,45.35971321999667,11.020791307835339
350,0.1368201665958998,0.9905959024812642,45.359686427786905,11.020799802093322
351,0.11877014263421687,0.9929217759816973,45.35968819921002,11.020809319599348
352,0.09350804832330238,0.9956185237824611,45.35969070796493,11.020813989046808
353,0.11545262060138069,0.9933129881342908,45.359686523580066,11.020824861883879
354,0.14537956558491866,0.9893759557975625,45.35970022537474,11.020838405874073
355,0.14030549598226308,0.9901082606448505,45.359710554689144,11.020841685492524
356,0.12846981622230144,0.9917134194513091,45.359702572287965,11.020847728501362
357,0.10821082229812237,0.9941279685923559,45.35969932630526,11.020871900680781
358,0.12710054113371147,0.9918898388649405,45.35971469906125,11.02087505698949
359,0.1278404743877742,0.9917947434365182,45.35972268514538,11.020882335752354
360,0.9631065504100892,-0.2691203681574071,45.35972303838748,11.020890131490532
361,0.9453522483336091,-0.32605080366499695,45.359756818143886,11.020876360942347
362,0.9498879666265262,-0.3125905482546193,45.35978910225974,11.020880658327618
363,0.9551259948792238,-0.2961998209080705,45.359813166723,11.020854090689108
364,0.9500643016974037,-0.3120541982416268,45.35985102120529,11.020850930266464
365,0.9496446278079897,-0.3133290297361938,45.35988352317781,11.020835394449332
366,0.9537565853790737,-0.3005800656165504,45.35991013141231,11.020828860515
367,0.9555023956506038,-0.2949833417431516,45.3599499904821,11.02081961618292
368,0.9585359956559367,-0.28497148108518167,45.35998287477571,11.020806229087095
369,0.9475530111303813,-0.319598640638141,45.360014891817606,11.020796725641462
370,0.9505372826619666,-0.3106104864128136,45.3600501524876,11.020787597670797
371,0.9518811434230745,-0.3064674351306844,45.360077387313666,11.020773413681043
372,0.953809944433392,-0.30041070203967385,45.36011024681998,11.020766473956638
373,0.9581435496165036,-0.2862882085037501,45.36014029445669,11.020761407562421
374,0.9552097227229956,-0.2959296970826988,45.36016765234186,11.020742822906199
375,0.962821799947738,-0.27013733830294184,45.36020038345011,11.020734818605032
376,0.9489200542056948,-0.31551660927162184,45.36023271013122,11.020730518708511
377,0.954313833212222,-0.2988061373864255,45.3602669598032,11.020713456025682
378,0.9493293634166143,-0.31428292946802855,45.36028812387001,11.020705455421012
379,0.945422467555115,-0.3258471387660132,45.360342521802046,11.020688506811979
380,0.9560604124518975,-0.2931697251462155,45.36037059568973,11.020683960043595
381,0.9545729306422609,-0.29797738183467115,45.36039656173419,11.020674258955038
382,0.9542094495305065,-0.2991393093972906,45.360428421010056,11.020670236577704
383,0.9566596793668231,-0.29120827233059027,45.36046389115587,11.0206501896645
384,0.9473412999638268,-0.3202256413575383,45.36049410521303,11.020640857286846
385,0.9540788437400877,-0.2995556040663861,45.360533251087496,11.020635171150275
386,0.954886071032177,-0.2969723747231922,45.36054911074855,11.020625497863811
387,0.9533792561702343,-0.30177474033505636,45.36059186685659,11.020609621102734
388,0.9482755168134795,-0.3174484906439598,45.3606307161105,11.020601405291247
389,0.9576139333211752,-0.2880547772718722,45.360658624403264,11.020594352388159
390,0.9526606129885352,-0.30403578154603494,45.360694898723885,11.020574123111832
391,0.9537494997054597,-0.3006025479126636,45.36072262362488,11.020573178474384
392,0.9564606166901259,-0.2918614204048627,45.360755748362415,11.020569975976999
393,0.961704281532749,-0.2740891732294053,45.36078184975003,11.020554275831005
394,0.9595544295810305,-0.2815231725301188,45.36082270066437,11.020535332827624
395,0.9498313510907412,-0.31276253689522504,45.36084783439425,11.020527477002586
396,0.9587260127226334,-0.2843315538749808,45.360884660464684,11.020524638059365
397,0.9546653573431282,-0.29768113055569595,45.36091093557787,11.020508790787575
398,0.9533568375971133,-0.30184555687773723,45.360951863303214,11.020500777043722
399,0.9518321956712648,-0.3066194241786048,45.36097765419143,11.020490582237702
400,0.9607408478302484,-0.2774473343004316,45.36101411975889,11.020475858807911
401,0.9518577150091365,-0.30654019373906827,45.361039433840865,11.020466983980448
402,0.9540000653221515,-0.2998063964716741,45.361074075427425,11.020451773947418
403,0.9640419393697769,-0.2657501441884075,45.361121080944024,11.020446571378281
404,0.9554080836459634,-0.29528866165829637,45.361144567578435,11.020435961032748
405,0.9458570748580787,-0.324583415997982,45.36117606404956,11.020431565785092
406,0.9599761776339397,-0.28008166376135835,45.36119961890869,11.020421056274163
407,0.9553063482704515,-0.2956176262575944,45.361243655140825,11.020408886092753
408,0.9587879865528567,-0.2841225032304184,45.36126943534873,11.020400691214629
409,0.954847978356983,-0.2970948303615909,45.361295886884726,11.020383454552501
410,0.9562873073261381,-0.2924287705526328,45.361325588320845,11.020370427669622
411,0.9633527662973999,-0.26823767011206195,45.361367433891125,11.020371123298773
412,0.9569901230326302,-0.2901204998237652,45.361402772041984,11.020364850826853
413,0.9552634459579649,-0.2957562320839823,45.361427468707134,11.020339020160364
414,0.9558512658962357,-0.29385091030072336,45.36146952565345,11.020328016978272
415,0.9592911986342852,-0.2824188312113701,45.36149672389788,11.020326333700641
416,0.9554925997276937,-0.29501507057371357,45.361520615853316,11.02031088818408
417,0.9561499751633381,-0.2928774914450545,45.36155934256813,11.020306596567352
418,0.9479320652002972,-0.31847260441849556,45.3615938791787,11.020293247450057
419,0.9567508163468784,-0.2909087063316972,45.361632413073565,11.02028469417335
420,0.943675688667506,-0.33087187039382526,45.36165612286841,11.020276830540057
421,0.9626251961286816,-0.2708370945387972,45.3616928614979,11.02026911871913
422,0.9524074938895426,-0.30482776379956106,45.36171890836429,11.020241497969645
423,0.9532476106764067,-0.3021903253575827,45.36174930964789,11.020242007481283
424,0.953374063111876,-0.30179114596944795,45.3617945810551,11.020240331194707
425,0.9487559829138839,-0.31600962783609965,45.36182304221086,11.020213037176084
426,0.9602568442386925,-0.27911788386405373,45.36184090002911,11.02021908025826
427,0.9473576865292651,-0.32017715998165575,45.361880937034464,11.020204107377621
428,0.9542643225090979,-0.29896421656487987,45.36190461394052,11.020195033650422
429,0.954587261944542,-0.2979314675109402,45.36195097216238,11.020180067374538
430,0.9534827547323729,-0.3014475682900192,45.361978863206026,11.020182708045528
431,0.9551892221813978,-0.2959958611678485,45.362015787917294,11.020154025986173
432,0.9445368781886136,-0.32840536801597503,45.36205305193481,11.020152267387218
433,0.94804289041271,-0.3181425434265504,45.36208854550242,11.020138658564493
434,0.9506076511427485,-0.3103950605097746,45.36209903117372,11.02013044566443
435,0.9502715904907819,-0.3114223888966874,45.36214119725776,11.020116597849329
436,0.9461071158774996,-0.3238538640899,45.36217303282439,11.020112127487007
437,0.9485333633654529,-0.3166772151302043,45.362203078282015,11.02009459825258
438,0.9478504190140131,-0.3187155207625757,45.362234953424476,11.020079783132491
439,0.9636262235031728,-0.2672536274347146,45.362275860924406,11.020082455832869
440,0.1074107841936655,0.9942147270277693,45.362300056660644,11.020066407612694
441,0.1336342014800151,0.991030726160798,45.36230634284562,11.020066946979757
442,0.0945408867995941,0.995520979549475,45.362296506624745,11.020084700143478
443,0.12732454966407888,0.9918611087510385,45.3623129869384,11.020077840920239
444,0.127210100024376,0.9918757938632177,45.362304698107835,11.020091386674816
445,0.11335091736145371,0.9935550158563525,45.36229946868789,11.020097690449397
446,0.12514101655544294,0.9921389650525124,45.36230975610182,11.020104245707167
447,0.11265317249967127,0.9936343707449734,45.36230789734096,11.020107979672025
448,0.15969106823899162,0.9871670389172694,45.362311548078864,11.020116094079812
449,0.13030249550560655,0.9914742859323238,45.362301928492535,11.020116168659984
450,-0.9671664934446534,0.25414360892608184,45.362314030724,11.02012130841405
451,-0.9583275095137106,0.2856718125913875,45.3622804511858,11.020139489297316
452,-0.9472613183444449,0.3204621580910049,45.362247735026344,11.020141574876051
453,-0.9509190034767638,0.30943989533794514,45.36221426569351,11.020140579193589
454,-0.9667221880206458,0.2558284800184984,45.36218522600372,11.020160939967106
455,-0.9564830333748047,0.29178794845937733,45.36215457765636,11.020175827359155
456,-0.9586848600292249,0.28447027815001225,45.36211175407975,11.020183093123217
457,-0.9545790031191649,0.2979579279093297,45.36208465203255,11.020188832783683
458,-0.9565871701664391,0.29144636877642505,45.36204612164338,11.020201609974569
459,-0.958813836740657,0.2840352556896075,45.36201999994327,11.020211574067252
460,-0.9509824144709034,0.3092449633657611,45.36198335263952,11.020216674263512
461,-0.9508202038804788,0.30974334519515445,45.36194846080412,11.020224556397801
462,-0.9554733167085967,0.29507751703217516,45.36193121314762,11.020245107939662
463,-0.9584693510970187,0.28519555222278614,45.36188996573612,11.020254071772206
464,-0.9495537730964067,0.31360426017255866,45.36185564914632,11.020265916744332
465,-0.9479076645184665,0.31854522370794747,45.36183150168062,11.020279453520056
466,-0.9559326348686066,0.2935860991143199,45.361791787618856,11.020285610833888
467,-0.9486079047267909,0.3164538561778755,45.36176612415598,11.020297932441803
468,-0.9602147863028434,0.27926253627256337,45.36172589725289,11.020301974227985
469,-0.9585049494833758,0.28507588781914045,45.36169284890716,11.020306813081183
470,-0.9541538076248304,0.2993167409201134,45.361665983059765,11.020332278711278
471,-0.9452491496135766,0.3263495750798677,45.36162567656459,11.020332654172913
472,-0.9542374849102783,0.29904986606267936,45.36160370577272,11.020357717491475
473,-0.9435998943065909,0.3310879633339011,45.36156339019162,11.020357494526854
474,-0.957894107196904,0.28712171530110037,45.36154374162565,11.020363886412358
475,-0.9478295886541617,0.31877746292936493,45.36149986591326,11.020369778879584
476,-0.9429091331217803,0.33305009634517885,45.36146349484619,11.020390342234185
477,-0.9564985943609406,0.2917369345584216,45.36143589321195,11.02039923586058
478,-0.9548947100255739,0.2969445954469875,45.36139742346339,11.02041169397562
479,-0.9549069113514886,0.2969053563901469,45.36136308306116,11.020410229504678
480,-0.9552516004588207,0.29579448916580825,45.36134399137699,11.020430670501174
481,-0.965316565987896,0.26108222350312565,45.36129328948294,11.020433081780466
482,-0.9495284453579036,0.3136809389430647,45.36127269014644,11.020450857853662
483,-0.9517771737823001,0.3067901749844301,45.361244125868055,11.020456652377659
484,-0.948586768630294,0.3165172070828646,45.36120907675664,11.020473278823188
485,-0.956552077035542,0.29156152681550856,45.3611829612155,11.020467715840104
486,-0.9504444825071311,0.31089433200325767,45.36113663961075,11.020490029960767
487,-0.9480284406038222,0.31818559962117265,45.36110491496418,11.020496159345171
488,-0.9610920232104668,0.2762283890573368,45.36108242550587,11.020508849798668
489,-0.9604696297343313,0.278384788302085,45.361054197325686,11.020527401391911
490,-0.9536417844926236,0.3009440925981508,45.36101359782778,11.020520711674195
491,-0.955126510677711,0.29619815765905827,45.36097860401948,11.020529271294055
492,-0.9565208725336479,0.29166388258999243,45.360942115531124,11.0205477904919
493,-0.9505683539078728,0.3105153853658095,45.360909361975345,11.020547528271164
494,-0.9535667822158217,0.30118165922672585,45.36087391288238,11.02057222058484
495,-0.9509691976478137,0.30928560445819875,45.360852469906085,11.020568936980931
496,-0.9520759524668351,0.3058617019738968,45.36081332324968,11.020587251437219
497,-0.9458466682213379,0.3246137400274277,45.36078602543112,11.02059821339103
498,-0.9536726739409749,0.3008461915635146,45.36075294029737,11.020602285576341
499,-0.9583516188612731,0.28559092181996487,45.36071801209666,11.020623405428964
500,-0.9539195577930442,0.3000624555987021,45.36068159518634,11.020623420916765
501,-0.9587760870328967,0.28416265576934485,45.360658015796844,11.020637461446626
502,-0.9637184938743155,0.26692070838475773,45.360622938940274,11.020651590353722
503,-0.9606369669894594,0.27780679914878303,45.36059927660265,11.020669406606803
504,-0.9459148717760907,0.3244149431712755,45.36055614920834,11.02066619075243
505,-0.9540521451209465,0.2996406254000287,45.36052927200445,11.020676184060699
506,-0.9520813225020281,0.30584498580619096,45.36049666719646,11.020693600385842
507,-0.958739049616573,0.28428759160454137,45.36045446061566,11.020702046881777
508,-0.9527204478062952,0.30384823239863096,45.36044045404953,11.020706863701184
509,-0.962435885712517,0.27150905305857265,45.3603971391865,11.020721123716969
510,-0.9522935924197027,0.305183410159165,45.360360788886325,11.020730237405735
511,-0.9501636353961193,0.31175160941177266,45.36033045504469,11.020740489656982
512,-0.9578532756238747,0.28725790220046793,45.36030342526707,11.020744263262756
513,-0.9461419826171485,0.32375198644841,45.36027041344418,11.020759099428929
514,-0.9409567073395292,0.3385269190371006,45.3602332924104,11.020773036380259
515,-0.9472820264375944,0.32040094005524516,45.360196699396376,11.020791711116097
516,-0.9559251815037856,0.2936103665863222,45.36016641205827,11.02078280584713
517,-0.957658405808755,0.28790689082381093,45.36013172963393,11.020795060351684
518,-0.9394628490529175,0.34265077739496663,45.36009903859101,11.020822350495482
519,-0.9538190261923685,0.30038186575331377,45.36007000004277,11.020818677869668
520,-0.9528939598747365,0.30330364527028714,45.36002828940677,11.020828461766852
521,-0.9503231715441598,0.3112649508477454,45.35999762217989,11.020851454611893
522,-0.9590615222634991,0.28319780457062155,45.35996464036801,11.020854821248783
523,-0.9608303261583574,0.2771373023149798,45.35994092557639,11.020868943089498
524,-0.9488724814733313,0.3156596488350113,45.3599135858445,11.020871008562326
525,-0.953578472052532,0.30114464570693994,45.35987626828002,11.02087805685689
526,-0.9410299269016984,0.3383233315563444,45.359850169849445,11.020890611896291
527,-0.9536712881694703,0.3008505843789956,45.35981889315313,11.020906228278278
528,-0.95853604190705,0.28497132551392956,45.3597790801487,11.020910428276137
529,-0.9495977628744905,0.3134710333408223,45.3597486337986,11.020927027732283
530,0.1192146220874525,0.9928685078501311,45.359711598357336,11.020934193331167
531,0.1172708330001865,0.9930999706612836,45.359711781135275,11.020943011007269
532,0.11570510725121279,0.9932836091247984,45.359710380327776,11.020950007430615
533,0.122929574730158,0.992415396724911,45.359717839533715,11.020956612621731
534,0.15331023893110948,0.9881781067393095,45.35972592435332,11.020963225708664
535,0.14237791950568512,0.9898123701173029,45.359720971535225,11.020975788627966
536,0.1255028723784582,0.9920932562137273,45.359727916388415,11.020976805822574
537,0.1161034865658913,0.9932371219438205,45.359727486411145,11.02098942403281
538,0.13012088548539316,0.9914981367408097,45.35973291221163,11.021009409340603
539,0.10110296033512395,0.9948759678530155,45.35973096858521,11.021001508549228
540,0.9538918671394235,-0.3001504719391,45.35973190994842,11.021013525373032
541,0.9489174432527928,-0.3155244616358337,45.3597600073374,11.021009448577255
542,0.9541810102107988,-0.2992300114512235,45.359793197973616,11.020999179838121
543,0.956249665475231,-0.2925518369084507,45.35983164366054,11.020983071421647
544,0.956048912862648,-0.2932072240142605,45.35985565067685,11.020966663320591
545,0.9551421496531317,-0.2961477231990727,45.35989180675985,11.020966123179806
546,0.9546453041878034,-0.2977454335370677,45.35992800409574,11.020956053322953
547,0.9563620799480411,-0.29218414063302034,45.3599572653541,11.020942506622468
548,0.9473810869998333,-0.32010791304654485,45.35999079458744,11.020932945340599
549,0.9496149208795752,-0.31341905181861246,45.360013379260124,11.020920115724296
550,0.9563634092294321,-0.29217978966221786,45.36006168524765,11.020914287052426
551,0.954057033318197,-0.2996250609947049,45.36008937479438,11.020904320401964
552,0.9570602400265854,-0.289889111489643,45.36013046539412,11.020883249001086
553,0.9531527143036108,-0.30248950926546064,45.36015514189706,11.020876279935843
554,0.9571230348397191,-0.2896817153000962,45.360186184810516,11.020865926263594
555,0.9438710314412552,-0.3303142079990217,45.360210162399184,11.020854449989368
556,0.9553383439966451,-0.2955142103008718,45.36025436777838,11.020842679174274
557,0.9554306348269533,-0.29521568731042197,45.36028001476004,11.020838670210695
558,0.9551585155449047,-0.2960949344079597,45.36031342534349,11.020827795856837
559,0.9498766301586531,-0.312624994967519,45.36035226139613,11.020822242449881
560,0.9567872802728378,-0.2907887554705411,45.36038108520572,11.020815689410163
561,0.9524387244104339,-0.30473016956551197,45.36040559672983,11.020808189784406
562,0.9583070856005328,-0.2857403186248192,45.36044147453782,11.020784712172949
563,0.9578718436813718,-0.28719598026861304,45.36048176555041,11.020775622957183
564,0.958323462893449,-0.28568538721451625,45.360503559079895,11.02076842484097
565,0.9527233841881068,-0.30383902517807226,45.360549587347954,11.020758907531953
566,0.9556209258270121,-0.29459912783564773,45.360578599425445,11.020750575339285
567,0.9605650961034766,-0.2780552034178083,45.360609232546196,11.020738749444895
568,0.9430224228475711,-0.3327291841824172,45.36063964959491,11.020732662186026
569,0.9607892812294915,-0.2772795648339724,45.36066867848695,11.020723299252673
570,0.9586650528710278,-0.28453702114802143,45.360703938373426,11.020701387866435
571,0.9489036754589734,-0.3155658642826429,45.36073147811051,11.020698794420523
572,0.9606484253398205,-0.2777671738923145,45.36077156436862,11.020691562870981
573,0.9518737676944612,-0.3064903430373475,45.3607972893636,11.020673595149464
574,0.9452991007852126,-0.3262048590298257,45.36082694841807,11.020670621777489
575,0.9530704619975513,-0.3027485664173724,45.36086657127914,11.02064831168757
576,0.9449518549612724,-0.3272094005453545,45.360898422670765,11.020639191493844
577,0.9594030589084285,-0.2820385976371862,45.360945763709985,11.020643303776016
578,0.9588718857895229,-0.2838392267507156,45.36096141709272,11.020629977046621
579,0.9543395668181055,-0.29872393811917836,45.36099250577462,11.02060834333202
580,0.9512607073286329,-0.3083878510781983,45.36102820309099,11.020609840067573
581,0.9480934692268749,-0.31799178229845637,45.361050418147094,11.020607938890217
582,0.9561187262901962,-0.29297948944800356,45.36109096844867,11.020585071504005
583,0.9554109387239318,-0.295279423879578,45.36111979212962,11.020576281124242
584,0.9614901954817341,-0.27483923299357527,45.36115388783062,11.020563903554148
585,0.9535582526521902,-0.30120866322020334,45.36118484882898,11.020551806392394
586,0.9549735654858906,-0.29669089845016383,45.36122548612517,11.020539113391933
587,0.9565873542520161,-0.29144576456886073,45.36125282772617,11.02053133579928
588,0.9555952933712231,-0.2946822615746766,45.36127894489366,11.020524508440925
589,0.9391814956200468,-0.3434211966156019,45.3613290069825,11.020516798625513
590,0.9575830424738496,-0.2881574513465259,45.361351646600696,11.020499495713652
591,0.9539562376082044,-0.2999458229887511,45.3613827434526,11.020497722102222
592,0.9449278827830995,-0.3272786218790483,45.361422305468054,11.020483598938297
593,0.9591157054623347,-0.2830142461705558,45.36144575891634,11.02047395635887
594,0.9560912460817146,-0.2930691542382349,45.36147307526039,11.02045594304939
595,0.9581553615177497,-0.2862486736996179,45.36150984629642,11.020458113700991
596,0.9562308805810205,-0.2926132311144629,45.36154549628459,11.02044214854264
597,0.9505336321055678,-0.3106216577062792,45.36157970246557,11.020433647001724
598,0.9620486551139675,-0.27287796758515764,45.36161468624387,11.020421181817431
599,0.9560004094883642,-0.2933653303614455,45.36164666463461,11.020403872533999
600,0.9569657051691227,-0.2902010322692938,45.361676291738995,11.020401932701676
601,0.957704724519687,-0.2877527769330303,45.361698326480806,11.020390938849646
602,0.9609041147035504,-0.27688135066447883,45.361735343428364,11.020380287472234
603,0.9607004568661871,-0.2775871614053851,45.361774725555776,11.020370373075364
604,0.9526379521030033,-0.30410677765054184,45.36180685939981,11.020363846439492
605,0.9454683019151012,-0.32571412323351123,45.36183621309738,11.020354180782236
606,0.9547261284422663,-0.297486167190411,45.361864220655534,11.02033733424698
607,0.9512047398892391,-0.30856043623939367,45.36191235906451,11.020333882284865
608,0.9484653486401073,-0.3168808647252145,45.361932150861,11.02033262663601
609,0.9632621036377839,-0.26856306465206903,45.361966004280696,11.020310581200967
610,0.951234354447593,-0.3084691279831273,45.3619970515879,11.020292532486252
611,0.9521387732245854,-0.3056660866409318,45.362033098841806,11.02027654071227
612,0.9521427951108855,-0.3056535583277747,45.36206498428903,11.020279233988292
613,0.9542613638055689,-0.2989736602912298,45.36209207200087,11.020267578181345
614,0.9586546956175139,-0.28457191458485814,45.36212840144815,11.020263234343998
615,0.9563423169182905,-0.2922488201368072,45.36215271440314,11.020245527872584
616,0.9495990475743463,-0.31346714157291555,45.36219410295796,11.0202493049805
617,0.9560616634257657,-0.2931656455445588,45.362222995819245,11.02022448193512
618,0.9649210087314464,-0.2625403719596053,45.36224423463324,11.020210476602326
619,0.9476842787641194,-0.3192091912575997,45.36229238451851,11.020206172364151
620,0.13542833085152564,0.9907871452551096,45.362320026474606,11.020197621933184
621,0.12408357611388737,0.9922717703022641,45.36232107349743,11.02020297759433
622,0.13398299196448527,0.9909836314814916,45.3623226948137,11.02020971989109
623,0.13651819584085595,0.9906375634935098,45.36231806749305,11.020211110903029
624,0.15036390743586292,0.9886307173766246,45.362317075627814,11.0202278332193
625,0.14718420937777696,0.9891090983859357,45.362324346948114,11.020221751158996
626,0.1215126946320641,0.9925898775643719,45.362332091395366,11.020232257524926
627,0.1660107970510717,0.9861239350418729,45.362332260334156,11.020237638365815
628,0.1442374082848749,0.9895431117699027,45.36232456643637,11.020237571524586
629,0.10756245612076126,0.9941983293253259,45.36232536256465,11.020258869716304
630,-0.9565636262579331,0.29152363355356503,45.362336089037576,11.020257355478734
631,-0.9480129097073705,0.3182318699127492,45.362306430268696,11.020269409984019
632,-0.953372927402698,0.3017947337108619,45.36226382413167,11.020270020909908
633,-0.9453956892441633,0.3259248237838804,45.36224565029958,11.020288086098773
634,-0.9559838318489225,0.2934193470844262,45.3621998256014,11.020298103622277
635,-0.9534302083440935,0.3016137228591204,45.36217276391641,11.02031121308277
636,-0.9627591604397022,0.2703604982046002,45.36214386182078,11.02031726493092
637,-0.955383577237567,0.29536794061771504,45.362114767206904,11.020321265604728
638,-0.9588532723635967,0.2839020994596942,45.362077073920446,11.020332350904013
639,-0.9513896133815237,0.3079899406632543,45.36204791144941,11.02035063371165
640,-0.9568922075284838,0.29044328735790254,45.36201540865092,11.0203593826147
641,-0.9541182308881199,0.2994301278878336,45.36197759936627,11.02036360529275
642,-0.9533274164417539,0.3019384656854618,45.36194207421271,11.020388784798769
643,-0.9631236700105772,0.2690590943739994,45.361923699203594,11.020383150195986
644,-0.9574621398537979,0.28855892075378003,45.361878146030435,11.02040207272655
645,-0.955079184695226,0.29635072289755326,45.36185199240598,11.02040519896923
646,-0.9587184916122777,0.2843569127710437,45.36181495918074,11.020420448015722
647,-0.963105603003986,0.26912375863592664,45.36178681311373,11.020430440663352
648,-0.958640018978332,0.2846213519980949,45.361758830268535,11.020444248779619
649,-0.9510338182389801,0.30908684308101264,45.36172351786035,11.020464578522619
650,-0.958795370024783,0.2840975860844993,45.3616893908384,11.02045654393931
651,-0.9504851934111446,0.31076984587662165,45.361657681177476,11.020476740097417
652,-0.9528108581920449,0.30356460352178566,45.36162621259973,11.020490033240208
653,-0.9548148820442205,0.2972011793833956,45.361591321129104,11.020490991169464
654,-0.9567212509398825,0.2910059243383654,45.36155331319861,11.020502111785879
655,-0.96024440819802,0.27916066435734493,45.36152759950051,11.020520120383242
656,-0.953864601860626,0.3002371084947184,45.361498625558156,11.02052557292838
657,-0.9476421162580542,0.3193343381065627,45.361465628005675,11.020540110261202
658,-0.9510940047761497,0.3089015928720106,45.36144134607148,11.020546449154923
659,-0.9549588485819176,0.2967382643258164,45.36139976156863,11.020562449122373
660,-0.959902527281501,0.28033397603320764,45.36136511132754,11.020575127384397
661,-0.9592975899244904,0.2823971210282856,45.36133113817546,11.020582066381504
662,-0.9530628191192405,0.3027726255996169,45.36130318575575,11.020591537347494
663,-0.9520148306862538,0.30605189454310433,45.36126466378014,11.02060459412073
664,-0.9545585676271543,0.2980233899706457,45.36122687847874,11.020614289020637
665,-0.9528722020272854,0.3033719937694845,45.36120216406962,11.020615590392584
666,-0.9614653522882259,0.2749261288951591,45.3611736158407,11.02062605088276
667,-0.9636970232264517,0.26699821614474495,45.36114322764965,11.020635503222195
668,-0.952798887037466,0.3036021753218614,45.36110479722084,11.020660762353002
669,-0.9610393463609033,0.27641160385593033,45.361084379035525,11.020656819183614
670,-0.9543898260061049,0.298563326642836,45.361049517762815,11.02068447793792
671,-0.9603327580558794,0.27885658286077425,45.36100136890859,11.020680305067504
672,-0.951807055325945,0.30669745586123376,45.36097659068293,11.020702614199687
673,-0.9536179065740464,0.30101974729464714,45.36093749877279,11.020699330749439
674,-0.9536605822503047,0.30088451914648223,45.36091011993505,11.020713078835314
675,-0.9586078514974838,0.2847296736333919,45.36087536932794,11.020728652358239
676,-0.9580322831425347,0.28666032940869607,45.36085616346838,11.020738578513807
677,-0.9666373595646105,0.256148814352044,45.360817417162906,11.020735961751804
678,-0.9523004278400671,0.30516208010764573,45.36078169477601,11.02075806832308
679,-0.9464468507366682,0.3228596579485315,45.360752177948136,11.02076572777132
680,-0.9461228844048851,0.3238077942319803,45.36071528654363,11.020775870798394
681,-0.953871108869348,0.3002164347006348,45.360691460320474,11.020790370202457
682,-0.9590691393731628,0.283172007624378,45.36065867166942,11.0207952441842
683,-0.9519800635179327,0.3061600213358901,45.36061880265973,11.020808311250878
684,-0.9500431673826768,0.31211853535074013,45.360589769938485,11.020821762740546
685,-0.9435580835651954,0.33120709977108825,45.360559252297804,11.020817103885431
686,-0.940808243695582,0.3389392992770746,45.36052214988312,11.020829152053636
687,-0.9535410074727483,0.3012632521032997,45.36050437856135,11.020846346181282
688,-0.9576018590152378,0.2880949142393191,45.36046230167083,11.020861053214386
689,-0.954805131429354,0.2972325032633109,45.36042111917593,11.020869360917539
690,-0.9527830349379306,0.30365191969501204,45.360392569314584,11.020877668388179
691,-0.9468309595077767,0.32173146274118547,45.36036195229315,11.020892044922446
692,-0.9431225831516432,0.3324451731479522,45.360326111624175,11.020882932330908
693,-0.958859436719608,0.2838812790829221,45.36029109870084,11.020900751424005
694,-0.9480213581638904,0.3182067008488233,45.36025448408639,11.020919478393978
695,-0.9546664120909628,0.2976777479513174,45.36022831148992,11.020928861155896
696,-0.945709192672679,0.3250140349190935,45.36019447831732,11.020941216750181
697,-0.9530992376906233,0.30265796390241045,45.36017103770377,11.020936757158346
698,-0.9656219086767043,0.259950628934724,45.36013208701484,11.020961795585434
699,-0.9502073622615861,0.31161830611162566,45.36011471897966,11.020967691376338
700,-0.9538316591729612,0.30034174861207025,45.360080365326915,11.02097665614253
701,-0.9489311486894774,0.3154832405166225,45.36004490493361,11.020992046220668
702,-0.9486491278887638,0.31633025804669374,45.36000392211936,11.02100331352949
703,-0.9393558575866795,0.3429439791242791,45.359975457630604,11.021010388007806
704,-0.9500894527962291,0.31197761407729535,45.35995519601775,11.021020488129958
705,-0.9568234139767241,0.2906698375578835,45.35990342708666,11.02103079480346
706,-0.9617401094531426,0.27396343162739323,45.35988190926774,11.021041380618998
707,-0.9598581940210669,0.28048573470074367,45.359846893614694,11.021057375552958
708,-0.9588276354976824,0.283988671263351,45.359813917562214,11.021057661564203
709,-0.9529410676418797,0.3031556062512359,45.359776269762854,11.021071499829974
710,0.14056474883589154,0.9900714880172556,45.35975003521698,11.021083269371204
711,0.14837215470318119,0.9889315970827989,45.35975044747882,11.021094120509153
712,0.14329174635774777,0.9896804915859193,45.35975796953794,11.021097693635062
713,0.14693218197976218,0.9891465684612498,45.3597622890782,11.021106007855762
714,0.1183251015676281,0.9929749092192665,45.35975230085415,11.02111774568145
715,0.09488621568792127,0.9954881245260665,45.35976273995862,11.021118761085877
716,0.11173001805557232,0.9937385989611662,45.35974792840891,11.02112132493116
717,0.11502898568219616,0.9933621356045966,45.35975940076477,11.021131937701199
718,0.16395345205456924,0.9864680763001863,45.35974939026081,11.021149417017739
719,0.13408151834625587,0.9909703055278511,45.359746599768876,11.02114088058663
