,Sin,Cosin,Lat,Lon
0,0.9544602336335518,-0.2983381678769675,45.35966593977839,11.02060571453048
1,0.9514823681318773,-0.30770327124383123,45.35969674689947,11.020600766339602
2,0.9525050185077829,-0.3045228886594376,45.359730875823175,11.020583041486073
3,0.9470419166113537,-0.3211099627558973,45.359761714945776,11.020577905229343
4,0.9488571287536471,-0.31570579534336174,45.35979341850808,11.020568661584258
5,0.9538535968772682,-0.30027206950413804,45.359827275371686,11.020550491454712
6,0.9635333150853718,-0.2675883979558786,45.3598581459253,11.0205498391949
7,0.9514131248027055,-0.3079173037572776,45.35988805063895,11.02054295613059
8,0.9467793028331964,-0.32188344431903687,45.359925079853234,11.020534832222271
9,0.9543552855514587,-0.29867371652020835,45.359957058738125,11.020514881625454
10,0.9499194554209615,-0.3124948450978736,45.35999279087474,11.020501446880514
11,0.9546025732250222,-0.2978824049724424,45.360016424908515,11.020499991803424
12,0.9574297721172268,-0.2886662977618884,45.36005135841234,11.020493869773784
13,0.9526717382011827,-0.3040009197892948,45.360091795020054,11.020481272388206
14,0.9573539039309285,-0.2889178129299242,45.36011169243542,11.020464831250456
15,0.9619636671609321,-0.27317742048399873,45.36016005817138,11.020451715410399
16,0.9468148407614447,-0.32177889507219093,45.36018139369144,11.02044064468426
17,0.9491306411911218,-0.31488255898371065,45.360205161930246,11.020428652155374
18,0.9498150117841707,-0.3128121535193856,45.360246956999866,11.020422478398103
19,0.9610438134499407,-0.2763960720227325,45.360283621082566,11.020413795152747
20,0.953773442451044,-0.3005265719950318,45.360305102606276,11.020394522815726
21,0.958703657002963,-0.2844069233495295,45.36036286157919,11.02039400657932
22,0.9533478097201918,-0.3018740692767645,45.36037103282551,11.02038120370977
23,0.950440404166233,-0.31090679974604574,45.360408374064534,11.020368451932656
24,0.9502748991728742,-0.3114122926314628,45.36043621485617,11.020368754430494
25,0.9567786127447047,-0.2908172728610158,45.36047404923299,11.020350820880301
26,0.9414260635450998,-0.33721946396668384,45.36050519401629,11.02034240668181
27,0.9571222107385111,-0.28968443815818823,45.360540316924386,11.020327044356181
28,0.9553604035764245,-0.295442886660504,45.36055868431904,11.020327019803947
29,0.9459227594730117,-0.32439194365915264,45.36060590066292,11.02030547160441
30,0.9523386217599872,-0.305042865027668,45.360630558838785,11.020301609419196
31,0.9500008432843786,-0.31224733427039775,45.36066691811394,11.020293434163587
32,0.9492887895107245,-0.31440546132226044,45.36070416118563,11.020271934853232
33,0.9528112164653189,-0.30356347899225167,45.36073848602454,11.020275475093165
34,0.9540672347532813,-0.29959257595979805,45.36076671954625,11.020255074004627
35,0.9528130139502089,-0.3035578370708273,45.360801806148736,11.02025318452115
36,0.9527355846032302,-0.30380076667240546,45.36083530566534,11.020249788071562
37,0.9463831290859573,-0.32304639447217504,45.36086113899792,11.02023078026018
38,0.9473935754713437,-0.32007095019014653,45.36089334509641,11.02022224197909
39,0.9496399992182709,-0.3133430578211723,45.36092945803607,11.02020672965828
40,0.9575857246994335,-0.2881485378270393,45.360963001705215,11.020196190800414
41,0.955397715870033,-0.29532220456701835,45.3609923670259,11.020180696714332
42,0.957213266762336,-0.289383416826495,45.36102275035343,11.020182241801404
43,0.9541698076320734,-0.29926573175586285,45.36106240547557,11.020175363051026
44,0.9559372300103328,-0.2935711366605581,45.36109473182138,11.020162122539817
45,0.9530380173032671,-0.3028506852801517,45.36112356290075,11.02015477993437
46,0.9622506855072455,-0.2721646895554899,45.36115072993791,11.02013580538837
47,0.9524227946548409,-0.3047799537729849,45.36118658503384,11.020130577619303
48,0.963047913989029,-0.2693301233827731,45.361220173276706,11.020118296053734
49,0.9481290279092326,-0.3178857443105833,45.36125308693707,11.020107053389365
50,0.9540848671389396,-0.2995364189818526,45.36127856104591,11.020097609088841
51,0.9509342288370919,-0.3093931033911475,45.361306398713424,11.020079566932115
52,0.9475802584536119,-0.3195178458067499,45.36135063591042,11.020072146212492
53,0.9558588780705309,-0.29382614794082895,45.3613819923115,11.02006241839186
54,0.9504239924273397,-0.31095696586260324,45.361413144522565,11.020048297720379
55,0.9531291557233121,-0.30256373297235456,45.361446361222136,11.020046764970946
56,0.9536178022914408,-0.3010200776573591,45.361483989694726,11.020046674334367
57,0.9516982045779235,-0.3070350589153571,45.36151420654483,11.020025931149501
58,0.9661459791751728,-0.25799602113917697,45.36154392778074,11.020018907463772
59,0.9504395679307224,-0.3109093561018417,45.36157058719874,11.020020205042991
60,0.953091283655456,-0.3026830107885062,45.3616035851778,11.020002616510435
61,0.9523935231032787,-0.30487141084549796,45.361637128275575,11.019987211863686
62,0.9487418590139007,-0.31605202887317096,45.3616724956654,11.019968729029168
63,0.9604896095825635,-0.278315845549503,45.361708771124974,11.019962340142673
64,0.9579073389725898,-0.28707756781478383,45.361733389822845,11.019968073732938
65,0.9517118725584516,-0.3069926898662012,45.36177025362225,11.019946901537004
66,0.956723166500342,-0.2909996266003773,45.36180392548111,11.019947440986224
67,0.9600249616981442,-0.2799144028385762,45.36184258777781,11.01993128805404
68,0.9526520495253862,-0.3040626128531445,45.361865080963746,11.019921992952694
69,0.9485528172085446,-0.3166189396825994,45.361907440260545,11.019904367292005
70,0.9366958967035286,-0.35014396624641764,45.36193054912558,11.019897493443656
71,0.9496771158031656,-0.3132305472328343,45.361964560723244,11.01988773505039
72,0.9510889949818091,-0.3089170173760138,45.36200204768092,11.019872258273613
73,0.9539895004878376,-0.2998400122714881,45.362032697770886,11.019858213069353
74,0.9468786462025595,-0.3215910903081865,45.36206571415256,11.01985229695852
75,0.9526602548004959,-0.30403690388414073,45.362094067513894,11.019848002097932
76,0.9544893569317414,-0.2982449790089195,45.36212953577242,11.019831974410637
77,0.9606256905458846,-0.2778457893566902,45.362151882831206,11.019825257861008
78,0.9529595402819758,-0.3030975331235231,45.36219561851427,11.019805146149741
79,0.9560248385651084,-0.29328571060752046,45.36222383506673,11.019812364736772
80,0.10793796178802163,0.9941576315680766,45.362254910271126,11.01979491048224
81,0.12051108731274639,0.9927119813091306,45.36226301619522,11.019807011846584
82,0.11802210792553981,0.9930109677344013,45.36225789985639,11.019805649460158
83,0.1195838597360432,0.992824103500026,45.36226275343168,11.019808369825782
84,0.11630644499646985,0.9932133762954882,45.36225772358159,11.01982824547945
85,0.13890470006310995,0.9903057529371307,45.36225857673869,11.01982503668125
86,0.12392704266914502,0.9922913322685429,45.362258160322845,11.019830339066479
87,0.1639315858226078,0.9864717102733788,45.36226815699792,11.019837428951544
88,0.1455832393391052,0.9893460064221884,45.362278578947446,11.01984907579409
89,0.12870062936985652,0.9916834918459634,45.36226445429885,11.019855151484672
90,-0.9526126125799016,0.3041861442500205,45.36227387430525,11.019854591222229
91,-0.9605618036774287,0.2780665771285087,45.362234812872636,11.019868041631034
92,-0.9534465557966303,0.3015620421066669,45.36221625660933,11.019869915406838
93,-0.9431130301447882,0.3324722730862168,45.36218008389375,11.019885439295798
94,-0.9574651219158011,0.28854902584268083,45.362155185523655,11.019890297256728
95,-0.950242176622277,0.31151212780268656,45.362110822745734,11.019905343380177
96,-0.9526180458056853,0.3041691286198472,45.36207889453224,11.019912997369223
97,-0.9525376240859941,0.30442088414004936,45.36204510944622,11.01991910985621
98,-0.9443097751543281,0.3290578194603227,45.36202195890358,11.019939033125038
99,-0.9588065694348737,0.284059786679721,45.36197880784818,11.019947354165105
100,-0.9486564839616569,0.3163081969179846,45.36195000662032,11.019952858869416
101,-0.9540840508933566,0.29953901887888146,45.36191404432466,11.019961965822722
102,-0.9466533685826055,0.32225362643608174,45.36189381142897,11.019974031053305
103,-0.9517806445251429,0.30677940724126784,45.361852642059894,11.019978973494348
104,-0.9486895805761202,0.3162089178159041,45.36182705286601,11.019995766666021
105,-0.9560893445870505,0.2930753574886572,45.36179214456696,11.0200147023527
106,-0.955416684166968,0.2952608331888877,45.361761162613604,11.020012298551638
107,-0.9471515079137921,0.320786566203496,45.361718966992214,11.020018995400363
108,-0.9490110177584017,0.3152429034461564,45.36168979925004,11.02003566882899
109,-0.9519710301808438,0.306188108352403,45.36166411305091,11.020044543955736
110,-0.9559127721833597,0.2936507653263045,45.361626157049756,11.020055126314432
111,-0.9511837533787885,0.30862512423365684,45.361596386344445,11.020073776499613
112,-0.9497789630556777,0.3129215897583316,45.361563402102014,11.020090125088371
113,-0.9579588750954848,0.286905548265964,45.36152569467417,11.020081450704962
114,-0.9458537593738038,0.32459307737295096,45.361503861772725,11.020090268251993
115,-0.9507338855217716,0.3100081916993081,45.361458731027106,11.020115595350273
116,-0.9538371807000594,0.3003242126671812,45.361433713180524,11.020108998447974
117,-0.954212784394451,0.2991286714746499,45.3613934746302,11.02013820238165
118,-0.9497522767208756,0.3130025764486825,45.36136137908257,11.020136688090094
119,-0.9570473843288507,0.28993155080002075,45.361328049161614,11.020147519836957
120,-0.9634778873319053,0.2677879023078681,45.36130395704167,11.020155563986666
121,-0.947146504969965,0.3208013374709963,45.36126370943106,11.020163992229213
122,-0.9551240776037495,0.2962060032841784,45.36123795545586,11.020173045858584
123,-0.9619853178246756,0.2731011685983018,45.36120885963817,11.020184319034255
124,-0.9530367220960277,0.30285476112562393,45.361169269449604,11.020188235390759
125,-0.9608010445784888,0.2772388009223902,45.36113949926409,11.020212053451486
126,-0.9584205541363804,0.285359495039001,45.36111631545444,11.02021463061069
127,-0.9508732596888397,0.309580432212245,45.3610755361398,11.02022107442626
128,-0.9557545295119685,0.2941653944932268,45.36104840356614,11.020242149638605
129,-0.9598945995059575,0.28036112041311567,45.36101520565833,11.020247992334546
130,-0.9525032524379571,0.30452841262370484,45.36097842937132,11.02026150763513
131,-0.9534222529262819,0.30163886955260416,45.36094744217142,11.020272227973793
132,-0.9514086526323489,0.30793112167544623,45.36091256776253,11.020277478633435
133,-0.9616582930555958,0.27425048294834004,45.3608783194181,11.020284094340617
134,-0.9561356614436486,0.2929242170181846,45.360857357759194,11.02030279668429
135,-0.9555930052461435,0.29468968140171414,45.36081672605897,11.020311359043125
136,-0.949149814046727,0.3148247615659597,45.36078545552358,11.020315867310167
137,-0.9540988658429561,0.29949182659495854,45.36075677226448,11.020328231296977
138,-0.9526054365990596,0.3042086161861872,45.36071872137605,11.020345900473078
139,-0.9607588695350132,0.2773849213814683,45.3606860148351,11.020346192961371
140,-0.9494597835977361,0.3138887053248971,45.36065144944156,11.020353910619628
141,-0.9473967307162723,0.320061610675381,45.360630840875395,11.02036789429126
142,-0.9581806280302825,0.2861640859148707,45.36059648926428,11.02038780190012
143,-0.9605785429482121,0.27800874595503267,45.3605679686513,11.020391974282104
144,-0.9586658391979546,0.28453437183384644,45.360520727435905,11.020385663974555
145,-0.9605831223068864,0.27799292282206284,45.36049468743587,11.020407263216724
146,-0.9584936973948899,0.2851137177588501,45.36045596299703,11.020416000761465
147,-0.9518793431316853,0.30647302674002386,45.36042068913732,11.020420834301923
148,-0.9562872140383755,0.29242907561787057,45.36039866704063,11.020447860877889
149,-0.9474235681099474,0.31998215979928596,45.36036603645247,11.020448338101275
150,-0.9487278058131948,0.31609421139413624,45.360332324149205,11.020462149229767
151,-0.9419894558005828,0.33564246626510463,45.36030840018593,11.020476598144171
152,-0.9560343785211391,0.29325461136305986,45.360275977770094,11.02049111236915
153,-0.9535130593913108,0.301351697473604,45.36024698460023,11.020492094771695
154,-0.9456165887907847,0.3252833641668139,45.36020254970531,11.020501969510041
155,-0.9534984507648321,0.3013979170284114,45.36017169764065,11.02050348743854
156,-0.9530505951674487,0.302811101267724,45.360134396029096,11.020520543487029
157,-0.952201371477131,0.30547102670641413,45.360105023106584,11.02053765663513
158,-0.9461288023260884,0.32379050234526874,45.36006518121563,11.020536160162541
159,-0.9592584289067569,0.2825301162200947,45.36004645743128,11.020555798417421
160,-0.9523477866020844,0.30501425106724234,45.360015308375615,11.020561855637395
161,-0.9537677146022446,0.3005447497169284,45.35997998519737,11.020571761828649
162,-0.9586566760297922,0.2845652429646143,45.35994101560184,11.020584880583918
163,-0.9531806413916261,0.3024014961541168,45.35991346836974,11.020591344178312
164,-0.9513696848535702,0.30805149365263346,45.35988768497725,11.020602634636065
165,-0.95132786915754,0.30818060510709394,45.35984302369322,11.02061222516023
166,-0.95444616496446,0.29838317342744836,45.35980942934795,11.02061928641498
167,-0.9585185517104381,0.28503014932972315,45.35978732451084,11.02062865056797
168,-0.9568026900899477,0.29073804745275333,45.35975607100563,11.020646678218744
169,-0.9537113421301279,0.3007235871898815,45.35971663356654,11.020653122042619
170,0.11839736273581185,0.9929662957508701,45.35968515932119,11.02066306262905
171,0.12685516488470003,0.9919212504740865,45.35969201175356,11.020674357124962
172,0.14404634755758283,0.989570942254935,45.3596881550979,11.020681253466073
173,0.11636790645324319,0.9932061771594503,45.3596849080052,11.020685876328116
174,0.10561984164216331,0.9944065813596994,45.35969231607064,11.020695603056113
175,0.13763656662716658,0.9904827992080859,45.35968213369715,11.020691004602794
176,0.11461256193707202,0.9934102680394545,45.359685571120664,11.020711170365752
177,0.13812380298660368,0.9904149711350884,45.35968657625062,11.02070996515462
178,0.135438293046518,0.9907857834954261,45.359691765984216,11.020728485068847
179,0.0939764361529318,0.9955744218530295,45.359693774150976,11.020723933644367
180,0.9447502648771604,-0.3277909959326754,45.35969520952373,11.020738961915942
181,0.947376611874469,-0.32012115717842154,45.35973315937619,11.02073568632384
182,0.9556243836101778,-0.29458791124156436,45.359755372574895,11.020720275873108
183,0.9423405788268053,-0.3346553951400777,45.35978930475969,11.020704176291716
184,0.9507465176418475,-0.309969448804072,45.35982017662311,11.020697534258693
185,0.9540700439573779,-0.2995836297649906,45.35985911725133,11.02069922206174
186,0.9555616386584616,-0.29479137491513513,45.359881765145076,11.02067406959361
187,0.9586210798832062,-0.2846851334431701,45.35992037221136,11.020662401224934
188,0.9387052763936278,-0.3447207624596508,45.35996439575469,11.020659930733393
189,0.9543383399573735,-0.2987278575683972,45.359984095984316,11.020641288201347
190,0.9491752453363215,-0.31474807964582385,45.36002048871284,11.02063781104091
191,0.9546919704388799,-0.29759576875273097,45.3600581375034,11.020626271922742
192,0.9576060024705889,-0.2880811414034222,45.360095457271534,11.020621342793216
193,0.9477296067754645,-0.3190745875829405,45.36012211600345,11.020609671143568
194,0.9511548577044662,-0.3087141666091738,45.36013906819254,11.020596602357315
195,0.9492593108883033,-0.31449445256135067,45.36017797065462,11.02059616639202
196,0.9470290942577552,-0.3211477769335107,45.36021130482674,11.020577665494427
197,0.9548792788978598,-0.29699421329632525,45.36024124712326,11.020569351460011
198,0.9601182333932695,-0.2795943095017981,45.36027160975013,11.020556309441798
199,0.9493051612162019,-0.31435602569106413,45.36030990775137,11.020546153768747
200,0.9476796008647741,-0.3192230789037384,45.360342412682456,11.020532575704866
201,0.9610533231660987,-0.2763630040931643,45.36037583657873,11.020523543254479
202,0.9452854470470332,-0.3262444230957682,45.36039886014953,11.020514274154403
203,0.9607932376788502,-0.2772658551473524,45.36042451537119,11.020498571104719
204,0.9530988438791641,-0.3026592040500351,45.360474192154626,11.020490462887548
205,0.9431696593296619,-0.33231159131148214,45.360504712343776,11.020483515326205
206,0.9620835408811168,-0.27275494563005165,45.36054106148923,11.020477420635252
207,0.9483468775386195,-0.31723524372734924,45.360560155106526,11.020461443736497
208,0.9511925065626566,-0.30859814558589027,45.36059999724108,11.020464120036024
209,0.9515701253292941,-0.3074317754897685,45.36062943649435,11.020444391926242
210,0.9570309287008352,-0.2899858643279304,45.36066018482358,11.020430958801938
211,0.9578682908755415,-0.28720782951578633,45.360681017094436,11.020423382843028
212,0.9563089491967212,-0.29235798892156684,45.360724792508904,11.020416836800688
213,0.9583773436899269,-0.28550458332895434,45.3607542637927,11.020397439758487
214,0.9421738550836306,-0.33512449447459053,45.36078916132353,11.020394113718366
215,0.9590908219118713,-0.2830985611486063,45.36082339538976,11.02037412410553
216,0.9539614004693026,-0.2999294023843728,45.36085709507686,11.020371343249526
217,0.9544390667616198,-0.29840587768877513,45.360877149797744,11.02036122275465
218,0.9651541490992773,-0.2616819987627157,45.360925234465384,11.020350996902271
219,0.9570590925622513,-0.2898928997818335,45.360946845833354,11.020344400655878
220,0.9610005541040219,-0.27654644277546403,45.36099191222542,11.020334940916504
221,0.9483362194042447,-0.31726710350438836,45.361021394427965,11.02031783854812
222,0.9480296496992079,-0.31818199711988276,45.36105222616756,11.020300376111985
223,0.9649973269650914,-0.2622597165983148,45.36107787043114,11.020298501879685
224,0.9542591820363694,-0.29898062395292324,45.36111694676817,11.020290592574064
225,0.9491253153997679,-0.3148986117265226,45.36114305142171,11.02027824835821
226,0.9568159717681799,-0.290694334601336,45.361178379018625,11.020270771283737
227,0.9511195155338689,-0.30882303536267913,45.36121236669646,11.020258412343516
228,0.947376826642688,-0.3201205215859026,45.3612438477757,11.020250100579696
229,0.9490540677554383,-0.31511327562775865,45.36128311315899,11.020238490082864
230,0.9641979959916351,-0.2651833790525244,45.36131147725941,11.020232172960576
231,0.957853934395281,-0.28725570553686247,45.36134606067399,11.020212537049389
232,0.9544921746651089,-0.298235961116481,45.361378469920616,11.020200673124044
233,0.9533663005658953,-0.30181566716341784,45.36139342914755,11.020201821049362
234,0.9511021414027495,-0.30887653944432936,45.36143967897522,11.02018839744466
235,0.9591296595011222,-0.2829669526027049,45.36146325327883,11.020178586587269
236,0.9507685971001052,-0.3099017179176292,45.361501031045115,11.020166496282146
237,0.9477591838782572,-0.318986722881094,45.36153227801942,11.02015876990951
238,0.9574296314183756,-0.28866676442235867,45.361559094162246,11.020148313973042
239,0.9582027867567712,-0.28608988002297076,45.36160159758506,11.020136019144537
240,0.9554032008728718,-0.29530445943444705,45.36162085471931,11.020115592253006
241,0.9568366691518682,-0.29062620075684564,45.361656303063015,11.020114231219013
242,0.9462915463831205,-0.32331456701460654,45.3616910645057,11.020099726684217
243,0.9563442730745021,-0.29224241881972257,45.361723939516764,11.02009884704436
244,0.94943950123479,-0.3139500493630049,45.361757014581855,11.020071598506155
245,0.9577547517219661,-0.287586222816732,45.36178953315969,11.020073841780293
246,0.9560502797001132,-0.2932027671856717,45.36181996335141,11.020066018443025
247,0.9503157974604994,-0.3112874637646286,45.36184591508634,11.0200542250279
248,0.9606669660082624,-0.2777030435923956,45.36188448343313,11.020043056045278
249,0.9504146925827613,-0.31098538892175503,45.361912765487496,11.02003714629939
250,0.9615038477181653,-0.2747914678864012,45.36195342544271,11.020017050862977
251,0.9528961832564611,-0.3032966599474334,45.36198066263454,11.020026542658568
252,0.945616929429341,-0.32528237391015347,45.362013259076015,11.019991744303248
253,0.9512463895867742,-0.3084320124405491,45.362053781763585,11.019985749854468
254,0.9553592548013607,-0.29544660137728573,45.36207632268503,11.019975425284452
255,0.9502049221558799,-0.3116257465466198,45.36211011374966,11.01998031083229
256,0.9526841522867705,-0.3039620140439219,45.362146871874735,11.019971921308654
257,0.9577134433280494,-0.2877237572198916,45.36217981026342,11.019948975504807
258,0.9522611650103018,-0.3052845780795728,45.36221044857585,11.019945772355117
259,0.9551936953982986,-0.29598142555123674,45.362237262958,11.019928991458029
260,0.13524615797775216,0.9908120289703072,45.36227397942418,11.019922266750978
261,0.12387557173425041,0.9922977591063645,45.36227625773115,11.019923440752128
262,0.11407427481621997,0.9934722239827108,45.3622749699433,11.019938817127786
263,0.1362437610573864,0.9906753441834201,45.362272512313545,11.019938741213165
264,0.10494535813900915,0.994477989603126,45.36227578887206,11.019947274560938
265,0.15246704544296202,0.9883085550848448,45.36228034927761,11.019951241108494
266,0.1253526636797326,0.9921122465267707,45.36227209135919,11.019951035600778
267,0.13971640244349368,0.9901915607034064,45.36228243334912,11.019954241431053
268,0.10215536618850331,0.9947684560534139,45.3622783486344,11.019966709093993
269,0.11510919893862141,0.9933528438171951,45.36229079103969,11.019980043922585
270,-0.9593975028876816,0.28205749671455455,45.36228668064504,11.019980749820796
271,-0.9547316384660847,0.29746848322446773,45.36225225089578,11.019987603872936
272,-0.9615629261620278,0.27458466641587737,45.36221594810071,11.019994583355599
273,-0.955316022257941,0.2955863623668474,45.36219449700899,11.020013185322485
274,-0.9590813570373267,0.2831306245947972,45.36215989108412,11.02002661949346
275,-0.9410215417179257,0.338346653630294,45.36212682367761,11.020021855000476
276,-0.9562723325770093,0.2924777358154392,45.36208687118321,11.020037828869507
277,-0.9487194056930499,0.31611942246788016,45.36206310770846,11.020052904772326
278,-0.9494737180641731,0.3138465528015166,45.36202922910029,11.020060775641008
279,-0.9509606568859533,0.30931186374763614,45.36199691986236,11.020076162565852
280,-0.9538724322839937,0.30021222981187473,45.36196234119646,11.020078220883901
281,-0.9441860044749228,0.32941279415602703,45.36193287142924,11.020090744687863
282,-0.9602778179091286,0.2790457174580582,45.36190097195011,11.020104910424072
283,-0.9551961071679307,0.2959736421562419,45.36187344709435,11.020108647844985
284,-0.9517761031873092,0.3067934963482448,45.36183456066125,11.020114747090265
285,-0.9543859927285485,0.2985755798513048,45.361802633982784,11.020131012904395
286,-0.9536013900781644,0.3010720658596421,45.361765236242164,11.020137118470508
287,-0.965610350230146,0.259993560551824,45.36173760902803,11.02015971555498
288,-0.9580042004735875,0.2867541662730682,45.36169974623784,11.020167794207522
289,-0.9533845508478235,0.3017580126603003,45.361670206660854,11.020183816359964
290,-0.9513521324666011,0.30810569623304707,45.36163836385145,11.020186632753719
291,-0.9530142441809955,0.3029254865278356,45.36160780762377,11.020197866909783
292,-0.9547459121432667,0.2974226676729967,45.36156786330576,11.020205132025602
293,-0.9554304030567998,0.2952164374060512,45.3615438338144,11.020223043806247
294,-0.9462841040620115,0.3233363487137754,45.361511649154124,11.02022041631368
295,-0.9656464365831193,0.25985949956529136,45.361472377383585,11.020234546511038
296,-0.9550471643735855,0.29645389830793856,45.36144921912452,11.020245659777267
297,-0.9591590315084311,0.2828673757714178,45.36140308179715,11.020249679174754
298,-0.953989485525084,0.2998400598779047,45.36137439242776,11.02026220359434
299,-0.9504961816243932,0.3107362365696162,45.36135283895098,11.020275707945615
300,-0.9549031344668726,0.2969175033327301,45.36131846629164,11.02028660142342
301,-0.9566832356424295,0.2911308754507698,45.36127778500265,11.020297699920853
302,-0.9544892491446941,0.2982453239653523,45.36125092115899,11.020305791137378
303,-0.9537643763270077,0.30055534340542667,45.3612102018019,11.020322228946082
304,-0.9487605041458167,0.31599605341360776,45.36118656489103,11.020320620180577
305,-0.9589765050490378,0.2834855600624709,45.36115421400833,11.020336380346574
306,-0.9564539942331932,0.29188312201182665,45.36112623271167,11.020356137181976
307,-0.9509967712395195,0.309200810302963,45.361083530910996,11.020358646062581
308,-0.9464725525742617,0.32278430448762746,45.36105429726235,11.020366057501361
309,-0.9519558336293674,0.30623535200726937,45.36101036780333,11.020373443862452
310,-0.9599230581202647,0.2802636660165547,45.3609869978678,11.020382480368989
311,-0.9559459966711457,0.29354258881533696,45.36096355647651,11.02041243795022
312,-0.955387154586962,0.29535636923931136,45.36091391058064,11.020416894840157
313,-0.9414978844862721,0.3370188919153854,45.36089624912591,11.020419875901469
314,-0.9479791705898444,0.31833236110673807,45.36085607733109,11.020427927355545
315,-0.9580290755617529,0.28667104907592816,45.360831845960554,11.02043173011214
316,-0.9526924119040591,0.3039361253625944,45.36079798815377,11.020453424265458
317,-0.9530793542077436,0.3027205717868384,45.36076059919847,11.02046149498271
318,-0.952550605950646,0.3043802606987799,45.36073363331047,11.020471019748028
319,-0.957345305687146,0.28894630241410757,45.36069673549706,11.02047759181158
320,-0.9545869026929095,0.2979326185686251,45.3606630359397,11.020494386842273
321,-0.9610727361850987,0.2762954863215967,45.360629989934196,11.020512131081365
322,-0.9471875125208559,0.3206802396851941,45.36059936998915,11.020517461420107
323,-0.9518532878565695,0.30655394043567386,45.360565841295966,11.020524362814754
324,-0.9493830415139002,0.31412074189046474,45.36053872090733,11.020533111970208
325,-0.9595962607700099,0.28138055426097774,45.360508435155744,11.020546909528711
326,-0.9487573183865629,0.31600561831704554,45.36046525425418,11.02055528416615
327,-0.9532815671283671,0.30208319015344864,45.36042934067183,11.020562596016186
328,-0.9514490227866499,0.3078063628944812,45.360401050136936,11.020566303876743
329,-0.9557366993338683,0.29422331917508354,45.36037514990055,11.0205800437498
330,-0.940230134308384,0.3405397106629977,45.36033702892055,11.020593111212262
331,-0.944554463897385,0.32835478484639696,45.360313593604005,11.020606529480238
332,-0.952220142567899,0.3054125080738673,45.360274956561845,11.020619038051658
333,-0.9611370013522255,0.2760718468653623,45.360238963609234,11.020633290106334
334,-0.9533502406414605,0.3018663920824399,45.360208578714484,11.020639521971049
335,-0.9480438414951313,0.31813970925232576,45.360187474004796,11.020642522389625
336,-0.9505405668489232,0.31060043588914654,45.36014404158514,11.020666533746903
337,-0.948163394695677,0.3177832232185485,45.36012055006581,11.020665297776862
338,-0.9533560723083329,0.30184797397502733,45.360081977977394,11.020683149362437
339,-0.946761486559631,0.3219358438686155,45.36006043076893,11.020684668470397
340,-0.9605315410072531,0.27817109614449814,45.36001720505602,11.020695437192208
341,-0.94844662941544,0.31693688827665845,45.359984710778924,11.020714563279919
342,-0.9568009368705591,0.2907438171373905,45.35995303930083,11.020722684368858
343,-0.9564396548510978,0.2919301057244916,45.35991875002435,11.020720087754606
344,-0.9562391935313161,0.2925860638420395,45.359888353855006,11.02074551022424
345,-0.9423648236649098,0.33458711738350505,45.35985605190468,11.020751097617348
346,-0.9479460795731592,0.31843088766933036,45.35982354406016,11.020769415476472
347,-0.9573165641261967,0.2890415126752792,45.35979042748549,11.020774518511345
348,-0.9514984625780493,0.307653499430136,45.35975983735546,11.020790926771596
349,-0.9604214914723811,0.27855081891455113,45.359726057379866,11.020784151327423
350,0.14433582678461618,0.9895287611314798,45.359692538338095,11.020800882752262
351,0.11829342095398912,0.9929786838391861,45.35968931412605,11.020811266346717
352,0.1358369425240943,0.9907312072634564,45.35969540280038,11.020816269693457
353,0.17226651861879197,0.9850503776776909,45.359693449842915,11.020824505416789
354,0.13288891604873454,0.9911309378641111,45.359697020759,11.020840489660582
355,0.1525952507461771,0.9882887682503082,45.35969863129895,11.020829049106865
356,0.14857732884151323,0.9889007924733001,45.35971240812874,11.02083631720911
357,0.12331175139650308,0.9923679821354209,45.35971353874432,11.0208508267798
358,0.11872929592699838,0.9929266610826195,45.35971751532722,11.020855205740444
359,0.11627016905878729,0.9932176235785595,45.35972446222025,11.020859521163967
360,0.9609520873181401,-0.27671480964868816,45.359718649412244,11.020868387172536
361,0.9602976432820669,-0.27897748351239404,45.359740432542395,11.02086019481194
362,0.9492154390280867,-0.31462684295958704,45.35977753275423,11.02085193011022
363,0.9603343711180253,-0.278851027700001,45.359813363206094,11.0208340855505
364,0.9637156769368435,-0.26693087874234717,45.35985054433206,11.020849454739519
365,0.9538196047950038,-0.30038002847843054,45.35987517436359,11.020810129484017
366,0.9541859238908659,-0.299214342317568,45.359912096982484,11.02080652928182
367,0.9531859913498898,-0.3023846323713027,45.359945341867025,11.02079796124613
368,0.9661714997998767,-0.25790043228823195,45.3599775819874,11.020777729537949
369,0.9540594547815662,-0.29961735053548,45.3600208909452,11.020781981516357
370,0.9548643078357466,-0.29704234314548583,45.36004616738809,11.020763001650295
371,0.9483101720466526,-0.31734495047636746,45.360067755145444,11.02076017688953
372,0.9513877046476408,-0.3079958367337025,45.36009665512791,11.020748241734426
373,0.9560609533295831,-0.2931679612756632,45.36013444165427,11.020734118696419
374,0.9523382656780419,-0.3050439767071942,45.36017353836222,11.020724643764956
375,0.9613661350019961,-0.2752728727487033,45.36020342233642,11.020722350498062
376,0.9628367596687384,-0.2700840132821715,45.360237138865,11.02071093859542
377,0.9491141764058957,-0.3149321834067746,45.36027171123811,11.020698124248819
378,0.9533103974668808,-0.3019921953983872,45.36030461702028,11.020688353146928
379,0.9481293308377813,-0.31788484079160034,45.36033205070002,11.02067991478253
380,0.9457045920053779,-0.32502742139693624,45.360364185864846,11.0206706126045
381,0.9638126534718263,-0.2665805113049286,45.36038924171243,11.02066210949637
382,0.9532084553939058,-0.3023138114039191,45.36042175703375,11.02065335380555
383,0.9495582985805084,-0.3135905572508361,45.360461695833884,11.020641619302094
384,0.9463921447240102,-0.3230199814325549,45.360492216121315,11.0206242934753
385,0.9453880621894678,-0.32594694640331107,45.36051723590198,11.020607194762764
386,0.955317314105797,-0.29558218716574564,45.3605571597002,11.020608319378868
387,0.9544916171360394,-0.2982377454599409,45.3605880498549,11.020602979710393
388,0.9566051157912028,-0.29138746102414836,45.36061897567025,11.020590044194675
389,0.9554983375330535,-0.2949964863715684,45.36064605127245,11.020583994557906
390,0.9457233558664371,-0.3249728206615507,45.360680719506284,11.02057006633248
391,0.9556853428006262,-0.29439009079119755,45.360708915665434,11.020562047973668
392,0.9486414352949799,-0.31635332658513393,45.360748163294815,11.020558980153412
393,0.9509546354696508,-0.3093303756160776,45.360780015541096,11.020539130824394
394,0.9524108382141795,-0.30481731455441297,45.360812283240826,11.02053116270824
395,0.9588605577519844,-0.28387749256951206,45.36083616284579,11.020527886311045
396,0.9493376991500948,-0.314257749263887,45.360877308226186,11.020497565275088
397,0.949779361695138,-0.31292037980607196,45.360913436149374,11.020501409435507
398,0.9520976121731027,-0.30579427217375427,45.36093967016167,11.020492405076924
399,0.9661868196645225,-0.25784303268957187,45.36096893962141,11.020489160561484
400,0.9609279892270376,-0.27679848178789246,45.36100961545371,11.02046006182244
401,0.9544188243821637,-0.2984706144077981,45.361035366464364,11.020462861121187
402,0.9616009396272631,-0.2744515128542101,45.36106451716488,11.020445469854947
403,0.9500476899819909,-0.31210476888359606,45.36110884325689,11.020436617380946
404,0.9472736299489924,-0.32042576363841163,45.361132836391235,11.020425215746847
405,0.960250853231622,-0.27913849406332686,45.36116019217403,11.02042054308131
406,0.9485410261294147,-0.3166542621683102,45.36119617075047,11.020410459782502
407,0.9576485012695486,-0.28793983402125406,45.361225310115074,11.020397362397715
408,0.9475663660612214,-0.3195590429162214,45.36126732660846,11.020393632202001
409,0.9463658894212704,-0.3230968946614741,45.36128801983724,11.020368866732774
410,0.9498493231885813,-0.312707951990662,45.36132167983062,11.020369118362312
411,0.9480885642711369,-0.31800640606486913,45.361352796465845,11.020355543889949
412,0.9543711748487651,-0.29862294054172683,45.361388351086354,11.020361553214673
413,0.9598741961461025,-0.28043096757111813,45.36142358435155,11.020334775906822
414,0.9476502153986024,-0.3193103024566893,45.3614601780407,11.020325744130117
415,0.9535220145876324,-0.30132336068871746,45.3614864836601,11.020311817819382
416,0.9563289116517103,-0.29229268334848074,45.36152699827206,11.020314986921395
417,0.9548867138963183,-0.29697030764756727,45.36154366691935,11.020306811183936
418,0.9496182625000535,-0.3134089270049265,45.36158283226979,11.020293679359147
419,0.95429461334954,-0.29886751401256706,45.361620442080785,11.02028087629845
420,0.9506064539933771,-0.3103987268436158,45.36165021915086,11.020275813468448
421,0.9547109002435555,-0.29753503483815097,45.3616828984686,11.020261081393917
422,0.9479364167240668,-0.31845965183730324,45.36171922492385,11.020251776902429
423,0.9589042000930167,-0.28373003902296257,45.36174907637139,11.020242418175059
424,0.9578637332657932,-0.2872230291848433,45.3617752492806,11.020222408978219
425,0.9528738971717792,-0.30336666937662365,45.361809642357876,11.020219040526422
426,0.9500488443380004,-0.3121012549991268,45.36184327445209,11.02021255851956
427,0.9462830196175359,-0.32333952245823305,45.36186530985569,11.020199442998425
428,0.9549194938857721,-0.296864885422545,45.36190369954731,11.02020075989415
429,0.9536744563349611,-0.30084054137402505,45.361927012858345,11.020172501439014
430,0.9501375706190219,-0.31183103902303105,45.361969934162836,11.020160612676998
431,0.9433557772194175,-0.33178287717534277,45.36200748449456,11.020160810033467
432,0.9518564164276073,-0.3065442260190093,45.36203205815565,11.020151995243099
433,0.9512591876355856,-0.30839253872116584,45.36206939921044,11.020138135696657
434,0.9451967477976925,-0.32650131386054987,45.36210319994815,11.020123378882776
435,0.9620056422758002,-0.2730295665848756,45.36213141354729,11.020123853927187
436,0.9585687533172507,-0.2848612735417223,45.36217050476377,11.02010512274208
437,0.9487536679592777,-0.31601657794143734,45.36219968618087,11.020092603795751
438,0.9570016722962074,-0.2900824007454823,45.3622259500061,11.020084992389512
439,0.9566114535329662,-0.29136665383936045,45.36226606675303,11.02008150835043
440,0.1351638485889599,0.9908232607456391,45.362291784235566,11.020068839368577
441,0.12380776689221631,0.9923062213133417,45.36229370111039,11.020067051214149
442,0.1322070657923626,0.9912221202911958,45.362289579964084,11.020077833950985
443,0.11004287886466886,0.9939268407740963,45.36229734017275,11.020089861707682
444,0.1150476916583183,0.9933599693183194,45.362300723694645,11.020082732920084
445,0.14360293217666215,0.9896353863268356,45.362295381801125,11.020095788455299
446,0.1568168934477144,0.9876276939866603,45.362302735371394,11.020093228714936
447,0.12318112016521489,0.9923842056556739,45.362298569153296,11.020104820030852
448,0.1165512527335283,0.9931846784391336,45.36231238888967,11.02011712457336
449,0.10411410768808584,0.9945653586267288,45.36229749378905,11.020116047652703
450,-0.9535735083956175,0.301160362740639,45.362307694972905,11.020123292176352
451,-0.9618116833246784,0.2737120490956667,45.362268257430735,11.020139366136338
452,-0.955108443176838,0.29625641220455795,45.362256900958066,11.02014031248655
453,-0.950991577940984,0.3092167826708593,45.36221652997232,11.02015538338007
454,-0.9574590687015576,0.2885691108922539,45.36218034684115,11.020161901513267
455,-0.9490958896619344,0.314987288992463,45.36215030556704,11.02016930984178
456,-0.9539068801555599,0.30010275572191314,45.36211475387121,11.02018668393881
457,-0.9540623406735144,0.2996081609512246,45.36208093172264,11.020188377413696
458,-0.9634811928928609,0.2677760088987618,45.36204794055178,11.020206611508355
459,-0.9506854867160273,0.3101565819832143,45.36201780334393,11.020219294763544
460,-0.9546368640657531,0.2977724933010181,45.36198164698242,11.020223512470581
461,-0.9600794405470795,0.2797274885291161,45.36194746355565,11.020240557013912
462,-0.9561476629192699,0.2928850400652417,45.361919122845144,11.020239685678044
463,-0.9537371054161575,0.30064186959305783,45.36188881971147,11.020249702686217
464,-0.947107995800742,0.3209150110080575,45.361850050606975,11.02025705906311
465,-0.9486845546203968,0.316223996282223,45.36182280208162,11.020274120282888
466,-0.9549348014501507,0.2968156413994404,45.361790348090786,11.020285395430692
467,-0.9505421085488317,0.3105957177353563,45.36175282240746,11.020293049179347
468,-0.9432681310188433,0.3320319758761468,45.361716512536574,11.02030337542152
469,-0.9608943681314337,0.2769151734616447,45.36169262551739,11.020312429532288
470,-0.9555334238916535,0.29488281710858233,45.36166369141599,11.02032721879535
471,-0.9493098702794399,0.31434180471269313,45.36163259722751,11.020329694127648
472,-0.9460830692168744,0.32392410552655526,45.36159576069144,11.020339414625697
473,-0.962843783708018,0.27005897166142706,45.36155549008419,11.020355300629719
474,-0.948552772974384,0.3166190722028709,45.36154154655208,11.020365965734106
475,-0.9496112319550695,0.31343022851150654,45.36149667998812,11.020367717053059
476,-0.9448632875681856,0.3274650634889776,45.36146155164961,11.020384585882024
477,-0.9518536938965754,0.30655267967421956,45.361434708117365,11.0203862291799
478,-0.9610564814503305,0.27635202091229666,45.36139307473028,11.020404645641673
479,-0.9553916173672485,0.2953419331290309,45.36136413903063,11.020406340971459
480,-0.9581481205598756,0.28627291011826106,45.36133814561719,11.020417379007016
481,-0.9511851549989931,0.30862080440168205,45.36131088034397,11.020432186886936
482,-0.9514705626869622,0.3077397737377404,45.3612589738224,11.020441534024705
483,-0.9570530501048007,0.28991284774065795,45.36124266289456,11.020452043055492
484,-0.9541878260800879,0.29920827622336255,45.361203761502885,11.020459632107698
485,-0.9476770367380962,0.31923069094199114,45.36117123415622,11.020467107242762
486,-0.9573091722220994,0.2890659938135906,45.361127635536896,11.02048708602352
487,-0.953400064148771,0.3017089950285196,45.36110426712869,11.020488310478202
488,-0.9532782153012717,0.3020937672843027,45.3610792896005,11.020512006990565
489,-0.9532227481067619,0.3022687421679471,45.36104366272783,11.020519708777046
490,-0.9474325583955816,0.319955539555112,45.36100725504764,11.020524509381957
491,-0.9561945044363868,0.29273207833384557,45.36097956267167,11.02053805381913
492,-0.961158403573673,0.27599732469665056,45.3609432902077,11.020542621368843
493,-0.9537676802306548,0.3005448587938834,45.360911219311404,11.020551684543937
494,-0.9494479269646668,0.3139245673446036,45.36088251991897,11.020572311624257
495,-0.9516136363455953,0.3072970665676997,45.36085884144045,11.020569593462323
496,-0.9551226154595605,0.29621071796558707,45.36081510528473,11.020580514652295
497,-0.949354304294506,0.3142075825270527,45.36078389527618,11.020592629495143
498,-0.951721445332428,0.30696301160621026,45.36075264088226,11.0206031287285
499,-0.9505028995341236,0.3107156867253788,45.3607196809407,11.020608132125119
500,-0.9476695674873621,0.31925286350840454,45.360689152216196,11.020613926002921
501,-0.9574197637091505,0.28869949092285285,45.36065370672845,11.02063320217686
502,-0.9491631233896253,0.31478463303860776,45.36062402856911,11.020655903534239
503,-0.9549946533771688,0.2966230133031171,45.360590762763294,11.020648627383006
504,-0.9514153471184195,0.30791043708769844,45.36056352593413,11.020662150174187
505,-0.9517570811518651,0.3068525028043313,45.36053227481804,11.020677451990876
506,-0.9460865116697266,0.32391405100212667,45.36049874723222,11.020684131340808
507,-0.9601462953053732,0.2794979277407386,45.36046012228541,11.0206914937084
508,-0.9511048260183765,0.3088682727710208,45.36043466675158,11.020703403950085
509,-0.9543693748271533,0.2986286931827356,45.36039830638288,11.020702880353287
510,-0.9541467469326939,0.2993392478739762,45.36036593450671,11.020724528893728
511,-0.953832193189682,0.3003400526652434,45.360335172036514,11.020737123567896
512,-0.955729361797808,0.2942471529132519,45.36029208183139,11.020741698908074
513,-0.9550901341781641,0.29631543259765675,45.36026761496166,11.020754811807484
514,-0.9504358383501218,0.3109207570743727,45.36024026314459,11.020766663603366
515,-0.9456032612472516,0.3253221054871035,45.36020820832675,11.020784570978002
516,-0.9464373985648129,0.32288736518772226,45.36017820137145,11.020780059891882
517,-0.9608012141903151,0.2772382131135899,45.36014010426994,11.020788998397641
518,-0.963577363880155,0.26742973622574473,45.36010692264368,11.020802825904793
519,-0.9606228873005118,0.27785548113079983,45.360065915332456,11.020806430080283
520,-0.9530599228100074,0.3027817424042982,45.360042454143226,11.020819987752507
521,-0.9526815143167495,0.30397028190128206,45.360004768498875,11.020835043925207
522,-0.9534054181879175,0.3016920757493015,45.35998247089155,11.02084386528811
523,-0.9534753488068889,0.30147099233190183,45.35994553895589,11.020849066960816
524,-0.9486598503567378,0.3162981004070871,45.35991505225778,11.020864753917351
525,-0.952441450186011,0.3047216499816979,45.35988011053315,11.020881940210412
526,-0.9558420507769988,0.29388088397584017,45.359836386383044,11.020873555732457
527,-0.9483995750973014,0.31707766549420985,45.35981407355513,11.020884662440102
528,-0.9530496245432938,0.3028141561385247,45.359779463493666,11.020902996709564
529,-0.9596111774609515,0.28132967865478803,45.35974865269803,11.020918209781362
530,0.11290729061671831,0.99360552722174,45.35971453727405,11.02092364039598
531,0.15549554474047117,0.987836593554756,45.3597161289931,11.020933264481904
532,0.14464759394804427,0.9894832356159662,45.359708204416926,11.020931031573163
533,0.11145816654063348,0.9937691266644383,45.359716310797594,11.02094193315641
534,0.1634010019310293,0.9865597359348981,45.35973562221351,11.020965395339385
535,0.11437885300812345,0.9934372038455909,45.35972306532294,11.020957273623104
536,0.10836777878792014,0.9941108713421116,45.35973079467866,11.020973204188678
537,0.12653779551856797,0.991961786716253,45.35972853601699,11.020974141762398
538,0.13814087385032284,0.9904125902733008,45.35972900496968,11.020978496994022
539,0.14168011130436406,0.9899124941431858,45.35972566689893,11.021003863471803
540,0.946943691598139,-0.32139950986659704,45.35973467060868,11.021000415327478
541,0.959057031076752,-0.28321301372332097,45.35976718191343,11.020981433512915
542,0.9557525415906366,-0.2941718532474486,45.35979944893109,11.020981839857535
543,0.9532428584405873,-0.302205315691201,45.35983452596847,11.020977019627496
544,0.9518664744439469,-0.3065129929214273,45.35986602353929,11.020968411969045
545,0.9635624131740483,-0.2674835993443422,45.359899892321565,11.020950507750124
546,0.9554948372039203,-0.29500782375498785,45.359924774931706,11.020940333263544
547,0.950333615142901,-0.31123306368286835,45.35996367964083,11.02093387791502
548,0.9460460419852508,-0.3240322305636296,45.35999058133606,11.02092076142581
549,0.9549492194194891,-0.2967692509848493,45.360029811394654,11.020910485292406
550,0.9480131183026912,-0.318231248506503,45.360061610832965,11.020895897913475
551,0.9502852843802871,-0.31138060037561244,45.36009026016399,11.020883514971686
552,0.9557641206970612,-0.2941342305617854,45.36012627928533,11.020881303174534
553,0.944975114876177,-0.32714222024183304,45.36015004054957,11.02087576840614
554,0.9575269469399486,-0.2883437980672741,45.36018800620794,11.020864190414864
555,0.9526430801271978,-0.3040907132514334,45.3602287540689,11.020860760554314
556,0.952178755205123,-0.30554151622328285,45.36024632174565,11.020838653531642
557,0.952111189507665,-0.305751995601499,45.360285140533406,11.020823648872932
558,0.9487224790416711,-0.31611019876148577,45.360315692999144,11.020831381238663
559,0.9570357269682589,-0.2899700282897116,45.36034317279509,11.020816826433823
560,0.9510476232322647,-0.30904436306825006,45.36037108844718,11.020800773565908
561,0.9538221664517273,-0.30037189413347815,45.36040350424861,11.020789785593731
562,0.9625715426052812,-0.2710277206606166,45.36044994428371,11.02077300164739
563,0.9523285437877684,-0.3050743264961318,45.3604755957196,11.020773895421476
564,0.9625050359805823,-0.27126381202073,45.360514086006006,11.0207561114933
565,0.9491122853607933,-0.3149378824105033,45.36053358127494,11.020750407307851
566,0.9575437536739709,-0.2882879806720387,45.36058292147597,11.020741213626284
567,0.9509898149210407,-0.3092222047596917,45.360608110479795,11.02073630988999
568,0.959208093096025,-0.2827009623950501,45.36063549147494,11.020703697511177
569,0.9493941729443559,-0.3140870968048552,45.36066784137705,11.020709505520639
570,0.9519358987186104,-0.30629731427289986,45.360700969105764,11.020703036365678
571,0.9520562633435544,-0.3059229828376884,45.36074943185394,11.02068773507712
572,0.9521408233077893,-0.3056597006325257,45.36078033561319,11.020677774152595
573,0.9448015833584422,-0.32764304980173253,45.36079996874974,11.020672613465694
574,0.9551128958651699,-0.296242056690216,45.36082887131142,11.020658658732614
575,0.9538341649324409,-0.30033379065238913,45.360868321914396,11.020641948007537
576,0.9565378647732193,-0.291608150186325,45.36089965380531,11.02063877484341
577,0.9616584389053519,-0.27424997152620023,45.360927024131826,11.020628727102766
578,0.9438777411216085,-0.3302950344997179,45.36095797874423,11.020617269496928
579,0.9496398455924325,-0.31334352341029936,45.3610000084743,11.020601533408298
580,0.9505832909526443,-0.3104696554603048,45.36102311664294,11.020605217453138
581,0.9468747432764154,-0.3216025816830803,45.361057824459415,11.020588898290512
582,0.9521800663113156,-0.3055374303082662,45.36108373910426,11.020582120762562
583,0.9535893039676215,-0.3011103441573323,45.36112958216368,11.020572956595162
584,0.9541190430277574,-0.29942754003564254,45.36116136433044,11.020565188901491
585,0.9583962483592093,-0.28544111674913386,45.361191417334375,11.020533142860634
586,0.9560067533062601,-0.2933446567313329,45.36123365636981,11.02054085869357
587,0.9543289986670445,-0.29875769831613763,45.36125786564358,11.020521883854592
588,0.9575529746091035,-0.2882573517141542,45.36128729421514,11.020515621203609
589,0.952406482062844,-0.3048309251448707,45.36132109334823,11.020501942983572
590,0.9576543494668458,-0.2879203830006351,45.361348726017575,11.020501804961519
591,0.9455011519970957,-0.3256187518742816,45.361381345792466,11.020486752561347
592,0.956415759648828,-0.29200838120738143,45.36141521836383,11.0204755773619
593,0.9498018705816919,-0.31285205231789526,45.36145211628419,11.02047335476643
594,0.9452185790557495,-0.326438107162491,45.36148183284085,11.020457881698983
595,0.9593680442918356,-0.28215767859772756,45.36150447214278,11.02045126564552
596,0.9514169590429585,-0.30790545634244504,45.36154202507064,11.020431066183564
597,0.9573820004359118,-0.28882469638403807,45.36157721495683,11.020422220998881
598,0.9607430050875324,-0.277439864070356,45.36161673614986,11.02041270002129
599,0.9523526622233227,-0.3049990274675474,45.361636309537644,11.020400760528897
600,0.9518190872297327,-0.306660113456508,45.361678039672455,11.020394983774278
601,0.9500615481345686,-0.3120625814738877,45.36170292314689,11.020386462976314
602,0.9540656741039385,-0.2995975458787961,45.36172730026306,11.020371034595506
603,0.953786951313967,-0.30048369590247054,45.36177769740326,11.020364803832924
604,0.9544370637926463,-0.2984122840281077,45.361799380103534,11.020360141377012
605,0.9466847511724754,-0.3221614221124377,45.361831465204475,11.020346762360964
606,0.9607481929963101,-0.27742189829630415,45.3618756602677,11.020333760495497
607,0.9574578390608826,-0.2885731907521298,45.361903072014854,11.020330646876115
608,0.9527224967932617,-0.3038418076960666,45.361929631650106,11.020313997854698
609,0.9500202086847392,-0.31218840960324656,45.361970090241996,11.020306394746832
610,0.9494753251595414,-0.3138416908461705,45.361995601174264,11.020290218457024
611,0.9532296168493545,-0.3022470803187895,45.36203226733161,11.020283952153324
612,0.9593224930079096,-0.28231251195986556,45.3620628751345,11.020272952998104
613,0.9605538326984164,-0.2780941108480771,45.362097521204866,11.020270665200407
614,0.9615487572885046,-0.2746342792823437,45.36213380866941,11.02026268215702
615,0.9649116633463065,-0.2625747168679117,45.36216411789023,11.020243296093192
616,0.9601313022445791,-0.2795494275617974,45.362206048726094,11.020239938415958
617,0.9634064989351081,-0.2680446190648071,45.36222094407501,11.020221873776352
618,0.9486535427779457,-0.316317017839465,45.36225716753549,11.020230811370721
619,0.9572236244358099,-0.289349153829714,45.36229711660507,11.020210922397693
620,0.11262283223673018,0.9936378100993225,45.36232270815948,11.020193956875259
621,0.14026446100111772,0.990114074730819,45.362329102118814,11.020189943112525
622,0.16442536067485905,0.9863895279081903,45.36232278635546,11.020217241505122
623,0.13651007010736102,0.9906386832540325,45.36233243098321,11.020211857582067
624,0.14479411134705272,0.9894618058920805,45.3623263291915,11.020217868794337
625,0.14978139631380002,0.9887191377323938,45.36232343486735,11.020228871481024
626,0.10407497741960905,0.9945694541232944,45.36233298680352,11.020234381162378
627,0.1321243546233914,0.9912331486160824,45.36232464278562,11.020235519847974
628,0.12760241034472938,0.9918254003977793,45.36232752818156,11.02023194369858
629,0.09898470710469082,0.9950889546967138,45.36233440033184,11.02024873970258
630,-0.9471341536570579,0.32083780166359543,45.36233331722499,11.020245947522017
631,-0.9575824004874354,0.2881595847385974,45.36229790322409,11.020250127152948
632,-0.9481618724197952,0.3177877651662947,45.36226351614133,11.02027202971279
633,-0.9593570961196348,0.28219490095482186,45.36223426034388,11.02027520758566
634,-0.959385573759517,0.2820980695824099,45.36220422840892,11.020295580660004
635,-0.9450104618857121,0.3270400998754633,45.36217633798621,11.020295095546972
636,-0.9432175337514209,0.3321756824692127,45.36213762477217,11.020309834519951
637,-0.9515181406100126,0.30759263334817405,45.3621082940812,11.0203149862447
638,-0.9560017590824039,0.2933609323535587,45.36206999056248,11.020330591829198
639,-0.9520871956850343,0.3058267022557173,45.362045261804994,11.020334787810345
640,-0.9592511927028271,0.2825546837307845,45.362006325562625,11.02035429094751
641,-0.9529444079219682,0.303145106195448,45.36197364620122,11.020370745975834
642,-0.9501516402493198,0.31178816611848365,45.361944104122585,11.0203680202107
643,-0.9554299952565914,0.29521775719625953,45.36191865390178,11.020383651368103
644,-0.9536975158152313,0.3007674322925548,45.36187987214316,11.020389312282912
645,-0.9531602750505842,0.30246568411225533,45.36184105199194,11.020398128895183
646,-0.9512659627455091,0.30837163961989067,45.36181860759405,11.020411817299983
647,-0.9451400631707015,0.32666536545780656,45.361789781264086,11.02041998578239
648,-0.949947600573722,0.31240927669361623,45.36175463600425,11.020433759163916
649,-0.9521658388968672,0.3055817652246696,45.361720728509155,11.02043840198315
650,-0.9619977742021156,0.2730572878173651,45.361681510506095,11.02045612431567
651,-0.9641502815462885,0.26535680619538043,45.36165319876844,11.020475183922175
652,-0.9517339381932561,0.30692427549992746,45.36163185375436,11.020469261466964
653,-0.9556226080678226,0.29459367092599376,45.36158630708496,11.02047711574122
654,-0.952448737098547,0.3046988729867291,45.361558422059076,11.020489265716947
655,-0.9491702525459179,0.314763135836963,45.3615235881323,11.020505997555139
656,-0.9490782104809391,0.31504055356461386,45.361496292333996,11.020518126185156
657,-0.9516812788415874,0.30708751765977194,45.36145870690973,11.020523594149703
658,-0.9494113315042377,0.314035226704506,45.36143200005123,11.020540685536336
659,-0.9373850096877265,0.3482949089675885,45.36139146537859,11.020536696545191
660,-0.955637920114731,0.29454399610039733,45.36135362923355,11.020555142595741
661,-0.9502880603816228,0.3113721283225797,45.361329792263135,11.020567081581301
662,-0.9474309629224412,0.3199602639326574,45.36129812134718,11.020579769812606
663,-0.9539465610503586,0.2999765968541455,45.36127069635226,11.020589528782384
664,-0.9513121865448587,0.3082290118260121,45.36123001524654,11.020597095449983
665,-0.9526904021432616,0.30394242491648066,45.36120213493395,11.020602822298201
666,-0.956548835768579,0.2915721605191006,45.361174496318384,11.020613380959025
667,-0.9574887152809324,0.2884707266078651,45.36113403255801,11.02062520867973
668,-0.9536562940907035,0.3008981102319946,45.361107207929166,11.020640143194544
669,-0.9544949616190352,0.29822704143634665,45.361070310685875,11.020649610270164
670,-0.9497526748873129,0.313001368278789,45.361047376614785,11.020659328160683
671,-0.9566925474774451,0.29110027413438905,45.361005724932674,11.020672158438536
672,-0.965471707564317,0.2605079305757159,45.36097990818411,11.020695338421858
673,-0.9609900141773172,0.2765830664583059,45.36093926787368,11.020698892933279
674,-0.9485615819312987,0.3165926804017933,45.360917353482336,11.020701816021287
675,-0.9549589292634085,0.2967380046776689,45.36087260295683,11.020715188094824
676,-0.9504367545489517,0.3109179563847282,45.36085162645689,11.02073311476108
677,-0.9469979745563444,0.3212395308584878,45.360819523857394,11.020733616948553
678,-0.9489935542220291,0.31529547101891703,45.36078346978402,11.020749233177693
679,-0.9476691143583573,0.3192542085724896,45.36075365808098,11.020749740245032
680,-0.9558610271975789,0.2938191564292383,45.36071918330674,11.020761693702681
681,-0.9606329700092616,0.2778206200611917,45.360681174478344,11.02078398544249
682,-0.9467742007125095,0.3218984511692914,45.360645328618254,11.020785856961936
683,-0.9586651742322175,0.2845366122563352,45.360620157368324,11.020807571305685
684,-0.9478861723719919,0.318609171597389,45.36058696485295,11.020810050637616
685,-0.9477553797733457,0.3189980252457393,45.360556521779635,11.020809114013124
686,-0.957404358177335,0.28875057565837875,45.36052044266055,11.020828458531767
687,-0.9534796870122818,0.3014572713585809,45.36047579547705,11.020839458394027
688,-0.9587114892091996,0.2843805205323999,45.36045942017892,11.020851026160239
689,-0.9597056615712846,0.2810071941214725,45.36040695619941,11.02085766352276
690,-0.9522588566742203,0.30529177828023274,45.36038873882629,11.020863976893594
691,-0.9523259176927774,0.3050825240662096,45.360358396182356,11.020880498361905
692,-0.9542081928565171,0.29914331796899574,45.36032898237389,11.020884841317026
693,-0.955308129832348,0.2956118689704823,45.36029286288419,11.020906086435676
694,-0.9532357025511141,0.30222788650600035,45.36025829683049,11.020913592053175
695,-0.9532982435033456,0.3020305596018985,45.36022955314236,11.020933662432048
696,-0.9488494509968791,0.31572886998645083,45.36019414606346,11.020929146266282
697,-0.9543793984178898,0.29859665750893255,45.360161965554596,11.020945839009139
698,-0.9572407775496478,0.28929240189840083,45.360140736713184,11.020958544133778
699,-0.9486492357705478,0.3163299345176733,45.360096389125815,11.020965106298306
700,-0.9630185691151932,0.26943503027506627,45.360072150986255,11.020974463225002
701,-0.9587525104669679,0.28424219193020345,45.360033812664376,11.020986433909211
702,-0.9563849672717327,0.29210921652122973,45.36001130930389,11.020996341978293
703,-0.9556894208700963,0.29437685173426914,45.35997103250469,11.021012800682264
704,-0.9560261293939177,0.29328150285363036,45.35993392323311,11.021013676344566
705,-0.9560904319618433,0.29307181016094996,45.35990276449726,11.021024492728577
706,-0.9514379075349579,0.3078407187256112,45.35986449109173,11.021042508386206
707,-0.9579870505855909,0.2868114553331519,45.35984167983788,11.021038262745051
708,-0.955382944291144,0.2953699879093757,45.359809998311285,11.021051579560684
709,-0.9636665710991081,0.2671081049801512,45.359773110451634,11.021060089829552
710,0.13936290470695809,0.990241375015021,45.3597435840718,11.021078462104464
711,0.14674567376550846,0.9891742552407573,45.359754046082784,11.021082509129283
712,0.12472593178559896,0.9921912325455281,45.35973603391946,11.021099915377894
713,0.13843689407523405,0.9903712568319026,45.35974464520057,11.021098003047726
714,0.14326716490691493,0.9896840503208764,45.35974608587569,11.02111045382119
715,0.14432362808787105,0.9895305403955725,45.359747567057866,11.021120860522066
716,0.11766263970245831,0.9930536255501258,45.35974587940155,11.021132790097322
717,0.12709471058152352,0.9918905859731701,45.35973983614887,11.021130763131696
718,0.1354095586396864,0.9907897110027967,45.35974496785259,11.021151927749612
719,0.12877586261931886,0.991673725177112,45.35975474272096,11.021151986820943
