,Sin,Cosin,Lat,Lon
0,0.9537169507482269,0.30070579950427306,45.3596665575,11.020597651
1,0.9553212517391689,0.2955694604919585,45.35968713708093,11.020588218509605
2,0.9553908343238612,0.29534446615766563,45.35973913174257,11.020579065361597
3,0.9554750575122917,0.29507188017817454,45.359774444614246,11.020573813237265
4,0.9555763068003665,0.29474382416222367,45.35979507913248,11.020551043588501
5,0.9556971856716668,0.29435164225676663,45.359830377899264,11.020543359078257
6,0.9558404945188256,0.2938859456285838,45.35986687393022,11.020541914369772
7,0.9560091975365075,0.2933366908956378,45.3598881889417,11.020530630301952
8,0.9562063761687617,0.29269329711184805,45.359929001804005,11.020520818069942
9,0.9564351680672781,0.29194480520145816,45.35996304999482,11.020510748959438
10,0.9566986910543076,0.291080082683399,45.35999032533271,11.020500484665241
11,0.9569999522884042,0.2900880751082197,45.360035149778064,11.02047566771311
12,0.9573417436925395,0.2889581038554343,45.36006339689093,11.02047608704026
13,0.9577265256951151,0.28768020783495696,45.36009962377403,11.02046215337762
14,0.9581563024080028,0.286245524254658,45.36013475534104,11.020457827117939
15,0.9586324924547552,0.28464670103478035,45.360166714696255,11.020454714544188
16,0.9591558006806808,0.2828783307724403,45.36020031270278,11.02044034012023
17,0.9597260968245407,0.2809373935130964,45.36021673032411,11.020428286456289
18,0.9603423078026145,0.2788236931186952,45.360272545347726,11.020425716996888
19,0.9610023304472023,0.27654026989761576,45.36029841367976,11.020414197713716
20,0.9617029712676359,0.27409377055124895,45.360331671192945,11.02040371348632
21,0.9624399190077166,0.2714947555670642,45.360360435164225,11.02039233619587
22,0.9632077544483425,0.26875792410751637,45.36041165926781,11.020399055832073
23,0.9640000000913221,0.26590223734284535,45.36043560395024,11.020386931433926
24,0.9648092101625676,0.262950923150086,45.36047391700746,11.020378259976573
25,0.9656270989496359,0.25993134819430674,45.36050535981022,11.020368892772199
26,0.966444703045954,0.256874747599716,45.36054084781396,11.0203649682603
27,0.9672525708453376,0.2538158076107264,45.36056789711103,11.020358179874416
28,0.9680409708499883,0.2507921026583813,45.36060898526867,11.020357690293695
29,0.9688001092279727,0.24784339482800055,45.36064534166201,11.020341540272234
30,0.9695203467271939,0.2450108105410489,45.36068071126518,11.020347086646261
31,0.9701924055811959,0.24233591593606632,45.36070783400963,11.020338005515928
32,0.9708075583850088,0.23985971854927596,45.360748303671855,11.020334408540517
33,0.9713577929294743,0.23762162804589257,45.36079003923426,11.020326396694967
34,0.9718359494215459,0.235658412563444,45.36081537084865,11.020326975165336
35,0.972235829084291,0.2340031893901906,45.36085048376304,11.020317317369313
36,0.9725522754991127,0.23268448900065936,45.36089157005138,11.020308051409478
37,0.9727812319228172,0.23172542980589378,45.36092119718917,11.020294370681984
38,0.9729197789511499,0.23114303737219846,45.36095006308217,11.020298195311517
39,0.9729661571815162,0.23094773646743744,45.360991642475575,11.020283624891063
40,0.9729197789511499,0.23114303737219846,45.361012067769515,11.02026908799981
41,0.9727812319228172,0.23172542980589378,45.36105385244998,11.020270805730428
42,0.9725522754991127,0.23268448900065936,45.361093909615924,11.020253532550662
43,0.972235829084291,0.2340031893901906,45.361117029921886,11.02024241447964
44,0.9718359494215459,0.235658412563444,45.361152667972426,11.020241391397638
45,0.9713577929294743,0.23762162804589257,45.3611829758877,11.02022671917033
46,0.9708075583850087,0.23985971854927618,45.361223806102096,11.020216924912472
47,0.9701924055811959,0.24233591593606632,45.361250602897634,11.020202076557826
48,0.9695203467271939,0.2450108105410489,45.36128208779588,11.020186877387665
49,0.9688001092279727,0.24784339482800055,45.361327108218234,11.020178698142287
50,0.9680409708499883,0.2507921026583813,45.36135179367406,11.020171473683584
51,0.9672525708453376,0.2538158076107264,45.36138316740474,11.020147627284864
52,0.966444703045954,0.256874747599716,45.36140719476958,11.020134247245453
53,0.9656270989496359,0.25993134819430674,45.361440812264,11.02011498667352
54,0.9648092101625676,0.262950923150086,45.36148136530584,11.020107455581355
55,0.9640000000913221,0.26590223734284535,45.361507998315616,11.020096357047821
56,0.9632077544483425,0.26875792410751637,45.361544283492194,11.020072967072656
57,0.9624399190077166,0.2714947555670642,45.361579867465416,11.020063225410528
58,0.9617029712676359,0.27409377055124895,45.361604829571064,11.020039415108206
59,0.9610023304472023,0.27654026989761576,45.3616388635136,11.020029673346318
60,0.9603423078026145,0.2788236931186952,45.361671304882954,11.020001595640474
61,0.9597260968245407,0.2809373935130964,45.36169711035087,11.02000432976871
62,0.9591558006806808,0.2828783307724403,45.36173309854988,11.019985631782129
63,0.9586324924547552,0.28464670103478035,45.36176570185492,11.019969229792578
64,0.9581563024080028,0.286245524254658,45.36179980452708,11.019964621082439
65,0.9577265256951151,0.28768020783495696,45.36184120746662,11.019938488181914
66,0.9573417436925395,0.2889581038554343,45.36186057171165,11.019941588749587
67,0.9569999522884042,0.2900880751082197,45.36189734156587,11.01992215500092
68,0.9566986910543076,0.291080082683399,45.361925587777165,11.0199108398907
69,0.9564351680672781,0.29194480520145816,45.361963056293455,11.01989093620041
70,0.9562063761687617,0.29269329711184805,45.36198576180226,11.019891090248754
71,0.9560091975365075,0.2933366908956378,45.36202824914905,11.019879767630707
72,0.9558404945188256,0.2938859456285838,45.36206243138361,11.019866854722332
73,0.9556971856716668,0.29435164225676663,45.3620910162341,11.019846556011442
74,0.9555763068003665,0.29474382416222367,45.36212811627038,11.019846992753195
75,0.9554750575122917,0.29507188017817454,45.36215897342323,11.019830741916508
76,0.9553908343238612,0.29534446615766563,45.362183066803894,11.019817241517393
77,0.9553212517391689,0.2955694604919585,45.36221909940123,11.019813280875438
78,0.9553212517391689,0.2955694604919585,45.36225589,11.01979384
79,0.1871863868101744,0.9823244151465196,45.362259305746825,11.019800339418778
80,0.1871863868101744,0.9823244151465196,45.36225906243389,11.019804129947806
81,0.1871863868101744,0.9823244151465196,45.362260064022585,11.019812073925042
82,0.1871863868101744,0.9823244151465196,45.362264651576886,11.019811122643269
83,0.1871863868101744,0.9823244151465196,45.36226910690863,11.019811369595724
84,0.1871863868101744,0.9823244151465196,45.362264043173546,11.019824683460866
85,0.1871863868101744,0.9823244151465196,45.36225753699984,11.019827862884078
86,0.1871863868101744,0.9823244151465196,45.362266930927525,11.019838877035868
87,0.1871863868101744,0.9823244151465196,45.362265364605925,11.019845751183798
88,0.1871863868101744,0.9823244151465196,45.3622636127892,11.019850220279361
89,0.1871863868101744,0.9823244151465196,45.36226565149373,11.01984900315975
90,0.1871863868101744,0.9823244151465196,45.36226747,11.01985461
91,-0.9536949823245973,0.3007754655700597,45.362228201638594,11.019863026564575
92,-0.9535633887739869,0.3011924029418241,45.36220594998271,11.01986715024855
93,-0.9534066718244992,0.3016881139861688,45.36217350730202,11.019878745962947
94,-0.9532209791164844,0.30227432072905375,45.362149414129505,11.019883721799715
95,-0.9530020643333431,0.30296380208927043,45.36213003576264,11.019906100326976
96,-0.9527452846094803,0.3037703452518045,45.36209277914132,11.019908470369074
97,-0.9524456060239159,0.3047086601423327,45.36206332051575,11.019920496825772
98,-0.9520976186119734,0.30579425212617933,45.36203592482658,11.019935575165064
99,-0.951695562390517,0.3070432486250063,45.361998989236334,11.019939015871804
100,-0.9512333659509915,0.3084721762194236,45.36197412990482,11.019962397681267
101,-0.9507046992276512,0.310097686006299,45.36193733679966,11.019964564606891
102,-0.9501030420901345,0.3119362265128437,45.36190659758102,11.01997681080385
103,-0.9494217704276574,0.31400366532576107,45.361893907713004,11.019974484410703
104,-0.9486542613660035,0.31631486274299897,45.36185195802876,11.019989851088967
105,-0.9477940191579457,0.31888320314564655,45.36182859772833,11.020002295457807
106,-0.9468348230728331,0.3217200923421427,45.361796480242454,11.020008286639333
107,-0.9457708982336565,0.32483443175609106,45.36176818759405,11.020029705698546
108,-0.9445971097573121,0.32823208288973277,45.36173389854361,11.020036557099889
109,-0.9433091796946821,0.33191533785552296,45.36170817331901,11.020047227886014
110,-0.9419039250997825,0.33588241377247385,45.36167710577594,11.020060451435855
111,-0.9403795140594767,0.3401269903098877,45.361650805702446,11.020081412901726
112,-0.938735734695199,0.34463781047102915,45.36162863329925,11.020087737874208
113,-0.9369742700545659,0.3493983647009721,45.361599363601,11.020099128285333
114,-0.9350989695407956,0.354386677463674,45.36156822950657,11.020117662537123
115,-0.9331161052306187,0.35957521349397936,45.36153902110879,11.020128229122031
116,-0.9310345993054755,0.36493091797776295,45.3615111276251,11.020148297851653
117,-0.9288662071042929,0.37041540100228654,45.361483171660964,11.020167007485496
118,-0.9266256392587248,0.37598527187691777,45.36146660562052,11.020178807378983
119,-0.9243306062495779,0.38159262355329654,45.361421142320985,11.020193340613648
120,-0.9220017697482905,0.3871856616418281,45.361410012055025,11.020218491965968
121,-0.9196625874352363,0.3927094667459982,45.361384022183266,11.020227594056426
122,-0.9173390416754001,0.3981068733619886,45.361354270194916,11.020253003476194
123,-0.9150592474186836,0.4033194437583593,45.361330734660754,11.020271258948151
124,-0.9128529407795662,0.4082885113618771,45.361301985400864,11.020282595186298
125,-0.9107508566093805,0.4129562654631598,45.361270853249465,11.020304847539402
126,-0.9087840105589291,0.4172668476555838,45.36124440076135,11.020323390806295
127,-0.9069829081119128,0.4211674303562154,45.36121855464378,11.020343126289518
128,-0.9053767092856277,0.42460924893733515,45.36119834959855,11.020357179098976
129,-0.9039923825953678,0.42754856122965734,45.36117049896422,11.020373640841791
130,-0.9028538849843761,0.42994751117853774,45.36114569358098,11.020392649522096
131,-0.9019814053742992,0.4317748769428395,45.36111351597353,11.020405084300616
132,-0.9013907080949006,0.4330066874312377,45.36109010708974,11.020423944905742
133,-0.9010926086944674,0.4336266949303278,45.361056927471694,11.02044042721286
134,-0.9010926086944674,0.4336266949303278,45.361023916513574,11.020453708898458
135,-0.9013907080949006,0.4330066874312377,45.36100076006618,11.020462679610723
136,-0.9019814053742992,0.4317748769428395,45.360982051153606,11.020466998928132
137,-0.9028538849843761,0.42994751117853774,45.360945565862046,11.020486070092398
138,-0.9039923825953678,0.42754856122965734,45.360917312423304,11.020490290649146
139,-0.9053767092856277,0.42460924893733515,45.36088673077547,11.020501975375744
140,-0.9069829081119128,0.4211674303562154,45.36085246585264,11.02051905353432
141,-0.9087840105589291,0.4172668476555838,45.360826953745,11.02051288219029
142,-0.9107508566093805,0.4129562654631598,45.36080040483974,11.020517736390808
143,-0.9128529407795662,0.4082885113618771,45.36076246170723,11.020527659572888
144,-0.9150592474186836,0.4033194437583593,45.36072813160124,11.02054100009697
145,-0.9173390416754001,0.3981068733619886,45.36069997636341,11.020542315064286
146,-0.9196625874352363,0.3927094667459982,45.36065055850138,11.02053857180111
147,-0.9220017697482905,0.3871856616418281,45.36062624101149,11.020543673034831
148,-0.9243306062495779,0.38159262355329654,45.36059168801801,11.020532384887348
149,-0.9266256392587248,0.37598527187691777,45.36057291443649,11.020542781240746
150,-0.9288662071042929,0.37041540100228654,45.360527951906164,11.020539012257636
151,-0.9310345993054755,0.36493091797776295,45.36049761962483,11.020551939569733
152,-0.9331161052306187,0.35957521349397936,45.360460772225075,11.020545086000253
153,-0.9350989695407956,0.354386677463674,45.36043762147391,11.02054809806678
154,-0.9369742700545659,0.3493983647009721,45.36040013173496,11.02054950437285
155,-0.938735734695199,0.34463781047102915,45.36036192454592,11.020558395972637
156,-0.9403795140594767,0.3401269903098877,45.360331499977136,11.02055058478546
157,-0.9419039250997825,0.33588241377247385,45.360296571823845,11.020561533739308
158,-0.9433091796946821,0.33191533785552296,45.360272102935646,11.020564973924651
159,-0.9445971097573121,0.32823208288973277,45.360234355189945,11.020555507474889
160,-0.9457708982336565,0.32483443175609106,45.36020716167719,11.020569409628747
161,-0.9468348230728331,0.3217200923421427,45.36017472762751,11.020568564213763
162,-0.9477940191579457,0.31888320314564655,45.36014232825576,11.020570306943817
163,-0.9486542613660035,0.31631486274299897,45.36011602873184,11.020564125353069
164,-0.9494217704276574,0.31400366532576107,45.36007931799367,11.020574941552848
165,-0.9501030420901345,0.3119362265128437,45.360044611404845,11.020577960126438
166,-0.9507046992276512,0.310097686006299,45.360018265956285,11.02057736054832
167,-0.9512333659509915,0.3084721762194236,45.3599867347515,11.020586681387623
168,-0.951695562390517,0.3070432486250063,45.35995051675943,11.02059696654273
169,-0.9520976186119734,0.30579425212617933,45.35992509376109,11.020607653466286
170,-0.9524456060239159,0.3047086601423327,45.359889418875746,11.020614287538253
171,-0.9527452846094803,0.3037703452518045,45.35986924046881,11.020620832224678
172,-0.9530020643333431,0.30296380208927043,45.35982665456095,11.020622763655073
173,-0.9532209791164844,0.30227432072905375,45.35980370146829,11.020627872169479
174,-0.9534066718244992,0.3016881139861688,45.359774179988065,11.020651621761925
175,-0.9535633887739869,0.3011924029418241,45.35974522198131,11.020649978274124
176,-0.9536949823245973,0.3007754655700597,45.35971397782356,11.020666948219407
177,-0.9536949823245973,0.3007754655700597,45.35967972,11.02066511
178,0.18092866714612515,0.9834962213474573,45.35968157558973,11.020666614278678
179,0.18092866714612515,0.9834962213474573,45.35967986578484,11.020672501274825
180,0.18092866714612515,0.9834962213474573,45.35968160015994,11.020675894582602
181,0.18092866714612515,0.9834962213474573,45.35967960829539,11.02067659376686
182,0.18092866714612515,0.9834962213474573,45.35968642232618,11.02069101320182
183,0.18092866714612515,0.9834962213474573,45.359688082851484,11.020692607697892
184,0.18092866714612515,0.9834962213474573,45.35968915009967,11.020700657647106
185,0.18092866714612515,0.9834962213474573,45.359691404735656,11.02070943495155
186,0.18092866714612515,0.9834962213474573,45.35967734162631,11.020701428865646
187,0.18092866714612515,0.9834962213474573,45.35968788802951,11.020714866297789
188,0.18092866714612515,0.9834962213474573,45.35968457541027,11.02072101110804
189,0.18092866714612515,0.9834962213474573,45.35968500099639,11.020723057285684
190,0.18092866714612515,0.9834962213474573,45.35969021620664,11.020722054631479
191,0.18092866714612515,0.9834962213474573,45.35968579968875,11.02073035506486
192,0.18092866714612515,0.9834962213474573,45.35968513994305,11.020725144762617
193,0.18092866714612515,0.9834962213474573,45.35969351,11.02074007
194,0.9531734203031688,0.30242425634786435,45.35972786515166,11.020729162146383
195,0.9532500902552512,0.30218250351129755,45.359753576127495,11.020723497534389
196,0.9533420819384335,0.3018921575750075,45.35978486618154,11.02070866439564
197,0.9534517749307352,0.3015455403109631,45.359817443044676,11.020702245667021
198,0.9535817585025149,0.30113423892219765,45.35985331088998,11.020694047715544
199,0.9537348133785012,0.30064914061057213,45.359884974704265,11.02067184755593
200,0.9539138831458585,0.30008049510354634,45.3599162731937,11.020668158066824
201,0.954122034077883,0.29941800895584614,45.35994968628117,11.020662317057873
202,0.9543624024189586,0.29865097496762594,45.35997976615401,11.02064732899425
203,0.9546381285775367,0.29776843933831965,45.36000898407491,11.020645289229664
204,0.9549522782054153,0.2967594081916984,45.360048548127374,11.02062163546579
205,0.9553077507996585,0.29561309386104284,45.36007256691,11.020625087809613
206,0.9557071772326232,0.2943191998257188,45.36010317954328,11.020614318265196
207,0.9561528084667265,0.2928682414690804,45.36013704465473,11.020614987752493
208,0.9566463986000386,0.2912518979261355,45.360171019801285,11.02059405713959
209,0.9571890862584416,0.2894633882682396,45.36020126013996,11.020581594736639
210,0.957781279129394,0.2874978632081667,45.36023839254689,11.0205862234187
211,0.9584225470424289,0.2853528014944014,45.36025318344577,11.020571403870276
212,0.9591115293612388,0.28302839830367826,45.36029389551016,11.020580459074182
213,0.9598458624862878,0.28052793135079146,45.36032617509184,11.020549409569268
214,0.9606221329152435,0.2778580892350775,45.36035545617482,11.02055100060549
215,0.9614358605361785,0.27502924585406907,45.3603884796367,11.020533679577847
216,0.9622815156345929,0.27205566464970127,45.360429008624735,11.020531206156384
217,0.9631525715200719,0.2689556171086091,45.360455250234615,11.020531160454418
218,0.964041592806121,0.26575140138828457,45.36048604317535,11.020520779096506
219,0.9649403573341064,0.26246924922346043,45.3605145005314,11.020507369942203
220,0.9658400076806327,0.25913911237687626,45.36054610493579,11.020518271938379
221,0.966731226309758,0.25579432377914735,45.360587162990626,11.020500259059219
222,0.9676044269125492,0.2524711330414573,45.36061398334301,11.02050659918589
223,0.9684499534829141,0.2492081210533509,45.36065044535525,11.020493156299388
224,0.9692582783352363,0.24604550367485642,45.360684894183095,11.020489448616088
225,0.970020190639435,0.2430243398341699,45.360717651127054,11.02048199290744
226,0.9707269681205889,0.2401856643586564,45.36075680963235,11.020482732331493
227,0.971370526250187,0.2375695702998063,45.36078048006832,11.020474763451245
228,0.9719435413757833,0.2352142690780068,45.360817569748974,11.020461362099022
229,0.9724395465671731,0.23315515922284616,45.36084839656109,11.020466884199891
230,0.9728530012384206,0.23142393562766497,45.36087041022593,11.020453645225382
231,0.9731793375731028,0.2300477709537235,45.36091670879946,11.020452816516645
232,0.9734149882055553,0.22904859907185363,45.36095066879356,11.020454383709634
233,0.9735574003296504,0.22844252726533357,45.3609773631348,11.020437894032211
234,0.9736050413443523,0.22823939946657334,45.36100224247888,11.020436653822747
235,0.9735574003296504,0.22844252726533357,45.36104667311244,11.020417590746876
236,0.9734149882055553,0.22904859907185363,45.361061471180335,11.020408958341873
237,0.9731793375731028,0.2300477709537235,45.36110923218191,11.02039402008196
238,0.9728530012384206,0.23142393562766497,45.361132830178626,11.020395540191615
239,0.9724395465671731,0.23315515922284616,45.36117823021078,11.020388938341162
240,0.9719435413757833,0.2352142690780068,45.36120367306695,11.020372087015968
241,0.9713705262501872,0.23756957029980585,45.36122846103801,11.020361621869888
242,0.9707269681205889,0.2401856643586564,45.361263387961664,11.02034725089066
243,0.970020190639435,0.2430243398341699,45.36127887914668,11.02033863501582
244,0.9692582783352363,0.24604550367485642,45.36132921704248,11.020324767406427
245,0.9684499534829141,0.2492081210533509,45.36135011807162,11.020308791616937
246,0.9676044269125492,0.2524711330414573,45.36138588720734,11.020293509542267
247,0.966731226309758,0.25579432377914735,45.36141052970082,11.020285818767002
248,0.9658400076806327,0.25913911237687626,45.361451763038374,11.020278293883871
249,0.9649403573341064,0.26246924922346043,45.36147433005516,11.02025901875137
250,0.964041592806121,0.26575140138828457,45.36150736999304,11.020238582179571
251,0.9631525715200719,0.2689556171086089,45.36153796674155,11.020228786313716
252,0.9622815156345929,0.27205566464970127,45.361567001686794,11.020203801869075
253,0.9614358605361785,0.27502924585406907,45.36159327754444,11.020187833022398
254,0.9606221329152435,0.2778580892350775,45.361631105192146,11.020178437148381
255,0.9598458624862878,0.28052793135079146,45.36165584077671,11.020165500559386
256,0.9591115293612388,0.28302839830367826,45.361681774289636,11.020152831499615
257,0.9584225470424289,0.2853528014944014,45.36171595165064,11.020132599970546
258,0.957781279129394,0.2874978632081667,45.361749218982624,11.020133121879294
259,0.9571890862584416,0.2894633882682396,45.36177210140787,11.020111867035158
260,0.9566463986000386,0.2912518979261355,45.36180829845619,11.020098787063207
261,0.9561528084667265,0.2928682414690804,45.3618418719027,11.02007919197894
262,0.9557071772326232,0.2943191998257188,45.361868273663895,11.020067738840007
263,0.9553077507996585,0.29561309386104284,45.36190763069799,11.020056122186059
264,0.9549522782054153,0.2967594081916984,45.361932020268334,11.0200390045882
265,0.9546381285775367,0.29776843933831965,45.36196207576771,11.020034137410322
266,0.9543624024189586,0.29865097496762594,45.36198857165771,11.020022600415313
267,0.954122034077883,0.2994180089558459,45.36201906124476,11.020011422433294
268,0.9539138831458585,0.30008049510354634,45.36205820273244,11.020000852375274
269,0.9537348133785012,0.30064914061057213,45.36208068160013,11.019987941418199
270,0.9535817585025149,0.30113423892219765,45.36211468290165,11.01997880969892
271,0.9534517749307352,0.3015455403109631,45.36213943012987,11.019957069085867
272,0.9533420819384335,0.3018921575750075,45.36216615325264,11.01995766573611
273,0.9532500902552512,0.30218250351129755,45.362208616551186,11.019943646881012
274,0.9531734203031688,0.30242425634786435,45.36224292146145,11.019928829063042
275,0.9531734203031688,0.30242425634786435,45.36227073,11.01991931
276,0.2108778085845649,0.9775124295100148,45.36227656882264,11.019929906112582
277,0.2108778085845649,0.9775124295100148,45.36227472493655,11.01992796538968
278,0.2108778085845649,0.9775124295100148,45.36227875540954,11.019938817316188
279,0.2108778085845649,0.9775124295100148,45.36227255881699,11.019935705889553
280,0.2108778085845649,0.9775124295100148,45.362266626869044,11.01994326462533
281,0.2108778085845649,0.9775124295100148,45.36227021671071,11.019948398639354
282,0.2108778085845649,0.9775124295100148,45.362277260000305,11.01995944078027
283,0.2108778085845649,0.9775124295100148,45.36227448593232,11.019956652025048
284,0.2108778085845649,0.9775124295100148,45.36227151756987,11.01995822535013
285,0.2108778085845649,0.9775124295100148,45.36227765996347,11.019962845403937
286,0.2108778085845649,0.9775124295100148,45.36227947268473,11.019970732461273
287,0.2108778085845649,0.9775124295100148,45.36228173223344,11.019967718278009
288,0.2108778085845649,0.9775124295100148,45.3622915010877,11.019975820115446
289,0.2108778085845649,0.9775124295100148,45.36228581709894,11.019984362242981
290,0.2108778085845649,0.9775124295100148,45.36228557,11.0199881
291,-0.9537817488176472,0.30050020902214103,45.362249905877185,11.01999763518247
292,-0.9536282444604403,0.3009869953458103,45.36221953603499,11.020015705157586
293,-0.9534423732454883,0.30157526572981885,45.36218517817487,11.020027425788042
294,-0.9532186872550438,0.30228154801074275,45.36215746472899,11.020033625597893
295,-0.9529511362361992,0.3031239547547123,45.36211952710745,11.020043319811801
296,-0.9526330669352415,0.30412208039133826,45.36209171741982,11.020053344577748
297,-0.9522572381637973,0.3052968266534343,45.36206309392611,11.020064259725459
298,-0.951815854558228,0.3066701469194387,45.362016637220584,11.020078082087139
299,-0.9513006221494648,0.30826470167380726,45.361991413882684,11.020071966233669
300,-0.9507028290112589,0.3101034197005719,45.3619621546942,11.020086949037175
301,-0.9500134543897575,0.3122089628413,45.36193361146852,11.020106662087
302,-0.9492233098074158,0.3146030961676231,45.36189144442787,11.020118751460572
303,-0.9483232156255533,0.31730597017013434,45.361861330594344,11.020138945044792
304,-0.9473042163590469,0.3203353269128648,45.36182969093618,11.020141794704594
305,-0.9461578375501781,0.32370564783823397,45.36179860454616,11.020163096311435
306,-0.944876386088435,0.3274272667516536,45.36177462429998,11.02016304300701
307,-0.9434532943596606,0.3315054771220282,45.361736741637934,11.020179661002311
308,-0.9418835063826059,0.335939667804217,45.36170392264342,11.020197026431529
309,-0.940163901045551,0.34072252518847546,45.36167813483893,11.020207723542432
310,-0.9382937436679801,0.3458393421713712,45.36163456307787,11.020221825009271
311,-0.9362751524719841,0.3512674748159342,45.36160489288774,11.020247455317731
312,-0.9341135613866494,0.35697598579393314,45.36157548447599,11.020257141201139
313,-0.9318181553157947,0.3629255094697387,45.36154851456447,11.020284714572767
314,-0.9294022491178558,0.3690683667488601,45.36152170134834,11.020295726307427
315,-0.9268835777404613,0.37534894873309854,45.36149098639896,11.0203069205016
316,-0.9242844629450254,0.3817043771800711,45.361460274484706,11.020325930791106
317,-0.9216318225446647,0.3880654373594738,45.361435327495386,11.020343816684399
318,-0.9189569916250119,0.3943577659226555,45.361401452697756,11.020371537298967
319,-0.9162953321438624,0.40050326377118195,45.36137375330799,11.020385104112034
320,-0.9136856175980373,0.40642169257372707,45.361348347829804,11.020405153426891
321,-0.9111691926937837,0.41203240441227246,45.361319468330215,11.020431658137863
322,-0.9087889233403815,0.41725614772442854,45.36129432833716,11.02044559316153
323,-0.9065879686211968,0.4220168896516961,45.36125386904822,11.020468466533998
324,-0.9046084222362639,0.42624359516503846,45.36123296321001,11.02048925828612
325,-0.9028898846976525,0.42987190663110303,45.36120388326681,11.020509760771839
326,-0.901468037801504,0.4328456732165706,45.36117922422678,11.020528012283023
327,-0.900373298354232,0.43511828691830584,45.361145346874935,11.02054019727292
328,-0.8996296279575277,0.4366537902056965,45.361113896079026,11.020555840778883
329,-0.8992535695418061,0.4374277285064585,45.36107703160918,11.020576276102622
330,-0.8992535695418061,0.4374277285064585,45.36105050134472,11.02058153912542
331,-0.8996296279575277,0.4366537902056965,45.36102257412976,11.020598647108235
332,-0.900373298354232,0.43511828691830584,45.36098663108435,11.020612928807976
333,-0.901468037801504,0.4328456732165706,45.36095647773534,11.020630972793308
334,-0.9028898846976525,0.42987190663110303,45.360926127175006,11.02062651662146
335,-0.9046084222362639,0.42624359516503846,45.36089065323487,11.020647598884585
336,-0.9065879686211968,0.4220168896516961,45.360859360530306,11.02064283865896
337,-0.9087889233403815,0.41725614772442854,45.36082079516757,11.020662837796195
338,-0.9111691926937837,0.41203240441227246,45.36078718947962,11.020668469449205
339,-0.9136856175980373,0.40642169257372707,45.36075003166116,11.020671975057759
340,-0.9162953321438624,0.40050326377118195,45.36071971288029,11.02067194487511
341,-0.9189569916250119,0.3943577659226555,45.36067475148911,11.02067944424414
342,-0.9216318225446647,0.3880654373594738,45.36063960654471,11.020677985195128
343,-0.9242844629450254,0.3817043771800711,45.36060097554447,11.02067970392575
344,-0.9268835777404613,0.37534894873309854,45.360572498182634,11.020680074457266
345,-0.9294022491178558,0.3690683667488601,45.36053126489542,11.020690334626847
346,-0.9318181553157947,0.3629255094697387,45.360498055166374,11.020684117526699
347,-0.9341135613866494,0.35697598579393314,45.36046082734424,11.0206865721124
348,-0.9362751524719841,0.3512674748159342,45.36042536258315,11.020684226895789
349,-0.9382937436679801,0.3458393421713712,45.360389292210826,11.020683714606848
350,-0.940163901045551,0.34072252518847546,45.36035354792546,11.020682935239828
351,-0.9418835063826059,0.335939667804217,45.36032021651492,11.020693347485137
352,-0.9434532943596606,0.3315054771220282,45.36027509570838,11.020689420833758
353,-0.944876386088435,0.3274272667516536,45.36024164405471,11.020689242647842
354,-0.9461578375501781,0.32370564783823397,45.360201558268116,11.020696107261609
355,-0.9473042163590469,0.3203353269128648,45.36017429851335,11.020704814569585
356,-0.9483232156255533,0.31730597017013434,45.3601426826092,11.020707774639462
357,-0.9492233098074158,0.3146030961676231,45.360102668936015,11.020717128757541
358,-0.9500134543897575,0.3122089628413,45.36007516499225,11.020710429366263
359,-0.9507028290112589,0.3101034197005719,45.360035141298624,11.020729118004784
360,-0.9513006221494648,0.30826470167380726,45.36000115883804,11.020731486819502
361,-0.951815854558228,0.3066701469194387,45.35996912730353,11.020745409534328
362,-0.9522572381637973,0.3052968266534343,45.35994084851802,11.020735185520053
363,-0.9526330669352415,0.30412208039133826,45.35990460355096,11.02074550765394
364,-0.9529511362361992,0.3031239547547123,45.35986204572382,11.020753639107564
365,-0.9532186872550438,0.30228154801074275,45.359824568034064,11.020764864386164
366,-0.9534423732454883,0.30157526572981885,45.35981375202043,11.020771197668475
367,-0.9536282444604403,0.3009869953458103,45.35976283013347,11.020782935259165
368,-0.9537817488176472,0.30050020902214103,45.35972379407287,11.02078826108809
369,-0.9537817488176472,0.30050020902214103,45.35970006,11.02079678
370,0.18563850809759755,0.9826181070544641,45.359695601249165,11.02080184274117
371,0.18563850809759755,0.9826181070544641,45.35970596543974,11.02081393807171
372,0.18563850809759755,0.9826181070544641,45.35970263655376,11.02081572234329
373,0.18563850809759755,0.9826181070544641,45.35971235572163,11.020813030762543
374,0.18563850809759755,0.9826181070544641,45.35970418677434,11.020822349892919
375,0.18563850809759755,0.9826181070544641,45.35971344580339,11.02082647273582
376,0.18563850809759755,0.9826181070544641,45.3597082874484,11.020842970825248
377,0.18563850809759755,0.9826181070544641,45.359707779245205,11.02083514484237
378,0.18563850809759755,0.9826181070544641,45.359707304152785,11.020838475047817
379,0.18563850809759755,0.9826181070544641,45.359711703551774,11.020852051983786
380,0.18563850809759755,0.9826181070544641,45.359701577230375,11.020856931246493
381,0.18563850809759755,0.9826181070544641,45.35970855497719,11.020860916012841
382,0.18563850809759755,0.9826181070544641,45.359710883603405,11.020858419805228
383,0.18563850809759755,0.9826181070544641,45.359712744688984,11.02087059963154
384,0.18563850809759755,0.9826181070544641,45.35970562142655,11.020873900237252
385,0.18563850809759755,0.9826181070544641,45.35971575,11.02087983
386,0.9542128302322318,0.2991285252532663,45.359746848408115,11.020874615401794
387,0.9542680419668099,0.29895234416346483,45.35978065647849,11.020859383950366
388,0.9543347325654307,0.2987393817682362,45.35981177304043,11.020848454635725
389,0.9544147562416709,0.29848362278046664,45.359855627389585,11.020843645703088
390,0.9545101381126424,0.2981784637430818,45.35986693329342,11.020830411075087
391,0.954623059700127,0.2978167454807871,45.35991352496375,11.020813097233372
392,0.9547558357250349,0.29739081046493404,45.35994549234187,11.020815299993986
393,0.9549108811373852,0.2968925884649576,45.3599764319564,11.020801806292498
394,0.9550906675676405,0.29631371336001106,45.360010049875726,11.020794074158061
395,0.9552976687382108,0.2956456732362909,45.36004258391738,11.02078199610092
396,0.95553429483951,0.29487999488870115,45.36008367814309,11.020763746944981
397,0.9558028164478758,0.2940084625828112,45.36011023010569,11.020762786227275
398,0.9561052792271931,0.2930233694330387,45.3601434150882,11.020741070972022
399,0.9564434113844468,0.2919177980515782,45.36017244703089,11.020726188649364
400,0.9568185266013775,0.2906859252739443,45.36019818896377,11.020729042830457
401,0.9572314258878364,0.2893233438434229,45.360250108815485,11.020732470513748
402,0.957682302435768,0.28782739202745483,45.36027920337413,11.020724916819256
403,0.9581706540291718,0.28619748034758985,45.360297799336315,11.020698271727149
404,0.9586952078186288,0.28443540304539466,45.3603466408129,11.020695490826583
405,0.9592538622406566,0.28254562069935435,45.3603787936867,11.020689728672089
406,0.9598436505098956,0.28053549967132024,45.36040560655241,11.02067190469963
407,0.9604607294173919,0.2784154939061607,45.360436534531985,11.020669213095704
408,0.9611003961429845,0.27619925512897064,45.36047571273449,11.020662764692371
409,0.9617571344803861,0.2739036587489776,45.36050609425432,11.020651944427103
410,0.9624246903610156,0.2715487348221369,45.36054450992436,11.020651115142353
411,0.963096174958418,0.2691574962368022,45.36056888241585,11.020642728092037
412,0.9637641920919408,0.26675565981131244,45.36061246056724,11.020630254348818
413,0.9644209852668928,0.26437126011886325,45.36063968423734,11.020627529483674
414,0.965058598621038,0.2620341604211143,45.36066966929035,11.020621060193088
415,0.9656690454005549,0.2597754698873261,45.36070942505243,11.020623613302826
416,0.9662444774277555,0.2576268810515773,45.36075326379998,11.02060266323773
417,0.966777349360105,0.2556199459436795,45.36077839924018,11.020594684244644
418,0.9672605723296811,0.25378531324026166,45.36080672458423,11.020585788911173
419,0.9676876526934759,0.25215195185560396,45.36085061554214,11.020590155248914
420,0.9680528129735749,0.2507463883966203,45.36088001825158,11.020588516225082
421,0.9683510934530851,0.24959198666666857,45.360914648734216,11.020572437482315
422,0.968578434147971,0.2487082968126813,45.36094645272384,11.020558493194047
423,0.9687317378493181,0.2481104997444487,45.3609777997677,11.020559598398012
424,0.9688089155229493,0.24780896917433537,45.361014920145514,11.020548741383136
425,0.9688089155229493,0.24780896917433537,45.36104556706739,11.020540317328917
426,0.9687317378493181,0.2481104997444487,45.361080300025755,11.020517995587692
427,0.968578434147971,0.2487082968126813,45.361116333055115,11.02052110476673
428,0.9683510934530851,0.24959198666666857,45.361139957175666,11.020511539316844
429,0.9680528129735749,0.2507463883966203,45.361177154187935,11.020502178706312
430,0.9676876526934759,0.25215195185560396,45.36121903370788,11.020482811208812
431,0.9672605723296811,0.25378531324026166,45.36124014381176,11.0204784751959
432,0.966777349360105,0.2556199459436795,45.361277297630316,11.020470175157941
433,0.9662444774277555,0.2576268810515773,45.36130953805299,11.020451317797974
434,0.9656690454005549,0.2597754698873261,45.361344021982525,11.020445273936701
435,0.965058598621038,0.2620341604211143,45.36136788583222,11.020436080338412
436,0.9644209852668928,0.26437126011886325,45.36141227267427,11.020423238934704
437,0.9637641920919408,0.26675565981131244,45.36143118875186,11.020407142304688
438,0.963096174958418,0.2691574962368022,45.36147097011564,11.020384610730048
439,0.9624246903610156,0.2715487348221369,45.36149710725135,11.020372109799851
440,0.9617571344803861,0.2739036587489776,45.36153465761084,11.02036613407357
441,0.9611003961429845,0.27619925512897064,45.36156795233351,11.020354890468319
442,0.9604607294173919,0.2784154939061607,45.361598860154935,11.020324250969209
443,0.9598436505098956,0.28053549967132024,45.36162765243218,11.020321942809005
444,0.9592538622406566,0.28254562069935435,45.36165344926745,11.020307208189278
445,0.9586952078186288,0.28443540304539466,45.36168597745269,11.020285855182115
446,0.9581706540291718,0.28619748034758985,45.36172200252806,11.020279715027298
447,0.957682302435768,0.28782739202745483,45.36174862739507,11.020272098988048
448,0.9572314258878364,0.2893233438434229,45.36179105592447,11.020251319559964
449,0.9568185266013775,0.2906859252739443,45.36180953034582,11.020251389858787
450,0.9564434113844468,0.2919177980515782,45.36184373847471,11.020229747188319
451,0.9561052792271931,0.2930233694330387,45.36189106566788,11.020217330061058
452,0.9558028164478758,0.2940084625828112,45.36191144335177,11.020205528511447
453,0.95553429483951,0.29487999488870115,45.3619570024916,11.020194448788681
454,0.9552976687382108,0.2956456732362909,45.361984499802475,11.020178967216742
455,0.9550906675676405,0.29631371336001106,45.36200331035529,11.020169723301713
456,0.9549108811373852,0.2968925884649576,45.36204385380643,11.020167101764637
457,0.9547558357250349,0.29739081046493404,45.36207143295917,11.020140988379566
458,0.954623059700127,0.2978167454807871,45.36210892767461,11.02014127809562
459,0.9545101381126424,0.2981784637430818,45.362140010592235,11.020127515188202
460,0.9544147562416709,0.29848362278046664,45.362171999787755,11.02010883412577
461,0.9543347325654307,0.2987393817682362,45.36220750992295,11.020104647009727
462,0.9542680419668099,0.29895234416346483,45.36223537936667,11.02009684341515
463,0.9542128302322318,0.2991285252532663,45.36226781569588,11.020079312337238
464,0.9542128302322318,0.2991285252532663,45.36230304,11.02006662
465,0.05017981546841942,0.9987401995111418,45.362300031575955,11.02007573802811
466,0.05017981546841942,0.9987401995111418,45.362300742383646,11.020074881598461
467,0.05017981546841942,0.9987401995111418,45.362307328263455,11.020081782870147
468,0.05017981546841942,0.9987401995111418,45.3622978337801,11.020083308589543
469,0.05017981546841942,0.9987401995111418,45.36230524553406,11.020089828528452
470,0.05017981546841942,0.9987401995111418,45.36230412726223,11.020092002464441
471,0.05017981546841942,0.9987401995111418,45.36230660317667,11.020093290559624
472,0.05017981546841942,0.9987401995111418,45.36230606752029,11.020092878564707
473,0.05017981546841942,0.9987401995111418,45.362307899461875,11.020103113253208
474,0.05017981546841942,0.9987401995111418,45.36230638209603,11.020103462732212
475,0.05017981546841942,0.9987401995111418,45.36231774054397,11.020109153395461
476,0.05017981546841942,0.9987401995111418,45.362308599602656,11.020114634538267
477,0.05017981546841942,0.9987401995111418,45.3623103501655,11.020113541901152
478,0.05017981546841942,0.9987401995111418,45.36230583,11.02012215
479,-0.9541694696913448,0.2992668092337302,45.36226894351453,11.020125401062499
480,-0.9540258620378523,0.2997242975851852,45.36224054419865,11.020140001113651
481,-0.953850779509655,0.3002810190951528,45.36220944689417,11.020160937693817
482,-0.9536387422803541,0.3009537326931573,45.36216540218483,11.02016744847439
483,-0.9533836545150495,0.30176084454999913,45.36213378216455,11.020187149311493
484,-0.953078809263426,0.3027222874732053,45.36209940688482,11.020186867906936
485,-0.9527169122299896,0.3038593180255534,45.362066084027326,11.020191330040735
486,-0.9522901278899334,0.3051942206585413,45.36203826626658,11.020211737196108
487,-0.9517901515243127,0.30674991028739657,45.36198771247637,11.020220443280824
488,-0.9512083108167995,0.3085494278605147,45.361966655035076,11.02022975051375
489,-0.950535700668377,0.3106153276238596,45.36193480824093,11.020245709839054
490,-0.9497633548056216,0.3129689599119552,45.36190005964881,11.020253959081453
491,-0.9488824575124625,0.3156296592925163,45.361869607837946,11.020260632117148
492,-0.9478845983000544,0.31861385454111135,45.36182802959245,11.020281161595975
493,-0.9467620714075755,0.321934123919843,45.361790966118996,11.020295933470997
494,-0.9455082205394522,0.3255982261811613,45.36176865079358,11.020311363343312
495,-0.9441178270316697,0.3296081441363338,45.36173561095809,11.020320149762549
496,-0.942587536572678,0.3339591829817686,45.36169901457023,11.020326070693574
497,-0.9409163156259939,0.33863916930680826,45.36166845570904,11.020349014627634
498,-0.9391059238717145,0.3436277982775164,45.36163501949755,11.020353627739022
499,-0.9371613835199135,0.348896175443414,45.36160356106214,11.020384701073038
500,-0.9350914206519171,0.35440659562595533,45.36157595421255,11.020400132714864
501,-0.9329088484045411,0.36011259429310855,45.361536850267164,11.02041529456223
502,-0.9306308575732611,0.3659592968247379,45.36150637864303,11.020433418766647
503,-0.9282791779082409,0.37188407852716737,45.36147890482686,11.020454658783477
504,-0.9258800738333389,0.37781753384189426,45.36144534121533,11.020475532756898
505,-0.9234641422113685,0.3836847378380086,45.36141451314706,11.020495172298672
506,-0.9210658875080381,0.38940676787779394,45.36138931836669,11.020509280588549
507,-0.9187230612703245,0.3949024394582586,45.36135115211466,11.020531543095787
508,-0.9164757677484066,0.4000901987426944,45.36131703539985,11.020550739100221
509,-0.9143653547684075,0.4048901060772468,45.36128298060642,11.020575037404408
510,-0.912433127175112,0.4092258403784465,45.36125717183281,11.020602191740942
511,-0.9107189375648046,0.4130266538140529,45.36123290365298,11.020601679368848
512,-0.9092597237531671,0.4162292094030815,45.361209177646195,11.020635768030138
513,-0.9080880727163657,0.41877924040032893,45.36116930674726,11.020648006376666
514,-0.9072308951922072,0.420632978746016,45.361143193522295,11.020658971971269
515,-0.9067082928624349,0.421758309526308,45.36111951463858,11.020680977150732
516,-0.9065326908663879,0.42213561848124825,45.36107765244013,11.02069080173878
517,-0.9067082928624349,0.421758309526308,45.361040769924216,11.020710899958452
518,-0.9072308951922072,0.420632978746016,45.36100338843156,11.02072468803921
519,-0.9080880727163657,0.41877924040032893,45.360980227541205,11.020737257103843
520,-0.9092597237531671,0.4162292094030815,45.36093749525258,11.020746342258839
521,-0.9107189375648046,0.4130266538140529,45.360909194072725,11.020763979581451
522,-0.912433127175112,0.4092258403784465,45.36087202704082,11.020766945140581
523,-0.9143653547684075,0.4048901060772468,45.36083531493078,11.020772265210345
524,-0.9164757677484066,0.4000901987426944,45.3607967223512,11.020788864069115
525,-0.9187230612703245,0.3949024394582586,45.360767966436384,11.020793849226243
526,-0.9210658875080381,0.38940676787779394,45.360729009485695,11.020791589369626
527,-0.9234641422113685,0.3836847378380086,45.36067632835446,11.020799114408597
528,-0.9258800738333389,0.37781753384189426,45.360651380950245,11.020800617588522
529,-0.9282791779082409,0.37188407852716737,45.360606795011535,11.020805082512798
530,-0.9306308575732611,0.3659592968247379,45.36057560351651,11.02081271635866
531,-0.9329088484045411,0.36011259429310855,45.36053208210085,11.02080031207642
532,-0.9350914206519171,0.35440659562595533,45.36049502081987,11.020805472687965
533,-0.9371613835199135,0.348896175443414,45.36046785046291,11.02081664789893
534,-0.9391059238717145,0.3436277982775164,45.36042991142882,11.020804116850762
535,-0.9409163156259939,0.33863916930680826,45.36038691868396,11.020811777670486
536,-0.942587536572678,0.3339591829817686,45.36035194979998,11.020813806646341
537,-0.9441178270316697,0.3296081441363338,45.36030917833113,11.020817442921349
538,-0.9455082205394522,0.3255982261811613,45.36027722421216,11.020818438657354
539,-0.9467620714075755,0.321934123919843,45.36024003216425,11.02081919939785
540,-0.9478845983000544,0.31861385454111135,45.36020559189142,11.020823078025924
541,-0.9488824575124625,0.3156296592925163,45.360175060654264,11.020835311273949
542,-0.9497633548056216,0.3129689599119552,45.36013751785955,11.020824391481455
543,-0.950535700668377,0.3106153276238596,45.36010552679753,11.020845979068929
544,-0.9512083108167995,0.3085494278605147,45.36005490757296,11.020858243763836
545,-0.9517901515243127,0.30674991028739657,45.36002125911601,11.020858560519411
546,-0.9522901278899334,0.3051942206585413,45.35999387807897,11.020857026410964
547,-0.9527169122299896,0.3038593180255534,45.359958131798706,11.02087277513604
548,-0.953078809263426,0.3027222874732053,45.359922022581024,11.020883961067273
549,-0.9533836545150495,0.30176084454999913,45.35988412966318,11.020890518274008
550,-0.9536387422803541,0.3009537326931573,45.35985146981382,11.020902575979598
551,-0.953850779509655,0.3002810190951528,45.35982208075078,11.020903378827954
552,-0.9540258620378523,0.2997242975851852,45.35978027525651,11.020909371956193
553,-0.9541694696913448,0.2992668092337302,45.35974579501893,11.02092996265753
554,-0.9541694696913448,0.2992668092337302,45.35971167,11.02093044
555,0.158371280329442,0.9873796319384015,45.359714006168296,11.020936191375062
556,0.158371280329442,0.9873796319384015,45.35971208622981,11.020927677155893
557,0.158371280329442,0.9873796319384015,45.35971717684854,11.020946572879296
558,0.158371280329442,0.9873796319384015,45.35972476019078,11.020948292695296
559,0.158371280329442,0.9873796319384015,45.359717235116825,11.020954978983108
560,0.158371280329442,0.9873796319384015,45.35971899138295,11.020951587143726
561,0.158371280329442,0.9873796319384015,45.359720859754155,11.020969453930272
562,0.158371280329442,0.9873796319384015,45.35972325463477,11.020963638995724
563,0.158371280329442,0.9873796319384015,45.3597254953366,11.02096754415621
564,0.158371280329442,0.9873796319384015,45.35972395495868,11.020985632423496
565,0.158371280329442,0.9873796319384015,45.35972418054242,11.020989291002126
566,0.158371280329442,0.9873796319384015,45.35971442243554,11.020986970769593
567,0.158371280329442,0.9873796319384015,45.35971797921603,11.020997367261096
568,0.158371280329442,0.9873796319384015,45.35972722079403,11.020999890755741
569,0.158371280329442,0.9873796319384015,45.35972349442891,11.021002876404522
