,Sin,Cosin,Lat,Lon
0,0.9572449421246826,-0.2892786213613323,45.359672779146614,11.020601683186767
1,0.9595562345105,-0.2815170204659574,45.35970749039383,11.020596814042683
2,0.9492902041951436,-0.3144011899136872,45.35973489959616,11.02057867033322
3,0.9474794923706057,-0.31981652792990434,45.35976835430066,11.020557184866298
4,0.9487543358186816,-0.316014572868487,45.359807778636466,11.020565928503993
5,0.9581066438134003,-0.2864116950835321,45.359839933816076,11.020554576576885
6,0.9564888200826206,-0.29176897891475073,45.35986324906947,11.020530719920409
7,0.9517231538166883,-0.3069577144969913,45.35989737838599,11.02052861324451
8,0.950396287885841,-0.3110416306104597,45.35993717540326,11.02052500504029
9,0.9541899004544022,-0.29920166087576777,45.35996064117006,11.02051665969202
10,0.9494634369003214,-0.31387765449204774,45.35999275369668,11.020494801590726
11,0.9558408285387405,-0.29388485925337143,45.36002852219005,11.02049138691413
12,0.9552460353237422,-0.29581246085699625,45.36006646205803,11.020487558014969
13,0.9406916743498962,-0.33926269144836546,45.36008993657188,11.020476528456975
14,0.9535405735754726,-0.3012646254463984,45.36011835257655,11.020463551968394
15,0.9565632345535268,-0.29152491883284093,45.36016021122396,11.02045320776306
16,0.9629238573718567,-0.26977332133497584,45.360198190711245,11.020432514186293
17,0.9529474104865231,-0.3031356673950295,45.360220592529004,11.02042799357602
18,0.9602178061010644,-0.27925215280541454,45.36024908875615,11.020418820430633
19,0.9554219124387592,-0.2952439148092032,45.36028311209151,11.020403115147234
20,0.9515436008307572,-0.3075138626436808,45.36032472071497,11.020394665455717
21,0.9503030554696148,-0.31132636053683965,45.36035371028194,11.020387814708558
22,0.9502458301550795,-0.3115009827799648,45.360381494986136,11.020381080634387
23,0.9556948929433974,-0.29435908615483286,45.36042075378897,11.020380866362805
24,0.9431244789447814,-0.3324397948728982,45.36044825236643,11.02035789093746
25,0.9601001066179883,-0.27965654877389773,45.360479912470296,11.020357378478067
26,0.9509226455323265,-0.30942870295724223,45.36051462965667,11.020348158027263
27,0.9586450122785339,-0.28460453340291264,45.360544424080054,11.020334127575426
28,0.9518200859219325,-0.3066570136741782,45.360577491159866,11.020328752000744
29,0.9537991553721511,-0.3004449553768063,45.360611579927024,11.020318250287911
30,0.9584540641734064,-0.2852469226292892,45.360641919684426,11.020296340798014
31,0.9582095280865985,-0.2860673002705098,45.360675098841426,11.020288228869731
32,0.9670944109575544,-0.25441776725429543,45.36070812420359,11.020288849119206
33,0.9561119018030724,-0.2930017597737461,45.36074718713132,11.020272302267692
34,0.9513638067967101,-0.3080696465367404,45.36078230196768,11.020261392036343
35,0.9435470280998258,-0.3312385934096244,45.36081517516407,11.020254143463752
36,0.9507762787052801,-0.3098781500063202,45.36083739368836,11.020240537678552
37,0.9554653617558938,-0.29510327426966804,45.360869550803365,11.020231036174634
38,0.9579775894422097,-0.28684305486884853,45.36090631930963,11.020219559376384
39,0.9522778843477626,-0.3052324212500194,45.36093082484625,11.020206133932934
40,0.9604861820400782,-0.27832767399249725,45.36096922977476,11.020204578969057
41,0.955224042603442,-0.2958834710360444,45.36100228568736,11.020185689416898
42,0.9529507417092645,-0.30312519505274155,45.3610243721394,11.020184090806202
43,0.9578452537025548,-0.28728464971085466,45.36106780927774,11.020163977339106
44,0.9511919879590198,-0.3085997440740479,45.36110260535344,11.020158592820758
45,0.9571510598902381,-0.28958910295622986,45.3611381165833,11.0201525436431
46,0.9537710070142498,-0.3005343011688081,45.36116292608364,11.020147753001
47,0.9528014989980306,-0.30359397804815885,45.361205650668936,11.020131639087788
48,0.9497263455569704,-0.3130812491271267,45.36121667202389,11.020118980011233
49,0.9580099736995495,-0.28673487805320863,45.36126985517044,11.020108100436818
50,0.9458172842701382,-0.3246993452039293,45.361289093740766,11.020100765188694
51,0.9549198211470435,-0.2968638327255418,45.361313611772715,11.020084084753181
52,0.9554345509016824,-0.29520301309996894,45.361358855384005,11.020076989262435
53,0.9522009767361034,-0.3054722571737256,45.36139283259523,11.020077541586687
54,0.957125357631141,-0.2896740405688096,45.36142259036595,11.020050487914087
55,0.956330042059583,-0.29228898483233356,45.36144882319404,11.020047989961846
56,0.9601435034386646,-0.2795075183327402,45.361481510516974,11.020041529009378
57,0.9573434984431678,-0.2889522901598055,45.361518645978364,11.020028674232613
58,0.9348546753898245,-0.3550306126262718,45.36155061553759,11.020014977496068
59,0.9493441867303526,-0.31423815032755864,45.36158081720535,11.020014210390688
60,0.9496874107576644,-0.3131993324520398,45.361609867234954,11.019997752184864
61,0.9648783530404018,-0.26269709521432033,45.36164373252956,11.019990871085469
62,0.9530420645813539,-0.3028379486433472,45.361679348679125,11.019986433621781
63,0.9514465786024375,-0.30781391792073937,45.36170865406334,11.019970854375604
64,0.9525318100519647,-0.3044390757427957,45.36174623547773,11.019969424663689
65,0.9543369338903579,-0.2987323494580903,45.36177471609627,11.019951797339269
66,0.9621279500561328,-0.2725982533340658,45.36180696675325,11.019945364612576
67,0.9451980291120685,-0.32649760452821297,45.3618446248266,11.019925220219312
68,0.9548230332290103,-0.297174990898212,45.361868728538326,11.019921094117777
69,0.9476916276824577,-0.31918737258947744,45.3618978164927,11.01990691181703
70,0.951362670854567,-0.3080731544689748,45.36193597445381,11.01990391077024
71,0.9590543760249668,-0.2832220044900494,45.36196951278835,11.019885424989473
72,0.9643083749057775,-0.2647817178103098,45.36200116409,11.019884463040464
73,0.9544692643759132,-0.29830927468267426,45.36203387117005,11.019872676756476
74,0.9470214829122007,-0.32117022107097093,45.362063293999555,11.019864738658788
75,0.9547402695852064,-0.29744078004262847,45.3620998804551,11.01985273476769
76,0.9594366725701658,-0.28192422976304893,45.36212512735654,11.019838831638742
77,0.9450336832481843,-0.32697299204425206,45.36215838773368,11.019824299933038
78,0.9642985938859951,-0.26481733672381164,45.36218979202484,11.019829682555525
79,0.9539105098561017,-0.30009121810888123,45.36222248029802,11.019819655579834
80,0.14824822678588803,0.9889501823928443,45.36225895137329,11.019799953578136
81,0.1015329496286714,0.9948321768719092,45.36225261638946,11.019807480675635
82,0.15332408775572778,0.9881759580731935,45.36225871638351,11.019803345479927
83,0.13042257893142992,0.9914584968141001,45.36226589987752,11.01981486852903
84,0.11192316062304923,0.9937168641600821,45.36225969837193,11.019829329059652
85,0.11578830935359066,0.9932739135893166,45.36225628533927,11.019824065664967
86,0.12005855363772926,0.9927668123473994,45.36226460240924,11.019831486942264
87,0.14117130326105237,0.9899851832909299,45.36227100266132,11.019839015459999
88,0.1272628909344661,0.991869021893013,45.36227192555633,11.019851236650096
89,0.12282563753406156,0.9924282658027991,45.362267272641155,11.019852800967302
90,-0.9584152162107046,0.28537742261045884,45.36227224523119,11.019854871343917
91,-0.954217363504556,0.2991140638392216,45.362236024729526,11.019862853725419
92,-0.9551834072224941,0.29601462559614694,45.36220742712961,11.01988222939065
93,-0.9646705771286732,0.2634590625168029,45.36218153934392,11.019881612989453
94,-0.9568208644745457,0.29067822984561975,45.36214323293501,11.019891370126457
95,-0.9625650295033857,0.2710508512754502,45.36210912343743,11.019907988633515
96,-0.9552373948911954,0.2958403613462544,45.3620690084593,11.019913911323249
97,-0.9532002140163345,0.30233979559299534,45.362046500910694,11.01993074031192
98,-0.955683905748503,0.29439475588618497,45.36201704053119,11.019943173648043
99,-0.963044616103602,0.2693419154046874,45.3619745837978,11.019955658875082
100,-0.9513262697090402,0.3081855424277434,45.36194877288344,11.019957519473259
101,-0.9514708011741946,0.3077390363813735,45.36191534171857,11.019973869297116
102,-0.9533383381346214,0.30190397983915046,45.36187624979957,11.019977004207114
103,-0.95432706251426,0.29876388294588696,45.361852279755354,11.019982968760235
104,-0.9446735347177269,0.3280120619793054,45.36181796827318,11.019991697156437
105,-0.9534572621956333,0.30152818967122696,45.36178282121816,11.020001637128567
106,-0.9500412554424474,0.3121243549570241,45.361749383249055,11.020026834111713
107,-0.9652363882752831,0.2613784894540614,45.36171630109863,11.020024905076813
108,-0.9472424771572291,0.3205178457887115,45.361691904489795,11.020034758077378
109,-0.9500120318784127,0.31221329133502607,45.361651622587395,11.020050876947344
110,-0.9483558140767301,0.31720852748131234,45.36162117790327,11.020054491250558
111,-0.9490904105816748,0.31500379766267583,45.361583513461404,11.020082884518523
112,-0.9536057853012705,0.30105814428436795,45.36155958585227,11.020079423038188
113,-0.9543582433777008,0.29866426518254435,45.361523625998586,11.0200842285049
114,-0.9535151832672283,0.3013449771920282,45.361492735191185,11.020101154626843
115,-0.955069128099266,0.29638313135485267,45.361464940230334,11.02010896091187
116,-0.9578706830515739,0.287199851236576,45.36142162893899,11.020117331285586
117,-0.9505215300896449,0.31065868865370605,45.36139521858,11.020133420062267
118,-0.9524620796370603,0.30465716281329447,45.36136516371948,11.020130314262811
119,-0.9616277920527414,0.2743574120591049,45.36133177579643,11.020153392540493
120,-0.9506773534455348,0.3101815108058404,45.36129105635041,11.020149856421916
121,-0.9557601891083887,0.2941470056204842,45.36126822371248,11.02017438885969
122,-0.9517763760866506,0.3067926497218646,45.361227108329274,11.020184788395666
123,-0.9585930581447768,0.2847794741139968,45.3611998850156,11.020192738297728
124,-0.9571732609178177,0.2895157138808726,45.361159764580975,11.020192108935827
125,-0.9501015277857814,0.31194083878056766,45.3611252137746,11.020211209085721
126,-0.9477110612584427,0.3191296670138899,45.361101877582975,11.020215132392863
127,-0.9498348701980678,0.31275184948425105,45.36106124196159,11.020230310537972
128,-0.9572708764857498,0.28919278869329423,45.3610328302018,11.020234596073566
129,-0.9524576237321158,0.3046710931390953,45.36100140777036,11.020260129720322
130,-0.9477185764196412,0.31910734856647965,45.36097572682916,11.020267478649519
131,-0.9535366512504535,0.30127703981895315,45.360943812706836,11.020265728743599
132,-0.9588637579360191,0.2838666829989308,45.36090009678747,11.020288131705142
133,-0.9575208892492906,0.2883639135731928,45.360875931271025,11.02029308121422
134,-0.9445156165940952,0.32846651276785604,45.360846053425625,11.020293782961161
135,-0.9542168294283015,0.29911576761481434,45.36081225044397,11.020311317342781
136,-0.9549840033925242,0.2966572993613799,45.360774308132974,11.020323895582905
137,-0.9559009439329171,0.29368926672276957,45.36074217803851,11.020331805388025
138,-0.9514190703435722,0.30789893242194394,45.360714393232314,11.0203408978409
139,-0.9509045978854264,0.3094841606938159,45.36068852330802,11.020352785793456
140,-0.9620791414655979,0.2727704631312158,45.36064913204555,11.020364644450854
141,-0.9601702210415927,0.27941572365373274,45.36060937837778,11.020372853528714
142,-0.9494606665862452,0.3138860344226912,45.360581280374646,11.020381142660536
143,-0.9575754195699393,0.28818278198992864,45.36055020779269,11.020400610276146
144,-0.9559339104444483,0.2935819457364254,45.36052268540653,11.020396590229081
145,-0.9519502750152348,0.3062526308432615,45.360486614260815,11.020416026575635
146,-0.961107199690825,0.27617557948243815,45.36044968859875,11.0204232707731
147,-0.9542513702004972,0.2990055559190724,45.36041590979496,11.020435526737023
148,-0.9574460029532098,0.2886124588941409,45.36038292596588,11.020440349325268
149,-0.9649564716158227,0.262409999593655,45.36036029069168,11.020464462060563
150,-0.9560281734418413,0.2932748396733968,45.36031654527022,11.020472908527086
151,-0.9629180883723276,0.2697939122467042,45.360290910295724,11.020472448711365
152,-0.9583504604718959,0.285594808974717,45.36025335258209,11.020492833783395
153,-0.9531914154841594,0.30236753371899,45.360225193507354,11.020497274075126
154,-0.9502917745899028,0.3113607925651099,45.36019332423352,11.020517280261362
155,-0.9659651232485934,0.2586723422929667,45.36015964249637,11.020510527263179
156,-0.9549539627762718,0.2967539872990671,45.36012264285314,11.020524684784238
157,-0.9481928799290408,0.3176952351733837,45.36009221034819,11.020543140822182
158,-0.9509621764637102,0.3093071918585201,45.36005908250219,11.02055197723999
159,-0.9509463687079689,0.3093557884396665,45.360026326063995,11.020559648116505
160,-0.9451787759693896,0.32655333631277816,45.35999619459355,11.020568654158245
161,-0.9522839085436144,0.3052136260537806,45.35996195625247,11.020570225596638
162,-0.9491702195301751,0.3147632353961295,45.359929705380786,11.020590283281617
163,-0.9487341472114397,0.3160751776318134,45.359903934428004,11.020597985431865
164,-0.95550804619597,0.29496503802105095,45.359858356118224,11.0206052425529
165,-0.9573387547549198,0.2889680062641876,45.359843465201976,11.020617768003422
166,-0.9582288022425223,0.2860027317227253,45.35980385135277,11.020629009433582
167,-0.9458750022729742,0.3245311696510846,45.35976418131837,11.020636446200195
168,-0.9595820622725157,0.28142897108298176,45.35973869366295,11.020643988190837
169,-0.9494420730949752,0.3139422715040391,45.359697277408635,11.020655415096718
170,0.1485380966605862,0.9889066861137356,45.35967131222747,11.020669170580762
171,0.1325588280287742,0.9911751394741688,45.35967537096109,11.020672329529003
172,0.1441310141524857,0.9895586141100364,45.35967696058075,11.020689334166011
173,0.11663185299591536,0.9931752165991352,45.35968465804482,11.02069900841105
174,0.10840679542788942,0.9941066173731345,45.359680438993394,11.020698593690275
175,0.10679845308128814,0.9942806899560325,45.359686147973626,11.02070906425769
176,0.10086550708722195,0.9949000700975137,45.35969232976401,11.020717930742636
177,0.14110037350614524,0.9899952952395412,45.3596922852376,11.020718520334189
178,0.10864842675624378,0.9940802378899769,45.35968535815075,11.020733137579601
179,0.1182371800711601,0.9929853821929203,45.35970179455006,11.020741969563895
