,Sin,Cosin,Lat,Lon
0,0.9511776980589184,-0.3086437861278548,45.35966644665843,11.020604491327338
1,0.9456322140490391,-0.3252379371363563,45.35969817634216,11.020587375115861
2,0.9551416008190992,-0.2961494933048658,45.35973181602016,11.020579717428785
3,0.9570850989545724,-0.28980702779455897,45.35976684141618,11.020576471580592
4,0.9533133250916211,-0.30198295349697635,45.35979921725686,11.020563099153373
5,0.9528469688876319,-0.3034512380624806,45.35982962738314,11.020557948766363
6,0.9502729071027554,-0.3114183713695744,45.35985808257755,11.020537533912995
7,0.9572405007561269,-0.289293317779999,45.359890242795764,11.020536363407356
8,0.9554215561666727,-0.29524506771841846,45.35992446881213,11.020526776089135
9,0.9530892167872171,-0.30268951888681084,45.3599610311475,11.020517564273796
10,0.9543781124208195,-0.29860076780221706,45.35999266250735,11.020505361554111
11,0.9582223940442822,-0.28602420099013354,45.36002781936654,11.020497781052214
12,0.9557721232711873,-0.2941082256205806,45.36006011949342,11.020478443311715
13,0.9561539681968575,-0.2928644551689449,45.36009365930953,11.020465285660398
14,0.9549577234555372,-0.2967418851672572,45.36012284330825,11.020465301184197
15,0.9516221368798357,-0.30727074152977085,45.3601423991622,11.020455375997704
16,0.953632579222869,-0.30097326101289873,45.36018932413621,11.020437902621053
17,0.9478034616544061,-0.31885513650547453,45.36021422606346,11.020437247243171
18,0.9456075998557757,-0.3253094943204073,45.36024060460795,11.020421425692113
19,0.967658980015407,-0.25226196383034477,45.36028048903274,11.020412529181723
20,0.9591473099168543,-0.2829071188204034,45.36031643923085,11.020399088024543
21,0.9544452352000313,-0.2983861474732982,45.36034223871316,11.020394404772619
22,0.9580597085466459,-0.28656865644992624,45.36037866359875,11.02038106853473
23,0.9548017815519104,-0.29724326391913075,45.36041029018715,11.020369927045959
24,0.9615976951662305,-0.2744628802789061,45.36044719127122,11.020360985234415
25,0.9585082724762721,-0.2850647147483401,45.360479755333685,11.020349808170298
26,0.9452881299094208,-0.32623664946224235,45.360504456446314,11.02034410782791
27,0.9497226495026646,-0.313092460818907,45.36053387985745,11.020330127748037
28,0.9533556879914494,-0.3018491877980628,45.36057081660291,11.020311625399518
29,0.9475322153453193,-0.31966028981215594,45.3605946981546,11.020307308699303
30,0.9467693706728888,-0.32191265702929744,45.36063805996043,11.02029676507105
31,0.9553542907261967,-0.29546265278550116,45.360663842227964,11.020282793684387
32,0.9593532425256764,-0.2822080014022824,45.360691835503076,11.020273623625858
33,0.9483529065230287,-0.3172172200390822,45.36074008760645,11.020272475518343
34,0.945863170205253,-0.32456565321868014,45.36076789005759,11.020262895911092
35,0.9503849714967365,-0.31107620602216945,45.3607956670803,11.020247426810998
36,0.9533707279621444,-0.30180168168009086,45.36082129285212,11.020238583873718
37,0.9571266976018323,-0.28966961307291195,45.36086451101715,11.020224105522047
38,0.9597422924614337,-0.28088206076727606,45.36089667303903,11.020225475724926
39,0.9603568503071335,-0.27877360002009166,45.360934124181576,11.020200107807664
40,0.956440747673897,-0.29192652532614605,45.360958967136305,11.02020328629078
41,0.9510257650559204,-0.30911162093942895,45.36098817152292,11.020193049071377
42,0.9502729951809556,-0.3114181026045459,45.36102847222505,11.020172201172066
43,0.9540974051577129,-0.2994964798980434,45.361057454843795,11.020157986725607
44,0.9499057217226985,-0.31253658959948877,45.361082997221835,11.020144984412006
45,0.9502406379263773,-0.31151682142907094,45.36113323598677,11.020144826788478
46,0.9521322567281677,-0.30568638454750724,45.36115449907757,11.02013201013389
47,0.9408980528084013,-0.33868990865002,45.3611862923248,11.020122121242894
48,0.9361775454672828,-0.35152752859890457,45.36121890702274,11.020116872665287
49,0.9571766270327955,-0.28950458487236547,45.361245494875284,11.020106208512294
50,0.95069489820336,-0.31012773260400794,45.361285677374454,11.020089227948656
51,0.9500186552467084,-0.3121931368291685,45.36132032233688,11.020083201662096
52,0.9455540121527422,-0.3254652210326812,45.36134946844804,11.020067374390438
53,0.9555550681813696,-0.2948126721714961,45.36139491890962,11.020060757203604
54,0.9560680121192964,-0.29314494060491136,45.36141182455604,11.020055260920568
55,0.947320774034641,-0.3202863579399047,45.36145263673319,11.02004444416347
56,0.9503527496598211,-0.31117463137925855,45.36148097860275,11.020033550037178
57,0.9494998351187237,-0.31376753036207633,45.3615076710575,11.020022066640376
58,0.9543882743040216,-0.29856828678041425,45.361547536652765,11.020001155211238
59,0.938927915180638,-0.34411389116764896,45.36157710625788,11.019986764086344
60,0.9573659421830002,-0.28887792014630753,45.361613074847234,11.019999025838322
61,0.9568935934321966,-0.29043872133105453,45.36163332030626,11.01998629544244
62,0.9611458024848991,-0.2760412041084795,45.361673950375376,11.019967431437836
63,0.9495910744737424,-0.31349129378629254,45.36170499375814,11.019954781048103
64,0.941157599016633,-0.33796800708535524,45.36173431927875,11.019950520350452
65,0.9401241958875056,-0.3408320646694953,45.3617636429125,11.019934599187192
66,0.9587990291392865,-0.2840852367187737,45.361798373761665,11.019925359681327
67,0.9492875790910544,-0.31440911593566284,45.36182959507897,11.019927541239571
68,0.9602106806335118,-0.2792766527966992,45.36187279093734,11.019907224313123
69,0.9557111704132334,-0.2943062329400577,45.361905354995514,11.019891560378047
70,0.9541098400249106,-0.29945686361751583,45.3619313286609,11.019894087168925
71,0.9525555599771655,-0.30436475675838154,45.36196425334025,11.019877348658024
72,0.9633261452212243,-0.2683332590887992,45.36199353123356,11.019864395660125
73,0.9473399568707409,-0.32022961467694194,45.36201958658714,11.019860619518491
74,0.9550967848374351,-0.29629399520272803,45.362058905013285,11.019850915329929
75,0.9595277164715441,-0.28161420653600583,45.362098062987414,11.019834897792858
76,0.9585377915483763,-0.2849654403143678,45.362122821319325,11.019833634092727
77,0.9585902337109753,-0.2847889812368763,45.36215279112611,11.019824940525737
78,0.953154888951878,-0.30248265680387854,45.36219161311261,11.019816765370361
79,0.9485595036034786,-0.31659890733153545,45.3622243333237,11.019802336906723
80,0.1262137471736861,0.9920030695639892,45.36225644228431,11.019787060951616
81,0.12755657629002246,0.9918312960605588,45.36225641274492,11.01980304293108
82,0.09386774860259882,0.995584675340214,45.36225627940462,11.019804768735527
83,0.11682174484575646,0.9931528985665767,45.3622518089298,11.019806050879572
84,0.13575307167838038,0.9907427029909857,45.36227153097543,11.019817320919369
85,0.1337857152757884,0.9910102836944457,45.362258876076964,11.019828286875867
86,0.12050795250613369,0.9927123618565347,45.36226728109066,11.019829578230574
87,0.12448393007126927,0.9922216240104885,45.36227430760157,11.019845854091729
88,0.13340283608496012,0.9910618968179986,45.36227231677868,11.019854219208712
89,0.15886067333003756,0.9873010110747011,45.36227218643624,11.01984401457941
90,-0.9529626527221233,0.303087747223166,45.36227463205817,11.019862112774712
91,-0.9528897127002031,0.3033169883638641,45.36223592491557,11.019871858155568
92,-0.9447770954688189,0.32771365531131325,45.362212438153406,11.019886121753615
93,-0.9548101810936542,0.29721628165345065,45.36217360090786,11.019890590062984
94,-0.951638270116675,0.3072207721644848,45.362145333363884,11.019911370213727
95,-0.9458387696490268,0.3246367536629444,45.36211306334275,11.019911813310795
96,-0.9363968397651732,0.3509429561592548,45.36207448216547,11.01992011307946
97,-0.9539578310552943,0.2999407550972002,45.36204487961901,11.019932082219345
98,-0.9568705914317659,0.29051449404981955,45.362015836156125,11.019950815752928
99,-0.9548686015256557,0.2970285404139452,45.361984362912395,11.01995976953257
100,-0.9545251340981264,0.298130455295922,45.36194400238591,11.019962083822444
101,-0.9600050139694278,0.2799828086750303,45.36192237301675,11.019963355281039
102,-0.9522718848264501,0.3052511381945694,45.36188388479868,11.019977122047665
103,-0.9498673514657396,0.3126531858456923,45.36184566166594,11.020001926492741
104,-0.9501712885798449,0.3117282828979704,45.36182303983033,11.02001360229509
105,-0.955774362273787,0.29410094936966086,45.36178723540255,11.020004756807042
106,-0.9507890475359664,0.30983896960461565,45.36175694022088,11.020023026295636
107,-0.9430231131141288,0.3327272278196317,45.36172220692595,11.020034644321893
108,-0.9646561787979333,0.26351177716938906,45.36169612227214,11.020042092126655
109,-0.947725296663303,0.31908738938487424,45.361661715146056,11.020058495604426
110,-0.9550086540186132,0.2965779336861675,45.36162053668276,11.020058834048893
111,-0.9554797506569319,0.2950566828332604,45.36159041301423,11.020067248527928
112,-0.9555862718182448,0.29471151506601745,45.36156878624451,11.020086450475604
113,-0.9558947057512605,0.29370957001213166,45.361526801566825,11.02009381717823
114,-0.9661272176259199,0.2580662693232079,45.3614937078136,11.020097815429256
115,-0.9529031094459012,0.30327489841451244,45.361459941237996,11.020111990242233
116,-0.9566205846496957,0.29133667298243543,45.361434794464984,11.02012408148207
117,-0.9627498830779102,0.27039353289875523,45.36139928180159,11.020129577489381
118,-0.9524528949161031,0.30468587588848745,45.36136804950269,11.020134505645737
119,-0.9481394283640507,0.3178547221318115,45.36133730847751,11.02015583983634
120,-0.9515878932672233,0.30737677431329713,45.361292617777934,11.020169653966205
121,-0.9530063178116218,0.3029504220349166,45.361269639253024,11.020172411510345
122,-0.9466445944846752,0.3222794001064058,45.361238607905236,11.020182224713514
123,-0.9535877063737882,0.30111540354617855,45.36120657229976,11.020188057745615
124,-0.9523161163079985,0.3051131177449613,45.36117229238915,11.020199395091105
125,-0.961466734827777,0.2749212938635585,45.36113251221043,11.020213106442442
126,-0.9560309955596622,0.2932656398714334,45.36110201123334,11.020229107518597
127,-0.953570726269186,0.30116917173319224,45.36106686221861,11.020223658858608
128,-0.9550163692086416,0.2965530889124973,45.361041063899606,11.020238656811602
129,-0.9452968199257108,0.3262114685879978,45.36100601299754,11.02025079397664
130,-0.9551382141755741,0.2961604156896986,45.36097183532747,11.020265901739274
131,-0.9509333603390372,0.30939577274795915,45.36094838877239,11.02027612046827
132,-0.9453733741095233,0.3259895451157526,45.360912209720084,11.020279842712984
133,-0.9540800780904314,0.299551672655915,45.36088457520037,11.020284544375896
134,-0.9551395985315836,0.29615595100710945,45.36084104714222,11.020304602670821
135,-0.9468145681790455,0.3217796971282178,45.360805190489714,11.020314113204291
136,-0.9539074927659356,0.300100808471098,45.360782261927945,11.020325428252534
137,-0.9492184232173335,0.31461783964803874,45.3607477291274,11.020337021782794
138,-0.9570930008640034,0.2897809305270738,45.36072066725158,11.020340177403877
139,-0.9532292365868453,0.30224827959156375,45.36068109792823,11.020348594398458
140,-0.9565424850873693,0.29159299412516754,45.360647962169104,11.020360408774385
141,-0.9453316907069462,0.32611040238720784,45.36062396538154,11.020382600902497
142,-0.9542436496584734,0.29903019427221156,45.3605860817175,11.020381639769655
143,-0.941516505934934,0.3369668664009467,45.3605542924948,11.020389093100139
144,-0.9547834582610076,0.29730211541654156,45.360522261117545,11.020407793920894
145,-0.954491328481095,0.29823866928082016,45.360490092509046,11.020407884220088
146,-0.9615891326649049,0.2744928777596169,45.36046468624905,11.02043048446873
147,-0.9542417312905351,0.29903631596119246,45.360427935090435,11.020432126443122
148,-0.951372360730892,0.3080432294943834,45.36039234374989,11.020443719952597
149,-0.9518327809732435,0.3066176072321051,45.360359255000965,11.020459655925709
150,-0.953180614812458,0.3024015799326199,45.360328865468986,11.020468278281246
151,-0.9552434566985342,0.2958207876986263,45.36029416337539,11.020476812945697
152,-0.9511796607858521,0.30863773733506944,45.36026279916739,11.020473702248001
153,-0.9472571290794043,0.3204745409673674,45.36023618021518,11.020495786330956
154,-0.953551748310273,0.3012292537162048,45.36019945797873,11.02050713720746
155,-0.9566084504225661,0.29137651343259774,45.36015493048376,11.020516592569997
156,-0.9527875079159717,0.3036378842622775,45.36013764222556,11.02052201937178
157,-0.9438088113179574,0.33049194797844084,45.360098163669726,11.020534331565111
158,-0.9523176287726712,0.3051083970145637,45.360063294611585,11.020546779360396
159,-0.9477671669160392,0.3189630030519913,45.36003447827828,11.020550204831316
160,-0.9466634980264975,0.32222386861347746,45.36000097417567,11.020563500087883
161,-0.9563110010218896,0.29235127727532073,45.3599684793297,11.020578353555083
162,-0.9535957445677777,0.3010899465977328,45.35992635639438,11.020574510186645
163,-0.956814600856743,0.29069884689718284,45.35990479852526,11.02059375273241
164,-0.954824439695944,0.29717047188327217,45.35987807314474,11.020601040612995
165,-0.9494573845188841,0.313895962036086,45.35983815011517,11.020611314085182
166,-0.9581419604292393,0.28629352710952793,45.35981140252004,11.020621023181388
167,-0.9539160606549315,0.30007357301931314,45.359774015927314,11.020630551858225
168,-0.9547243002987154,0.2974920342112179,45.35974100361143,11.020637543683199
169,-0.9581454915526552,0.286281709191001,45.359708069546414,11.02064863063231
170,0.14083630875215153,0.990032895482301,45.35967745388924,11.02066346510693
171,0.11932745028158236,0.9928549539632143,45.35967328658386,11.020670937678583
172,0.1363136520907668,0.9906657298270075,45.359683445202954,11.020669704758433
173,0.13325954787439642,0.9910811737190408,45.359687597314625,11.020678842761262
174,0.12774327417649528,0.9918072675185783,45.35968249358298,11.02068652387238
175,0.14923818701062008,0.9888012760599488,45.35968378427454,11.020693149304957
176,0.13508308579099898,0.990834274706513,45.35968693607637,11.020702522797015
177,0.14513167931798923,0.9894123486486007,45.35969339295089,11.020717369049496
178,0.13330678693294365,0.9910748208675341,45.359691447298395,11.020724600394916
179,0.09176693411520015,0.99578051286571,45.359694925239566,11.020727112760873
