,Sin,Cosin,Lat,Lon
0,0.957355151843937,-0.2889136778310648,45.359666223208485,11.020603067647304
1,0.9560234027207563,-0.29329039099538645,45.359707117055265,11.020584300254109
2,0.9498499361979221,-0.3127060899707636,45.35973069111696,11.020580914955152
3,0.951580904386775,-0.30739840989576933,45.35975988462567,11.020584913028642
4,0.9472490977174637,-0.3204982790491252,45.3597965073168,11.020570606478667
5,0.9543837171307774,-0.2985828536196282,45.359830125025866,11.020544365556331
6,0.9561660012428711,-0.2928251663829764,45.359858807168095,11.02055084833699
7,0.9530121491227542,-0.3029320775758639,45.35989784702421,11.02053218318043
8,0.9512008691243481,-0.3085723684601149,45.35992645765767,11.020520964804083
9,0.9537168326683593,-0.3007061740055113,45.35996294879348,11.020499354660993
10,0.9528056437449587,-0.3035809698379576,45.359998105364966,11.020499829571575
11,0.9539830774632921,-0.299860447397896,45.36001857037473,11.020488534989248
12,0.9580401272110524,-0.2866341128571938,45.36005119721765,11.020481400566966
13,0.9588442345491064,-0.2839326220636476,45.36008284433452,11.020467081839124
14,0.9584592053488465,-0.28522964727050665,45.36011867123935,11.020454363453714
15,0.9513257691141089,-0.3081870876909823,45.36014667520385,11.020455184338735
16,0.9560767253803598,-0.29311652151656004,45.360178517200914,11.020442018521152
17,0.9550255473792667,-0.29652353001563303,45.36021942802459,11.02042633240449
18,0.9613286849378734,-0.27540363017872316,45.360262242005305,11.020421740288542
19,0.9563652343841134,-0.29217381549587884,45.36027684387258,11.020414070631778
20,0.9601331777585906,-0.2795429859023305,45.360316998008685,11.020390967529755
21,0.9528620288885389,-0.3034039451002859,45.36034324834304,11.020397042449328
22,0.9578389469519807,-0.28730567641785426,45.36037802998232,11.02038688995481
23,0.9564544884472445,-0.2918815025470437,45.36041174136649,11.020363920011265
24,0.9571308414985918,-0.28965592045079536,45.360450543859926,11.020353093065593
25,0.9572321070373704,-0.28932109023850366,45.36047771962559,11.020351718378038
26,0.9612932893964166,-0.2755271524939374,45.36051251765145,11.02034238505798
27,0.9465662324960648,-0.32250948435388055,45.36054123208209,11.020322547123529
28,0.9506477471129341,-0.3102722367681372,45.3605683367399,11.020323601928991
29,0.9543471116437267,-0.29869983344032247,45.36060257220252,11.020307238365994
30,0.9631094461386975,-0.2691100049392649,45.36064111558738,11.020309501832745
31,0.9537103539982911,-0.3007267209219265,45.36066344578569,11.020288881959464
32,0.9558167625439621,-0.2939631208842008,45.36070579104825,11.020278316464276
33,0.9567588143397853,-0.2908824009511889,45.360733347478096,11.020269798689185
34,0.9488754162873032,-0.31565082665121746,45.36077078770037,11.020256155601379
35,0.9612914834995401,-0.27553345305289784,45.36079282565428,11.020249719016368
36,0.9576903099104791,-0.2878007475729874,45.36083338392029,11.020232881747702
37,0.9476029604348887,-0.3194505116211819,45.36086965714355,11.020225592068497
38,0.9407725339666075,-0.3390384039221048,45.36090277273063,11.020223838440538
39,0.9520286792040293,-0.30600881355449777,45.36093435671341,11.020218576039658
40,0.9485955354584857,-0.3164909321105877,45.360956278584325,11.020198019926829
41,0.954801854278232,-0.2972430303082811,45.36099234915044,11.020192476074877
42,0.9469921591371514,-0.32125667391161883,45.361031725247564,11.02018350016603
43,0.9558767935052933,-0.2937678601175407,45.36105911708127,11.020165022480745
44,0.9481498723024004,-0.3178235668620904,45.36109217636967,11.020157102728295
45,0.955211043197563,-0.29592543478623695,45.3611268834929,11.02014577303234
46,0.9571318323656447,-0.2896526462374951,45.36116063191521,11.020131999146463
47,0.9547087417383725,-0.2975419608195346,45.36119185382184,11.020129936678964
48,0.9566629464837314,-0.29119753918099184,45.36122056909681,11.020121631091786
49,0.9505070589572248,-0.310702962445624,45.361255577029944,11.020106975574658
50,0.9466726682772091,-0.32219692602026684,45.36128795684434,11.0200998191336
51,0.9599640754331564,-0.28012314056101334,45.36131367268931,11.02009671224952
52,0.9533847965243701,-0.3017572364603464,45.36135075854266,11.0200769507316
53,0.9501732504222973,-0.31172230299086123,45.361373925681875,11.020062180524711
54,0.9519197529779202,-0.30634748879410695,45.36141190009806,11.02005851232786
55,0.9527473403177511,-0.3037638976531796,45.36144928227137,11.020041962787019
56,0.959287612424567,-0.28243101219372824,45.36147372996248,11.020041063174085
57,0.9583995415105586,-0.2854300594407518,45.36150184462173,11.020025071594752
58,0.9509946351871753,-0.30920737999797393,45.361551579003354,11.020008796900244
59,0.9501584958318828,-0.31176727345649025,45.361578435526894,11.020006249804164
60,0.9557452183605816,-0.2941956450746412,45.36159913846477,11.02000072962672
61,0.9584329298144366,-0.2853179262635197,45.36164336536823,11.019984563042852
62,0.9604587295346833,-0.27842239288645965,45.36166799635768,11.0199764147437
63,0.944696761016696,-0.3279451626790121,45.36170233159335,11.019968039804116
64,0.9557369344183548,-0.2942225555401986,45.36173554588473,11.019955419578459
65,0.9584457804683579,-0.28527475510882533,45.361769553401636,11.019953106002031
66,0.9559319673256502,-0.29358827266243437,45.36181247085501,11.019933672289307
67,0.9521453274839382,-0.30564566960862377,45.36183520025898,11.019927189763948
68,0.9541620066359436,-0.29929060308080097,45.36186980218389,11.019918568767574
69,0.9509176716957273,-0.30944398791506184,45.36190178453312,11.019904897223759
70,0.9529815132967224,-0.3030284397786598,45.36192677441828,11.019899521848057
71,0.9515831276559036,-0.30739152747043674,45.36196793438145,11.019883948705031
72,0.9563946575135879,-0.2920774881422171,45.36199918126172,11.019876277551415
73,0.9532217951123502,-0.30227174747698243,45.36203601222074,11.019872039376546
74,0.9518017180220486,-0.3067140191942271,45.36206339248639,11.019845188116461
75,0.9545767406567156,-0.2979651761484915,45.362091790575775,11.019838188181215
76,0.9561871495889568,-0.29275610149225906,45.36212320465608,11.019821921393639
77,0.9479131071204328,-0.31852902748303336,45.362166353471565,11.01982132119335
78,0.9506411625695355,-0.310292410523432,45.362187324575885,11.01981221131319
79,0.9509381745418137,-0.30938097581959206,45.36222139904131,11.019803999297736
80,0.15237714468079433,0.9883224199515704,45.36225588967607,11.019793676855937
81,0.12831122456567254,0.9917339510425452,45.36225583319703,11.019788811859609
82,0.16678269687107633,0.9859936774768947,45.362252645512456,11.01980827749443
83,0.1375949247287844,0.9904885848352217,45.36225590601656,11.01980899174257
84,0.11910833426140122,0.9928812641547197,45.36226079920009,11.019819166085297
85,0.11425464857641499,0.9934514961882537,45.36226169853414,11.019823661688463
86,0.11912274188839565,0.9928795356764035,45.36226191368073,11.019834579848606
87,0.10694392478351379,0.9942650536712523,45.3622619317729,11.019823597244256
88,0.10429515495262978,0.9945463893923737,45.362266760606346,11.019828965189669
89,0.11222695334308658,0.9936826007047365,45.36227108243419,11.019835584281363
90,-0.9595639669202329,0.28149066305706494,45.36226184320463,11.019846937807532
91,-0.9515158180009755,0.3075998180980192,45.36222721126315,11.019863188982555
92,-0.9505988409568007,0.3104220410531236,45.36220176975253,11.019870594304145
93,-0.9504800688461112,0.3107855188490796,45.3621745626082,11.01988011127656
94,-0.9589701761133843,0.28350696874162473,45.36212603410097,11.01988580224706
95,-0.9496260192854448,0.31338542323484053,45.36209170497823,11.019902202038537
96,-0.9470718923152636,0.32102154255810594,45.36205997320914,11.019905087459435
97,-0.9508874020738767,0.30953699064440343,45.36203232319098,11.019921211764705
98,-0.9588109940144174,0.28404485166445964,45.36200516575161,11.019928705411767
99,-0.9549322568004628,0.2968238280899546,45.36197439473687,11.01993492625606
100,-0.9525756260692634,0.30430194974523384,45.36193582856386,11.019941377866841
101,-0.9507562454160101,0.30993960992821107,45.361916881574984,11.019963949058408
102,-0.9582176712523643,0.2860400225487612,45.36188177644608,11.019970895702606
103,-0.9550215726000801,0.2965363314477164,45.36183979706296,11.01998098122174
104,-0.9596972030630103,0.2810360803047095,45.36181214893011,11.019994380876183
105,-0.9552701336185565,0.29573463073570744,45.36177617762554,11.019996924463468
106,-0.9532977676241956,0.30203206161387114,45.36174358156477,11.020013804597726
107,-0.9442573908276397,0.32920811026974733,45.361719875914076,11.020016089086923
108,-0.9591697655590438,0.28283097573888366,45.361685898654756,11.020031024512267
109,-0.9546074428693683,0.2978667991206906,45.36164510366687,11.020040880189962
110,-0.9574478161773767,0.28860644361686066,45.361617358522494,11.020045463690835
111,-0.9496027635298009,0.3134558844503722,45.361586362462404,11.020064281645118
112,-0.9498173256439086,0.31280512768599766,45.361547745566114,11.020070115238282
113,-0.9595550893845641,0.28152092362057396,45.3615238544642,11.020095782678856
114,-0.9515824279312602,0.30739369357950064,45.36148931845749,11.020097578739698
115,-0.9477095909417891,0.31913403334170853,45.361457368040874,11.020108879965127
116,-0.9615811776061268,0.2745207439768705,45.36142073864815,11.020126950901629
117,-0.9574546258084572,0.28858385179699014,45.36139651054958,11.020127591431843
118,-0.9591555050698706,0.28287933309833974,45.36135901280712,11.020140972204834
119,-0.9520458059117372,0.3059555252742967,45.361326341988054,11.020157624134601
120,-0.9493980595326934,0.3140753485320942,45.36129739076805,11.02015705353254
121,-0.9518071043795959,0.3066973036277445,45.361263319095144,11.020159443445175
122,-0.9494755866722953,0.313840899682149,45.36123243570961,11.020180365429775
123,-0.956655822100322,0.29122094368633084,45.36119052623495,11.020196796795993
124,-0.9574188995508125,0.28870235673252,45.361160107909875,11.020206877174811
125,-0.9586267511799501,0.28466603577204985,45.36112354629663,11.020211416981399
126,-0.9400912039444403,0.3409230532925174,45.36109393045211,11.020220971061493
127,-0.9561753447848937,0.2927946550493869,45.36106726562423,11.020229329203733
128,-0.9571886272633107,0.2894649060556029,45.36103737221157,11.020242256604625
129,-0.9515921423189525,0.30736361963776127,45.361005938546406,11.020250966747582
130,-0.9561773108977066,0.2927882342657069,45.36097155196216,11.02026352967087
131,-0.9459355641900224,0.3243546028662208,45.36093970787239,11.020277675134162
132,-0.9651265803148852,0.2617836587140144,45.36090389185855,11.020277429226224
133,-0.9626095923110252,0.270892548422436,45.36087458326736,11.02029886229529
134,-0.9601626838714957,0.2794416227062215,45.36085189271888,11.020302966758171
135,-0.9400697117988088,0.3409823117971143,45.36080255943347,11.02030816444329
136,-0.9548582904016318,0.2970616859362258,45.360769177808734,11.020332585940736
137,-0.9544349406957975,0.2984190744222117,45.36074534817043,11.020327670976242
138,-0.9515707262089841,0.30742991562648325,45.36071667614598,11.020338591357707
139,-0.9505997893165341,0.31041913689616657,45.36067788064433,11.020359164925017
140,-0.9544802566705911,0.2982741015006875,45.360640399855534,11.020366533550408
141,-0.9547258442008781,0.2974870794083678,45.360611828240394,11.020381187991736
142,-0.9580305856976602,0.2866660022880254,45.36057648742662,11.02038917344751
143,-0.9491221635021426,0.31490811159608445,45.360549179482135,11.020393362561498
144,-0.9534661027717126,0.30150023360740863,45.3605175908844,11.020409697767528
145,-0.9597118493081754,0.28098606068181037,45.36048394230401,11.020411956026075
146,-0.9672186592724298,0.2539450041943007,45.36045779325332,11.02041661061792
147,-0.9533957032099232,0.3017227752438586,45.36041327712035,11.020435851924569
148,-0.9504606628706117,0.3108448621668972,45.360387126368124,11.020447441072177
149,-0.9551875002184778,0.29600141794656265,45.36035489552031,11.020457231785553
150,-0.9459081346923293,0.3244345862001741,45.36032570064936,11.020466140019552
151,-0.9533142003655257,0.30198019037916757,45.360282053300594,11.020482201687875
152,-0.9470798304040584,0.3209981228010842,45.36025935812874,11.020489075334135
153,-0.9537010549982919,0.30075620973663186,45.36023471499106,11.0205033263868
154,-0.9584219489209587,0.28535481041424776,45.36019481314222,11.020522076193078
155,-0.9494978609492818,0.3137735043829201,45.36015976967729,11.020518293094623
156,-0.9519982471932277,0.30610347489210604,45.36013384943337,11.02052052276233
157,-0.9492799927916952,0.3144320201337629,45.36009664013629,11.020535649364433
158,-0.9488641842095793,0.31568458930440296,45.36005398637193,11.020548412888397
159,-0.9664545727975419,0.25683761157338486,45.360021946460165,11.020570283211658
160,-0.9411214487202026,0.3380686598293119,45.36000056929625,11.020560298342899
161,-0.9520762158308707,0.30586088218202956,45.3599654034462,11.02058320231588
162,-0.9404327446733844,0.3399797828490465,45.359939139054156,11.020594128035508
163,-0.9501218546811393,0.3118789208286961,45.35990750076294,11.020599146320897
164,-0.944348326486709,0.32894716636832766,45.35987411393659,11.020605942612567
165,-0.9602786170470917,0.2790429673762177,45.359830469747735,11.020628791905656
166,-0.9535498074754172,0.30123539742798294,45.359807946257526,11.02063683087105
167,-0.9557107431037244,0.29430762055394866,45.359782692912056,11.020653042211778
168,-0.9609675524622776,0.27666109794233756,45.359747096866556,11.020655242513438
169,-0.94996657498542,0.31235157500878763,45.35971658333724,11.020660522346933
170,0.1357460963072341,0.9907436587419306,45.35967767038155,11.02067654135446
171,0.1378593923970276,0.9904518099978021,45.35966859858383,11.02068653367871
172,0.12436165947154885,0.992236956403803,45.35967964422684,11.020689200211514
173,0.1635250677524412,0.9865391792607933,45.35967667894608,11.020687430693021
174,0.13721135118915015,0.9905417937194007,45.359687167953595,11.020700888671934
175,0.108970973212707,0.9940449320815813,45.35969055501492,11.020704522247918
176,0.13124539944550495,0.9913499105383476,45.3596947636544,11.020715156542142
177,0.10137105051394048,0.9948486870462765,45.35969374952901,11.020718502901797
178,0.11332417096592919,0.9935580668863219,45.35969423945709,11.020727989930739
179,0.13847437141648236,0.9903660174202314,45.35969601431701,11.020733197649973
180,0.9596976984187036,-0.28103438873177633,45.359694201935184,11.0207399843149
181,0.9527621068229115,-0.3037175790143976,45.35973396423984,11.020737124026894
182,0.9485627632147003,-0.31658914106850283,45.35976379743988,11.020727446535943
183,0.9515755374838339,-0.307415023156567,45.35979948458274,11.020717175959177
184,0.9505281968301338,-0.3106382897050112,45.359821660442734,11.02069966237347
185,0.9489935740142028,-0.3152954114473437,45.359853993858664,11.020690246640877
186,0.952516115122685,-0.3044881778190869,45.359891785643434,11.020677207434156
187,0.9516880745539426,-0.3070664565722045,45.359918217944816,11.020659916064275
188,0.9516595507691497,-0.30715484601396115,45.35994982734942,11.02067073964531
189,0.9532744147341597,-0.30210575998025135,45.359982900630335,11.020646250588058
190,0.9516492959117315,-0.30718661688085575,45.36002018618497,11.02064190927563
191,0.9505196733073887,-0.310664369787742,45.360053123210534,11.02062630751349
192,0.9503992095280853,-0.31103270331010285,45.36008143012915,11.020615496508784
193,0.943982551784733,-0.329995366521992,45.360112610873365,11.02060675391171
194,0.953931881223153,-0.30002327574049387,45.36014222400438,11.020590348413542
195,0.9558625805649555,-0.2938141029217348,45.360175541057,11.020584129019085
196,0.9598181121707209,-0.2806228635536197,45.36021357786762,11.020567678892336
197,0.9547516344458244,-0.29740429809104446,45.360235541788526,11.020560615549497
198,0.9552682943998223,-0.295740571640846,45.36027915230919,11.020553592276547
199,0.9533709372649104,-0.3018010205062703,45.36030558363191,11.020539566141187
200,0.9504680784598478,-0.3108221868349243,45.36033315893307,11.020543345478929
201,0.9559977643616187,-0.29337394999486077,45.360376295754556,11.0205223580721
202,0.9526479010330541,-0.3040756100993904,45.3604042195221,11.020525916020889
203,0.9538100829831095,-0.3004102621412153,45.36043738156967,11.020506345684561
204,0.955992700874306,-0.2933904495293766,45.36047418947936,11.020497839821049
205,0.9558038155737493,-0.29400521446848915,45.36049718062228,11.020484033498901
206,0.9460406691153184,-0.32404791679602074,45.36054178710754,11.02047651298527
207,0.9514262268020899,-0.30787681782352216,45.36055913173145,11.020465605497918
208,0.9584246788368774,-0.28534564127813183,45.360594503873024,11.020464711301543
209,0.9506144081627604,-0.3103743658767016,45.36062935144399,11.020447189416492
210,0.9613571469367457,-0.27530426083451826,45.360663059548244,11.020434390773735
211,0.9530267421077484,-0.3028861648003937,45.36069553030534,11.020421831569431
212,0.94726115115522,-0.32046265228897947,45.36072462616012,11.020411394983157
213,0.9526176038173876,-0.3041705128660876,45.36075458441687,11.020411530743553
214,0.9518568073425727,-0.3065430121787224,45.360786961980175,11.020387751884348
215,0.9560002380313555,-0.29336588909413397,45.360822152726364,11.020377446249867
216,0.9508492140780888,-0.30965427832839787,45.36085013787343,11.020373737689495
217,0.9429286618807124,-0.3329948026679232,45.36088176888665,11.020363925636175
218,0.9537705603738527,-0.3005357186161856,45.36091898543228,11.020356109070317
219,0.9519326550128052,-0.30630739514460237,45.36095543931542,11.020343991722429
220,0.9583276843889453,-0.285671225946405,45.360984116670565,11.020338339289282
221,0.9570458517760378,-0.28993660962058265,45.361015506728656,11.020316950280945
222,0.9566753598120439,-0.2911567549078957,45.3610469170749,11.0203118162322
223,0.9556239910737506,-0.29458918460166883,45.361078608001236,11.020298558611195
224,0.9538536415594474,-0.30027192756530074,45.361107619481096,11.020286412980266
225,0.9487281220501083,-0.3160932622364399,45.36114501410963,11.020277228871622
226,0.9572118365439566,-0.289388147615181,45.36117686350572,11.020273119795457
227,0.9563149374878187,-0.2923384003815945,45.361218007010535,11.020258086264448
228,0.9504533845322992,-0.3108671160336798,45.36123802809216,11.020259747293405
229,0.9598186917504811,-0.28062088120165785,45.36127505614335,11.020241449347244
230,0.9504487020673258,-0.31088143196166573,45.36130573993354,11.020232361551523
231,0.9576417023698008,-0.28796244526373527,45.36134842540026,11.020229628246556
232,0.9531558272421032,-0.30247970013609493,45.36136868729362,11.020204283124581
233,0.955144159913325,-0.2961412395858918,45.36140921024151,11.020202352549916
234,0.9437993297871325,-0.3305190237994773,45.361436823395216,11.020185694408756
235,0.9435425248877086,-0.33125142071925945,45.36146865838923,11.020175703161117
236,0.9592971807647308,-0.28239851093240453,45.36150097497162,11.020174937042702
237,0.9545657967388615,-0.29800023438967704,45.36153419813518,11.020166082338076
238,0.9508893096643843,-0.3095311305280789,45.36156731863455,11.020149237486178
239,0.9478881380753007,-0.31860332342293557,45.36159210353998,11.020145458587558
240,0.9529790971954663,-0.30303603796993195,45.36163408096317,11.020125451768218
241,0.9593406557424717,-0.2822507860743781,45.361660254597744,11.020117651291697
242,0.949466179090202,-0.31386935938994165,45.361691446729964,11.020098989181033
243,0.942940092089533,-0.33296243441292755,45.36172632880693,11.020092205013635
244,0.9531656777529369,-0.3024486580459307,45.361759814757846,11.020086892592705
245,0.9600357950491142,-0.2798772449207245,45.361788079254154,11.0200728782919
246,0.9609507310779263,-0.27671951944306183,45.36182143761808,11.020077033435912
247,0.9459385288877284,-0.32434595660454923,45.36185677097058,11.020051254421043
248,0.9579103446159928,-0.2870675385299945,45.361885635027406,11.020048197532212
249,0.9506045918562349,-0.31040442964275033,45.36191550043207,11.020040414620805
250,0.9534095838265874,-0.3016789112079487,45.36194694979117,11.0200246990836
251,0.9584767461611058,-0.28517069812380647,45.361993058015166,11.020017090386796
252,0.9539115214909695,-0.3000880023706106,45.36202312978404,11.020003473570895
253,0.9507093849105495,-0.3100833201625084,45.36204689706333,11.020001832933557
254,0.9508442621432102,-0.3096694837231049,45.36208480495517,11.019984694120337
255,0.9469278598385952,-0.32144615141808397,45.3621075289025,11.019974001742423
256,0.9466757046841868,-0.3221880043712028,45.3621529058474,11.01996471139241
257,0.9630144283820543,-0.2694498297048731,45.36217774322771,11.019956268614456
258,0.9543502497894712,-0.2986898068678839,45.362208133920404,11.019943237128157
259,0.9627248902044746,-0.2704825054985669,45.36224224892154,11.019941444724198
260,0.1223102855874016,0.9924919113219656,45.36227404559418,11.01992596019248
261,0.13032328135499588,0.9914715539726122,45.3622634424813,11.019927227411259
262,0.12488387941238714,0.9921713645650696,45.36228142285439,11.019939620752941
263,0.12803904908680733,0.991769127321952,45.362282545731524,11.019942179230597
264,0.14876570194519134,0.988872472022937,45.36228338888542,11.019950363494148
265,0.15508498209254473,0.9879011328717844,45.362282103874655,11.01995088971454
266,0.15056251542208104,0.9886004900614684,45.36227865409511,11.019955502958991
267,0.11398277087848126,0.9934827265447868,45.362273927597826,11.0199640875355
268,0.14712926287005598,0.989117273131611,45.362284063116654,11.019979949553232
269,0.14289633558239243,0.9897376608360037,45.36228023189168,11.01997673788809
270,-0.9504183317635305,0.3109742668579309,45.362286326203844,11.01998873793708
271,-0.9496113051981063,0.3134300066042639,45.36225422930159,11.019999719049412
272,-0.9572554740686542,0.2892437680669996,45.36222857809265,11.02000824330043
273,-0.951211931968287,0.30853826420909103,45.362194791040345,11.020020080382475
274,-0.9463861586975029,0.3230375189134924,45.36215629492822,11.020025859806049
275,-0.9626150916624424,0.27087300586014046,45.362124569291375,11.020036700868744
276,-0.9619791034466489,0.2731230574887104,45.36209099896556,11.020055791290174
277,-0.9467395832880433,0.3220002506762721,45.36206694229402,11.020061800580406
278,-0.9475144798091246,0.3197128564071893,45.36202770127736,11.020066066864905
279,-0.9470666654398487,0.3210369623776142,45.36198704132127,11.02007097438094
280,-0.9505167382924187,0.310673349719511,45.36195579034639,11.020093153859426
281,-0.9505338090358815,0.31062111628113503,45.36193888291512,11.020095403508401
282,-0.9543054543503021,0.29883289610962094,45.361897351372555,11.020112284736758
283,-0.9536548762673975,0.30090260379633593,45.36186423398445,11.020130073426655
284,-0.9576130540677223,0.28805770026001626,45.3618272286686,11.020130848092759
285,-0.9566187020181982,0.2913428546386846,45.361798365155266,11.020146619011099
286,-0.9521341560828449,0.30568046849677655,45.36176683173251,11.020149081753281
287,-0.9512428397534803,0.3084429603958155,45.36174298988449,11.020163085473374
288,-0.9554862276098429,0.29503570775062377,45.36170367288114,11.02017492389893
289,-0.9530071866829906,0.30294768876915285,45.361678359444895,11.020182212924517
290,-0.9578536095588907,0.2872567887013365,45.36163875750431,11.020187484062994
291,-0.9492681871112125,0.3144676596068218,45.3616063330437,11.020193593007914
292,-0.9488245875416258,0.3158035814813755,45.36156477990232,11.020213245582761
293,-0.9578882877424565,0.2871411294221448,45.3615512388166,11.020225480193671
294,-0.9586679157159844,0.28452737544350676,45.36150706626267,11.020231210940903
295,-0.9547199427383578,0.2975060183217588,45.361471859278424,11.020246534424793
296,-0.9491667855111726,0.31477359050973075,45.36144547519799,11.020257989829329
297,-0.9532496200995298,0.302183986637449,45.36141529902014,11.020261548433746
298,-0.9586123891768754,0.28471439604734194,45.36137293408143,11.020272211247686
299,-0.9481746619077231,0.3177496034870458,45.36134865288793,11.020280606866049
300,-0.9492299121870243,0.3145831747080796,45.361321406519956,11.02028178860247
301,-0.9506636538570109,0.31022349562087875,45.361274816919064,11.020297105066389
302,-0.957302306829165,0.28908872918112766,45.361250983917344,11.020312396315889
303,-0.949772496217833,0.3129412172088337,45.36121334464961,11.020325919957047
304,-0.9521148106426439,0.305740719164004,45.36119113210961,11.020322684662556
305,-0.9518481252901347,0.306569969797526,45.36115238458678,11.020343837418713
306,-0.9501296647064753,0.31185512701374796,45.36111687260692,11.020344013186618
307,-0.9499545410628307,0.3123881718537159,45.361077439118084,11.020364117509702
308,-0.9541759455883425,0.2992461609788709,45.361063328063615,11.02038099819376
309,-0.9556724321063332,0.29443199980974544,45.36102274383052,11.020386058980217
310,-0.9516545093495472,0.3071704654335645,45.36099839047813,11.02038824035041
311,-0.9511427588475221,0.30875144095521956,45.3609605330156,11.020407883468895
312,-0.9561670533130937,0.2928217310217182,45.360923359507105,11.020410266150865
313,-0.9640884948742741,0.26558120048500583,45.3608938712313,11.020413517223615
314,-0.9439764872332833,0.33001271422584744,45.36086491753436,11.020424215403512
315,-0.9498930977964318,0.31257495542461233,45.36082197318802,11.020430850974124
316,-0.9521033536320831,0.3057763954306162,45.36080789311028,11.020454006435
317,-0.94485714195286,0.32748279542698594,45.36076163170528,11.020459024470695
318,-0.9498884537167019,0.31258906810010634,45.360736019081244,11.020471201466313
319,-0.9471046648572362,0.3209248413657975,45.36070604936249,11.020472708798852
320,-0.9562787456258819,0.29245676717113245,45.36067120248762,11.020481517636739
321,-0.953844083784068,0.3003022874207449,45.36062802210538,11.020499737806077
322,-0.9460065003578566,0.32414765351715985,45.360604690990876,11.020512112263589
323,-0.958250461757023,0.2859301532585401,45.360572760386255,11.020529205930583
324,-0.94735912962956,0.32017289002587723,45.36053930956313,11.020534454581643
325,-0.9464422871091331,0.3228730356837394,45.36050127640917,11.02054254689508
326,-0.956166258405516,0.2928243266649752,45.36047647460178,11.020556550215863
327,-0.9489081719711627,0.3155523429897903,45.36043575231977,11.020565468268174
328,-0.947416013040829,0.3200045284583013,45.360408621474,11.020565549310366
329,-0.9513066983192219,0.3082459500674436,45.3603804804791,11.020593407326997
330,-0.9542064635099178,0.2991488341877599,45.36033760988086,11.020596263777055
331,-0.95379704681041,0.3004516491812629,45.360311554147316,11.020600687956827
332,-0.9513172208326806,0.3082134736626304,45.36027637425826,11.020613754439394
333,-0.9459832273330624,0.324215566567251,45.360251629803585,11.020616230186155
334,-0.9544000795893045,0.29853054798450557,45.36021703554486,11.02063773154949
335,-0.953966495740245,0.29991319578350867,45.36017810623938,11.020644464750536
336,-0.954692351585012,0.2975945460271069,45.3601526591147,11.020653148572185
337,-0.9591073096663353,0.2830426973878754,45.36011880069525,11.020657893359811
338,-0.9473110407710204,0.32031514487037027,45.36008506540566,11.020668311016017
339,-0.9521718053263533,0.3055631737326233,45.360051098668805,11.020686830517542
340,-0.9641125702030691,0.2654937889601792,45.360025630425135,11.020688998008517
341,-0.9509023111126611,0.30949118682217724,45.35998491141088,11.02070247654247
342,-0.9558237218249082,0.2939404919312421,45.35995141074705,11.020715531643308
343,-0.9555788866833953,0.29473545990417027,45.359928847244156,11.020721301227546
344,-0.9498271533449144,0.31277528477917893,45.35988365894242,11.020731962964275
345,-0.9554511815227504,0.29514918215502495,45.35986251532022,11.020745197638103
346,-0.9567130494105569,0.2910328866082892,45.35983695222247,11.02074766954623
347,-0.9532195690895682,0.30227876720785074,45.35979442565913,11.02076071026645
348,-0.9525717725283348,0.30431401246447126,45.35976119324585,11.020768717265828
349,-0.9583283915745463,0.2856688535737542,45.35973130901685,11.020792679010384
350,0.1035702801524259,0.9946221378338349,45.35969743258719,11.020794547051388
351,0.12348703881445669,0.9923461851817826,45.359706052025544,11.020796195808012
352,0.14520338109197303,0.989401828439517,45.35970813657126,11.020813792314561
353,0.12625610678135515,0.9919976791809622,45.35971246707953,11.02082193318993
354,0.10504297705711645,0.9944676832210175,45.359697260980184,11.020825347456816
355,0.14924485462017203,0.9888002697053656,45.35971289797517,11.020840165504136
356,0.14951232393139063,0.9887598621468384,45.359707467325926,11.0208457467067
357,0.10622961669552741,0.994341625668322,45.359715925009816,11.020846577827
358,0.14224451076913022,0.9898315508994704,45.35972782819942,11.020870229939423
359,0.14077299570057364,0.9900418999625653,45.359715082888,11.020870757393793
