,Sin,Cosin,Lat,Lon
0,0.9562511788273029,-0.29254689024392905,45.35966778776576,11.020595001883525
1,0.9459297414488509,-0.3243715835928142,45.359703363809174,11.020589252949213
2,0.9523219512362379,-0.3050949052239394,45.35972541519994,11.020578222545726
3,0.9459264330119705,-0.32438123146885356,45.359769087884466,11.020562433487706
4,0.9465930674646252,-0.32243071291040426,45.35979815382156,11.020551892166917
5,0.9494857512398679,-0.3138101467328037,45.35982935413913,11.020543096129837
6,0.9488562844985552,-0.3157083327497025,45.35985286078928,11.020528732107675
7,0.9548766589015387,-0.2970026368317873,45.359894699544625,11.02052972621645
8,0.9436583015071787,-0.3309214559326528,45.35992885036416,11.020510363760117
9,0.956724165884385,-0.2909963408925062,45.359953272672946,11.020504191049362
10,0.9519015586906098,-0.30640401851540316,45.359989355942865,11.02049686852387
11,0.95213969835412,-0.30566320488100174,45.36003342434859,11.020491247926689
12,0.9576376096007418,-0.2879760557375858,45.36006372522326,11.020477453070313
13,0.9575341083079457,-0.2883200156543198,45.360082209937865,11.020464278646275
14,0.9519565593361864,-0.30623309608337557,45.36012180344745,11.020453605120252
15,0.9594306174438314,-0.2819448355819776,45.360159548343454,11.020440674586782
16,0.9548714398608084,-0.2970194157595539,45.360192994359515,11.020434362807569
17,0.9447462725660268,-0.3278025022366341,45.36021758025793,11.020418505203647
18,0.950278494849571,-0.3114013202066326,45.36025459502395,11.020415047560359
19,0.9622980056616526,-0.2719973314200086,45.36028566113773,11.02040865705928
20,0.9466426448039641,-0.3222851269273156,45.360315237922975,11.020390283812164
21,0.9569607616918768,-0.29021733335916206,45.360346979895546,11.02038300209227
22,0.9692016919965903,-0.24626830943291592,45.360389354818665,11.020370644910736
23,0.9452799380284097,-0.32626038490905696,45.36041685917876,11.020365607647706
24,0.954263041883185,-0.29896830416592785,45.36045202770997,11.020351913143813
25,0.9508478733729798,-0.3096583951745563,45.36047833714981,11.020341512405349
26,0.9516048033129417,-0.30732441867143845,45.36051217765267,11.020334550749768
27,0.9518387954659281,-0.30659893582002395,45.36053933121313,11.020321497284279
28,0.9543989494622729,-0.2985341609687405,45.360575425707886,11.020319101361117
29,0.9488162819700127,-0.31582853428498414,45.36060904673085,11.020300017909337
30,0.9483873217553279,-0.3171143136689923,45.36062942655057,11.0202898523047
31,0.9515620200946787,-0.3074568618738804,45.3606757647086,11.020292511392901
32,0.9540473166340245,-0.2996559988109987,45.36070925715172,11.02026551980377
33,0.9553005211374788,-0.29563645633524543,45.360741931899156,11.020262866959428
34,0.9496836867718197,-0.31321062414848627,45.36076698211299,11.020245756164869
35,0.9467883948036461,-0.3218567002023341,45.36080135266638,11.020244835115454
36,0.9464129408535971,-0.3229590459870195,45.36082960657453,11.020222734904072
37,0.9595200308313901,-0.28164039204866936,45.360868979511345,11.020230474432802
38,0.9444882062493515,-0.32854532146399906,45.36089607132399,11.020210353823057
39,0.9551975979471968,-0.295968830919584,45.36093927086952,11.020199666353845
40,0.9648154883805571,-0.2629278862749008,45.36096496181297,11.020195372006405
41,0.9576623878937565,-0.2878936449691592,45.361007114964856,11.020181606642863
42,0.9500872749342593,-0.31198424640996403,45.361035200582954,11.020164764880068
43,0.9627106326637854,-0.2705332470438596,45.36106601440092,11.020161217527884
44,0.9668634928627534,-0.25529392113647437,45.36109525716407,11.020154509263028
45,0.955048626039654,-0.296449189406497,45.36112987930299,11.020146865032032
46,0.9534823374562981,-0.3014488881367355,45.361163874968994,11.02013027647122
47,0.9603929774399108,-0.2786491142711619,45.361192333069944,11.020126592619572
48,0.9378680135507981,-0.3469922033105067,45.36122189374315,11.020108878067527
49,0.9548923249595499,-0.29695226507529005,45.3612622574344,11.020108184765224
50,0.9582048891413977,-0.28608283839741566,45.36129350664001,11.020098482665562
51,0.9561140991866517,-0.29299458926147004,45.36133001010512,11.020078261786951
52,0.9624747951086988,-0.27137109053926184,45.36136318954406,11.020071945273388
53,0.95148502231738,-0.30769506383056416,45.361389264690786,11.020069781807196
54,0.9453376135895883,-0.32609323257734446,45.36142032798686,11.02005213138659
55,0.9492910078068554,-0.3143987635106806,45.36145297683315,11.020030025977391
56,0.9549359472021747,-0.29681195518557774,45.36148634370352,11.02002606064069
57,0.961591905436155,-0.274483164146118,45.36151317213325,11.02002235899132
58,0.9593573486634239,-0.2821940423989949,45.36155029696656,11.020006268968068
59,0.9603827032674984,-0.27868452282933115,45.361569943600784,11.020003539649347
60,0.9503980743584628,-0.3110361719410234,45.36161623364019,11.019985871406147
61,0.96373900059951,-0.2668466576958715,45.3616503837326,11.01998949649078
62,0.9540345683754492,-0.29969658380547215,45.36167230658954,11.019960725524639
63,0.9509469265681817,-0.30935407359614514,45.36171521411782,11.019961571413525
64,0.9600404294906746,-0.279861347355009,45.36174616445959,11.019950352161889
65,0.9555362839117263,-0.29487354938713767,45.36178231637033,11.019935056430755
66,0.9447224927035164,-0.32787102918686545,45.36180327955226,11.019930265406927
67,0.9500261474670612,-0.31217033672162675,45.36184634238337,11.019921279552813
68,0.9571693554756927,-0.2895286254211264,45.36186817520979,11.019910195599836
69,0.9492877009441033,-0.3144087480275617,45.361910282011706,11.01990469316789
70,0.9523506344456164,-0.30500535908575743,45.36193335271836,11.019886469969572
71,0.9554011069906561,-0.2953112337196622,45.36197275647375,11.019876059374388
72,0.9627715661608377,-0.2703163172881128,45.36200547571963,11.019864601174248
73,0.957780253783357,-0.28750127906269984,45.36203217181603,11.019867211336322
74,0.9509134001007405,-0.3094571141674543,45.36207084845744,11.01984444441254
75,0.954107202198012,-0.29946526795921047,45.36210498175384,11.01983166372743
76,0.9452575324596955,-0.32632529373036306,45.3621376861319,11.019830429894606
77,0.9581680791416851,-0.28620610076295255,45.36216434075158,11.019822564371303
78,0.9513169775252756,-0.30821422464281933,45.36219542647829,11.019808248767585
79,0.9595572160905871,-0.2815136747095644,45.36223725353918,11.019793260173506
80,0.14448048901055466,0.989507649437472,45.362264893513235,11.019788530565556
81,0.15165953530289272,0.9884327925315461,45.36226284373647,11.019795978148167
82,0.14397416536811442,0.9895814467271276,45.36226287297375,11.019798206839587
83,0.12721401820869851,0.9918752913401951,45.36227460082517,11.019810169913468
84,0.12408667415570693,0.9922713828872499,45.36225858663255,11.019805681985465
85,0.13611496973202297,0.9906930478280599,45.36226099321908,11.019824299122407
86,0.14786142714249959,0.9890080881182839,45.36226008792067,11.019829859949812
87,0.09999642494224813,0.9949877964069556,45.36226919722561,11.019840828897015
88,0.12485686360878198,0.9921747646507535,45.36227247654284,11.019837125956329
89,0.10827606004531518,0.9941208652981102,45.36226487872047,11.019850804502783
90,-0.9507929321980702,0.3098270486613393,45.36226362992861,11.019854627290595
91,-0.9543139657957985,0.29880571394652994,45.36222514034158,11.019862981890538
92,-0.9556298035240636,0.2945703288122545,45.36219910095041,11.019873969021983
93,-0.954272717126964,0.29893742045304617,45.362174930785486,11.019885917857328
94,-0.9583668495480655,0.2855398075353338,45.362133761501916,11.019890061860986
95,-0.9515547441483231,0.3074793796156411,45.36210828912776,11.019906107884013
96,-0.960395401821771,0.2786407582526273,45.36206325943844,11.019910644514248
97,-0.9572303473279893,0.28932691225383256,45.362034272614274,11.019929152306974
98,-0.9563347753078052,0.2922734978354517,45.361996205508426,11.019929514736512
99,-0.9577125949502618,0.2877265811037202,45.36198199817715,11.019941012704008
100,-0.9511931794616738,0.3085960715005816,45.36194018811709,11.019956848266697
101,-0.9553866924213908,0.2953578641988643,45.36191084940783,11.019969332079597
102,-0.961474880227111,0.27489280582121906,45.361870941396646,11.019976696639175
103,-0.956516564036212,0.291678012068718,45.36184857489127,11.01997878130059
104,-0.9591480346231389,0.2829046618183763,45.361813953251506,11.019987903753243
105,-0.9489768835347511,0.3153456429327532,45.3617788894689,11.020017386591187
106,-0.9613855706097212,0.27520498655260756,45.36174856487427,11.020018865990128
107,-0.9576159810620294,0.28804796964152846,45.361718866521976,11.020032645369444
108,-0.9529858890403505,0.3030146783407906,45.36168611478513,11.020031796083279
109,-0.9482366449218842,0.3175645843403961,45.36164919298667,11.020044256299474
110,-0.952717063584366,0.30385884347042313,45.36162938614101,11.02005730309949
111,-0.9655665797302672,0.26015606875103586,45.36157826224362,11.020060013852577
112,-0.9580443034446037,0.28662015392736095,45.36155464737236,11.02006697868863
113,-0.9544988529095189,0.2982145868236708,45.36151913468192,11.020087717123417
114,-0.9603467573942098,0.278808367095442,45.36148394167217,11.02008406644765
115,-0.9568431016134487,0.290605022143038,45.36145748824106,11.020107428672421
116,-0.960907450825788,0.2768697725420488,45.3614164540883,11.020119260967833
117,-0.949173423869455,0.31475357252926595,45.361393972565,11.020126830494993
118,-0.9601720301190101,0.27940950695554145,45.36135514775676,11.020137628316439
119,-0.9501761574955571,0.31171344168479204,45.361320160763306,11.020152725209053
120,-0.9475963243421808,0.3194701959388207,45.36129679004197,11.02015911513316
121,-0.9491971475588881,0.3146820221526336,45.36126387201242,11.020168135315089
122,-0.9509560298935809,0.30932608879471996,45.3612270050306,11.020170976920097
123,-0.9492780790972455,0.3144377975775873,45.36119185715989,11.020187531470842
124,-0.9567733867852317,0.29083446552896275,45.36116027387217,11.02020471622105
125,-0.9613912604720424,0.2751851091319762,45.36112768413715,11.020217728355103
126,-0.9484145433452749,0.3170328909926757,45.3610926785869,11.020215520901196
127,-0.9477513530559315,0.31900998852802587,45.36107335630452,11.020226503324624
128,-0.9534424166095028,0.301575128632703,45.36102967425041,11.020233339397164
129,-0.9628192466869051,0.27014643845377756,45.36099749392124,11.020257961608987
130,-0.9510798666228062,0.3089451202151367,45.360966615887165,11.020264984881495
131,-0.9526437315289541,0.3040886725588277,45.36094886831729,11.020270654883848
132,-0.9352321345194279,0.35403510357340945,45.36090989510183,11.020276771078755
133,-0.9474958752123025,0.31976798847863563,45.360878447677806,11.020288652083307
134,-0.9537742950946277,0.30052386596865455,45.36083680232469,11.020299202869266
135,-0.9439348552619419,0.3301317752377328,45.36080783559667,11.02031101675044
136,-0.960381657003665,0.2786881283637587,45.36077236321073,11.020324224943577
137,-0.9611907135687804,0.2758847805681547,45.36074400930622,11.020331224612338
138,-0.9597467746801419,0.2808667450786313,45.360703512602264,11.02033757467913
139,-0.9453176695187703,0.326151044296352,45.36067984139015,11.02034604774247
140,-0.9571855692673699,0.28947501789671104,45.36064592459817,11.020367067759473
141,-0.9555326585220798,0.29488529718812106,45.36061186825616,11.020372144995013
142,-0.9525430858344129,0.30440379371659304,45.360572429275514,11.020375285137888
143,-0.9468194802429577,0.32176524335679163,45.36055616092388,11.020387009588635
144,-0.9592196583552728,0.2826617183574629,45.36052004630594,11.020409273788248
145,-0.953436281746211,0.30159452357421834,45.36048037825056,11.020407748467516
146,-0.9514440765109015,0.30782165172761633,45.36044660851556,11.020427791947787
147,-0.953269102976705,0.3021225203621674,45.360422977680855,11.020436501157228
148,-0.9554865819300269,0.29503456026654556,45.36039205951287,11.020440848261725
149,-0.9496263654920485,0.31338437415155596,45.36034953126937,11.0204553861416
150,-0.9575507157835258,0.28826485512885075,45.36031813385566,11.02047048390069
151,-0.9477368858518327,0.3190529661292466,45.360281678893955,11.020465853204847
152,-0.957987663136163,0.28680940932771626,45.360262143095945,11.020484129013873
153,-0.9513962153374863,0.3079695462890891,45.360216225372156,11.020500897791615
154,-0.9548125313736843,0.29720873125091274,45.36018820808205,11.02050504765883
155,-0.9612772171890568,0.2755832210299874,45.36016508733262,11.020510939812137
156,-0.9542951771165897,0.29886571387835126,45.360134122335275,11.020527349206656
157,-0.9515273198452012,0.30756423652337755,45.360099692164894,11.020534470828856
158,-0.9599042752779987,0.2803279905807125,45.36007299972282,11.020550958290972
159,-0.9488971170650161,0.3155855846291164,45.36002967717832,11.02056285966985
160,-0.9430288714587318,0.3327109069376455,45.360003496018344,11.020564579107129
161,-0.9521666839970054,0.3055791319546328,45.35996065472795,11.020570828645942
162,-0.9616248932793091,0.274367572110039,45.359934748798175,11.020587029591375
163,-0.9619518341909045,0.2732190855279966,45.3598968421659,11.02059345080142
164,-0.9504260020935696,0.31095082335384466,45.35987177977709,11.020608136588114
165,-0.9595693461734318,0.2814723252547089,45.359832902360615,11.02061705938166
166,-0.9467573578123734,0.3219479855941541,45.3597976412496,11.02062322788724
167,-0.958687353188772,0.2844618758918439,45.35976752886886,11.020632092273164
168,-0.9635347895566378,0.2675830886174342,45.359744607504176,11.020646117175003
169,-0.9511314134669214,0.3087863894610905,45.35970393291638,11.020663071483948
170,0.12650357063130827,0.9919661519515318,45.35967273532463,11.020667715766498
171,0.14007093408046797,0.9901414714200316,45.359671269791015,11.020675598550222
172,0.12880301180989495,0.991670199284369,45.35967880770482,11.020689128626861
173,0.11346190005681216,0.9935423479829624,45.359683359406546,11.020685895172427
174,0.13698267346758716,0.9905734436020746,45.35968485070761,11.020694941349666
175,0.13220004083835654,0.991223057239054,45.35968278548771,11.020697001616686
176,0.1175863591522964,0.9930626607325981,45.359668581939964,11.020709001233683
177,0.11319316951829937,0.9935730000228477,45.35968375819714,11.020714472447017
178,0.12743859729224166,0.9918464618680584,45.35968434837878,11.020723462795463
179,0.13472810612600658,0.9908826052664864,45.359687134560076,11.020729839529286
180,0.9579178036140407,-0.28704264756173825,45.35968753372176,11.020734990114132
181,0.9537373574978076,-0.30064106990412837,45.359721226345805,11.02071900916842
182,0.9390808327203979,-0.3436963625311796,45.35975590723113,11.020716343954806
183,0.9495284740932047,-0.31368085195980666,45.3597906762724,11.020706956749308
184,0.945631725123073,-0.32523935868950565,45.35982018455297,11.020695008129817
185,0.9533847447936941,-0.30175739990042133,45.35984258154421,11.02067577041442
186,0.9498907202062379,-0.31258218065986215,45.3598828922343,11.020671847771384
187,0.9529623370382168,-0.30308873978863055,45.35991975649064,11.020663708678157
188,0.9548365795394772,-0.2971314631158264,45.35994507371897,11.020656788445098
189,0.9598818942940408,-0.2804046165926729,45.35999160993701,11.020647600369884
190,0.9531172319682825,-0.30260129233881217,45.36002151094886,11.02063789723174
191,0.945576566600106,-0.32539968761010696,45.36002909114756,11.020618862668783
192,0.9577906639819356,-0.28746659630127996,45.360072259793654,11.020614684758149
193,0.9510366406006018,-0.3090781587804642,45.360115443363796,11.020605533315091
194,0.956810433029661,-0.290712564650365,45.36014674911711,11.02059561184026
195,0.950397560043222,-0.31103774347157676,45.36016937207422,11.020583967300237
196,0.9553543050804427,-0.29546260637221816,45.360205613559614,11.020576746437959
197,0.957431129128247,-0.288661796876916,45.36023078010279,11.020562182513919
198,0.9578928134588014,-0.2871260314286776,45.360274712788055,11.020541341761913
199,0.9544492782204811,-0.2983732147904747,45.360304904336544,11.020537831375883
200,0.9568397858833215,-0.29061593925791374,45.360338486456776,11.020536818391856
201,0.9547463783658009,-0.29742117106451393,45.360365530016665,11.020528523278204
202,0.9536596955754354,-0.3008873294689691,45.360389592043184,11.020509092925131
203,0.9541898246772467,-0.29920190253807755,45.36043523489868,11.020503796127011
204,0.9568684129788214,-0.29052166914602356,45.360468739072104,11.020490492544413
205,0.9540208224730401,-0.2997403381059413,45.36049773181491,11.020490980603105
206,0.9504582996414107,-0.31085208804632214,45.36053369862545,11.020475813132794
207,0.9558597579128209,-0.2938232856715809,45.36056118890757,11.020470783066541
208,0.9514321862368241,-0.30785840088036764,45.36059368782954,11.020447771265028
209,0.9613823145100739,-0.27521636097305935,45.36061936725205,11.020439448338433
210,0.9539405192136108,-0.29999580964151273,45.360657079296026,11.020429796335034
211,0.9552754420482664,-0.29571748311435575,45.36069028975178,11.020424655867595
212,0.9541909751660566,-0.2991982334701362,45.36072049834254,11.020408343276895
213,0.9533322940778783,-0.30192306481653497,45.36074924629216,11.02039968550866
214,0.9553901134980225,-0.2953467979007657,45.36078601409096,11.020395204916301
215,0.9599711091712622,-0.2800990352652015,45.3608188747654,11.020384979088142
216,0.9549122261322839,-0.2968882624542202,45.36086185044268,11.020370282237309
217,0.9434053353634879,-0.3316419352369433,45.36089416368907,11.020362983939533
218,0.9552219547937092,-0.2958902111934171,45.36091828476128,11.02035193231783
219,0.9626477488549631,-0.2707569235023767,45.360949659713484,11.020353188322229
220,0.9517506323253465,-0.30687250425592544,45.360986684740695,11.020335192952942
221,0.9434513422143538,-0.3315110328087655,45.36101226390912,11.02032005601483
222,0.962538172517062,-0.2711462086172601,45.36104292890116,11.020303728983823
223,0.9481982567442988,-0.317679187085136,45.36108860256058,11.020293972360951
224,0.9610332072871172,-0.27643294755046294,45.36111032016775,11.020289616533354
225,0.9581332754902936,-0.28632259149120814,45.36114781023301,11.020283375549807
226,0.9563739147521289,-0.2921454007539531,45.361172003781974,11.020267542287026
227,0.9404844335288292,-0.33983677006756835,45.361204471542536,11.020262812061542
228,0.9594080906292977,-0.2820214808042914,45.361244071695694,11.020247781012309
229,0.9423028673526571,-0.33476156616159014,45.36127247245059,11.020244555008642
230,0.9563074551571019,-0.2923628759109944,45.361307833041934,11.020234363525987
231,0.9518787773420845,-0.3064747840291894,45.36134004230475,11.020218726276681
232,0.9541776719245635,-0.29924065632968416,45.361365300965865,11.020205981889337
233,0.9557751139276591,-0.29409850662077547,45.36140374619447,11.020193805228681
234,0.9568359414513585,-0.2906285965745498,45.36143261334691,11.02018722219321
235,0.9569981049605165,-0.29009416936915555,45.36147039378578,11.020184711135803
236,0.9541301424904842,-0.2993921695553982,45.36149247783521,11.020175666369084
237,0.9543078639550163,-0.29882520106847416,45.361531356369596,11.020157548517012
238,0.9520963446030206,-0.305798218754731,45.36156961379714,11.020149874320904
239,0.958831446582606,-0.28397580362472274,45.361597903675396,11.02014117915814
240,0.9474301218552265,-0.31996275439711835,45.36162285238232,11.020126321913091
241,0.9492774879439152,-0.31443958224576296,45.361658815904484,11.02012907615571
242,0.9613786594690269,-0.27522912839584557,45.3616954507744,11.020108171197856
243,0.9489511458014704,-0.3154230855249443,45.361722940058264,11.020094031147725
244,0.9564944873924137,-0.2917503994648913,45.361758647358954,11.020091001040194
245,0.9515771848209387,-0.3074099239261107,45.36179012693248,11.02007770187534
246,0.9562842851511434,-0.29243865334966684,45.361821806869365,11.020063611668633
247,0.9509610679042995,-0.3093106000936831,45.361851895688034,11.020069122955094
248,0.9436432731072765,-0.33096430792365805,45.36188589937143,11.020053119942428
249,0.9483239278336663,-0.3173038416063181,45.3619107606616,11.020034930173757
250,0.9577009728520014,-0.2877652630154133,45.361954739392125,11.020026354359452
251,0.9534909811771957,-0.3014215466978907,45.36198313098691,11.020015028329563
252,0.9608178783342869,-0.2771804550706984,45.362019211543895,11.020005107612542
253,0.9502361493305981,-0.3115305129603797,45.362048401607446,11.019989312698664
254,0.9515535434381357,-0.30748309542205415,45.36208093323753,11.019987890588586
255,0.9531998338173594,-0.3023409942607161,45.362115432503295,11.019976656591307
256,0.9425114941650299,-0.334173732311208,45.362151183239654,11.019977474401704
257,0.9463394897469312,-0.3231742102110223,45.362184642012735,11.019951641774082
258,0.9557364762459698,-0.294224043838937,45.36221526716772,11.019957788120818
259,0.9577778908136114,-0.2875091509302439,45.362245591109094,11.01994205515014
260,0.10592365676815664,0.9943742650214061,45.362276341205664,11.019927687799392
261,0.13987901306940373,0.9901686026645814,45.36227144199121,11.019929079906468
262,0.11710440620379405,0.9931196091345981,45.36227826347351,11.019946733123703
263,0.14214728596528522,0.9898455177918943,45.36227471187453,11.019939870384372
264,0.13618613430454055,0.9906832676608531,45.362280841298514,11.019957938251702
265,0.15156840077982722,0.9884467713969456,45.36227848668131,11.019954109575863
266,0.12887984226664914,0.9916602171395824,45.36227572423899,11.019965304739525
267,0.11310990852265608,0.9935824820285412,45.36228081655575,11.019962340079188
268,0.11587339570882166,0.993263991176015,45.36227641180328,11.019977676614538
269,0.12910616449252196,0.9916307771998759,45.36228748935565,11.019984722635522
270,-0.9592856292306096,0.28243774809970673,45.36228488277151,11.01998503084634
271,-0.9450567944034308,0.3269061873870109,45.362253848923274,11.0199903713154
272,-0.9610891653046608,0.2762383324848133,45.36222694076299,11.0200092170136
273,-0.9517031813541853,0.30701963227181867,45.36218570255406,11.020010736981183
274,-0.9504669111453261,0.3108257563617642,45.36216140598658,11.020019518801337
275,-0.9515727230271612,0.30742373491757824,45.36212718904834,11.020035380463227
276,-0.9600211081453359,0.2799276190650028,45.362098957960875,11.020045819239177
277,-0.9565878693500005,0.2914440739017115,45.362062681382255,11.020059182791904
278,-0.955110249375742,0.2962505890920861,45.36202972798374,11.020063736975104
279,-0.9499568555190393,0.3123811336370668,45.3619947387792,11.02007203357632
280,-0.9619668792897362,0.27316610907937705,45.36196568009794,11.020089744051722
281,-0.9475356289337863,0.3196501711262707,45.361929869061576,11.020101094255248
282,-0.949779490574893,0.31291998862855785,45.361901531923294,11.020114560044044
283,-0.9563836690480885,0.2921134669578183,45.36187042113269,11.020112647153748
284,-0.9459010940705858,0.32445511282158723,45.361828774460704,11.020125137765
285,-0.9543447625915225,0.2987073385675864,45.361798089364136,11.020122450587415
286,-0.9603299183862646,0.2788663619948281,45.36177542558552,11.020149481383703
287,-0.9553067087963364,0.29561646119374285,45.36173618926719,11.020165197632087
288,-0.9586813281397276,0.28448218059528424,45.36170434923142,11.020167443359565
289,-0.9593087226132395,0.282359300746681,45.361673546386236,11.02018191579842
290,-0.954425287894138,0.2984499452641795,45.36164244606376,11.020187889930018
291,-0.9620948716244478,0.2727149757419591,45.36160520327874,11.02020188133569
292,-0.9427994579399844,0.33336043872672055,45.36157429787632,11.020208304885584
293,-0.946279092518426,0.323351015248915,45.361545051106496,11.020213554630782
294,-0.9586821923822509,0.28447926815351715,45.36151107460643,11.020226905741115
295,-0.9442785841706708,0.3291473157670185,45.361478311859905,11.020241088858263
296,-0.955973522262388,0.2934529344430613,45.361455414681714,11.020245703674796
297,-0.9565259585675845,0.2916472022604772,45.36141397120852,11.020261896904072
298,-0.9524372222532551,0.30473486454047827,45.36139034570351,11.020265908571016
299,-0.941949006405276,0.33575596693448845,45.361341779856346,11.02027530278056
300,-0.9431799155960578,0.3322824804533232,45.361319639041156,11.020287767090313
301,-0.9516464363632156,0.30719547548294457,45.36128758652279,11.020292376257988
302,-0.9518195804406774,0.30665858261221535,45.3612487966973,11.02031561824376
303,-0.964423480886854,0.2643621559794138,45.36120634064619,11.020326789488047
304,-0.9525510864159822,0.30437875709012946,45.36118485193965,11.020328095705985
305,-0.9540570860501077,0.29962489308730217,45.36116102473839,11.020350879529412
306,-0.9542574363880809,0.29898619549746397,45.36112127099779,11.02034896868545
307,-0.9594303980806329,0.2819455820523496,45.36109336340356,11.020354792770954
308,-0.9527452023325603,0.3037706033050083,45.361061349805524,11.020364162666873
309,-0.950470851856629,0.3108137058929897,45.361029881063885,11.020373531435975
310,-0.9551018885173642,0.2962775431087619,45.36098785597024,11.020383289036195
311,-0.9481689293214571,0.31776670918993644,45.360973545682825,11.020403465182463
312,-0.9599359669109976,0.2802194487016349,45.36093179141115,11.020416801381248
313,-0.9584717326941455,0.2851875481613502,45.36089781221771,11.020416187100276
314,-0.9544457677623757,0.2983844439653133,45.360859944897115,11.02043351664741
315,-0.9513913419361796,0.3079846010580325,45.36084274288869,11.020440374415646
316,-0.9525565468780993,0.3043616680853081,45.36079681699491,11.020451741347445
317,-0.9628690795200262,0.26996876801633435,45.36076124436057,11.020464458131103
318,-0.964171204739725,0.2652807719205209,45.36073730838639,11.020472274147743
319,-0.9530728097087061,0.30274117558395064,45.360705120339425,11.02046840216458
320,-0.9553674774007036,0.29542001138212703,45.36066661397769,11.020493790115296
321,-0.9514678571470201,0.3077481386069748,45.36064169602636,11.020496985195601
322,-0.9630233357361031,0.2694179927690591,45.36061150785726,11.020518480866688
323,-0.9537592043756354,0.30057175527443514,45.36058065148383,11.020520661004118
324,-0.9428999844064171,0.3330759964428215,45.36053170719514,11.02053813092817
325,-0.9553433015619944,0.29549818300732084,45.36051214696618,11.020539741534423
326,-0.9446854986066575,0.3279776039949845,45.36048447961765,11.02054542518774
327,-0.9544688076160588,0.29831073612590425,45.36044056535236,11.020560253222714
328,-0.9434985511136191,0.3313766498208669,45.360411198682236,11.02057143691179
329,-0.9519457848631693,0.30626658760178954,45.36038181914007,11.020576200346632
330,-0.9478761735462605,0.3186389173081332,45.360361268705724,11.02059014307546
331,-0.9572124272515912,0.28938619371890784,45.360315382433924,11.020609066028097
332,-0.9537982466480632,0.30044784021703375,45.36028187077902,11.020613555525195
333,-0.9599207324285767,0.28027163155372115,45.3602522425774,11.020624915968924
334,-0.9637601501231995,0.2667702626502961,45.36022281988945,11.02063361100408
335,-0.9558105616758846,0.2939832821587479,45.36018911131231,11.020650811066592
336,-0.9567342080080719,0.29096332282122356,45.36015239805727,11.02064706848941
337,-0.9537614730134575,0.3005645564520206,45.36012576266467,11.02066401017151
338,-0.9557770061612119,0.2940923570810891,45.3600935281351,11.020670702060997
339,-0.9541243955640946,0.29941048376677004,45.36006068257274,11.020685567359319
340,-0.9505095122601113,0.3106954571651239,45.36002094978914,11.020696522441842
341,-0.9478199420319399,0.31880614405398483,45.35999214984784,11.02068860420222
342,-0.9618924812313983,0.27342796958340626,45.359957798795215,11.020704228911068
343,-0.9492800087000441,0.3144319721059613,45.359926479789124,11.020718429297075
344,-0.9564117347153555,0.29202156375645366,45.35989629675939,11.02073604090979
345,-0.9554461428082064,0.2951654928898708,45.359870228383144,11.020750973400647
346,-0.9534111221107147,0.3016740496555643,45.35982566904324,11.020748144316444
347,-0.9525466656394095,0.3043925915314678,45.35979247920065,11.020770491599782
348,-0.9574600219690453,0.2885659479755627,45.35977661748685,11.020767731053562
349,-0.9553093533382362,0.29560791502339895,45.359727164151145,11.02078616540515
350,0.12834148141997156,0.9917300359205257,45.359703323664114,11.02079329843119
351,0.09230732980266894,0.9957305643921458,45.359710423443076,11.020799605657572
352,0.12736317200868222,0.9918561500620374,45.35970515592032,11.02082093397537
353,0.12724980667194405,0.9918707005965812,45.35969667592119,11.020825743180051
354,0.14460624183837825,0.9894892797910346,45.35970561111551,11.020826636181571
355,0.14445416054872437,0.9895114933643587,45.359704731556775,11.020843183378107
356,0.1318361422031886,0.9912715226460309,45.35970751302482,11.020842337441927
357,0.13425850721985577,0.9909463422603143,45.35971077110207,11.020853908173587
358,0.14927920137530015,0.9887950849578251,45.359702650532675,11.020873902295504
359,0.10368018970655542,0.9946106867827295,45.35970813263943,11.02087270875507
360,0.9625443854259291,-0.27112415252983346,45.35970706903947,11.020882748171038
361,0.9573905258690772,-0.2887964351859831,45.359738252496996,11.020863125890088
362,0.946025935001826,-0.324090929067632,45.35978384087574,11.020865898343889
363,0.9536720603944596,-0.30084813647916486,45.35979876044815,11.020849597164055
364,0.9592470770814089,-0.28256865557024136,45.35983037787902,11.02083236557508
365,0.945751113407622,-0.32489203050897303,45.35987023545104,11.020835057832535
366,0.9577213251748783,-0.28769752050595626,45.35989747047259,11.020826855321902
367,0.9452886420275559,-0.32623516556879534,45.35994563022417,11.020804533671429
368,0.9536593176530159,-0.30088852728807075,45.35996997792682,11.020795625623643
369,0.948884331251615,-0.31562402618491414,45.360002861644176,11.020794480651974
370,0.9541501509363589,-0.29932839736337,45.36003714660828,11.020779513388117
371,0.9507042463875026,-0.3100990743307222,45.36006696751892,11.020763211708587
372,0.9564144637932556,-0.2920126254925624,45.36009578991758,11.020768221109002
373,0.9527931616184128,-0.3036201428976496,45.360136506117755,11.020745234773848
374,0.9438734259032767,-0.33030736575742836,45.360157496217475,11.02074511818163
375,0.9570108110878779,-0.2900522495360484,45.36019490182739,11.020732613793497
376,0.9496563221573421,-0.31329358401759605,45.36022399722496,11.020722600940934
377,0.9604061206410875,-0.27860381087690966,45.36025666823759,11.020703676767932
378,0.953358444561041,-0.30184048135422875,45.3602976502726,11.020696311962098
379,0.9508620389479466,-0.3096148944862853,45.360323222301076,11.020696021832899
380,0.9478519587267569,-0.3187109416663482,45.36036714679378,11.020689435715536
381,0.9566006881906728,-0.2914019961378631,45.36039797135987,11.020665109954267
382,0.958882905649814,-0.2838019965619866,45.3604258918903,11.0206526939812
383,0.9563670831356649,-0.2921677639551979,45.36043927748724,11.020643797906036
384,0.9522301241953586,-0.3053813854426821,45.36048265793669,11.020642815293694
385,0.9443750691066566,-0.32887038305356364,45.36052123883217,11.0206377609072
386,0.9502219551788297,-0.3115738048939964,45.36054976580305,11.020619044731285
387,0.9452026883536724,-0.3264841158907894,45.36057884786685,11.020622437706674
388,0.9527661329989501,-0.30370494861004,45.36061318404691,11.020592001309975
389,0.9569889321027152,-0.29012442819056916,45.36065609748407,11.020589002990793
390,0.9571404190653561,-0.289624270722249,45.36068156204148,11.0205718243184
391,0.9558780171144448,-0.29376387864636655,45.36071856905037,11.02057042519307
392,0.9474931309650338,-0.3197761197683109,45.36074333034685,11.020550627524877
393,0.9624802455275366,-0.2713517587362441,45.36078268108407,11.02053492474537
394,0.954860502084059,-0.29705457673595725,45.36081211046699,11.020540170268713
395,0.9540281997840596,-0.29971685641082396,45.3608465446335,11.020518921822134
396,0.9512724858345393,-0.3083515164453975,45.36087249053118,11.02051903092955
397,0.9596385223731245,-0.28123638878624185,45.360919048471835,11.020504312521561
398,0.95663336677738,-0.2912946988329426,45.36094586518278,11.020493796124562
399,0.9550351622748551,-0.2964925611522846,45.360980570676354,11.02049157548683
400,0.9478175416812561,-0.3188132802775009,45.361006220728534,11.020477481242285
401,0.9604917325165236,-0.2783085190349134,45.3610344611888,11.020464942846893
402,0.9533796854133011,-0.30177338424923283,45.36107961067304,11.020459037433804
403,0.964280466172887,-0.2648833376364011,45.3611134941625,11.020436195176833
404,0.9589041084230645,-0.28373034883383164,45.361128516496,11.020440783075406
405,0.9571594385392223,-0.2895614083666553,45.36117200842419,11.02043432223923
406,0.9601942422433452,-0.27933316516791973,45.361198545757915,11.020414594184675
407,0.9470550975354747,-0.3210710859483809,45.36123602322274,11.020403319012
408,0.9490227437878074,-0.31520760107183615,45.36127177773451,11.020392747125433
409,0.9493232972225116,-0.3143012525437639,45.36129905775827,11.020387930134664
410,0.9607080021194268,-0.2775610467333261,45.361331043012214,11.020371957551857
411,0.9608863516392548,-0.27694298913928517,45.36136276741686,11.020368384367515
412,0.9523934648825255,-0.30487159272234204,45.36140066040483,11.02035338529432
413,0.9615410232498693,-0.27466135623271487,45.36142519514908,11.020346946095533
414,0.9548465207091427,-0.2970995151285924,45.36146747439532,11.020333834695647
415,0.9482486244730004,-0.3175288115826069,45.36148356443599,11.020327230588423
416,0.9585345892814633,-0.28497621155285313,45.361525477661395,11.020326603723811
417,0.9598423313286022,-0.28054001317044575,45.36156210085465,11.020300736961188
418,0.9599074439656591,-0.28031714007408653,45.361588168775626,11.020293643032838
419,0.9509886338127721,-0.30922583714644086,45.361633032844885,11.020275314770343
420,0.9458463638063019,-0.32461462701855687,45.36165484855704,11.020263983689576
421,0.9596336646464878,-0.28125296385487586,45.36169177691633,11.020264183877536
422,0.9417155834113501,-0.33641010680450817,45.36171975508843,11.020253131029389
423,0.9585951016752495,-0.28477259531812066,45.361754567350616,11.020246317008276
424,0.9543548602907231,-0.2986750753569407,45.36178352590486,11.020233887143066
425,0.9444464322538638,-0.32866538698644227,45.361819809631335,11.020217021253664
426,0.9556929680851574,-0.29436533551453087,45.361850371519736,11.020206867089763
427,0.9527864316577107,-0.30364126144015186,45.36188167257914,11.020208562794565
428,0.9568872316008543,-0.2904596805053209,45.361915118100164,11.020193372223028
429,0.9562059830009584,-0.2926945815575871,45.3619470692808,11.020173858945975
430,0.9498867732693588,-0.3125941745585253,45.36198296111936,11.020171394377718
431,0.9526377443123585,-0.3041074285700063,45.36201185626838,11.020158128040316
432,0.951296603962737,-0.3082771014671112,45.36204133594661,11.02014683962813
433,0.948322756464454,-0.31730734244839026,45.362076290238775,11.020140706702092
434,0.9565748358994258,-0.29148684931568797,45.36210599861962,11.020135225862942
435,0.9499414033222475,-0.31242812013991167,45.36214401611644,11.02011779714827
436,0.9497375450476552,-0.31304727362948426,45.36217576020634,11.020108397054099
437,0.9442297142965539,-0.32928748327175783,45.36221477875,11.020092107150717
438,0.9577425049051814,-0.2876270055087815,45.36223704083323,11.020090106345476
439,0.9470103428240766,-0.32120306751994904,45.36226521889774,11.020069981507117
440,0.13594652089380158,0.9907161770440973,45.362304710541984,11.02006839533108
441,0.11431673933410333,0.9934443533021962,45.362313760866186,11.02006955570441
442,0.13386150807987224,0.9910000487661856,45.362309971051126,11.020075380893294
443,0.11121350400305882,0.9937965367857555,45.36229870968564,11.020081203608832
444,0.12919257806422077,0.9916195226865596,45.36230214330217,11.020083703440942
445,0.10342512571107025,0.994637242099676,45.36230472478715,11.020094790242066
446,0.11127208162658292,0.9937899797494877,45.36230273053991,11.020097067576561
447,0.16552004634391843,0.9862064257843319,45.362305694026006,11.020103469203749
448,0.12346106322419478,0.9923494172253801,45.36229713987456,11.020090679087476
449,0.13795234862549494,0.9904388671234131,45.36230478263561,11.020108161054875
450,-0.9433948191585101,0.33167184864694504,45.36230320951617,11.020115244344035
451,-0.9579360464863718,0.2869817604693019,45.362270653321254,11.02012740965885
452,-0.9478260160499616,0.3187880852523475,45.36224255751298,11.020132235098252
453,-0.9610583049489495,0.27634567933776716,45.36221026568904,11.020140379836214
454,-0.9492055266813771,0.3146567464993075,45.36217700373401,11.020152033416029
455,-0.950871486196768,0.30958587942273724,45.3621373363498,11.020171391347219
456,-0.9462303822368893,0.3234935296599151,45.362113900492794,11.020176415023482
457,-0.9465409416045808,0.3225837036589317,45.36208252169581,11.020183255898937
458,-0.9620755511711414,0.27278312601541993,45.3620449207021,11.020188707525035
459,-0.9533184104909489,0.3019668992108419,45.36202462844963,11.020211417745296
460,-0.9564559491242164,0.29187671607186216,45.36196798014908,11.020206105635832
461,-0.9611152602686862,0.2761475266567772,45.36194974182894,11.020226006638183
462,-0.9396745335859084,0.3420698334114039,45.361921078220696,11.020237404271514
463,-0.9528004042469133,0.30359741380143307,45.361872993347326,11.020248987078169
464,-0.9539993088554298,0.29980880357881795,45.36184412645403,11.02025375584599
465,-0.9496636614361998,0.3132713363006434,45.36181418521261,11.02026304872164
466,-0.9460470228414547,0.32402936683705097,45.36179075466755,11.020285368761206
467,-0.9600095070061874,0.27996740249132057,45.361753057573644,11.020282983857637
468,-0.9642063831820368,0.265152881619294,45.361722502479246,11.020296079646343
469,-0.9520750435580401,0.3058645311799917,45.36168397197662,11.020315019065263
470,-0.9549699042452234,0.296702682808681,45.361654350387305,11.02031623062458
471,-0.9607874755054798,0.2772858216927202,45.36162135700091,11.020318427379403
472,-0.953485777092434,0.30143800835733575,45.36159589855424,11.020335497005414
473,-0.9552459989708627,0.29581257824872587,45.36156413649483,11.020341823715844
474,-0.9586679787280041,0.2845271631348455,45.361521132600465,11.020354527566704
475,-0.958890760294289,0.28377545669462034,45.36148743450392,11.020364566849828
476,-0.9499621529622149,0.3123650235532036,45.361453438319884,11.020370220507035
477,-0.9559422326764079,0.2935548462990254,45.3614294708575,11.020384179231437
478,-0.9579248106072561,0.2870192628083568,45.36139975783945,11.020390771341669
479,-0.9584547157466693,0.28524473327823474,45.361371634967966,11.020408763766477
480,-0.9557301946537395,0.2942444477422217,45.3613286166357,11.020405502398495
481,-0.9478175551017772,0.31881324037889236,45.361300759682074,11.020428736661561
482,-0.9500015631373362,0.31224514413617055,45.36126632729476,11.020429191101433
483,-0.9456203014543046,0.3252725710499887,45.36123066357193,11.020452945843955
484,-0.9607104980772413,0.27755240745520277,45.36119923975175,11.020453568065612
485,-0.9475349754403635,0.3196521082633898,45.36116875932909,11.020465742728677
486,-0.9546341614691655,0.2977811574899651,45.361132250744795,11.020477793160637
487,-0.9375370644748037,0.34788540172874155,45.36110923308237,11.020491606074497
488,-0.953666250129213,0.3008665540808504,45.361061172524245,11.020493657136871
489,-0.9530338304445317,0.30286386055160763,45.36104034776383,11.020502976458133
490,-0.9506272191915546,0.3103351255209956,45.36100734657394,11.020511420065331
491,-0.9538275501003083,0.30035479798006215,45.360978322575306,11.020526701096871
492,-0.9666534024867701,0.25608826498055404,45.3609398638846,11.020543424062325
493,-0.9592367191964094,0.2826038155179595,45.36092048034107,11.020553153703457
494,-0.9515381658961676,0.3075306795149996,45.360883018226765,11.020566751930705
495,-0.9446966664432953,0.3279454351121924,45.36085752709109,11.020563038214801
496,-0.956016093902536,0.29331421411063174,45.36081177073292,11.020571884034323
497,-0.9537840389708828,0.3004929400242032,45.360792044949186,11.020589775507364
498,-0.9576448467439503,0.2879519881937886,45.36075176548433,11.020601689630347
499,-0.9611351247332405,0.27607838018218345,45.36071616700388,11.020607113189481
500,-0.9610421508343938,0.2764018529597842,45.360673056220186,11.020612003119922
501,-0.9576819947537633,0.2878284157696264,45.36065767856786,11.020632013786978
502,-0.9551743590406669,0.2960438207955895,45.36062726751287,11.020639456164867
503,-0.9645340033095036,0.2639586264166084,45.36059182285687,11.020650700157876
504,-0.9547532933412858,0.2973989725166662,45.36055207939377,11.020662514180822
505,-0.9628617960792346,0.2699947437471153,45.360525117706,11.020678753589454
506,-0.9577711351172331,0.28753165518990553,45.36049841409407,11.02068237501893
507,-0.9535706680122884,0.30116935618784,45.360458763463505,11.020687684698824
508,-0.9482224974056473,0.3176068252002734,45.360437915471884,11.020694751095302
509,-0.9551239149629976,0.2962065277230677,45.36039196031437,11.020709707271937
510,-0.9587495660299367,0.2842521233648186,45.360366460283366,11.020717156932431
511,-0.9479077748413894,0.3185448954154591,45.36033343612961,11.020729949021446
512,-0.9463795425747752,0.3230569011737085,45.360291513941796,11.020740684850896
513,-0.9432337245260608,0.33212970495981736,45.360273204576174,11.020749587774587
514,-0.9523826713611854,0.30490530872868116,45.36023767764147,11.020752488771587
515,-0.9558123513638852,0.2939774633883366,45.3602020281567,11.020767067471292
516,-0.9455962558663861,0.32534246708886955,45.36016967492145,11.020780385684528
517,-0.9554089544120185,0.295285844275227,45.3601373932848,11.020785544073076
518,-0.9522806311793005,0.3052238514283462,45.36010643151528,11.020794491600233
519,-0.9622254751570759,0.2722538061418786,45.36007062148283,11.02081152220909
520,-0.9552733838964937,0.2957241316141483,45.36004201051186,11.020818523369044
521,-0.9617859195381401,0.2738025656895392,45.36000508083853,11.020824138419158
522,-0.9541173500677493,0.299432934560806,45.35997949886337,11.020830684085402
523,-0.9603462040470988,0.2788102730753084,45.35993748216424,11.020856518865918
524,-0.953063592204924,0.30277019208212425,45.359914704249796,11.020862280248416
525,-0.9508836707486392,0.30954845291746075,45.35987917636615,11.020869450376086
526,-0.9542227533956942,0.29909686875983865,45.35984153890592,11.020876011425315
527,-0.9518356259114871,0.3066087755523113,45.35981496653998,11.020886417532596
528,-0.9499397708753733,0.3124330835702955,45.35978612897301,11.020896490427758
529,-0.9504702258583697,0.31081562019425546,45.35974549737127,11.020912354192067
530,0.13543869766490454,0.9907857281848758,45.359715477503734,11.020919674551662
531,0.15273283910620777,0.9882675143191529,45.359720869972925,11.020937476237428
532,0.12257834910853112,0.9924588396149369,45.359715334790295,11.020939958531589
533,0.12219472787459912,0.9925061453107747,45.359716711407195,11.020947182406472
534,0.13562808489896824,0.9907598208378448,45.359724763936335,11.020963454811172
535,0.12995825969412575,0.9915194656370969,45.35972758459552,11.020966656239276
536,0.12178554464802521,0.9925564372441418,45.359716703566896,11.020972846153834
537,0.12063438210677346,0.9926970060666633,45.35972667074163,11.020976784044661
538,0.13435726907026727,0.9909329564849378,45.359738239886994,11.020998508619844
539,0.1398677510197706,0.9901701935650615,45.35971699082901,11.020996454522683
540,0.9525112995219164,-0.3045032418268646,45.35972886757848,11.02101386227656
541,0.9497807385813367,-0.312916200635075,45.35975225644089,11.021000223163897
542,0.958942792943338,-0.2835995766252667,45.3597971021579,11.020997193524673
543,0.9609863272595504,-0.2765958763615257,45.359829651463336,11.02098162749845
544,0.9459766932434945,-0.3242346308464033,45.35986058043495,11.020979310539975
545,0.9558047962783023,-0.29400202620286997,45.359884020404415,11.020969032156632
546,0.9567221730204221,-0.2910028928568951,45.359924579429055,11.020954926551136
547,0.9492552880779006,-0.31450659461471075,45.3599416024114,11.020941237662992
548,0.9561443640352226,-0.2928958093310308,45.35999476430009,11.020934727529436
549,0.962976934967669,-0.269583795359205,45.360018838965075,11.020926229770883
550,0.9508201758430208,-0.3097434312618218,45.36005093671997,11.020918994075872
551,0.9591059623359608,-0.2830472628583616,45.36008683470142,11.020904463986964
552,0.9496449501311814,-0.3133280528301701,45.36012891403537,11.020887720963637
553,0.94582818138188,-0.3246676012537217,45.36014909510733,11.02088141651955
554,0.954969645327325,-0.2967035161628577,45.3601821338234,11.020874468519867
555,0.9532188641187882,-0.302280990285673,45.36021290263921,11.020854773640549
556,0.959501634200675,-0.28170305991634886,45.36023854002494,11.020861695819423
557,0.9549880228517379,-0.2966443598144562,45.36028229268056,11.02084510726177
558,0.9608569212495541,-0.27704508096486397,45.36031120240821,11.020838592638663
559,0.9623214192442451,-0.27191448299739734,45.360348499264546,11.02083115828716
560,0.9579866332955844,-0.2868128491316094,45.36037513904985,11.020817430872787
561,0.9453915958807222,-0.3259366969797988,45.360404639328344,11.020802218212959
562,0.9566490240388603,-0.29124327426654184,45.360443421237164,11.02078413642134
563,0.955751885745969,-0.2941739840519961,45.3604790980482,11.020784774475482
564,0.9559228620257951,-0.29361791814603644,45.36050209856604,11.020766112766575
565,0.9492469646018794,-0.3145317157205587,45.360545463977026,11.020775558801184
566,0.9474226919004716,-0.31998475412441774,45.36057496884692,11.02074919359076
567,0.9512415860180742,-0.3084468269083324,45.36060159425445,11.02074024312236
568,0.9600663899197146,-0.27977227694417195,45.36064868110971,11.020719895925128
569,0.9506294632482863,-0.3103282513795271,45.36067393620469,11.020730275179947
570,0.9622128570735273,-0.27229839823693375,45.36069309402214,11.020714509328856
571,0.9540137594550235,-0.2997628175249432,45.36072545735821,11.020699318162663
572,0.9543409802010172,-0.2987194227179773,45.36077220368752,11.020696697163103
573,0.9509872223377899,-0.30923017794234603,45.36079763395298,11.020681329832378
574,0.9640029823216552,-0.2658914253505641,45.360838476145815,11.020673834246566
575,0.9525519428671434,-0.3043760768195004,45.36086546371946,11.02065347537419
576,0.9590357398052896,-0.28328510334311763,45.36089791828132,11.020648685618179
577,0.9600291220531665,-0.27990013363667116,45.36092189810661,11.020636376320164
578,0.945299169759212,-0.32620465915211033,45.36096279931306,11.020632169634657
579,0.9500858705362363,-0.3119885231982133,45.36099075316855,11.020622234163978
580,0.9549422846768657,-0.29679156479948676,45.3610301194196,11.020599076688747
581,0.9618676908576573,-0.2735151646328921,45.361052483530074,11.0206016775212
582,0.9571823791024692,-0.2894855663685792,45.36109725455818,11.02059634490257
583,0.9601190478913135,-0.2795915125254656,45.361120778789356,11.0205794915487
584,0.9545516738301874,-0.2980454696652636,45.361157355883066,11.020575113365004
585,0.9529619329659729,-0.30309001025727766,45.361183448939634,11.020550194592689
586,0.9599561010047027,-0.2801504669706067,45.361220646982886,11.020547228469603
587,0.9538771281564462,-0.30019730908189485,45.36125530928192,11.020537613618608
588,0.9531832183119991,-0.3023933734862254,45.361284086931846,11.02053464219903
589,0.9507445641463591,-0.3099754405531989,45.36132299858294,11.020523028946114
590,0.9562430016767746,-0.2925736176489469,45.36135300667179,11.020516910242755
591,0.9499750936320036,-0.31232566573829,45.36138691654292,11.020491899806876
592,0.9576490234094951,-0.2879380974495045,45.36141622471198,11.020488169438178
593,0.9520644099160254,-0.3058976289075323,45.36144593859623,11.020483103585658
594,0.9543510612059841,-0.2986872142811137,45.361484572659,11.020463024448837
595,0.9497938071866678,-0.31287653128647214,45.36150875669256,11.020451374358796
596,0.9515405243600665,-0.30752338203878027,45.361540520801874,11.020448801952778
597,0.9564882019411818,-0.29177100532322464,45.361580671532124,11.020436427606718
598,0.9600529035863704,-0.2798185524860339,45.36160789615067,11.020436780771503
599,0.9531476732586003,-0.302505393277073,45.36164159273005,11.020415853771318
600,0.9540254438105805,-0.2997256288041197,45.36166642757411,11.020412445900838
601,0.958953603517579,-0.28356301998083233,45.36170747477399,11.020399019997845
602,0.9473414622868753,-0.32022516114784744,45.36173894129608,11.020393951157327
603,0.9531212781605622,-0.3025885475651319,45.36177628049978,11.020368582305382
604,0.9607138097485092,-0.27754094429201864,45.3617958973238,11.02037172442389
605,0.9495358317047357,-0.31365857920483514,45.36184100464144,11.020362092540033
606,0.9527741236834185,-0.30367987954307063,45.361867055725526,11.020348165153777
607,0.9559439330588678,-0.29354930905717164,45.36190214356256,11.02034102402956
608,0.9531393886771663,-0.3025314954713273,45.36193116932286,11.020326753118132
609,0.95113270726539,-0.30878240424287445,45.361967136670096,11.020317534263166
610,0.9545638640630651,-0.298006425140449,45.3620004158369,11.020296923729342
611,0.959757231214112,-0.2808310116996012,45.362038817275995,11.02028204726082
612,0.956793844317189,-0.29076715680546644,45.362061404745006,11.020285948771154
613,0.9524786252172764,-0.3046054308514656,45.36210274303844,11.02027656397757
614,0.9582527948568796,-0.28592233412061224,45.36213075254349,11.020268325759693
615,0.9614855997296855,-0.2748553101405302,45.36215705344352,11.020258509141064
616,0.9635725932293495,-0.26744692478558546,45.36219744096995,11.02025133244537
617,0.954073524058512,-0.29957254662363836,45.362219266909435,11.020241059817868
618,0.946823323327466,-0.3217539345573459,45.36225291085171,11.020226240000875
619,0.9543634749346235,-0.29864754763886847,45.36229561395551,11.020217682783708
620,0.14704518354657756,0.989129776114213,45.36232477879418,11.020205722035833
621,0.14980232669721963,0.9887159667549116,45.36233441210441,11.020208444250194
622,0.11684456117440582,0.9931502144811531,45.3623245575502,11.020212033715936
623,0.11819942426404909,0.9929898771405715,45.362335753168246,11.020218575765623
624,0.13120490509360216,0.9913552707679416,45.362338394207036,11.020226375944427
625,0.10904929485814104,0.9940363430433227,45.362335362449926,11.02024019672947
626,0.11454001908650822,0.9934186348300813,45.362327788031244,11.020237221684951
627,0.1336673572876046,0.9910262547459314,45.36233068501612,11.02024635867507
628,0.12304492278483105,0.9924011018619815,45.36233770537635,11.020250653520117
629,0.09260711621571195,0.9957027277386608,45.362327581597846,11.020256662855967
630,-0.9567246389386441,0.29099478560228703,45.36233698480696,11.020258848014699
631,-0.9467550771316587,0.3219546923488257,45.36230988460555,11.02026539209736
632,-0.9554169618178022,0.29525993475383716,45.36227358849852,11.020278759913982
633,-0.9471455106004424,0.320804273271768,45.362237962832225,11.020297064835589
634,-0.9535274215799768,0.3013062500099211,45.36220795833925,11.020303226525233
635,-0.9515374646323318,0.3075328493040602,45.36217742598602,11.020308697788609
636,-0.94487412651073,0.3274337872770386,45.36213916045958,11.020320395549998
637,-0.9518845256136602,0.3064569299220644,45.362103481867,11.020326802053809
638,-0.9510024480211096,0.3091833499039959,45.36206979853104,11.020347868077618
639,-0.9499317503629363,0.3124574685495739,45.36204001979693,11.0203502079439
640,-0.9489647653354786,0.3153821081668713,45.36201815792753,11.02036430185508
641,-0.9541367454636291,0.29937112578883396,45.36196867284269,11.020377374530128
642,-0.9564248747670225,0.29197852477003394,45.361951425069634,11.020387691641359
643,-0.9540119152354078,0.2997686868051246,45.36191056981682,11.020380457861721
644,-0.9592665341291031,0.28250259556318824,45.3618869561148,11.020405548338127
645,-0.9524521737508969,0.3046881302532006,45.361854895202164,11.020412107188488
646,-0.9576976270713071,0.2877763977500371,45.36181523949372,11.020426742261506
647,-0.951473778156674,0.307729831963468,45.3617837485111,11.020423946645924
648,-0.9477321100958925,0.31906715201221686,45.36175174846603,11.020435697185222
649,-0.9551816908752039,0.2960201638685892,45.36171841540997,11.020454771900052
650,-0.9578556026028786,0.2872501428411765,45.36168801800848,11.020459848397305
651,-0.9597190687727082,0.28096140132417785,45.36165999038028,11.020469596034195
652,-0.9485272960509195,0.31669538778822054,45.36161807811984,11.020487203902608
653,-0.9484616445912777,0.3168919512060995,45.36158774248496,11.020495853394273
654,-0.9538299361089198,0.30034722070039865,45.361564612863766,11.020505122859253
655,-0.954126595401567,0.2994034735059273,45.361528450480456,11.020513346085837
656,-0.9503347986401985,0.3112294499135537,45.361489751914654,11.020523999252896
657,-0.9571829834109489,0.28948356821850046,45.361457586583384,11.020530848812802
658,-0.9485393460837475,0.316659294717551,45.36143105417213,11.020536533684105
659,-0.9590417380242892,0.28326479613137745,45.361394256324,11.02055145784566
660,-0.9544088932737196,0.2985023692368853,45.3613682476816,11.020566818512524
661,-0.9555839183285898,0.29471914602173194,45.361328034875584,11.020574385789647
662,-0.9545655318854501,0.2980010827769719,45.36129542553234,11.020590608705534
663,-0.9571054518292296,0.2897398040980327,45.36126165883082,11.020593819414197
664,-0.9523811976791688,0.30490991178902654,45.361229758452936,11.020604154179438
665,-0.9548573778761196,0.2970646190907652,45.36119142075764,11.020610742794696
666,-0.9513213002744244,0.3082008819652832,45.361163239764515,11.020619063690749
667,-0.9481789817013889,0.3177367127980603,45.36113693216037,11.020639579253213
668,-0.9487795014982185,0.3159390092039791,45.3610959474731,11.020648761653623
669,-0.9649232586686685,0.26253210257078635,45.361064152794434,11.020652043603809
670,-0.9554938598408634,0.2950109892977014,45.3610368104316,11.020674127928247
671,-0.9555049314491376,0.2949751277249979,45.36100353296355,11.020682291213692
672,-0.9521203531940107,0.30572345842887566,45.36096609435607,11.020692563514492
673,-0.9597147597780478,0.2809761197400307,45.36093526549586,11.02069791803099
674,-0.9488194894236343,0.3158188982468812,45.36089907659663,11.020707052761628
675,-0.9467910902380562,0.32184877108019666,45.360870900059396,11.020720699457161
676,-0.9578935348198114,0.28712362485592635,45.36084070546346,11.020728051366278
677,-0.947719237218127,0.3191053860508963,45.36081131170438,11.020734024798314
678,-0.9476359252356389,0.319352709715754,45.360776692988296,11.02075177799212
679,-0.9528212098598599,0.30353211039557737,45.360746429470225,11.020762457199913
680,-0.9475117827207086,0.31972084950066176,45.36070588778613,11.020781904464286
681,-0.9498541713948058,0.31269322519665654,45.36068034864512,11.02077396531643
682,-0.9490960354004843,0.31498684986374065,45.36064961837386,11.020776293507112
683,-0.9521324497008863,0.30568578348786407,45.360619229558445,11.020809700785021
684,-0.9594511959041077,0.2818747996507982,45.36058351451556,11.02081212702003
685,-0.9502517742654062,0.3114828494563505,45.360553055401,11.02082028370323
686,-0.9463801333956813,0.32305517038730797,45.36052132853156,11.020837626743614
687,-0.9508709498372774,0.30958752680874263,45.360493589544234,11.020843179417902
688,-0.9506076070764669,0.3103951954659635,45.3604585870627,11.020855498239445
689,-0.949647079238915,0.313321599786861,45.36042396268919,11.020862125376876
690,-0.9591265127083706,0.28297761858472115,45.36038248153894,11.020870581024715
691,-0.9457104164237571,0.325010474089073,45.360362769353245,11.0208946212214
692,-0.9536098840547831,0.30104516111876506,45.36032448427547,11.020890247783088
693,-0.9625863796697636,0.27097502038796467,45.360295141564684,11.020905671600076
694,-0.9589605661226462,0.2835394727753684,45.360253670765125,11.020919261783549
695,-0.9509348771406542,0.3093911107926162,45.36022532379341,11.020928609205303
696,-0.9531662190658909,0.3024469520951303,45.3601882800446,11.020927861182745
697,-0.9553592928901428,0.29544647821296915,45.36016609923274,11.020944169553022
698,-0.9505829796579269,0.3104706085681175,45.36012689843622,11.02095676801738
699,-0.9503507332614402,0.3111807895572011,45.36009775438456,11.020968580397014
700,-0.94805603704068,0.3181033646956926,45.36006387972115,11.020989452218409
701,-0.9611131938777662,0.2761547185077226,45.360029949198086,11.020979811858204
702,-0.9480194418430208,0.31821241001514594,45.36000486121227,11.021002180452317
703,-0.950465122833876,0.3108312247448527,45.35996555571321,11.021016562803865
704,-0.9589397043200503,0.2836100200602485,45.35993146958931,11.021025534343767
705,-0.9519430460120325,0.30627510043967543,45.359899850390704,11.02103317454542
706,-0.9465955370195944,0.3224234626924438,45.359866069866676,11.0210381896334
707,-0.9525299569554146,0.3044448736676574,45.35984076704934,11.021056278074012
708,-0.9557823065286986,0.2940751307517874,45.359804845187114,11.021065375287245
709,-0.9506155854944474,0.3103707599227883,45.35976763624075,11.02106676813963
710,0.11846585958284096,0.9929581260623725,45.359737740946656,11.021079671385985
711,0.11839290523222194,0.9929668272357713,45.359741160026395,11.021089623988543
712,0.13340797215377617,0.9910612054589854,45.35973874806467,11.02110297063082
713,0.10896039753105682,0.9940460913709556,45.359740073061886,11.021110473948246
714,0.13968375282370288,0.9901961670280726,45.35974598794942,11.021106349199869
715,0.14641549381743596,0.9892231816785312,45.359745839453225,11.021120399238555
716,0.14834711390035774,0.9889353536998433,45.35974745316373,11.0211274497907
717,0.11515863263816851,0.9933471142198518,45.359749217469584,11.021133054649392
718,0.17487975056865537,0.9845897992773666,45.359748631946495,11.02114752180913
719,0.1440133306913777,0.989575747774356,45.35974925761957,11.021145599754059
