,Sin,Cosin,Lat,Lon
0,0.9597839021364939,-0.2807398461202918,45.35967211245708,11.02059263002745
1,0.9563814132752316,-0.29212085228834755,45.3596976421586,11.020577285667434
2,0.9585975873371245,-0.2847642280052815,45.35973306441673,11.020587267915303
3,0.9518021180005913,-0.30671277796920754,45.35976996922257,11.020568723686797
4,0.956512937940945,-0.29168990306759307,45.35980199046694,11.0205511301483
5,0.9476779792358035,-0.31922789300364074,45.35983465417311,11.020539471904936
6,0.9452279442472015,-0.3264109885010144,45.35986367412576,11.020539995347688
7,0.9538278030366686,-0.30035399473661434,45.35990221247928,11.020515348120938
8,0.9547712228278795,-0.29734140656786356,45.35992809110608,11.020505950789804
9,0.9588237773113794,-0.28400169728777763,45.359965523662325,11.020507675121268
10,0.9485357813468471,-0.31666997253406615,45.359990910580684,11.020494386831674
11,0.9605549083505192,-0.27809039545393455,45.360022308077475,11.020488941404352
12,0.9535543488638973,-0.30122102144894985,45.36005580400199,11.020466353671749
13,0.9486858594655307,-0.31622008166804866,45.3600939679842,11.020456635981564
14,0.9454520470358494,-0.32576130334298775,45.36012052262369,11.020457923583747
15,0.955642851295059,-0.2945279965786781,45.36015525527368,11.020442423547408
16,0.9584955867311915,-0.2851073661216576,45.36019059122802,11.02044261312782
17,0.9625988439332618,-0.2709307395965766,45.36022978221334,11.020426159332748
18,0.9600638629596027,-0.2797809483132925,45.36025091611111,11.020408486704063
19,0.946395237691165,-0.32301091943691823,45.36028357542785,11.020412181713624
20,0.9572851525140905,-0.28914552871534155,45.3603205614339,11.020386001104752
21,0.9467060812932571,-0.3220987358596197,45.36034928942721,11.020375674620249
22,0.9514827889358191,-0.30770197002768057,45.360376816014266,11.020379240673083
23,0.9559699477903321,-0.29346457864919523,45.36041063944302,11.020363252990778
24,0.9527486612730061,-0.3037597544812262,45.360443055138205,11.020350420939808
25,0.9623694613986217,-0.2717444015381492,45.36048310350539,11.020344728940564
26,0.9658900062703943,-0.25895269024858114,45.36051715246158,11.02033179970524
27,0.9481252193730985,-0.31789710346071726,45.36054886378338,11.02031764382026
28,0.9482331028962034,-0.31757516050824575,45.360579348909724,11.02031486879804
29,0.9554829901693009,-0.2950461921413859,45.360606880317874,11.020303118255732
30,0.9540930840041985,-0.299510245326195,45.360640958140785,11.020294805819997
31,0.9527721973756071,-0.3036859231312131,45.36067895467874,11.020283346285945
32,0.95426137889655,-0.29897361212397133,45.36071518688377,11.020274130035322
33,0.9535186859989128,-0.3013338936311461,45.360727428714554,11.020264213037482
34,0.960625386409827,-0.27784684087635514,45.36076993956427,11.020245669673717
35,0.954858867859917,-0.2970598297805976,45.36079646348752,11.020238251611882
36,0.9500469318815477,-0.31210707653377207,45.36082372859691,11.020244888542138
37,0.9556697721089402,-0.29444063353628075,45.360864838939406,11.020221459534106
38,0.9553762428793974,-0.29539166295216707,45.360896554863054,11.02020755859773
39,0.9419444954931822,-0.3357686218366667,45.36092811696467,11.02020139782778
40,0.9527723905795268,-0.30368531698021495,45.36095555508273,11.020179712604435
41,0.9555053842551322,-0.29497366095882555,45.360996022255016,11.020182572258845
42,0.9502502871650849,-0.31148738616944627,45.36102997746122,11.020171680867671
43,0.9506690462439166,-0.3102069704466391,45.36106060108135,11.020167582932709
44,0.9516270904720104,-0.3072553997569058,45.36109274091841,11.020152800688853
45,0.9500505237029369,-0.3120961428979463,45.36112484395091,11.02013425670264
46,0.9455934739707935,-0.3253505524566484,45.36116365826939,11.02013913718829
47,0.9485741124382162,-0.3165551345532881,45.36119814679927,11.02012606055248
48,0.9491063068903314,-0.31495589885092823,45.361223419581705,11.020114532323962
49,0.9609244948868797,-0.27681061238036925,45.36124381265969,11.02009963428114
50,0.9504011588545701,-0.31102674683681164,45.36128543006878,11.020085383278504
51,0.954280737986877,-0.2989118149341398,45.361320755554786,11.02007588549512
52,0.953497406552727,-0.30140122046405815,45.36135361529528,11.02007348394604
53,0.9510777705982498,-0.30895157270009616,45.36137918314377,11.020060262008624
54,0.9559193567166485,-0.2936293300309573,45.36142297715966,11.020056181262975
55,0.9519597807030076,-0.30622308195804215,45.36144056282596,11.020051266614631
56,0.9565990065986968,-0.29140751633131634,45.361490097163866,11.020027616329399
57,0.9586490318382557,-0.2845909938061554,45.36150674613838,11.020028548404268
58,0.9592925270160512,-0.282414319061833,45.36155231166674,11.020005107303351
59,0.9489831191631521,-0.31532687729303166,45.36157964018375,11.02000436440241
60,0.9480775266809651,-0.3180393110961344,45.36160557639289,11.01998714965881
61,0.9558315371874352,-0.2939150770510161,45.36164707391881,11.019984864935463
62,0.9546184016139135,-0.2978316761194096,45.3616706101155,11.019977158629416
63,0.948926361827224,-0.3154976383894946,45.361713054672755,11.019957795877497
64,0.9502688430357752,-0.31143077233223004,45.36174314620527,11.019962331985967
65,0.9587152480338818,-0.2843678483713173,45.36177071873852,11.019945989145777
66,0.9570006706547101,-0.2900857052087109,45.361801360536774,11.01993008556489
67,0.9555363901081676,-0.2948732052578731,45.361836725668624,11.019930600761123
68,0.955356869666144,-0.2954543138654543,45.36186659223695,11.019919188289862
69,0.957444488744938,-0.2886174820968823,45.36190649896818,11.019903783625638
70,0.958329704545018,-0.2856644489373129,45.36193180003096,11.019887915815383
71,0.9553945484987548,-0.29533245114423234,45.36197312515417,11.01987956565053
72,0.9552844690020614,-0.29568832118203386,45.36200688083986,11.019867446770645
73,0.9472105213975172,-0.32061227074746157,45.362028530119495,11.019863705304811
74,0.9502182249630355,-0.3115851808865402,45.362060818030194,11.019859529558307
75,0.957294421044611,-0.28911484126011755,45.36209415522867,11.019851691292676
76,0.941180204371105,-0.3379050501249797,45.36213058962519,11.01983325461331
77,0.9468772002876842,-0.3215953475648502,45.36215669580514,11.019824460873364
78,0.9501774916307241,-0.3117093748964654,45.36218312461228,11.019817082674182
79,0.9514265458680892,-0.3078758318178237,45.362219379018235,11.019802967821631
80,0.10092511219283724,0.9948940253760011,45.36225460251743,11.019793857366311
81,0.13280165911745562,0.9911426331944616,45.362262346106384,11.01979889478982
82,0.12095542877487192,0.9926579391965225,45.362258731678835,11.019805688496417
83,0.11613702204509514,0.993233201272741,45.362251815868895,11.019816696350796
84,0.12291733871547914,0.9924169123121109,45.36225287461322,11.019824816342469
85,0.13935537566954595,0.9902424345946803,45.36225080969717,11.01981990313805
86,0.09167857955670339,0.9957886512962805,45.36225783765069,11.019823612245402
87,0.14440583052359982,0.9895185476335395,45.36225399395964,11.01982666706487
88,0.1337969177848794,0.991008771298855,45.36226115349537,11.0198436299338
89,0.14891246363706745,0.988850382097079,45.36226743865689,11.019849955130825
90,-0.9514012459460658,0.30795400502716885,45.36226168739005,11.019847870936808
91,-0.9515238919021445,0.30757484152543435,45.36222681790324,11.019864003648106
92,-0.9490286833960402,0.31518971761714953,45.362198128186726,11.019867955833458
93,-0.958705595764889,0.284400387920075,45.36217036146989,11.019876752682814
94,-0.9429134029866801,0.3330380075428008,45.36213616995432,11.019888479414549
95,-0.9514862301091969,0.3076913289525535,45.36209473561378,11.019889299799834
96,-0.9594791206260068,0.281779731497396,45.36206118182962,11.019900854309336
97,-0.9525753891008912,0.3043026915413101,45.36203602328404,11.019913663092456
98,-0.9585004108463305,0.2850911475430545,45.3619923567753,11.019936601094498
99,-0.9551896395491193,0.29599451430393703,45.36197816090713,11.019936749779717
100,-0.9537836533653951,0.3004941639582371,45.36193842572699,11.019944760435259
101,-0.957356569207081,0.28890898116197,45.361903070847816,11.019958546456477
102,-0.9611737618129732,0.2759438341443743,45.361881957399085,11.01996295365132
103,-0.9464772754599554,0.32277045564595847,45.36183415048163,11.019982531059496
104,-0.9508038927421545,0.30979341107642294,45.36181705086018,11.0199882269869
105,-0.9581499935309267,0.2862666412572118,45.36177495847399,11.020006113342344
106,-0.9531702639019891,0.3024342044362914,45.361741519078834,11.02000674555221
107,-0.9520034366146495,0.30608733504328006,45.3617249050982,11.020017318017608
108,-0.9527369189008768,0.30379658221129496,45.361682821599445,11.020036436709711
109,-0.9481516293249357,0.3178183251615139,45.36164348255744,11.020043244891
110,-0.9494554861955946,0.31390170393466665,45.36161176098499,11.020052315825026
111,-0.9533883312301558,0.3017460685314372,45.36158180131384,11.020058601642623
112,-0.9455060548690474,0.3256045150270033,45.36155558319594,11.020072238853206
113,-0.960014849233199,0.27994908332008894,45.36152111528542,11.020081103743001
114,-0.955693246775291,0.2943644307114952,45.36149142648095,11.020089976738996
115,-0.9569891731808573,0.2901236329819049,45.36145746299002,11.020100168307652
116,-0.9613525991487554,0.2753201411265302,45.361423133020935,11.020103315725494
117,-0.9536065321271935,0.3010557786928326,45.361383895160834,11.020114112474701
118,-0.9525996743797865,0.30422665953450667,45.36135823582738,11.020131370582325
119,-0.9502286417427265,0.31155341181212126,45.36132909820437,11.020140965441835
120,-0.9609976704871478,0.2765564631648938,45.36128951501195,11.020157895164976
121,-0.9551765494148826,0.29603675354232345,45.36126519986682,11.020170311742207
122,-0.9638092310613635,0.2665928846029152,45.36122788587785,11.020168744503033
123,-0.9601055300209805,0.27963792879924565,45.361196356935906,11.020170936663098
124,-0.9559679506044814,0.2934710844650082,45.36116827923177,11.02019970705709
125,-0.9510252897027289,0.30911308342715044,45.361124588873096,11.020198403693682
126,-0.9552276748238493,0.2958717445965776,45.361096144894546,11.020213201940495
127,-0.9523149376127533,0.3051167966527207,45.36106667815183,11.020226490384077
128,-0.9603636950077503,0.27875001939203636,45.36103543164622,11.020224045800447
129,-0.9627367872667144,0.27044015686167056,45.36100191663635,11.020237732063405
130,-0.9533713886880261,0.3017995944845931,45.3609604013452,11.020252795690421
131,-0.959340683735684,0.2822506909283841,45.360945544402476,11.020267217104182
132,-0.9460789147885946,0.32393623908484687,45.36090078946653,11.020274891146352
133,-0.945448807555735,0.3257707050847861,45.36087159597974,11.020288127636052
134,-0.9397152219807691,0.34195804066819924,45.36084529793504,11.020303726841746
135,-0.9549156613891606,0.2968772130590387,45.36080515942269,11.020305748162833
136,-0.9507834897563909,0.3098560239960793,45.36077215931458,11.020316704259477
137,-0.9472098785516538,0.3206141699522358,45.36074675364417,11.020322657718113
138,-0.9409569311916043,0.33852629682563584,45.36071897624452,11.020326353198895
139,-0.9617364775220522,0.27397618108783706,45.36067480572426,11.020342571919096
140,-0.9577129068149937,0.2877255430440183,45.36065027801044,11.020351642278127
141,-0.9605765231396859,0.27801572472231234,45.36060753066412,11.020363338923419
142,-0.9585810004069087,0.284820058385799,45.36057314196538,11.020367314797777
143,-0.9468168882517544,0.32177287039348856,45.360542864370174,11.020382834548787
144,-0.9609209999385953,0.2768227445081242,45.360509404434026,11.02039047226749
145,-0.9552574071146398,0.2957757362472711,45.36048791374858,11.020402706096162
146,-0.9459311698474359,0.3243674180787296,45.360449451920125,11.02041643704815
147,-0.9447112413512159,0.3279034468630131,45.36041803237604,11.020420525419881
148,-0.9537230682515146,0.3006863965744322,45.36037429831843,11.020429887336661
149,-0.9573139798480491,0.28905007176523745,45.36034928995667,11.020446778067324
150,-0.9488825836521796,0.31562928007642815,45.36031959361975,11.02046593197242
151,-0.9476539600409466,0.319299188878882,45.36028372221701,11.020459892245249
152,-0.9585042276502476,0.28507831481296925,45.36025652717679,11.020479727887908
153,-0.9467273618982982,0.32203618155898067,45.36021290394045,11.020480905802925
154,-0.9466732792993164,0.32219513072155254,45.360193416641664,11.02049170256634
155,-0.9550301467189801,0.2965087163270639,45.36016092487285,11.020513204536815
156,-0.954986894934538,0.29664799089710636,45.36013107990761,11.020516887991452
157,-0.9561239126098691,0.2929625637101019,45.360084562900774,11.020523416355594
158,-0.9481402793756692,0.3178521836096581,45.36006837193446,11.020542754385424
159,-0.9499641482280661,0.3123589555004384,45.36003548023763,11.020547327498956
160,-0.9534243793424676,0.30163214827904283,45.359999449417536,11.02056024099761
161,-0.945150434954456,0.32663535525935117,45.35996419090917,11.020557645203924
162,-0.9508557896968074,0.3096340859790162,45.35993825628784,11.0205792345352
163,-0.9569030997207711,0.2904073996040389,45.35991040511475,11.020591118252765
164,-0.9521681074512146,0.3055746965191526,45.3598702009669,11.020601856381058
165,-0.9478363939129099,0.31875722795596517,45.35984189398454,11.020603606163718
166,-0.9645183977955037,0.26401564407056316,45.359799960715904,11.020620751825161
167,-0.9517163311123766,0.30697886750393283,45.35977655650234,11.020626793708585
168,-0.9537771101650455,0.3005149316177395,45.3597470188385,11.020638670542127
169,-0.9520324120485896,0.3059972000018048,45.35970266133293,11.020653386543234
170,0.1539627357699935,0.988076654918139,45.3596746677732,11.020657232182899
171,0.13348339597318581,0.9910510496434912,45.35967319202112,11.020667104724772
172,0.1334756632249044,0.9910520911267338,45.35967851126973,11.020671699881587
173,0.12034488661323615,0.9927321432622433,45.35967635967057,11.020680423022858
174,0.14109739125339202,0.98999572028443,45.359681659187025,11.020684326410661
175,0.1442379005619746,0.9895430400146695,45.35967842593806,11.020694683985523
176,0.12231751616692234,0.9924910202307902,45.35967434581414,11.020702821833487
177,0.09692251665391596,0.9952919299208004,45.35968342381954,11.020723648190394
178,0.13337862194976624,0.9910651558836994,45.35968687240272,11.020714133787543
179,0.16358495641323278,0.9865292504712067,45.359682670651054,11.020726993305667
180,0.9535901719202236,-0.3011075954159219,45.359685736509064,11.020739388611904
181,0.9474830494929565,-0.31980598950539957,45.35972599754732,11.020725285220507
182,0.9550286587221626,-0.29651350899975376,45.359757848000974,11.020726478371897
183,0.9560284622816008,-0.29327389810120835,45.359781694581436,11.020712107646498
184,0.9536581521459971,-0.3008922213110239,45.35981236210925,11.02069569307452
185,0.9617450190701112,-0.2739461959835023,45.359848383471814,11.020686521758382
186,0.9641916455965961,-0.2652064677976916,45.3598662245523,11.020680845499111
187,0.959813415051455,-0.2806389286739516,45.359907192828956,11.020670594540393
188,0.9551227955786487,-0.2962101371763414,45.35993630151561,11.020654779495795
189,0.9519440182540826,-0.30627207856784944,45.35997605115335,11.020645557374547
190,0.952906773915258,-0.30326338424942667,45.36000929894392,11.020641277238331
191,0.9560454380967895,-0.29321855380299133,45.360030931035055,11.020628292022904
192,0.9547654157180833,-0.2973600527116505,45.360068851948725,11.020624078740065
193,0.947302888364792,-0.32033925406625124,45.3600988400861,11.02060920754928
194,0.9577644947256605,-0.2875537734805445,45.36013605376709,11.020593032793055
195,0.9632154157875563,-0.268730464944347,45.36017445555055,11.020590250111631
196,0.9510269012601658,-0.30910812522398506,45.36020579177455,11.020576771486787
197,0.9564373190963756,-0.2919377581604298,45.360232495055726,11.0205648282186
198,0.9590555498743693,-0.28321802953761843,45.360259596696686,11.020553248807657
199,0.9527709070506178,-0.30368997131604936,45.36030441110009,11.020547523443424
200,0.9536146609725787,-0.3010300290305831,45.36033277764187,11.020541057265508
201,0.9595623040226807,-0.28149633159010173,45.36036397364156,11.020524319448107
202,0.9575158431888483,-0.2883806686349641,45.36039816090639,11.020515703750556
203,0.9467441853064757,-0.32198671958386355,45.36043180877076,11.020505204506016
204,0.952724445921786,-0.30383569596580623,45.360461235410305,11.02049137991794
205,0.9515706486717571,-0.3074301556230479,45.36049371402767,11.020479759922878
206,0.9486764146306872,-0.3162484155271998,45.36052810760893,11.020481733221885
207,0.953753202798063,-0.30059079851591763,45.360555123957724,11.020462210322545
208,0.9544637805891169,-0.2983268200204774,45.36058871596076,11.02045682522663
209,0.9552360050001166,-0.29584484912098297,45.36061701322611,11.020446324685928
210,0.9450714501479458,-0.3268638158549503,45.360652674417295,11.020430129064161
211,0.9518344715048217,-0.30661235926677305,45.360690445945636,11.020419989812432
212,0.9482840185075696,-0.3174230934307323,45.36072300613336,11.02041147173936
213,0.9487019289252323,-0.316171867903429,45.36075252956782,11.02040350823164
214,0.9533383470224496,-0.3019039517735789,45.360791619685386,11.020402435970857
215,0.9508355918464793,-0.30969610471873144,45.3608155662994,11.020377577319703
216,0.9471531099024183,-0.32078183614752503,45.36085475990844,11.02037304907746
217,0.9450038338456824,-0.3270592515385582,45.36088231021575,11.020364582456853
218,0.9536377244488231,-0.30095695789941557,45.360915371189094,11.020353743603124
219,0.951692069387508,-0.30705407514788435,45.36094654730406,11.02034218932768
220,0.955941249511086,-0.2935580478937404,45.360978215053436,11.02033705235926
221,0.9588475279483958,-0.28392149997358507,45.361016477594625,11.020313762166928
222,0.9579471616815689,-0.2869446556850748,45.36103757445216,11.02031154518712
223,0.955813922883263,-0.29397235384047243,45.361067954441445,11.020302555314679
224,0.9494318274555779,-0.3139732552533126,45.361108456377536,11.020298841605639
225,0.9551007010657353,-0.2962813710372979,45.36113861498412,11.020273429036516
226,0.9457704041237537,-0.32483587037701317,45.36115990533739,11.02026757297435
227,0.9505810345048505,-0.3104765640747916,45.36119612000797,11.020262021210144
228,0.9591187720604192,-0.28300385347431856,45.36122957951855,11.020245929604485
229,0.9444734099268896,-0.3285878542202582,45.36125991647518,11.020235470006396
230,0.9558324757035568,-0.2939120249163166,45.36129594647972,11.020238602934128
231,0.9477304932488722,-0.3190719545278925,45.36132668992652,11.020214702823866
232,0.9485985974264597,-0.31648175454606137,45.361360792533695,11.020211666852225
233,0.952298564550697,-0.30516789469844635,45.36138490937039,11.020205472868026
234,0.9458947306221985,-0.3244736639253768,45.36141898511239,11.02018900051278
235,0.9629786665179385,-0.2695776100334241,45.36146187968003,11.02017732538226
236,0.9494541020355625,-0.3139058905593263,45.36148949842291,11.020177564569256
237,0.9501225865380146,-0.3118766912584408,45.36151679480862,11.02015125437651
238,0.9557961673193042,-0.2940300776072554,45.36155456051768,11.020151680943798
239,0.9561042951809814,-0.29302658025591943,45.36158686462908,11.02013624789692
240,0.9507470985650064,-0.3099676669754799,45.36162083657241,11.020125848639221
241,0.9554717318116385,-0.29508264894579683,45.361647029267715,11.020112699385384
242,0.9504654496578981,-0.3108302253748974,45.36168031230479,11.020101783070368
243,0.9526234065051336,-0.3041523390976222,45.36171935187858,11.020092553890196
244,0.9592646600853227,-0.2825089589931445,45.361746640297696,11.020083177857378
245,0.9545528417338204,-0.298041729188864,45.36177474450791,11.020075122420707
246,0.953858308460072,-0.3002571021336381,45.36181972574203,11.020065070095793
247,0.95434119813697,-0.29871872646101805,45.36184726155637,11.020053032013486
248,0.9502703296476177,-0.3114262361963229,45.36187180650882,11.02005177191841
249,0.9586260886663555,-0.28466826680935964,45.361906921624836,11.020033180212106
250,0.9503646538425661,-0.31113827268065164,45.361947586563254,11.020032840594663
251,0.9513922530820489,-0.3079817864346246,45.36196584205697,11.020010461570413
252,0.9480290877758913,-0.31818367137678716,45.361992520178596,11.019999455328755
253,0.957401403974738,-0.28876037066606025,45.36204189007752,11.019985906915286
254,0.9557526458897104,-0.29417151438373135,45.36207816307393,11.01998659168259
255,0.9516275826075632,-0.30725387551743844,45.36210313559015,11.01997299117075
256,0.9630165737650831,-0.2694421619824193,45.362132532377174,11.019957475643256
257,0.9572068809355364,-0.2894045388200777,45.36216584716243,11.019942912828535
258,0.9505966395029753,-0.31042878243753486,45.36220033355522,11.019941891562416
259,0.9613348510247456,-0.27538210581886075,45.36223691616924,11.019934721148282
260,0.12295600541405761,0.9924121224232493,45.36226311514556,11.019921259174538
261,0.13011892644242867,0.9914983938370601,45.362262095255176,11.019925312347285
262,0.13735195072887585,0.9905223074878085,45.36226819302953,11.019936635931922
263,0.11826312371914068,0.9929822926760533,45.36226876342058,11.019940712558483
264,0.14228855549559632,0.9898252204177143,45.362264289805566,11.019942330593654
265,0.11471117772837448,0.9933988854957354,45.36227354049986,11.01996159104517
266,0.13923554703560262,0.9902592905101656,45.3622740177138,11.019959100241925
267,0.1563172683698116,0.9877068955967657,45.36227636145051,11.019969885074454
268,0.14574231291307732,0.989322585523421,45.36227899373616,11.019971772385299
269,0.13250987135429704,0.9911816856629604,45.36227087431629,11.019985689313025
270,-0.9505939383314935,0.3104370538570109,45.36228043028346,11.019987944496643
271,-0.952553321566256,0.30437176211516875,45.36224669696099,11.01998973847703
272,-0.9496720234580381,0.3132459861851631,45.36221426882648,11.020008089546412
273,-0.9544854784360209,0.2982573912826975,45.36218153495095,11.020022731362277
274,-0.9490810118718176,0.3150321140842103,45.3621531604591,11.020021607063732
275,-0.9576311075979862,0.2879976766584312,45.36212253438585,11.020043259891496
276,-0.9462251799593436,0.32350874611192143,45.36207301325933,11.020035689717956
277,-0.9527562865017793,0.3037358367584231,45.3620532794642,11.020051131631096
278,-0.9543876007373793,0.2985704398609293,45.362013306048425,11.020068414329476
279,-0.9532464320068906,0.3021940433994892,45.36198652915885,11.020079100946731
280,-0.9554918792704936,0.29501740397498677,45.36196252990016,11.020086854564125
281,-0.9434913303280855,0.3313972081894165,45.36192526698566,11.020102990213337
282,-0.9568359143505366,0.29062868579851603,45.361887546293495,11.020105944781909
283,-0.9589933266662474,0.2834286495921049,45.36187057322695,11.02011601342014
284,-0.9497692371837528,0.3129511081613105,45.36183468506393,11.020124788892838
285,-0.9464893461682454,0.3227350578880567,45.36179891583292,11.02014035357528
286,-0.9489772978140799,0.3153443962297207,45.3617675863102,11.020145218654193
287,-0.9499582163557682,0.312376995276809,45.36172840223169,11.020153033420883
288,-0.9572490743765321,0.28926494707321976,45.36170234192648,11.020176420259507
289,-0.9429866787995621,0.33283047277340977,45.36167096307459,11.020182622381702
290,-0.9558766991577295,0.2937681671102628,45.36163835697552,11.020191401638579
291,-0.9470623007333608,0.32104983807756887,45.36159883302726,11.020199853904426
292,-0.9550721801681835,0.29637329614658736,45.36156923875807,11.020204988483734
293,-0.9596993342980553,0.28102880234571953,45.36154004361881,11.02022055664022
294,-0.956085965814714,0.2930863797110772,45.36151564170732,11.020234606697734
295,-0.9488851671185516,0.31562151324394583,45.36147531472395,11.020239238745516
296,-0.9527164530515131,0.30386075772456045,45.36144437024884,11.020246888712027
297,-0.9550825785780174,0.29633978486994483,45.361415117126576,11.020268936841562
298,-0.9570185809557474,0.29002661206421626,45.36137992817714,11.020266004224425
299,-0.9551485406052672,0.29612711017336507,45.36134692160863,11.020277811048075
300,-0.954659519115708,0.2976998531436742,45.361308756835044,11.020295727156292
301,-0.9522071312430638,0.30545307202556454,45.36127648073255,11.02029548555712
302,-0.9531717787598655,0.3024294300754379,45.361246670081606,11.020309472342026
303,-0.952963739165973,0.3030843312261579,45.36121415314144,11.020317377477609
304,-0.9611128267418619,0.27615599626346626,45.3611820628976,11.020327854383865
305,-0.9577686959511285,0.2875397799541392,45.36115430429511,11.020343226721065
306,-0.9506849005253856,0.3101583787567856,45.361119127604006,11.020352382657663
307,-0.9555599106091358,0.29479697630176005,45.36108830378526,11.020363217372848
308,-0.9572061898538068,0.2894068245663154,45.36105829391853,11.020372883498178
309,-0.9459994823686111,0.3241681343968278,45.361012812167935,11.02038181935195
310,-0.9606152632885927,0.2778818380840816,45.360986871861165,11.02039030421282
311,-0.957480665842542,0.28849744286166995,45.36095743079824,11.020403311549082
312,-0.947430432293628,0.31996183516774196,45.3609295341587,11.020410871414045
313,-0.957300447598782,0.2890948858544055,45.360902743907175,11.020420620805405
314,-0.9513512874144409,0.3081083055272704,45.360855578149256,11.020441116296112
315,-0.9586549131871617,0.2845711816437419,45.36082440276357,11.020439606408619
316,-0.9517448365574603,0.30689047897615385,45.360802623183666,11.020454064692426
317,-0.9538881354048432,0.3001623313040322,45.36076798456996,11.02046078873211
318,-0.9520452280072619,0.30595732354137367,45.36072552248077,11.020468663282868
319,-0.958018098376671,0.2867077312922467,45.3607000571964,11.020485244899744
320,-0.9569376992136911,0.29029336854914084,45.36067194524826,11.020495695665046
321,-0.9419273496884478,0.33581671773289756,45.36063574792281,11.02050891899835
322,-0.9523397889345027,0.30503922110474063,45.3606086550738,11.020510352302061
323,-0.9527352395636417,0.30380184873303556,45.360582099987184,11.020520201124151
324,-0.9535391622040713,0.30126909257864093,45.36054698324536,11.020538087003361
325,-0.9534614730622107,0.30151487423680967,45.36050375648679,11.020530513219194
326,-0.9508490698777653,0.30965472112110387,45.360481105002364,11.020557303089166
327,-0.9562474763016878,0.2925589924556294,45.360440746349326,11.02056689715468
328,-0.9542256581785985,0.2990876013371676,45.3604154506551,11.020570894637608
329,-0.9580242479432656,0.28668718205169275,45.36038315361687,11.020591020931725
330,-0.9507815383763787,0.30986201168043603,45.36035802545455,11.020597120826721
331,-0.958640154566536,0.28462089531980606,45.36031250935454,11.02061128713103
332,-0.9473109063001411,0.3203155425589044,45.36027963890327,11.020630995175775
333,-0.951436376989596,0.3078454491151548,45.360246143090244,11.020618139171866
334,-0.9524007868235977,0.30484871864220103,45.360208952958644,11.020640411647417
335,-0.9527696572691945,0.30369389224536875,45.36017892220284,11.02064023692322
336,-0.9620848631985267,0.27275028140090357,45.3601537019135,11.020654782229457
337,-0.941112460588812,0.33809368010134655,45.36012054121142,11.020667153332527
338,-0.9469289530877372,0.32144293086668135,45.3600831340635,11.020667301771095
339,-0.9547056512695735,0.29755187687853624,45.36005081190295,11.02067975220706
340,-0.9461555582764042,0.32371230984110877,45.36002418023696,11.020704476599303
341,-0.9577497543402064,0.28760286518265826,45.35998914401585,11.020704840876729
342,-0.9539261120963739,0.3000416182143676,45.35995833506797,11.020711279844466
343,-0.9621461826621526,0.2725338936511341,45.35992926092265,11.02072236025764
344,-0.961772796602812,0.2738486584133761,45.359890218330726,11.020744503384051
345,-0.9575132298226497,0.28838934570229463,45.35985531919398,11.020750520444969
346,-0.9555250391944509,0.2949099853725593,45.359833274599936,11.020752061886432
347,-0.9514742897266597,0.307728250229238,45.35980175885238,11.020759248202657
348,-0.937999041598538,0.3466378484242945,45.35977526944551,11.020776171287872
349,-0.9475604419523539,0.31957660872951854,45.3597246339763,11.020790473721416
350,0.11883238639092837,0.9929143286027436,45.359701459077854,11.020797495717732
351,0.1377715873394036,0.9904640274749917,45.359697475070384,11.020802263695769
352,0.1656906001807749,0.9861777857018148,45.359709854664985,11.020818598616911
353,0.16654115746830103,0.9860345038938133,45.35969994428319,11.020820822135684
354,0.13687001785391312,0.9905890157944764,45.35969740803871,11.020832916333339
355,0.11479860602814913,0.9933887859513987,45.359705752601926,11.020842301455906
356,0.11433735139811338,0.9934419812325551,45.35971162333458,11.020842922679565
357,0.1118809515518192,0.993721617295236,45.359707540098064,11.020851354935001
358,0.14331993795360928,0.9896764094313725,45.359708095020714,11.020855210927596
359,0.12504664844222563,0.9921508633838739,45.3597119360858,11.0208717019486
360,0.9532264275658736,-0.30225713852612696,45.359705239041666,11.020869776563528
361,0.956440776334645,-0.291926431424737,45.35973486339202,11.020861547280402
362,0.9568525407323002,-0.29057394118217433,45.35977001519036,11.020849687750921
363,0.9569051576574628,-0.2904006185402267,45.35980916714985,11.020833668236294
364,0.950737424142896,-0.30999733923717976,45.35982971356699,11.02082970799914
365,0.9551465141809196,-0.29613364626134325,45.359867445707465,11.02081987645707
366,0.9531878564735288,-0.3023787530092012,45.35989501536952,11.020809188330354
367,0.9613529043607218,-0.2753190753965382,45.359929652033514,11.020800516434978
368,0.9534613586484905,-0.3015152360398637,45.359964524440066,11.020797084918076
369,0.9556296363580443,-0.2945708711230489,45.35999639148748,11.020777902322283
370,0.954032524588359,-0.29970308978647886,45.36002931549651,11.02076897434724
371,0.9528136550964192,-0.30355582462176833,45.360059179101995,11.020762805831747
372,0.9549819878915177,-0.29666378748132577,45.360099239174694,11.020753324400566
373,0.9487407376119844,-0.31605539513741543,45.360123094577,11.020737434918956
374,0.9561756083325088,-0.2927937943843017,45.36015270901129,11.020723433079807
375,0.9573432258123554,-0.2889531934261903,45.360177722846515,11.020725168429987
376,0.9554702093245386,-0.29508757868355334,45.36021296033444,11.020708704274938
377,0.9503236945387731,-0.3112633540881045,45.3602573992418,11.020695613267693
378,0.9558947264875699,-0.29370950252461,45.36028781640727,11.020692024002502
379,0.9633419594074147,-0.2682764791126552,45.36031418487239,11.020681580364027
380,0.9590915221541045,-0.28309618883362386,45.36034684737273,11.020671825336464
381,0.9479799444612285,-0.3183300565439684,45.36038933088741,11.020657758912282
382,0.9526963618911409,-0.30392374379008985,45.360418001141305,11.020652013170515
383,0.9565834607091448,-0.29145854370341595,45.36045767140726,11.020636682271638
384,0.9572540160333223,-0.28924859340725595,45.360482137972454,11.020632648795374
385,0.9483158547873853,-0.3173279684472686,45.36051106826168,11.020614219721544
386,0.9573374506806019,-0.2889723265718815,45.36055288657168,11.02061341842642
387,0.9549585038084746,-0.29673937386851706,45.36057688333799,11.020604642493579
388,0.9559736013637472,-0.29345267675662356,45.36060343728474,11.020592773096153
389,0.9545135945540553,-0.298167398974966,45.36064093163641,11.020576468512118
390,0.9436270920854475,-0.3310104395368254,45.36067033000126,11.020570650057625
391,0.9620017143775537,-0.2730434059534264,45.36071112380659,11.020562694160907
392,0.9510603564446363,-0.3090051753602217,45.36074229729261,11.02054129713497
393,0.9513635443809266,-0.30807045691361024,45.36077213152516,11.020548979556438
394,0.9481567528182963,-0.31780303976687246,45.36080292325043,11.02052419792308
395,0.9497985176944163,-0.3128622313183388,45.36084138744884,11.020516234209566
396,0.9532540237864149,-0.3021700947066225,45.3608732680551,11.020514166306091
397,0.9598815905449268,-0.28040565638542586,45.36091001325916,11.020501512070465
398,0.9618767508369311,-0.27348330150008854,45.360940655518384,11.020493555391623
399,0.9505044737958994,-0.3107108708976568,45.36096935578001,11.020482244208717
400,0.9443146931527209,-0.329043705753328,45.36099872378752,11.020472921136081
401,0.9596375670955506,-0.28123964837649157,45.36102885531105,11.020464169033627
402,0.9584619505206678,-0.2852204224877959,45.36105600606237,11.020441298349294
403,0.94969055850911,-0.31318978763467803,45.361103035217475,11.020434256860144
404,0.9495272426818342,-0.31368457948237294,45.36113141938548,11.02042960303049
405,0.957302029044775,-0.2890896490481054,45.36116391122692,11.020420957602198
406,0.9535259470662126,-0.3013109162833008,45.36119381631826,11.02040487783432
407,0.9496868625070047,-0.3132009948604914,45.36122560825249,11.020397773186502
408,0.9605119098138628,-0.2782388741813872,45.361263816344355,11.02039123774412
409,0.9521325284385632,-0.30568553824017997,45.36129271037439,11.020379051040845
410,0.9526955810217504,-0.3039261915360856,45.361324591993906,11.02037426824215
411,0.9595078575546037,-0.281681861842353,45.36135970594254,11.020360230505856
412,0.9567392972903074,-0.2909465879168354,45.36139736047526,11.020356399211927
413,0.9540559817972081,-0.299628409195399,45.36141581463891,11.020338225303307
414,0.9584958381279598,-0.2851065209555543,45.36146406874945,11.020333194015546
415,0.9548919379481404,-0.29695350956276745,45.361488575886774,11.020319811731625
416,0.954633454088758,-0.29778342521800505,45.36151460439044,11.020311136214184
417,0.9506564736321357,-0.31024549818057395,45.361554803257974,11.020299253507636
418,0.950937554996664,-0.30938288009676074,45.36158997926691,11.020291126558243
419,0.9648867900269154,-0.262666104458789,45.3616183539448,11.020282687448441
420,0.9513694575326838,-0.3080521956973638,45.36164443650531,11.020271827422793
421,0.9543878480946978,-0.2985696491761546,45.36167609383263,11.020267936832068
422,0.9503576910755809,-0.31115953948656433,45.36171265072262,11.020253399469333
423,0.946274286408868,-0.32336507987317925,45.36174752386263,11.020244799199837
424,0.9511936737435384,-0.3085945479594077,45.36177766285312,11.020230844180459
425,0.9469552872389468,-0.32136534344917106,45.361805026077924,11.020227198824015
426,0.9615140493230486,-0.2747557696471433,45.361839821671055,11.020211108987622
427,0.9580287129364825,-0.2866722609344454,45.36187325566823,11.020189199833771
428,0.9571554591830853,-0.2895745619974535,45.36191043651258,11.020201640221357
429,0.9612486512704081,-0.2756828439181901,45.361936455865994,11.020180491378277
430,0.9579672369257743,-0.28687762718064513,45.361974394007056,11.020172621189687
431,0.9424738316770459,-0.33427993748352197,45.362003015691705,11.020162030563295
432,0.9486054953482217,-0.31646107848383964,45.3620371794093,11.020154816801247
433,0.9543701933456987,-0.2986260773162544,45.36206581925582,11.020143552118556
434,0.957705908636983,-0.2877488359000096,45.36209529224717,11.020120388307422
435,0.9414207844726108,-0.3372342013541541,45.36213345350951,11.020120605276349
436,0.9435392044579829,-0.3312608785395534,45.36216667759935,11.020117057061146
437,0.9450304705299086,-0.3269822774555519,45.36220245455659,11.020104579287988
438,0.9614525291740723,-0.2749709696400324,45.36223748182393,11.020089799659837
439,0.9539506286806619,-0.29996366119876905,45.36225695407659,11.02008296011492
440,0.10827243263867165,0.9941212603754657,45.362295148917255,11.020071145963312
441,0.15298826465915544,0.9882280055111675,45.3622967365132,11.020079414660437
442,0.12274159965361003,0.9924386629482312,45.362303664702814,11.020075064915178
443,0.13795113346395663,0.9904390363752883,45.36230032530861,11.02008225075968
444,0.12570275811962317,0.992067949588696,45.36229944103161,11.02008946038543
445,0.11454438613242213,0.9934181313050143,45.36230270651386,11.02009725690546
446,0.14301175822132284,0.9897209894765524,45.36231042747855,11.020101899734362
447,0.11697056672720964,0.9931353817680223,45.3623023245418,11.020116336920651
448,0.11634308641108299,0.9932090848579384,45.36231335877093,11.020112961834466
449,0.1077185621058546,0.9941814277976868,45.362310182287416,11.020121259866528
450,-0.9651017709432357,0.26187510710686174,45.362309625660245,11.02012299118098
451,-0.9516940318305062,0.30704799263013505,45.3622606906444,11.020131685021259
452,-0.9620733884993845,0.27279075340141656,45.362243132170974,11.020145551096725
453,-0.9577212759699588,0.2876976843050254,45.36221073547714,11.020153333957849
454,-0.9671147460457331,0.2543404568307944,45.36217632751224,11.020160707215211
455,-0.9590840123569792,0.2831216297657915,45.36214526457896,11.020175660486549
456,-0.9560850632183902,0.2930893240817328,45.36211289278691,11.020186642186266
457,-0.9569479501507615,0.29025957469522984,45.362082993719696,11.020188964839056
458,-0.9597974343392726,0.28069357854384513,45.36205199031014,11.02020417898951
459,-0.9566039648443331,0.291391239477274,45.36201881083198,11.020210514356807
460,-0.9569499928398526,0.2902528401304734,45.36198508396775,11.02022169318414
461,-0.9554626979379752,0.2951118988605603,45.36194557287526,11.02024051017711
462,-0.9559504156703817,0.2935281975886206,45.36191093237726,11.020251018894735
463,-0.9512004779134147,0.3085735743988646,45.36188542820025,11.020249846152176
464,-0.9555448580118211,0.2948457636242528,45.36185280832203,11.020259112221648
465,-0.95358736734544,0.3011164771964377,45.36181868670303,11.020277056180552
466,-0.9549273585351504,0.29683958617590134,45.36178857860369,11.020281311233267
467,-0.9567340710907085,0.2909637730271573,45.3617519299473,11.020294348423743
468,-0.9540323126893754,0.29970376431496804,45.361727638660895,11.020300854477053
469,-0.9532984037671056,0.3020300537613573,45.36169346916678,11.020310876199853
470,-0.9444773277460634,0.3285765928572135,45.36165487665868,11.020329938926864
471,-0.9572587740315357,0.2892328465780492,45.36163252619093,11.020329122077131
472,-0.9461978329831261,0.3235887217719989,45.36160367859996,11.020354161199228
473,-0.955618004347212,0.2946086043676454,45.36156216578696,11.020356610697458
474,-0.9481192204886643,0.3179149945189243,45.36153384896811,11.020361213433425
475,-0.945614528570193,0.32528935327946334,45.36149947276249,11.020372070555958
476,-0.9468930446983285,0.3215486928941389,45.361464953055936,11.020389124412878
477,-0.9510234225364432,0.3091188279401139,45.36143922898924,11.020398349564742
478,-0.9558576206404857,0.2938302385111329,45.36139587965523,11.020419869696235
479,-0.95291866016853,0.3032260330225848,45.3613669358502,11.020405849969324
480,-0.9492078875377885,0.3146496245604769,45.36133642605424,11.020431184041916
481,-0.9505047690665124,0.31070996762546255,45.36131129427794,11.020439822640967
482,-0.9646808467150173,0.2634214569491202,45.36126260541718,11.020445082774552
483,-0.9519279993648856,0.30632186344622275,45.36123759691396,11.020453093955238
484,-0.955141086719867,0.2961511513730642,45.361199698551204,11.020467525543852
485,-0.9541580619605979,0.2993031787261803,45.36117023151045,11.02047897498419
486,-0.9458173975450704,0.3246990152449962,45.36113938366486,11.02048472137268
487,-0.9599067517333257,0.280319510517508,45.361111640328346,11.020501893838631
488,-0.9448102176029102,0.32761815076875933,45.36107609501101,11.020503343419954
489,-0.9558280819436608,0.2939263135003441,45.36104351353108,11.020515514065607
490,-0.9420380537929608,0.33550604347160545,45.36101514662413,11.020527301695724
491,-0.9596498582172501,0.2811977055802764,45.36097840294216,11.020534259606858
492,-0.9500439529300706,0.31211614424922934,45.36093666250575,11.02055257136139
493,-0.9473596196807266,0.3201714400104875,45.36091104392858,11.02055395516278
494,-0.949827501910651,0.31277422626260676,45.36087579033448,11.0205663442173
495,-0.9528978869731425,0.3032913071654382,45.36085127822918,11.020579095239631
496,-0.9482083253021624,0.3176491332078031,45.36081528769711,11.020591663089112
497,-0.9466278634162496,0.3223285407840674,45.36077108730858,11.020593149804876
498,-0.9700595499665603,0.24286718493587073,45.36075198231245,11.020616020872934
499,-0.9552530024814846,0.2957899613748052,45.36072113815717,11.020629755784556
500,-0.9636787104561408,0.2670643050158321,45.36067728729145,11.020630173035677
501,-0.950188995603258,0.31167430538058744,45.360664790192196,11.020643348854604
502,-0.9457755510523241,0.3248208845374209,45.360624131903535,11.020645478112067
503,-0.9531283898429534,0.3025661456200595,45.36058718151937,11.020658046678838
504,-0.9524862843065005,0.30458148040876715,45.360554913549,11.02067271399796
505,-0.9599325635922763,0.2802311070440973,45.36052315976978,11.020678934666988
506,-0.9536320843010938,0.30097482916608087,45.360496395114374,11.020693001845814
507,-0.9484201768015112,0.3170160378211015,45.360460507577436,11.020702999615136
508,-0.9442434357822689,0.329248134363881,45.36042021792991,11.020708091574525
509,-0.9519570462870264,0.3062315823432982,45.36039165102919,11.020713634124029
510,-0.9554871259110255,0.29503279854668385,45.36036476420358,11.020722469772029
511,-0.9548683877111875,0.2970292277703277,45.360326321961175,11.020756212644246
512,-0.9612938269988327,0.2755252768330673,45.36029406383458,11.020750123465595
513,-0.9540094815740002,0.2997764318069507,45.36026107561474,11.020754360446514
514,-0.9455257421076434,0.3255473406615238,45.360228692862925,11.020776312041695
515,-0.94951770115239,0.31371346033965547,45.360190846456426,11.02078741823339
516,-0.9565518385975114,0.2915623090794154,45.360165115488336,11.020795089369198
517,-0.9552935077178816,0.29565911809390505,45.360139360003714,11.02080200216279
518,-0.9485858840651812,0.3165198580694089,45.36011000961248,11.020817686242754
519,-0.9512173273834271,0.30852162985037196,45.36006812434755,11.020812127773773
520,-0.9470847719763774,0.3209835427096743,45.360027877257174,11.020824945633459
521,-0.9579762835498853,0.28684741615700454,45.36000611201264,11.020841941342775
522,-0.9563262785336891,0.29230129829664614,45.35995933602784,11.020851887888375
523,-0.9558010606648862,0.29401417046101447,45.35993251079493,11.02086807747117
524,-0.9588733349832009,0.2838343310070051,45.35990814254182,11.02086575288441
525,-0.9519434062868328,0.30627398065624495,45.359865343142324,11.020881633817945
526,-0.957281822323347,0.2891565538757369,45.35982883366803,11.020886649823787
527,-0.9525144530568346,0.3044933771329672,45.35979984129839,11.020910498102102
528,-0.9518503894345148,0.3065629399215804,45.35977847810205,11.020919414315772
529,-0.9579996466113676,0.28676937962846516,45.35974441876996,11.020920555571223
530,0.12191414903793303,0.9925406491748117,45.359709514786445,11.020935542117016
531,0.12363446171561417,0.9923278288329368,45.359714974910204,11.020942754029424
532,0.15101856662162347,0.9885309264436547,45.35971586374711,11.020946953996194
533,0.11259436333636824,0.9936410364638116,45.35971361421888,11.02096360324412
534,0.1298051803215407,0.9915395177004759,45.35971457963447,11.020961032374176
535,0.1406827384659427,0.9900547293446575,45.3597168749101,11.02096889204955
536,0.10335297943080464,0.9946447414241809,45.35972206529157,11.020980644642506
537,0.11652963992540497,0.9931872144861992,45.35971877071155,11.020990597768854
538,0.13347086348127285,0.99105273754809,45.35972828572973,11.02099338935101
539,0.15014064014700104,0.9886646489969432,45.35971974858915,11.021004938372053
540,0.9502657294374034,-0.3114402726957445,45.35972447440528,11.021006869528719
541,0.9515896961148955,-0.3073711929377259,45.359761887148395,11.02099307524944
542,0.9525436046201025,-0.3044021703229823,45.35979166267193,11.02099159606163
543,0.9544039886718765,-0.29851805038759843,45.359819679071975,11.020979984720867
544,0.9507284556709903,-0.31002484348428255,45.35984955249556,11.020964080567929
545,0.9421874911288419,-0.3350861554292246,45.35989051522299,11.020960798073284
546,0.9456091368489206,-0.32530502656405325,45.359924537014756,11.020941477835807
547,0.961160730538481,-0.2759892209321474,45.359958862304765,11.020936552808855
548,0.9586729452297508,-0.2845104287798872,45.35998401003372,11.020926454077117
549,0.9542776379096461,-0.298921711800241,45.360015235668435,11.02091893875829
550,0.9587220618577236,-0.28434487529631225,45.36004381959112,11.020899813344368
551,0.9515958011139523,-0.3073522918448721,45.36007900731294,11.020898886081318
552,0.9563004587216081,-0.29238575999668975,45.36011354871705,11.020884328876013
553,0.9523872884519389,-0.30489088670401954,45.36015181133468,11.020875840443482
554,0.9557662174963389,-0.29412741710479995,45.36018384605891,11.02086639480064
555,0.9500340111031129,-0.3121464043479123,45.36021400762881,11.020862546844556
556,0.9508234831215232,-0.3097332787167929,45.36025333038427,11.02084888054421
557,0.9640693449720444,-0.2656507069163814,45.36027668683482,11.02083679323913
558,0.9573481029249975,-0.2889370343620013,45.360302789338746,11.02082649234534
559,0.9548359298334501,-0.297133550948207,45.360341388682286,11.020815180938865
560,0.9555152161916954,-0.2949418105764889,45.360370116982516,11.020804246563022
561,0.9510240700791265,-0.30911683572742005,45.360414815571126,11.02078435504751
562,0.9520527890034068,-0.3059337950453244,45.3604364646156,11.020788403520761
563,0.9559590804854288,-0.29349997689514995,45.360471936829434,11.020767998914016
564,0.9537544167693068,-0.3005869466444598,45.36050963762609,11.020766708670894
565,0.9522260286924131,-0.30539415560988653,45.360539388211976,11.020751927565826
566,0.949654037619667,-0.3133005088292453,45.36057519945857,11.020750002637616
567,0.9501823701512998,-0.311694503406233,45.36060114306831,11.020737624706788
568,0.960832219300981,-0.2771307387374264,45.360633057471404,11.02072385465747
569,0.9494476260727638,-0.313925477374477,45.3606649053314,11.020714421803822
570,0.9477895846115248,-0.3188963833315035,45.36069174712042,11.020698584787835
571,0.955516582140699,-0.29493738531111463,45.36072927436573,11.020684058961786
572,0.9588409234211324,-0.28394380354730453,45.36075275241338,11.020685117282879
573,0.9529354269051337,-0.3031733368044271,45.360796021619265,11.020671498157501
574,0.9572684042135922,-0.2892009721532116,45.36082118229379,11.020666885334919
575,0.9634925229269823,-0.26773523911468666,45.360867518639175,11.020642155589679
576,0.9567068783388181,-0.2910531720136271,45.36089836111672,11.020638242534503
577,0.9468411662427155,-0.3217014235407334,45.36092887387762,11.020635782986929
578,0.9591576790153868,-0.28287196182339475,45.360958707473515,11.020622853903658
579,0.9585151204878706,-0.2850416878214887,45.36098315857481,11.02061091135438
580,0.9517399341067723,-0.3069056822974067,45.36102701842759,11.020608305162087
581,0.9471600879147505,-0.32076123185528854,45.36105014884513,11.020601112847741
582,0.95743615293308,-0.28864513343672316,45.36108882658627,11.020578855054517
583,0.9621833530311434,-0.2724026342562532,45.36111760306479,11.02056168442594
584,0.9502721174309203,-0.31142078099149884,45.36115001362035,11.020571045450376
585,0.9578291306828111,-0.28733840052351245,45.36119109311911,11.020552096121012
586,0.9500027171012599,-0.3122416331949081,45.361210480887046,11.020541155167567
587,0.9540176131504882,-0.2997505526244204,45.36126175149893,11.020535153111183
588,0.9557139969443664,-0.29429705408757245,45.36128588882985,11.02051728506207
589,0.9565830624683234,-0.29145985074916214,45.3613198065114,11.02051035867977
590,0.9550325251887615,-0.29650105536334553,45.36134093277497,11.020500456667454
591,0.9559817729790169,-0.29342605496427127,45.3613775696013,11.020496439968015
592,0.9535609068227873,-0.3012002605897008,45.361417511248064,11.020486087764338
593,0.9635187135261954,-0.26764096974272344,45.361443595503225,11.020471474111938
594,0.9584284314290658,-0.2853330366929503,45.361487325725605,11.020459735855145
595,0.9623159676434909,-0.2719337757954531,45.3615056294355,11.020458215509684
596,0.9621424212217982,-0.2725471725875283,45.36154572710098,11.020437525592875
597,0.954008868498137,-0.29977838285457536,45.36157229391742,11.020436574510953
598,0.9505551839124058,-0.3105556992509596,45.361611169295955,11.020410052416828
599,0.9540304857203605,-0.2997095799539498,45.361640116486114,11.02040561619562
600,0.9603400500549831,-0.2788314692791913,45.361676781157854,11.020406221826992
601,0.9557882755141779,-0.29405573007447744,45.36170586186269,11.02039199967671
602,0.9508120692885141,-0.3097683148666013,45.36173988927071,11.02038890630452
603,0.9505003679356993,-0.3107234309705343,45.36176702220918,11.020374349170746
604,0.9518875744266667,-0.30644745985587324,45.36180290784589,11.02035852375894
605,0.9534382152342913,-0.30158841113485974,45.361833443275366,11.02035387781177
606,0.9535514410021734,-0.3012302265090253,45.36186805208363,11.020338157601447
607,0.9613636118910119,-0.2752816843378209,45.3619072728138,11.020325906556886
608,0.9466414390739746,-0.32228866847587817,45.36193584794535,11.020317365410314
609,0.9540474363178991,-0.2996556177601953,45.361969916156724,11.02030615139255
610,0.95085587556941,-0.309633822272585,45.361996610346374,11.020296290195407
611,0.9492788307696395,-0.31443552829256766,45.362028406366726,11.0202913560591
612,0.952378152577368,-0.30491942295189983,45.36206554725213,11.020285473342046
613,0.9466429968480592,-0.32228409287230636,45.36209110185027,11.020270792842142
614,0.952999068893794,-0.30297322437397256,45.362129631152904,11.020262157172379
615,0.9598523755090498,-0.2805056456288076,45.36216470325943,11.020250572642661
616,0.9568786309270254,-0.2904880129630507,45.36219078837883,11.02023572666423
617,0.9576728454200868,-0.28785885629070807,45.36222689576554,11.020226029600927
618,0.946410247015774,-0.3229669400163763,45.36225829368766,11.02021770841837
619,0.9570668338681139,-0.2898673412264034,45.36229297256946,11.020209845848031
620,0.13399540804530213,0.9909819527230418,45.36232298488817,11.020199224475835
621,0.11788597297534287,0.9930271382875983,45.36232067720813,11.020203511765178
622,0.11120202139474726,0.9937978217110974,45.36232349415953,11.020207446720367
623,0.13488225849584307,0.9908616332985452,45.36232636421464,11.020209806152998
624,0.12147407731341595,0.9925946043278969,45.36232275432473,11.020227633247725
625,0.10828812245643141,0.9941195514297367,45.3623316693303,11.020224119619899
626,0.13796434163586851,0.9904371966141928,45.36232511916913,11.020229638140329
627,0.1411677274300521,0.9899856931957323,45.36233278415164,11.020239813517403
628,0.14067600312016695,0.990055686386445,45.36233370824871,11.02024237128268
629,0.14049198488586218,0.9900818159035296,45.362339714826696,11.02024866335645
630,-0.9560890068026261,0.29307645942853894,45.36233433727504,11.020254314690874
631,-0.9623311111640487,0.2718801803842409,45.36229932519511,11.020270668046306
632,-0.9505348269882217,0.31061800122090716,45.36227019119039,11.020280419923322
633,-0.9621325086926713,0.2725821632402728,45.36224113669053,11.020278863548516
634,-0.9550978951033666,0.29629041626269065,45.362200432145926,11.020295923800038
635,-0.9616211550881523,0.2743806736760586,45.36217471017222,11.020306612267829
636,-0.9592733214947192,0.2824795473454477,45.362150406599866,11.020309937078641
637,-0.9485903348568097,0.31650651907385063,45.36211227805241,11.020316410410185
638,-0.9570011047081275,0.2900842732507636,45.362077297536764,11.020342117055213
639,-0.9437891485640462,0.3305480949162356,45.36204532026115,11.020341237288765
640,-0.9440628342855231,0.32976562119296926,45.3620098673285,11.020361649809466
641,-0.9497970025843065,0.3128668309071237,45.3619795154496,11.020364156588117
642,-0.9623614421353817,0.27177279976316326,45.36195123498382,11.020381377505226
643,-0.9628386592135013,0.27007724140317163,45.36191486671401,11.020384047448372
644,-0.9594436070284408,0.2819006295350455,45.3618809387096,11.020395435509343
645,-0.9480267739288429,0.31819056540706947,45.36184934554194,11.020413512859706
646,-0.9539861444008715,0.29985068999613734,45.3618187742122,11.020420825866685
647,-0.945973266599254,0.32424462814291444,45.361788669858605,11.02042383143302
648,-0.9555901872511265,0.2946988191855489,45.36175360743781,11.020437004829942
649,-0.9498971116064858,0.31256275747704715,45.36172072280024,11.020454160245063
650,-0.9514139146333037,0.30791486330174567,45.361693925285465,11.020458491944803
651,-0.9474789722509853,0.3198180688175961,45.361650786039206,11.020479553526483
652,-0.952255701162956,0.30530162070098327,45.3616191644393,11.02048934479603
653,-0.9474282138641478,0.31996840402482035,45.36159202215002,11.02049467971567
654,-0.9508620790574911,0.30961477130535225,45.3615529053888,11.020500830607718
655,-0.9535024942514253,0.30138512480928903,45.36153486813164,11.020512302225296
656,-0.9538972297869078,0.3001334286694224,45.361498134647334,11.020516544463675
657,-0.956816545886003,0.29069244489456286,45.3614621551691,11.020538968086232
658,-0.9516337846354188,0.3072346659159237,45.36143253636422,11.020543356104607
659,-0.9537980922134223,0.3004483304830232,45.36140547037004,11.020546139659357
660,-0.9507937605281399,0.30982450668202166,45.36136836332541,11.020558667443568
661,-0.9556382495656518,0.2945429272060305,45.36133423983823,11.020576727980316
662,-0.9459186974526662,0.3244037882168631,45.36129890149159,11.020589163396838
663,-0.953402971115566,0.30169980886306685,45.36126627388626,11.02059815381257
664,-0.9575612193468738,0.28822996236152865,45.361238439549325,11.020603417753497
665,-0.9645072823081117,0.26405624850516324,45.36120567633259,11.02061766221298
666,-0.9579904561326685,0.2868000801232833,45.361166507376,11.0206191254895
667,-0.944863725028551,0.32746380124400143,45.361138615732294,11.020633993386898
668,-0.9486982588744644,0.3161828800054799,45.36110897130606,11.020645970966987
669,-0.9605724046339561,0.2780299542418752,45.36108333244616,11.020659762722492
670,-0.9558108901505252,0.2939822142063371,45.36104424537442,11.020667126039516
671,-0.9497978376141888,0.31286429592302634,45.361020457117746,11.02067350279236
672,-0.9543684542920434,0.2986316350492958,45.36098442392699,11.020697708342405
673,-0.9595624186224788,0.2814959409429888,45.360953709507235,11.020697875050116
674,-0.9589414856531987,0.2836039969627299,45.36090776911968,11.020706183998715
675,-0.9626074189308557,0.2709002713532716,45.360877682437795,11.020719987898456
676,-0.9494731282092205,0.31384833727231554,45.36085502147805,11.020737934929185
677,-0.9630669016659628,0.2692622196215481,45.36081854541454,11.020746380001604
678,-0.9447354704198946,0.3278336330068965,45.360791611162426,11.020747922555435
679,-0.9559833719953392,0.29342084532020024,45.36074993091278,11.020752283745237
680,-0.9526824413238169,0.30396737652796263,45.36072839968457,11.02076018283741
681,-0.9511816485065812,0.30863161138208556,45.360688031233344,11.020789690830059
682,-0.9526725201883817,0.3039984692032472,45.36066317869872,11.020793158181315
683,-0.948845495346543,0.3157407575220109,45.360625477083744,11.020794900579904
684,-0.9496711235475129,0.3132487144427002,45.360592329650274,11.020820470465019
685,-0.9544751933156638,0.2982903038065875,45.3605526256483,11.020813876704405
686,-0.9543908881771709,0.2985599312774422,45.36053067640274,11.020832026395569
687,-0.9601988909754233,0.2793171848804995,45.360499534628815,11.020830847846884
688,-0.9553903675538166,0.29534597607785895,45.360470671715824,11.020856241131678
689,-0.9581238994031308,0.2863539652118323,45.36042581680242,11.020864680433597
690,-0.9582376453183648,0.2859731020475805,45.360408252440365,11.020876669703528
691,-0.9563673431486278,0.2921669128406481,45.36036218489818,11.020874896530838
692,-0.9494478674886737,0.3139247472264808,45.36034144232853,11.020892626056566
693,-0.9624985688267234,0.27128675789007717,45.36030969125088,11.020905390452826
694,-0.962884007185642,0.269915521424983,45.36027576872928,11.020911118924419
695,-0.9443469172030458,0.3289512121411075,45.36024575558619,11.020928876622436
696,-0.9481055030316848,0.3179559012206503,45.360206660325325,11.02093273896505
697,-0.9499586390092067,0.3123757099580177,45.36018389122616,11.020945353184182
698,-0.9483217785848643,0.3173102649799396,45.36013871562075,11.02095648740024
699,-0.9603194411947593,0.2789024396870439,45.36010166039454,11.02096519024128
700,-0.9571858437167919,0.2894741103936123,45.36007793763175,11.020980274247833
701,-0.9544751570375314,0.2982904198900459,45.36005201968696,11.020981806005214
702,-0.94700655777797,0.3212142268417142,45.36001587545469,11.021003882530593
703,-0.951216298949016,0.3085248006461329,45.359982409833925,11.021009472888993
704,-0.9597061309046622,0.28100559123263635,45.35994622828515,11.021013941483966
705,-0.953007145054086,0.3029478197245531,45.35990973702731,11.021017569108139
706,-0.9557711468353001,0.29411139875417164,45.35988468170423,11.021046316494113
707,-0.9478750968470657,0.3186421202182252,45.35984591754341,11.021037778670188
708,-0.9512238091561075,0.30850164488142556,45.35982436908083,11.02105759997358
709,-0.9538694326600592,0.300221760431813,45.359782522013994,11.021059041687172
710,0.09051848799620742,0.9958947752302351,45.359756591181245,11.021077258369377
711,0.118760576558412,0.9929229201984984,45.35976356921775,11.02109679116854
712,0.13524303485259218,0.9908124552728738,45.359765660970055,11.021088243290741
713,0.12346704100057024,0.992348673494636,45.35974910123414,11.021092921674306
714,0.13168134263392275,0.9912920982243969,45.35975834792936,11.021100621664958
715,0.12240373019388416,0.9924803911587486,45.35976440241108,11.021115552608872
716,0.1250958468114915,0.992144661382863,45.3597576386612,11.021119751377105
717,0.12938912533800576,0.9915938958284616,45.35974816512068,11.021126770159826
718,0.11541653361872765,0.9933171818545359,45.359750729499034,11.021132006602258
719,0.14935869596801496,0.9887830803258792,45.359751491469744,11.02113803497404
720,0.9506607698244605,-0.31023233344827894,45.35975166504331,11.021148323491069
721,0.9548102734742401,-0.29721598487976186,45.35978069642391,11.021137634643933
722,0.9578958572312082,-0.2871158767802449,45.35982542550753,11.021125655483983
723,0.9583354019255992,-0.2856453350154704,45.359845935117754,11.021119003907929
724,0.9474906100820482,-0.3197835890197436,45.35988171664921,11.021106729365057
725,0.9493131728881624,-0.31433183068376924,45.359917048432585,11.021097358730334
726,0.9547111642637383,-0.29753418766618644,45.35994761368359,11.021088944759816
727,0.9555355850673366,-0.29487581397941526,45.359975033747126,11.021080590101764
728,0.9555732620831178,-0.2947536951283718,45.36001150789082,11.02107561001554
729,0.954876186800609,-0.29700415465297514,45.3600437499519,11.02104927430614
730,0.9553740038630754,-0.29539890443709593,45.360072813302786,11.021050514540358
731,0.9543650276780834,-0.2986425856186808,45.360103408852176,11.021038344450544
732,0.9579403256867197,-0.286967476246388,45.36013839820585,11.021026272728504
733,0.9473150245910592,-0.320303362742324,45.36016878795162,11.02102225644313
734,0.950544447395703,-0.31058855987495343,45.36020880927448,11.021008221740914
735,0.9477240299132467,-0.31909115174977115,45.36023727791565,11.020995688924797
736,0.9420694120192257,-0.33541798243050475,45.36027604064138,11.020995602761825
737,0.9511820144266889,-0.30863048363890766,45.360299133212536,11.020974541999296
738,0.9451877551585975,-0.32652734571280706,45.36032251011127,11.02096776141063
739,0.9568248388042389,-0.29066514728677467,45.360364046562076,11.020959667516554
740,0.959725235853021,-0.2809403347098154,45.36040590946422,11.020952316080498
741,0.9497261742795593,-0.3130817686935988,45.3604331834593,11.020944337019214
742,0.9609861885611025,-0.276596358245739,45.36046625419825,11.020922180527304
743,0.9450090009182606,-0.32704432143590406,45.36050531702778,11.020919675432577
744,0.9614639018787251,-0.2749312011833819,45.36052435175959,11.02089902161974
745,0.9491225954679704,-0.3149068096630231,45.360561966999434,11.020896385326433
746,0.942636862411786,-0.3338199299359815,45.3605926027558,11.020885974555291
747,0.9613732509692513,-0.27524801964921203,45.360627563947105,11.020876324039667
748,0.9577585847082538,-0.28757345742895424,45.3606594545368,11.02086247236846
749,0.9460647322382871,-0.3239776572773159,45.36069093955209,11.020852760222168
750,0.9572932372985694,-0.2891187607583167,45.36072305363098,11.020832926328763
751,0.9526532698544921,-0.30405878943971415,45.3607532993951,11.020841377861238
752,0.9487488627180944,-0.3160310040029654,45.36078612430142,11.020823141780976
753,0.9506633902438241,-0.3102243034485188,45.360819804420316,11.02080995106816
754,0.9561033360298355,-0.29302970981219517,45.36084660023293,11.020806707441846
755,0.962745535629226,-0.2704090117322176,45.36087565176845,11.020796009532097
756,0.9548130698271434,-0.29720700141024026,45.36092721343412,11.02078371094863
757,0.953690351632734,-0.300790148114316,45.36095170085966,11.020777154381753
758,0.959709797099009,-0.28099306993621553,45.360984760357205,11.020763422900535
759,0.9544517578891198,-0.2983652826023313,45.36100940779571,11.020751760674045
760,0.9575077674559358,-0.28840748128567945,45.361054404584735,11.020739628326737
761,0.956051502815016,-0.2931987789284762,45.361080832106154,11.020724169544295
762,0.9524979128234093,-0.30454511335276574,45.36110642499692,11.020719952102839
763,0.9570681748981327,-0.2898629134559253,45.36114400026408,11.020712474002806
764,0.9521085380150464,-0.3057602522219835,45.36117932958711,11.020714556086997
765,0.9636768721215343,-0.26707093840037327,45.36120701762422,11.020694684659121
766,0.9582428565857779,-0.28595563957077036,45.361240266520454,11.020683544765882
767,0.9547794794982746,-0.29731489288127455,45.361264039564226,11.02067570942647
768,0.9428072484903702,-0.3333384049191111,45.361309833285716,11.020661806760689
769,0.9518128804982772,-0.3066793773920451,45.36134387356577,11.02065169812522
770,0.9525205877339051,-0.3044741860044229,45.36136605033617,11.020641782310959
771,0.9537858848993837,-0.30048708086488446,45.361404003414414,11.02062397656395
772,0.9584467858081922,-0.28527137741796893,45.36142676854677,11.02062128132648
773,0.9514479972442711,-0.3078095328930952,45.36146604162635,11.020624649973408
774,0.9459593174563901,-0.32428532146466443,45.361501212439585,11.020598533657715
775,0.9542623623354843,-0.2989704731740256,45.36152765069947,11.02059494076045
776,0.9438116790128448,-0.33048375838905414,45.36157321646888,11.02058284465098
777,0.9631280466620142,-0.26904342722507263,45.36160408330046,11.0205684084652
778,0.9528093507579538,-0.30356933492730537,45.36162168917355,11.020567877356083
779,0.9494325690985551,-0.3139710125710929,45.36166111426307,11.020554879187092
780,0.9580544776893097,-0.28658614373249774,45.36169915661518,11.020541614663193
781,0.9516324826629036,-0.30723869863810876,45.361724684460775,11.020528051910086
782,0.9599740688273776,-0.28008889156660494,45.36176352866884,11.020520007679245
783,0.9527812550257181,-0.3036575045534318,45.36179536588035,11.020512143300897
784,0.9520669480082989,-0.30588972933095193,45.36181684157226,11.020497034180364
785,0.9524979240029561,-0.30454507838751704,45.361853759333215,11.020483571198948
786,0.9520899880233351,-0.3058180091258944,45.36188793760563,11.020484194838989
787,0.9543945341885159,-0.29854827601425804,45.36192058832649,11.020472738257117
788,0.9558335687680297,-0.2939084701334282,45.36195351329831,11.020455371457722
789,0.9608396285717781,-0.27710504897249283,45.36198361600678,11.020461341889096
790,0.9568082760226579,-0.2907196638250483,45.36201523318733,11.020435807295348
791,0.9510714646575508,-0.30897098425926856,45.362047953381506,11.020437406895596
792,0.9559258994173729,-0.29360802922108004,45.36207571572606,11.020425786679331
793,0.9496991419956261,-0.3131637585876941,45.36211169446573,11.020414976122044
794,0.9485413608949322,-0.31665325937307187,45.362140479511076,11.02039985226771
795,0.957149639926407,-0.2895937961848449,45.36217579063318,11.020387304126587
796,0.956214697170156,-0.29266611166273915,45.362207129958065,11.02037268505823
797,0.9534846928170757,-0.3014414380332053,45.36224972326646,11.020376497327854
798,0.9546623977989006,-0.2976906216676192,45.362266614925595,11.020353972277029
799,0.9516164470377249,-0.30728836249896774,45.362309990321,11.020343775100505
800,0.13094830526109769,0.9913891977166417,45.362340080645296,11.020338445208221
801,0.128952002801521,0.9916508362188158,45.36233725513317,11.020348228501254
802,0.15001745293136812,0.9886833486086355,45.3623403613455,11.020343049453691
803,0.1414768099574412,0.98994157011627,45.36234763969974,11.020362794648719
804,0.12788675033545355,0.9917887774564892,45.36234938901837,11.020356468116166
805,0.09985849716154059,0.9950016485135281,45.362348573557874,11.020362801094487
806,0.12270091207008453,0.9924436942099886,45.36235057861134,11.020362525378603
807,0.12890226586857528,0.9916573026272469,45.36234748682245,11.020368729995006
808,0.13627856527382898,0.9906705570707685,45.36235695895804,11.020369195407413
809,0.09788743751959257,0.9951974927499807,45.36234630953992,11.02037249589656
810,-0.9494045328170087,0.3140557801832624,45.36235115080104,11.020383340542606
811,-0.9575483284656426,0.28827278514048754,45.362317303235834,11.0203963981441
812,-0.9548619112295517,0.2970500471015748,45.36228611843939,11.020407795429524
813,-0.9562381667128084,0.2925894197022976,45.36225230180037,11.020420802633057
814,-0.9488825877100306,0.3156292678772297,45.362219918058344,11.020424310485433
815,-0.9540357139493745,0.2996929370357389,45.36218896477999,11.020426373076033
816,-0.9595440197318309,0.28155865143319553,45.36215686733585,11.020438148053259
817,-0.9508897085162519,0.30952990523999047,45.362128126422945,11.02045836979799
818,-0.9559919712934455,0.29339282680814155,45.362089964205694,11.020465723446595
819,-0.9615740239363119,0.27454580035201603,45.362059911308165,11.020478554102379
820,-0.9502752709756473,0.31141115807266756,45.36203136782553,11.020487625574965
821,-0.9556207429467775,0.2945997210620694,45.36199296399058,11.020492799500975
822,-0.9542680615176822,0.2989522817562782,45.361966593064395,11.020496289987232
823,-0.9542391361745636,0.2990445969965394,45.36192398778857,11.020513772704984
824,-0.9613037694232323,0.2754905858512865,45.36190392822923,11.020523128392506
825,-0.9560263440526263,0.2932808031177106,45.361865491880366,11.020536731527105
826,-0.9463265598563693,0.32321206987117546,45.36182711969379,11.020539489785357
827,-0.9533835432859669,0.3017611959671008,45.361800551914754,11.020545008429457
828,-0.9519415823094612,0.30627964978130556,45.36176884518386,11.020562666186429
829,-0.9508620448859544,0.30961487624999756,45.361735331759384,11.020577498005139
830,-0.960206444582021,0.2792912168027384,45.361694169779184,11.020581945919712
831,-0.9549620366537003,0.2967280043241906,45.36167231455555,11.020589574075778
832,-0.9558379355659838,0.2938942682887132,45.361625740295324,11.020601092785808
833,-0.9515249214377673,0.30757165650113255,45.3616046799497,11.020620226216236
834,-0.9473904226908721,0.3200802821068657,45.36157830251279,11.020616032070008
835,-0.9457648401214973,0.3248520697024394,45.361545404067826,11.020640730618814
836,-0.9542586361502505,0.2989823662570482,45.36151447848067,11.020640477333313
837,-0.9519716826164599,0.30618607985404245,45.36147884301318,11.020660191575606
838,-0.9493326750573423,0.3142729260825223,45.36144831201184,11.020656043100132
839,-0.9444510094754596,0.32865223367685387,45.36140968251753,11.020668289032738
840,-0.9508165773868376,0.3097544772337922,45.361367923058026,11.020685526688615
841,-0.9540497119843753,0.29964837236756453,45.36134416020107,11.02069649754846
842,-0.957757477761498,0.28757714407082774,45.36131078914153,11.020701512325273
843,-0.9551603769444286,0.2960889297413482,45.36128394698395,11.02070922961351
844,-0.9566500274488674,0.29123997833759213,45.36124156312146,11.020724615565156
845,-0.9569943401024422,0.2901065890528708,45.36121537515399,11.020731978485331
846,-0.9554303893158961,0.2952164818767328,45.36117728513459,11.020745528116251
847,-0.9585269485014989,0.28500191051360496,45.361151533480346,11.020760292408077
848,-0.9550588956926744,0.29641610239372823,45.36112350919501,11.020771917317884
849,-0.9422281793477443,0.33497172722938146,45.361079041174854,11.020774869828537
850,-0.9545809669101962,0.2979516363653586,45.36106822119967,11.020780783963968
851,-0.9608625444501893,0.2770255776507071,45.361015041172045,11.020795526543322
852,-0.955213684455761,0.29591690899380807,45.36098512129881,11.02079851149101
853,-0.9490506103289221,0.31512368846898897,45.36094856111698,11.0208169379638
854,-0.9479308649777893,0.31847617685230417,45.36092450993974,11.02082179040208
855,-0.9569891400437449,0.2901237422865176,45.360884735657116,11.02083783540043
856,-0.9494023777675549,0.3140622949182425,45.36085749423459,11.020846324676839
857,-0.9540137654976913,0.2997627982937776,45.36082228592734,11.020856389603583
858,-0.9475669504317397,0.319557310117439,45.360794565657955,11.020858827524656
859,-0.9563297565181686,0.29228991908360474,45.36076709195082,11.020877705573671
860,-0.9536447193539349,0.3009347923526867,45.36071964079762,11.020887795825882
861,-0.9592967911709491,0.28239983436454136,45.36069883833241,11.02089571584523
862,-0.9479163355228126,0.31851941989304605,45.36066015648696,11.020904403459992
863,-0.9598139215579283,0.2806371963649705,45.360619923771864,11.02091267866487
864,-0.9518429917952763,0.30658590797722196,45.36059341697114,11.020921543070175
865,-0.9646486942102025,0.2635391749978571,45.36056654167432,11.020934344610263
866,-0.9416519883466068,0.33658807590715667,45.36052216840236,11.020950488431001
867,-0.9490020243403572,0.31526997604894763,45.3604991807053,11.020958309116757
868,-0.9592200312845744,0.28266045280940866,45.360473431912176,11.020970160757683
869,-0.9562354395215998,0.29259833253614537,45.3604377901481,11.02097384478083
870,-0.9541948279568552,0.299185946027529,45.360400811248724,11.020991051764717
871,-0.9438721250573343,0.33031108298050177,45.360367198489165,11.021001649698182
872,-0.9569818887179637,0.29014766010739906,45.36033457110929,11.021007303026613
873,-0.957397674156384,0.28877273680170434,45.36031419225347,11.021017073931008
874,-0.9539755039388292,0.2998845409230972,45.36027076913139,11.021021106079322
875,-0.9550239107675137,0.29652880106715435,45.36024402803114,11.021038290125409
876,-0.9564896143207327,0.29176637519867854,45.36019761303443,11.02104079561598
877,-0.9492994268343635,0.314373342082227,45.3601662795769,11.02104919945428
878,-0.9510205218846968,0.30912775183434915,45.36013624501315,11.021070318181712
879,-0.9571539404723504,0.28957958187388194,45.360110997365666,11.021076846734564
880,-0.9454679145570158,0.3257152476369619,45.360080236049214,11.021082859384224
881,-0.95465258866359,0.2977220767056186,45.36003363290555,11.021093911461932
882,-0.9579357979592749,0.28698259004359017,45.36001105141529,11.02110671129936
883,-0.9595309391523148,0.28160322585062275,45.35998414229538,11.021112145388917
884,-0.9475645103620538,0.31956454544007423,45.359942459595786,11.021121867437897
885,-0.9550128661003071,0.2965643700495338,45.359914686380144,11.0211344564184
886,-0.9567306281719348,0.29097509363815854,45.359886205813375,11.021145312297264
887,-0.9580140872248349,0.2867211339939321,45.35985500363021,11.021157699043558
888,-0.9511031320143953,0.3088734891058275,45.35982133386485,11.021159389561697
889,-0.9562591682170217,0.29252077396467036,45.35979956214572,11.02117793394891
890,0.136912016000891,0.9905832119890644,45.35975228945954,11.021185504791138
891,0.1478521034989994,0.9890094820025342,45.359765225461636,11.021196984165273
892,0.15189418112253006,0.9883967612963511,45.35976234741587,11.02119927563034
893,0.14210088940513013,0.9898521794845284,45.359765790331096,11.02120046818199
894,0.10486642672414662,0.9944863159169709,45.35976057822226,11.021200644613716
895,0.15920239554551502,0.9872459659338039,45.359757330885316,11.021201031840594
896,0.15992036224912146,0.9871299193814914,45.35976828967321,11.021222632780775
897,0.12577644161405657,0.9920586105341286,45.359768829074355,11.021221718020819
898,0.10862679819315893,0.9940826015549727,45.35976250455835,11.021228296521057
899,0.13455843200772521,0.9909056606840141,45.35976053060134,11.021232646630954
