,Sin,Cosin,Lat,Lon
0,0.9543222509696134,-0.29877925179685794,45.35967652107763,11.020595929391693
1,0.9489809798818274,-0.31533331543388604,45.359707177566854,11.020585275320254
2,0.9509138275135909,-0.30945580079140966,45.359741747333224,11.020564696250878
3,0.9466438117857549,-0.32228169915112526,45.35977828958346,11.020565578870256
4,0.9383880715143327,-0.34558331446933566,45.359808784275586,11.02055659955532
5,0.9464927384712144,-0.3227251090653799,45.35982262868522,11.020538746356454
6,0.9418422566858566,-0.336055298308021,45.359872302921346,11.020542043455988
7,0.955715199423496,-0.29429314907232756,45.35989563482751,11.02052283892505
8,0.93923209229863,-0.3432827942037552,45.35994339607126,11.020520052560052
9,0.9504480276140485,-0.31088349394035864,45.359965870164835,11.020512200657384
10,0.9471882705786728,-0.32067800061460855,45.359994781142355,11.020508491145135
11,0.9500550265563,-0.3120824354479247,45.36002478408909,11.020488733424335
12,0.9567458564566198,-0.2909250180941631,45.36006210616561,11.020476626464133
13,0.9543583195929897,-0.29866402164245515,45.36010209851073,11.020482826038991
14,0.9460743938763699,-0.3239494424311597,45.36012433169177,11.020473138012466
15,0.9400685846448622,-0.3409854192832965,45.36016653615213,11.020458812096686
16,0.9398115699519792,-0.3416931561860671,45.360191465006984,11.020450085134138
17,0.9419809797660484,-0.3356662535301926,45.36022844793876,11.020447564535674
18,0.9374695733558462,-0.34806723349377156,45.36025846663528,11.020437528637748
19,0.9359373551783725,-0.3521665333073446,45.36030219948229,11.020433190358762
20,0.9340379687621511,-0.3571737293120463,45.360334975299395,11.020422798369006
21,0.9385036130743326,-0.34526941400364924,45.36036245693329,11.020428348457537
22,0.9156292013842965,-0.4020238370698378,45.360396567868314,11.020427610921697
23,0.9295415733989877,-0.3687173217017807,45.36043421045985,11.020416425243006
24,0.9302224412031989,-0.3669961987295798,45.36046030185387,11.020425167067614
25,0.9153045526613555,-0.40276243106500875,45.36049756534881,11.020411562345316
26,0.9117813202776343,-0.4106760572431441,45.36053511991905,11.020407288765837
27,0.9153618982944618,-0.40263208410502926,45.36056758765462,11.020420827585207
28,0.9169307851126667,-0.39904628216870874,45.36060541523358,11.020419646614442
29,0.9149839527303537,-0.4034902306697621,45.36063887902778,11.020418819736399
30,0.9030849494067112,-0.4294619589149636,45.36067653685417,11.020408598834385
31,0.9031515878409925,-0.4293218016596572,45.360711455456624,11.020417718917816
32,0.8973727286274089,-0.4412733686908815,45.36074133557904,11.02041747460097
33,0.8999003664160111,-0.4360955520574921,45.36077736726303,11.020421445279071
34,0.9014806803528034,-0.4328193421632712,45.36080809575698,11.02042201910373
35,0.885551977793396,-0.4645403046305075,45.36083752316987,11.020426860161761
36,0.8904063029307971,-0.4551665801672059,45.3608736226779,11.020430054441343
37,0.8793297941865863,-0.47621330625653013,45.36090556608244,11.0204173270819
38,0.8957866544078475,-0.4444842739454293,45.360952766519226,11.020417147803313
39,0.8883512723956639,-0.45916447688492296,45.360977020077634,11.020412615989146
40,0.8870369049180407,-0.4616985264362698,45.361013279318726,11.020416618526221
41,0.8969557165620584,-0.4421203937013585,45.36104184998515,11.020411555381687
42,0.8968097677193893,-0.4424163655687877,45.36108691890441,11.020408925459392
43,0.8954629565152893,-0.44513603932831275,45.36110983738816,11.020395712707513
44,0.8917247576192983,-0.4525781221499818,45.36113945079983,11.020377872970974
45,0.8939049527377847,-0.4482565509514155,45.36117306914311,11.020374506011335
46,0.9057025839866014,-0.42391370508629844,45.36121375577646,11.02036259016128
47,0.8949466327413936,-0.44617320016428713,45.361243895552626,11.020345283424799
48,0.9025925365489804,-0.4304958919270629,45.361276198562145,11.02033394509541
49,0.9041921679486674,-0.42712588708750593,45.36130989284432,11.020317788670893
50,0.9046754311266839,-0.42610135451057723,45.361334389116294,11.020297455808825
51,0.9119301011528576,-0.41034557462136595,45.361370847658826,11.020288005440584
52,0.9074567822344016,-0.4201454371723984,45.3614017358758,11.020266112044357
53,0.9075891447382989,-0.4198594340409693,45.36142403902546,11.020240844845539
54,0.9248053452628867,-0.38044063054988336,45.36146317619965,11.020223999210362
55,0.9239115172832829,-0.38260620516570554,45.36149282126354,11.02019355534032
56,0.9282639498344556,-0.37192208785945385,45.361526298896315,11.020177319520883
57,0.9356916895408673,-0.3528187383404644,45.36155447159391,11.02016124499768
58,0.9344798145372478,-0.3560161179250611,45.36157076651213,11.020141085732373
59,0.941564017683819,-0.33683408468132336,45.36160980461007,11.020118280811621
60,0.9284360328028511,-0.3714923054294706,45.36163811284608,11.02009526010793
61,0.9380313914500797,-0.3465502974377996,45.36167009788615,11.020085966734511
62,0.9431021549858536,-0.3325031206786472,45.3617033414243,11.020058892579163
63,0.9387346544622712,-0.3446407528305384,45.36172885631131,11.020043728036978
64,0.9421413041331042,-0.33521599461596946,45.36176414385006,11.020022760853086
65,0.9368533144762742,-0.34972255740060476,45.36178909649784,11.020005139750804
66,0.9541172750698504,-0.29943317353507,45.36182222317997,11.01998780409726
67,0.9499913674273182,-0.31227616273672615,45.36184618026416,11.019969268142994
68,0.951244825047209,-0.3084368376522245,45.36187501856755,11.019956935398575
69,0.9482241885101441,-0.3176017763241865,45.36190457210501,11.019936625324762
70,0.9572270454514211,-0.28933783619904097,45.3619367561735,11.019919903107324
71,0.9531875388726552,-0.3023797541798897,45.36196905362767,11.019921747296488
72,0.9559667381296018,-0.29347503401456376,45.362003163480686,11.01989511215925
73,0.9458069548991188,-0.3247294320884022,45.362040790587265,11.019884146113853
74,0.9488227273758568,-0.3158091702516577,45.362064078450025,11.019871805134857
75,0.9545470456336353,-0.29806029200834244,45.36207968697489,11.01986436151714
76,0.9498373464508345,-0.3127443289449666,45.362114533002305,11.019842378780487
77,0.9568904125364318,-0.29044920105907895,45.36216442191907,11.019832392927558
78,0.9582748782876852,-0.28584831229643837,45.362199129531675,11.019826621385988
79,0.9545759123992316,-0.2979678295842936,45.36222675784736,11.01980271637993
80,0.1367490344131219,0.9906057245882838,45.362252387913344,11.019795357223833
81,0.12492718961006027,0.9921659121820967,45.36225124933072,11.019802722363133
82,0.15019875320597903,0.9886558220813598,45.36225553752001,11.019805751239925
83,0.1255483349159662,0.9920875040034666,45.36226649043496,11.019810078434057
84,0.12848836009280148,0.9917110170410847,45.36226570498506,11.019821158528526
85,0.097610596325614,0.9952246839206502,45.362271828097604,11.01982915515864
86,0.10860795240062805,0.9940846607182624,45.36226856386459,11.019823143078003
87,0.11278786764741869,0.9936190904524471,45.362265679119886,11.019838209838287
88,0.14307375886862486,0.9897120285836697,45.36225818903256,11.019828957612342
89,0.1478480732030881,0.9890100845037599,45.3622704000336,11.01984667970944
90,-0.949160717343502,0.3147918878433317,45.36227323429974,11.019849961621292
91,-0.950986841640202,0.30923134871353736,45.36223543874493,11.019859991107769
92,-0.9527316672870153,0.3038130513136392,45.36220296818296,11.019868104561438
93,-0.953465911415887,0.30150083875152295,45.36218058498666,11.019879447059859
94,-0.9568233796738836,0.29066995047553,45.36214269156084,11.019885619195362
95,-0.9548808612760814,0.29698912567407065,45.36211420030877,11.019902880174826
96,-0.944820580857598,0.3275882628970567,45.36207441111962,11.019915766564653
97,-0.9562525427810622,0.29254243183639667,45.362050782696485,11.019915265929638
98,-0.9641845438353325,0.2652322857969063,45.3620075060973,11.019939912639165
99,-0.9508563531445712,0.3096323556810666,45.361987890340195,11.019936137566226
100,-0.9587079449172454,0.28439246887453257,45.36195209656066,11.019953263310764
101,-0.9476757445773566,0.3192345268603519,45.361915221434785,11.019953229072824
102,-0.9528253837399326,0.30351900780816043,45.361879052700864,11.01996934770916
103,-0.9522744661076769,0.30524308542428774,45.36185961882161,11.019985516103562
104,-0.9673796917753787,0.25333087443218044,45.361823297356615,11.019994849879271
105,-0.9605412986812872,0.27813740044745183,45.36178465558014,11.020003101792387
106,-0.9549698502322596,0.2967028566552329,45.36175104276944,11.020022270847939
107,-0.9574125056567138,0.2887235598494396,45.36172662765325,11.020027778182458
108,-0.9564622712139164,0.2918559983010745,45.36168827570016,11.02003743108571
109,-0.9530072320726349,0.3029475459832196,45.3616642280466,11.020044147140105
110,-0.954589963143774,0.2979228125960953,45.361627265853386,11.020060023500848
111,-0.966390280499917,0.25707941526946815,45.361598868571754,11.020077509261851
112,-0.9658182782008832,0.2592200869783848,45.36156672050114,11.02007705316343
113,-0.9567054410859025,0.29105789629664536,45.36152504395008,11.020101654186483
114,-0.958708880442315,0.2843893151316398,45.36149868581985,11.020112680528333
115,-0.9584813189370374,0.2851553282839325,45.361464003459105,11.02011997573129
116,-0.9528441572788438,0.3034600664660345,45.36144000037237,11.020126067995399
117,-0.9594601780718068,0.2818442241636625,45.36140277071946,11.02014846098727
118,-0.9626724431148644,0.2706691102938383,45.361374982157294,11.020146279594307
119,-0.9644302555216715,0.2643374400920222,45.36134270332666,11.020160691366804
120,-0.9740229149795224,0.22644946697838375,45.3613153892805,11.020175032236823
121,-0.9583785952524931,0.2855003820695479,45.36128148549669,11.02019370593132
122,-0.9581323440855235,0.28632570827150683,45.36124131858833,11.020212491195446
123,-0.9611937849491565,0.2758740795636926,45.361210339213315,11.020210382828052
124,-0.9696349755287349,0.24455677097841663,45.36118576702781,11.020229178777175
125,-0.9597843584286438,0.2807382861593989,45.36114935076448,11.020236205758842
126,-0.9560342901515826,0.2932548994549956,45.36111796448452,11.020257911950658
127,-0.9672379882492103,0.25387137311564,45.36109039858159,11.020272184248867
128,-0.9609938969570908,0.27656957535351634,45.361050042555675,11.020268694023656
129,-0.9654205887520503,0.26069730879632136,45.36102204949158,11.020285723847616
130,-0.96336979902297,0.2681764910100108,45.36099436050221,11.020302060315116
131,-0.960741376592198,0.2774455033042135,45.360954038107,11.020313500094455
132,-0.9639270746246296,0.266166479492824,45.360930163118994,11.020319289162916
133,-0.9640723180953796,0.2656399169594079,45.36089381658511,11.020331853635298
134,-0.9623285853392812,0.2718891204864543,45.36085167184015,11.020342146516535
135,-0.9593033047146784,0.28237770727077033,45.36082679695413,11.020349715956032
136,-0.9631567947113623,0.2689404930488059,45.36079124558468,11.020363866712126
137,-0.9631362163588039,0.26901417943678624,45.36076229592602,11.02036365236532
138,-0.9667333561756811,0.25578627417690664,45.36074123218553,11.02038758782646
139,-0.9624138771353847,0.2715870562034146,45.360696953861954,11.020399013623763
140,-0.962609517414155,0.27089281456636616,45.36066917339154,11.020400672676915
141,-0.9572980879774633,0.28910269932100763,45.36062891343303,11.020411644688178
142,-0.9603432961928301,0.27882028881968074,45.36061250131027,11.02042362040184
143,-0.955107779853134,0.2962585507019457,45.36055325080036,11.02043369232912
144,-0.9569890227241233,0.29012412927146797,45.36052726630799,11.020431867080456
145,-0.9608794535042132,0.2769669219120662,45.36049561636643,11.020439900396438
146,-0.9556875626315728,0.29438288440621596,45.360468017491065,11.020461448857212
147,-0.9510888757496735,0.30891738446585043,45.360436892187984,11.020462113550218
148,-0.9552654293681256,0.29574982578884235,45.3604016387123,11.02046117895225
149,-0.9584768134135921,0.2851704720838503,45.360363102609874,11.020476407714556
150,-0.9567253522235935,0.29099244047335837,45.360333518151414,11.020482795066705
151,-0.958870617001361,0.2838435129634449,45.36030879450027,11.020492484712305
152,-0.9600468975823397,0.279839158165051,45.360271303263666,11.020502260413343
153,-0.9603004860997647,0.27896769776545016,45.36023744768326,11.020506809913426
154,-0.9559448647029123,0.2935462751392543,45.36020491255038,11.020516735834937
155,-0.950269286569134,0.3114294189754544,45.3601617647324,11.020525769594835
156,-0.9565077679582615,0.29170685599674273,45.36013699383809,11.020534052966106
157,-0.9530376611054171,0.302851806193584,45.36010962352177,11.020543325284107
158,-0.9532678034907462,0.3021266205218071,45.36006919284306,11.02055103876407
159,-0.9592472346390647,0.2825681207024371,45.36003944947029,11.020559246683488
160,-0.9530114844914819,0.30293416847120774,45.36001294311985,11.020578125312992
161,-0.9548041231164317,0.29723574226506116,45.35997612487085,11.020589793739706
162,-0.9522162096388868,0.3054247699531779,45.35994827600493,11.020585808812452
163,-0.9541816281231271,0.29922804105280343,45.35990147309083,11.020600754019028
164,-0.9608527005916787,0.2770597187713831,45.359883023418796,11.020612152851593
165,-0.9535848886607995,0.30112432667881656,45.359841295763204,11.02062315290275
166,-0.9536658207909057,0.3008679149647037,45.35979987251266,11.020622417589504
167,-0.9491609094616179,0.31479130856806453,45.35977903693759,11.020639027034113
168,-0.9623903061454834,0.2716705700608788,45.35974537592975,11.020648184904065
169,-0.9599230815809571,0.2802635856619966,45.35971718650607,11.020656242867169
170,0.1432767434963981,0.989682663672082,45.3596804995929,11.020669839740087
171,0.1128410612576919,0.993613050887637,45.35967383701655,11.020680571042009
172,0.14126963693481007,0.9899711559840049,45.35968409707627,11.020687387167566
173,0.11021274162382347,0.9939080196797692,45.3596778249207,11.020693959396851
174,0.12441225057343414,0.9922306142763652,45.3596839558232,11.020689418891413
175,0.10391077840109329,0.9945866227393564,45.35968470372161,11.020705117099089
176,0.1256032894431377,0.9920805479803863,45.35969643220356,11.02071548375699
177,0.10747857839030793,0.9942074004890521,45.35968370645554,11.020713838016645
178,0.12392842385955023,0.9922911597710058,45.359686412043864,11.020738337188405
179,0.1470201622475468,0.989133495486178,45.3596831332608,11.020732427247689
180,0.9549394980091443,-0.2968005308991938,45.359687241733,11.020742614634166
181,0.958977477747526,-0.28348226959193296,45.35971911527689,11.020731074140627
182,0.9566225022494156,-0.29133037636001297,45.35975167723163,11.020720881042102
183,0.9509183807356413,-0.30944180903540797,45.35977680277561,11.020713709554652
184,0.9577039549607312,-0.28775533818258475,45.35981461520732,11.020700920220946
185,0.9558210634315287,-0.29394913624744917,45.35985636038282,11.020691890692007
186,0.9567636707475139,-0.29086642696905196,45.35988413233213,11.020678589056708
187,0.9622102462959119,-0.2723076236963638,45.359914935922674,11.020661018900675
188,0.9500509537697513,-0.3120948337303677,45.35994106432377,11.020650043391049
189,0.9511038622414828,-0.30887124053452186,45.35999246530409,11.020652848670766
190,0.9585886366690809,-0.2847943567715358,45.36001563212146,11.02063757257976
191,0.9511650924754236,-0.308682631283684,45.360047839857984,11.020639644988176
192,0.9468634756885792,-0.3216357542421914,45.3600719413535,11.020625605831997
193,0.9410643515820188,-0.338227565673637,45.36011202616319,11.020619675169973
194,0.9362348667634645,-0.35137483440963435,45.36014536390128,11.020621702696086
195,0.9304533328581777,-0.3664104193020569,45.36017301711089,11.020602583833147
196,0.9544043657550799,-0.2985168447971465,45.36020454456693,11.020595872338939
197,0.9474354182881308,-0.31994707089328783,45.360238094045116,11.020588258408376
198,0.9439814252081115,-0.32999858918192754,45.36027581967556,11.020584281041797
199,0.9287382118249117,-0.37073620526766127,45.36031465481455,11.020581550436107
200,0.9202300889183354,-0.39137780142638734,45.36035208203387,11.020573738573214
201,0.9272231402211591,-0.3745093433259211,45.36037456161951,11.020566492175256
202,0.9372969456212739,-0.3485318288607667,45.36041482741511,11.020567052610584
203,0.911690640077835,-0.4108773257244401,45.36044348176935,11.020568256547072
204,0.9248958776479874,-0.3802204827593577,45.360474056692645,11.020554062874451
205,0.9233499934009448,-0.38395935942033665,45.36052088067252,11.0205636909133
206,0.9143718438871967,-0.40487545135057024,45.36055636330598,11.020564000050422
207,0.9157043628140208,-0.40185260970083064,45.360580448622095,11.020554175634302
208,0.9074156469085273,-0.4202342724547571,45.36062152681703,11.020562212231033
209,0.911989754682063,-0.41021297804305334,45.36066735031788,11.020545997900074
210,0.8906758866303371,-0.4546388291548169,45.36069164364474,11.020554229752843
211,0.9048914896999453,-0.425642328567794,45.36073184950104,11.0205645617671
212,0.9170492388074717,-0.39877398812188947,45.36075416957419,11.020558905299437
213,0.8978868890031076,-0.44022623110887105,45.360788076214114,11.020568391746624
214,0.9154154597314677,-0.4025102931412137,45.36083405812635,11.020559737164636
215,0.8943785046641808,-0.4473109549236011,45.36086403844747,11.020556097305409
216,0.8987373488331735,-0.43848737474677507,45.36089347312032,11.02056824125727
217,0.8936624428212129,-0.4487398336350612,45.36093047894263,11.020572013085674
218,0.8817589192592491,-0.4717003374036963,45.36096223690288,11.02056512380414
219,0.8884110196182278,-0.45904886474198037,45.36099089383363,11.020561405459414
220,0.8888761492428046,-0.45814756499111003,45.361030367386974,11.020564369964625
221,0.9034891786974599,-0.42861090044070194,45.36107190118164,11.020544496621367
222,0.8925375306798997,-0.4509731215137184,45.36110047103385,11.020546359119136
223,0.8884065281446467,-0.4590575571210816,45.361139629889585,11.02053463661863
224,0.8967651641367852,-0.4425067687513093,45.361171937492124,11.020517101592455
225,0.902720145646445,-0.43022824017498107,45.36120369321097,11.020522830776606
226,0.8886781013113025,-0.45853160441755636,45.36123000747321,11.020497814643042
227,0.901160352423708,-0.4334858927572828,45.36126646799296,11.02048570942141
228,0.8976984477201275,-0.4406103686488478,45.36130289410948,11.02047966923095
229,0.9091528581933666,-0.4164625798782313,45.361329538549136,11.020454560469586
230,0.9148552938494944,-0.40378186105316244,45.36135920496687,11.020440078141291
231,0.9120159106103013,-0.4101548229555065,45.36138816483252,11.02042241779471
232,0.9160723043781256,-0.4010131333901057,45.3614276187508,11.020398588705595
233,0.9339640493234401,-0.35736697465121586,45.3614518620898,11.02038703790923
234,0.9347030910057967,-0.35542950308634946,45.36147891877441,11.020364612761103
235,0.9274649959907203,-0.3739099907891378,45.36151509758844,11.020341111284901
236,0.9370706333867782,-0.3491398402418469,45.36154143781216,11.020319696384458
237,0.9265925105251458,-0.37606690819415056,45.36156947373889,11.020302163346807
238,0.9413976835202079,-0.33729868286547837,45.36160451769545,11.020280122916814
239,0.9379489890870165,-0.34677326002828396,45.36163178747111,11.020247241533651
240,0.9364641580629626,-0.3507632829465289,45.361663024022725,11.020231207433943
241,0.943665178034405,-0.33090184611950235,45.36168407961614,11.020216620473683
242,0.9410304992041595,-0.3383217397205955,45.36171712692655,11.020206750912577
243,0.9429201875034765,-0.3330187982658166,45.36174850563998,11.020191092142948
244,0.9468625443090731,-0.32163849611722256,45.36177874537179,11.020165990673567
245,0.9468271559540671,-0.3217426560901317,45.36179857003051,11.02013637041353
246,0.9504827929498403,-0.31077718755769557,45.361833039431865,11.020131002236957
247,0.9496101850087008,-0.3134334004660976,45.36187158478241,11.02010777547863
248,0.9528156374383485,-0.3035496022941778,45.36189841827158,11.020095638750593
249,0.9438351924083715,-0.3304166000240489,45.36193356833072,11.020072720253259
250,0.9479993657977794,-0.31827221438103576,45.36196118783307,11.020055257842198
251,0.9568780674687898,-0.29048986900956486,45.36199491986547,11.02004991444603
252,0.9642903390049578,-0.26484739398699714,45.36202239335278,11.020038265640384
253,0.9439311749275032,-0.33014229810792695,45.36205732310481,11.020025464919064
254,0.9548621588191604,-0.2970492512281634,45.3620887550991,11.020000400281464
255,0.953557372786836,-0.3012114486600185,45.36212662538631,11.01998658617409
256,0.9482441404322136,-0.317542202133783,45.36214968595373,11.019985763411443
257,0.9538939970324772,-0.3001437029581069,45.3621859056533,11.01996686107934
258,0.9638709399568767,-0.2663696887910618,45.362213725303995,11.019958123325011
259,0.9501194940720008,-0.3118861122018184,45.36224350693683,11.019944593325702
260,0.14679529820880205,0.9891668920984916,45.362278552738495,11.019927854539207
261,0.09697123599925175,0.9952871843788492,45.36226947044919,11.019923463217015
262,0.13741796999988343,0.9905131506048322,45.36228154886433,11.01994107632703
263,0.11470174526359304,0.9933999746494289,45.36227859417391,11.01994565075556
264,0.12889406216922888,0.991658368964592,45.36228395276167,11.019952555904077
265,0.16383807306185458,0.9864872456425264,45.36227762592616,11.019957035065389
266,0.09646294737204403,0.9953365761310584,45.362292676808,11.019964674132478
267,0.14935207487374905,0.988784080439661,45.362285610097956,11.01996236130074
268,0.14321540212542277,0.9896915421453563,45.362295778669875,11.019979540857367
269,0.13582971995802512,0.9907321975065333,45.36229086165261,11.019972934505985
270,-0.9509455731856303,0.30935823383038136,45.36229266054798,11.019980928768415
271,-0.9511694704764245,0.30866914072125523,45.36226159399221,11.019982275455284
272,-0.9567715029055248,0.290840662954655,45.36222608462089,11.020000493859701
273,-0.955231967710702,0.29585788457220535,45.36220485885299,11.020019351127392
274,-0.9580525847734479,0.28659247165429086,45.36216197504947,11.020016849387728
275,-0.9526760350330159,0.3039874541387718,45.362131078800324,11.020039528880323
276,-0.9577945917919453,0.28745350916991924,45.362096053525825,11.020047014612517
277,-0.9568989336661732,0.2904211265533911,45.36206503463898,11.02005496307765
278,-0.9575215409198925,0.28836174967286254,45.36203633467753,11.020063706193499
279,-0.9505702057157223,0.31050971644309205,45.36200300743937,11.020073823284504
280,-0.9649718191270911,0.262353555894622,45.361970069001444,11.020087543538548
281,-0.9587645586220116,0.28420155018989485,45.36193381105543,11.020099739135091
282,-0.9602447426557205,0.27915951390208643,45.36191429667543,11.020106403433063
283,-0.9638836572995935,0.2663236662235633,45.36187511480141,11.02013003986986
284,-0.961704680023102,0.27408777503139914,45.36183833925936,11.020135750148755
285,-0.9616733442362531,0.2741977005473625,45.36181895387491,11.02014197230426
286,-0.9612361183025427,0.27572654001865693,45.361786707761425,11.020158971643708
287,-0.9679314396426779,0.2512145062516355,45.361758860932596,11.020174295535401
288,-0.9669064411764119,0.2551312094032519,45.36169679587669,11.020192136610719
289,-0.9613041519025576,0.27548925121482415,45.361693847128166,11.020207587330528
290,-0.9623727469088802,0.27173276579583916,45.361668640547876,11.02021360640408
291,-0.9643538581938759,0.26461601649670785,45.36163907933373,11.020240098544734
292,-0.9657031786709992,0.25964855228698713,45.36159675943647,11.020254880812256
293,-0.9690899936087877,0.24670748729481232,45.36157460969159,11.02026755412235
294,-0.9790162625156025,0.2037821329998806,45.361540765668074,11.020285447169618
295,-0.9785785311749301,0.20587388936802128,45.36150681706185,11.020296266816384
296,-0.976181586816676,0.21695508650427286,45.36147011009479,11.020316351609434
297,-0.9765797176364134,0.2151558855834141,45.36145021735435,11.020329781217498
298,-0.9738641847492865,0.22713112878380995,45.36142205518777,11.020352480639236
299,-0.983247012504556,0.18227811827223084,45.361382510539094,11.02037568005095
300,-0.9872928220725257,0.15891155868617016,45.36135333195284,11.020389744027538
301,-0.9805352529541999,0.19634311221441728,45.36133556508912,11.020400119398579
302,-0.9824799600615979,0.1863682593076432,45.36130913022335,11.020432966346476
303,-0.9862552599725302,0.1652288176333562,45.36128045482303,11.020447961437723
304,-0.9903705750563064,0.13844177137930935,45.361249911165785,11.020458866403123
305,-0.9879073349282644,0.1550454694434315,45.3612180419243,11.020494763278561
306,-0.9847330461333712,0.17407132978434964,45.36119186119666,11.020510593826414
307,-0.9903023057024802,0.13892927452611045,45.36116239270543,11.020528423172113
308,-0.9840890310487685,0.17767605063568895,45.361125366112816,11.020537994836175
309,-0.9930980351726769,0.11728722239088328,45.36110676218537,11.020558983412784
310,-0.9866769744175391,0.16269157370389822,45.36107707236923,11.020571885423506
311,-0.98595048745935,0.16703782888516636,45.36104095918324,11.020587954614754
312,-0.9868924638126398,0.16137925786735244,45.361013809686526,11.020600046292055
313,-0.9892964995399013,0.14591927904871976,45.36097394814514,11.020620181110779
314,-0.9880998738270534,0.15381365135436123,45.36094091774435,11.020633310329325
315,-0.9860964482775372,0.16617398922342355,45.360919837182834,11.020633314728395
316,-0.986115923032554,0.166058382328788,45.360885047709154,11.020644871752737
317,-0.981639112754474,0.1907476141675411,45.36084824022488,11.02065245399507
318,-0.9810372187916466,0.1938194400609774,45.360816395414055,11.020659189957142
319,-0.9768715262521077,0.21382708247057414,45.36077364040448,11.020664557236877
320,-0.9776600929674648,0.21019215641609504,45.36074509848437,11.020664365373033
321,-0.9743037255249577,0.22523820818899237,45.36070575483806,11.020661133248556
322,-0.9818370120755955,0.18972633375066061,45.36067324261223,11.020667906783785
323,-0.9766575380278758,0.21480235895661948,45.36063344619981,11.020678421038165
324,-0.9639260523853048,0.2661701815246827,45.36059445508058,11.020684082246289
325,-0.9712934906685687,0.2378843311041458,45.36056363896669,11.020670877474252
326,-0.9713770459751365,0.23754291097108646,45.3605227790066,11.02067823630956
327,-0.973323966193857,0.22943508195709628,45.36049563617534,11.020686371581046
328,-0.9682001794685591,0.25017676246416237,45.36046568804549,11.020682497358967
329,-0.9663088007008872,0.2573855118067315,45.36041935515971,11.020682022292773
330,-0.9731825813842031,0.2300340481110978,45.36038169083532,11.020690683840234
331,-0.962455224476966,0.27144049233117945,45.36035110946754,11.02068278614026
332,-0.9542687063314719,0.2989502234761818,45.360315824333085,11.02069113941548
333,-0.9584693724041903,0.28519548061481914,45.36028521819718,11.020692126823352
334,-0.9590807228618135,0.2831327728025517,45.360244730436634,11.02069028323041
335,-0.9565258041264776,0.29164770878612345,45.360203978390665,11.020695671062143
336,-0.9681540403968303,0.2503552557133416,45.36017493892938,11.020701775832865
337,-0.9636443672880203,0.26718819845582836,45.36013099529235,11.020699283868096
338,-0.9669416937564529,0.25499757033235054,45.36009813089118,11.020709510294168
339,-0.9608920104106652,0.2769233546108923,45.360071353772426,11.020728155146987
340,-0.9503159094027362,0.3112871220208931,45.360037017474205,11.020725704342881
341,-0.9610061912263823,0.2765268529900161,45.360013807831024,11.02072642177039
342,-0.9626292894949583,0.2708225452329102,45.35997955028079,11.020723959267302
343,-0.9484522597635408,0.31692003873127533,45.35993754364018,11.020751817549819
344,-0.9551615787338752,0.29608505283214,45.35990917260222,11.020756437979703
345,-0.9547560704604828,0.29739005685943426,45.35987487277306,11.020766743989311
346,-0.9561040228825972,0.2930274687255685,45.359839110635875,11.020768912007597
347,-0.9574833874547826,0.2884884100758899,45.359800720306026,11.020776533791807
348,-0.9551275833691427,0.29619469861464665,45.359768528084025,11.020788298254661
349,-0.9542522756053906,0.2990026663793043,45.35973407970251,11.020797766770684
350,0.1185264875093977,0.99295089090986,45.3597054864137,11.020799836560263
351,0.11741914918958604,0.993082445421121,45.35969835786191,11.020798490686936
352,0.14971749338902762,0.9887288162956042,45.35969895400273,11.020811624012712
353,0.11869780222240496,0.9929304264386155,45.359708599652954,11.020819958064644
354,0.12641606759890778,0.9919773071259385,45.35970821552418,11.020838274754453
355,0.12879701457004417,0.991670978216991,45.359717825107886,11.02083946371082
356,0.16373752124878987,0.9865039402533079,45.35970896869351,11.020845433859176
357,0.12767518064255295,0.9918160354863655,45.359719877504695,11.02084802812608
358,0.13121607521022866,0.991353792349847,45.35972226766071,11.020865964420283
359,0.1533170353169429,0.9881770522945892,45.35971558436695,11.020871239021147
