,Sin,Cosin,Lat,Lon
0,0.9589301699881485,-0.28364225546716526,45.359667075834736,11.02059993032606
1,0.9482452199576956,-0.3175389784378942,45.35968821933021,11.020593699531826
2,0.945468668354348,-0.32571305954821045,45.35973816527566,11.020583045139805
3,0.9529582455563023,-0.3031016038002014,45.359775996631285,11.020561950100694
4,0.960738862798448,-0.27745420794924863,45.35979771564166,11.020562433114003
5,0.9556049604080221,-0.29465091149287553,45.359831282361796,11.020551526497805
6,0.9451362043090489,-0.3266765300787368,45.35985399783563,11.020534742481242
7,0.9491543876143669,-0.3148109726048255,45.35989586397082,11.020527443746527
8,0.9548859441965314,-0.29697278255068876,45.35992799794952,11.02052380867758
9,0.9540205983959846,-0.2997410513028995,45.35996507105883,11.02051014865234
10,0.9510543123205399,-0.3090237774290272,45.359988700813055,11.020501129181051
11,0.9582572974599101,-0.28590724346338164,45.360016582343924,11.020490377200407
12,0.9477125867623137,-0.31912513672897014,45.36006471873654,11.020479827436082
13,0.9598182627270485,-0.28062234860329727,45.36008737417132,11.020463803914152
14,0.9583267386805892,-0.28567439845009873,45.3601191944686,11.02046291096117
15,0.9595759698777828,-0.2814497433523655,45.36015155010944,11.02044976823735
16,0.957766800043258,-0.2875460949741762,45.36017685763863,11.020435588268796
17,0.9495005809968207,-0.3137652732325552,45.360223845124096,11.020425072022986
18,0.9551347427946961,-0.2961716109057545,45.36024904817974,11.020424730590495
19,0.9538559353749345,-0.3002646408587078,45.360274003631474,11.020402370540523
20,0.946566666034902,-0.3225082119133872,45.36031841532692,11.020400031952438
21,0.9527273844989547,-0.3038264814425843,45.36035191040406,11.020393329999825
22,0.9556381006378569,-0.29454341039865284,45.36037836221973,11.020372900222853
23,0.953530116779649,-0.30129772052604203,45.36040742157292,11.020373678947397
24,0.9480433626688475,-0.3181411361322898,45.360443463161126,11.020351206170545
25,0.957363959739994,-0.28888449004915306,45.36047862866959,11.020351867587905
26,0.9475257567873147,-0.31967943353401174,45.360508068097616,11.020339908796721
27,0.9525714821247261,-0.3043149214920336,45.36053301249194,11.020326772315086
28,0.9500086775452227,-0.3122234978165116,45.3605725012884,11.020316218357227
29,0.9544903631618744,-0.2982417586977267,45.360603103086966,11.020306324820154
30,0.956651004721613,-0.29123676822325895,45.360636570299484,11.020306371364477
31,0.9518152615438165,-0.306671987459364,45.360675591579685,11.020303543693215
32,0.9539070963583828,-0.30010206849856774,45.36070746902802,11.020275375833599
33,0.9515382162641054,-0.30753052367029304,45.36074085524242,11.020270387251129
34,0.9505881385973126,-0.310454812747518,45.360766993330444,11.020256620490931
35,0.9478199958603243,-0.3188059840205872,45.36080156862357,11.020248779448094
36,0.9520825110778148,-0.30584128579994324,45.360831853975995,11.020247633234867
37,0.957974327256858,-0.2868539494529754,45.360872260057015,11.020226733891574
38,0.9543800710656472,-0.2985945075729464,45.36089479043305,11.020226578850524
39,0.9608231873824713,-0.2771620511328857,45.360933655023494,11.020210569698294
40,0.9606889805107637,-0.2776268768062441,45.360965610536226,11.020201990337185
41,0.9479887947581026,-0.3183036993392946,45.36099310637873,11.020189490389377
42,0.9603180293590098,-0.27890730088692206,45.3610332958365,11.020183162676162
43,0.9526055310811257,-0.30420832032284467,45.36105748671844,11.020172775766602
44,0.9639957700423732,-0.2659175724550973,45.36108915209026,11.02016988452229
45,0.9484745087287256,-0.3168534460784711,45.36113113055111,11.020155976345983
46,0.9488111438001536,-0.31584397002419423,45.361165710609264,11.020131497594168
47,0.9593053908365728,-0.2823706201287419,45.36119638909339,11.020131140998435
48,0.9551042150804344,-0.29627004292636,45.36121381309301,11.020110097261929
49,0.9568157460854638,-0.2906950774315195,45.361260720648055,11.020103836138961
50,0.9524004219356949,-0.30484985861356484,45.36128897720245,11.020099798818508
51,0.9573792307764424,-0.28883387695682006,45.36132073412716,11.020092475867386
52,0.9556980910270912,-0.29434870274416647,45.361339551268756,11.020089469606154
53,0.9589527473704297,-0.28356591528373926,45.361384347080595,11.020065147173481
54,0.9549552453313902,-0.2967498600068151,45.361412200940435,11.020049340041144
55,0.953911951048608,-0.30008663690114235,45.36144850559515,11.020045779935856
56,0.9589943686261196,-0.28342512405111525,45.361479012487884,11.020042608743509
57,0.9519971772503991,-0.3061068024518113,45.36152017602249,11.020026075382791
58,0.9542465122975354,-0.2990210590710788,45.36155518512662,11.02002248346338
59,0.9457070762105447,-0.3250201932269792,45.361573991248214,11.020014504863116
60,0.9466877270585983,-0.3221526772147407,45.36161292349753,11.019999353580301
61,0.9556730776938169,-0.29442990434265975,45.36164626842934,11.019978809893193
62,0.9574824744418867,-0.28849144031780527,45.36167055260705,11.01997204833056
63,0.9562596498794708,-0.2925191993910691,45.36171516777074,11.01997549329048
64,0.9516435532657549,-0.3072044067518047,45.36173507081758,11.019960128642177
65,0.9594887390240239,-0.28174697813124583,45.36177408973423,11.019945407506642
66,0.9513881509775893,-0.3079944580336531,45.36180267302942,11.019933261661967
67,0.9591865742541161,-0.2827739658643508,45.36183426985691,11.0199239705906
68,0.9604406298413372,-0.2784848228359592,45.36187677334542,11.019912702329146
69,0.9529533678420962,-0.30311693901596226,45.36191203791741,11.019908499124227
70,0.9541065281902211,-0.29946741536401383,45.361933395699126,11.01990120201664
71,0.950670639432882,-0.31020208787220505,45.36196944282168,11.01989488817609
72,0.9508140332927268,-0.30976228642883114,45.36200400446378,11.01988120038951
73,0.947193023658156,-0.32066396107657597,45.36203341586217,11.019860928763205
74,0.9609561498413921,-0.2767007012676477,45.36205452791942,11.019857959255495
75,0.9506972681842235,-0.3101204673462468,45.36209747330173,11.019855546747927
76,0.9554546171490538,-0.2951380601829507,45.36213306619821,11.019832447873421
77,0.9501864591454935,-0.3116820380717332,45.3621687174722,11.019827781608248
78,0.94965525108817,-0.3132968306265878,45.36219254780159,11.019819351889332
79,0.9550689335778211,-0.2963837581827379,45.36222756143056,11.019801223386926
80,0.1397440199086767,0.9901876634758501,45.362260314881325,11.019797306268359
81,0.1348832901158091,0.9908614928674615,45.36225945018796,11.019801464016096
82,0.12581586779492182,0.9920536111576888,45.36226399741169,11.019805797175238
83,0.14028767565677994,0.9901107857501695,45.36225039939347,11.019809859006104
84,0.12492999799230381,0.9921655585645185,45.362269033123475,11.019817242909053
85,0.14293520730710754,0.9897320478352079,45.36225981562952,11.01982361602823
86,0.11773670941754058,0.9930448465479943,45.362266249605085,11.019837080268271
87,0.12404221413345791,0.9922769417420065,45.36226088515919,11.019837797859639
88,0.09987921447127718,0.9949995691037261,45.362262067062865,11.019837751056084
89,0.12661497270829547,0.9919519386976758,45.36226284331409,11.019849343745024
90,-0.9508256310674851,0.3097266848450724,45.36226911627765,11.01985235098195
91,-0.9562191031748541,0.2926517157364323,45.36223168882543,11.01986032075479
92,-0.9607393281799451,0.2774525964707264,45.3621973559037,11.019861755326492
93,-0.9476761019207869,0.31923346605301633,45.362175257339274,11.019883628428943
94,-0.9544145392032634,0.29848431676961257,45.36214320041528,11.019896687462744
95,-0.9575862542903779,0.2881467778652465,45.36210766273094,11.019903028985924
96,-0.952428198821335,0.3047630654950621,45.36206208840332,11.019914499678418
97,-0.947968757522972,0.31836336906175716,45.3620417802692,11.019926678117052
98,-0.9551868150480326,0.2960036289615306,45.362012675091236,11.019931882454067
99,-0.9566283106319501,0.29131130307192205,45.36198111101508,11.019940682882487
100,-0.9517361191045028,0.3069175126836191,45.361945799533686,11.019950080189526
101,-0.9595630006875641,0.28149395679388556,45.36191579835934,11.019972772435203
102,-0.9488098219346868,0.31584794094669655,45.36188376109488,11.019973737858194
103,-0.957869198485067,0.28720480252526304,45.361850175612915,11.019986046956102
104,-0.9521292615912808,0.3056957134498985,45.36182134031492,11.019986511345234
105,-0.9637178944930803,0.2669228724441276,45.361780063236814,11.020002345539478
106,-0.9628219153258898,0.270136927072522,45.36174995577041,11.020005784781928
107,-0.9486500051361817,0.3163276272397376,45.36171217201464,11.020013759488373
108,-0.9513849427853335,0.30800436789329416,45.36168734988257,11.020033711006318
109,-0.9566810392400109,0.2911380929364153,45.36165143491495,11.020053918832087
110,-0.9598394156551662,0.2805499886914079,45.36161882833283,11.020060635030287
111,-0.9528280260278374,0.3035107128519433,45.36158960139792,11.020062307850797
112,-0.9556032445213472,0.29465647635895326,45.361562050146745,11.020070428527891
113,-0.9572737716231026,0.28918320518743845,45.361526028581515,11.020080214862327
114,-0.9486146176335216,0.3164337327340554,45.361482350814875,11.02008894021535
115,-0.9526482696873271,0.30407445512857834,45.36145422363827,11.020104363620309
116,-0.9596255782467352,0.28128055313977723,45.36143301906879,11.020123050717666
117,-0.9551047496333616,0.2962683196492561,45.36139635478281,11.020121929360538
118,-0.9545322881839332,0.29810754907305637,45.361364325072245,11.020131884615694
119,-0.9525341209616105,0.3044318452525818,45.361331664169576,11.020142243379777
120,-0.9484964562184891,0.31678774051558206,45.36130030826009,11.020155916553808
121,-0.9621585284551064,0.27249030463688834,45.36126295404108,11.020164288572712
122,-0.949357605862516,0.3141976069148069,45.36122706413904,11.020166862757277
123,-0.958726044281148,0.2843314474640858,45.36120165848843,11.020183000235818
124,-0.9483455513847993,0.3172392081200888,45.361168468037576,11.020193407704861
125,-0.9610348689271814,0.2764271707088784,45.36113939617441,11.020211563700533
126,-0.9571440011875355,0.28961243238285705,45.36109925335976,11.020213584394936
127,-0.9664157639914729,0.25698360085573113,45.36107889561022,11.020226730690018
128,-0.9559110155624435,0.2936564835422128,45.36104494900864,11.020232757369751
129,-0.9545199479949067,0.29814705915001166,45.36101101665427,11.020245227385358
130,-0.95588448861607,0.293742820207055,45.360965501611346,11.020258547793249
131,-0.9547559558494267,0.2973904248123122,45.360950084028744,11.020268098060837
132,-0.9518801636975194,0.30647047812013417,45.360900828947045,11.02028358606736
133,-0.9587200573993501,0.28435163361617427,45.36088198704964,11.020279471594334
134,-0.9572910209575944,0.2891260991227989,45.3608404293652,11.02029433057529
135,-0.954319876420545,0.29878683617033,45.36081313031767,11.020311272568126
136,-0.9602521469568661,0.2791340435431141,45.36077144433672,11.020322821835673
137,-0.9537293884844484,0.3006663491997068,45.36074736429549,11.020328073315
138,-0.9605140008012858,0.27823165575596814,45.360716832912814,11.02033531958276
139,-0.9531656866270397,0.3024486300792317,45.36068010782259,11.020345632900105
140,-0.9637739470299858,0.2667204135911653,45.360654152606855,11.020354222950553
141,-0.9513425918471863,0.3081351536866218,45.36061294932354,11.020361467396063
142,-0.9523363344026665,0.3050500060260491,45.360582408639836,11.02037102369359
143,-0.9483829905964632,0.31712726648351885,45.36055764100867,11.02038657330358
144,-0.944361599940841,0.3289090581865678,45.360528776988495,11.020399011848692
145,-0.9507038796418731,0.3101001987001795,45.36048772423081,11.020400656313072
146,-0.9553730341482332,0.2954020406537485,45.36045017872448,11.020430337415888
147,-0.95156982294295,0.3074327114415815,45.36042511902796,11.020428980478936
148,-0.9557383667023718,0.29421790294453987,45.36039188087208,11.020444803868324
149,-0.9533673470168134,0.3018123616456472,45.36036479840492,11.020451185039631
150,-0.9538863737536993,0.30016792961110605,45.36033152231568,11.02046560167331
151,-0.9580242401737863,0.28668720801500625,45.360297577035304,11.020461931205833
152,-0.9568255386133248,0.2906628436132163,45.360268787527296,11.020478084203951
153,-0.9560116838260178,0.2933285877444309,45.36023525245202,11.020483203087188
154,-0.9511315123882851,0.3087860847609125,45.36019302534314,11.020489064350675
155,-0.953259582172141,0.30215255914354777,45.36016703893878,11.02051292962789
156,-0.9497489571501793,0.3130126489331491,45.36013186637126,11.02052425822449
157,-0.9525510866987011,0.30437875620536264,45.3600971958657,11.020525985984321
158,-0.9516577638408512,0.3071603824086541,45.36007538324488,11.020544070683561
159,-0.951424253258279,0.3078829165639534,45.3600457346814,11.020548377779326
160,-0.9594485566109631,0.28188378317515816,45.35999596594627,11.020554081418775
161,-0.9519823286324164,0.30615297805443925,45.359972442548596,11.020565626890358
162,-0.9632661819526456,0.26854843642511245,45.35994252421802,11.02057040255214
163,-0.9561231563506033,0.29296503185561196,45.359908815690865,11.020583922814163
164,-0.9584535061651409,0.2852487975780937,45.359874264693744,11.020603476650923
165,-0.9639805387634683,0.2659727822264775,45.359843689349646,11.02060281940572
166,-0.9478168868603672,0.3188152270239328,45.35980597483027,11.020616308060422
167,-0.9455286681438474,0.32553884210355327,45.35978480720867,11.020624715328706
168,-0.9445567995748846,0.32834806589479304,45.359736959796244,11.020648867647285
169,-0.9331336713623749,0.3595296251628999,45.35970313034327,11.02064674414968
170,0.11055110014508014,0.9938704413839424,45.35968009872441,11.020659288378274
171,0.14059090136337413,0.9900677746769834,45.35968604250052,11.020660160685416
172,0.10644903293759576,0.9943181600406635,45.359682221872355,11.020679016988783
173,0.14951530253414838,0.9887594117418665,45.35967844885166,11.02067511145093
174,0.1741273078619703,0.9847231492438586,45.359695227009375,11.020694030582986
175,0.11462357040059563,0.9934089978999685,45.3596924032542,11.020693297418642
176,0.11059241034778532,0.993865845460778,45.359701621544964,11.020708852641
177,0.13751491537053256,0.990499696138588,45.359701754430496,11.020712470085137
178,0.1448847517987239,0.9894485376694546,45.359692175586474,11.020719984176237
179,0.1442066915804345,0.9895475885996718,45.359705746150695,11.020727052500026
180,0.9584117306120283,-0.28538912842863656,45.35969980615599,11.02073577030955
181,0.9481047432741839,-0.3179581667153619,45.359737385421404,11.020731559118028
182,0.9530327969424037,-0.3028671126948897,45.35976302637807,11.020707502571442
183,0.9601192296312792,-0.27959088842850216,45.359798410495884,11.02070970690972
184,0.9486415784949929,-0.3163528971742289,45.359827368985755,11.020683521142113
185,0.9580506350770605,-0.28659898923136673,45.35985495296419,11.020677919961043
186,0.9634715277412575,-0.26781078251617724,45.35988506101219,11.020671308390861
187,0.9395005656621526,-0.3425473501875256,45.35992408099422,11.020666004617995
188,0.9473104819259084,-0.3203167976133989,45.359959169995385,11.02065332282035
189,0.9590042598486729,-0.28339165406218136,45.35999064934933,11.020649154280925
190,0.9518143771765359,-0.30667473224907693,45.3600137384388,11.02063151072626
191,0.9597036695220038,-0.28101399734888743,45.36004886425578,11.020620772989869
192,0.9500983204486309,-0.311950607437605,45.360087883007104,11.020614740552103
193,0.9509560738752769,-0.3093259535824933,45.36011461001691,11.020599738622566
194,0.9582196046300894,-0.2860335457644002,45.36014731995647,11.020596112607578
195,0.9564308507682315,-0.2919589486533283,45.36018292651877,11.020581413192257
196,0.9465233649139577,-0.32263527344659465,45.36021173216844,11.020572660902026
197,0.9567041492325841,-0.29106214257638785,45.3602431099875,11.020568165182768
198,0.9517360626606769,-0.3069176877130936,45.36027453331183,11.020556006638284
199,0.9476900836748124,-0.31919195682915796,45.36031114557086,11.020542886659157
200,0.9554845678401872,-0.2950410829346495,45.360342697564896,11.020525361164815
201,0.9558433391932806,-0.2938766933934014,45.36036903954543,11.02053391024144
202,0.9571866394628583,-0.2894714791370646,45.360404686138025,11.020518193788751
203,0.9517601277408048,-0.30684305311153287,45.360435608163165,11.02050447687677
204,0.9551838676355295,-0.29601313992596867,45.36046436031134,11.020491073539612
205,0.9553065745261327,-0.2956168950976019,45.360498746879465,11.020481067241242
206,0.9444509432147564,-0.32865242409079687,45.360537514686435,11.020476620320675
207,0.9495271593926028,-0.31368483159983174,45.36056690624821,11.02046080504726
208,0.9480988472753155,-0.31797574718084726,45.360597805802115,11.020455605016913
209,0.9481140113162012,-0.31793052943355765,45.360631334310746,11.020438771615837
210,0.9465935290232118,-0.32242935786212423,45.36066256490165,11.020430625084218
211,0.9549797325202543,-0.2966710475856104,45.36068825855538,11.020414640126244
212,0.9498167009146272,-0.31280702463923904,45.36072942574405,11.02041324764138
213,0.9508679338423253,-0.30959679001957924,45.360751829063496,11.020405712612483
214,0.94666892561651,-0.32220792242290175,45.360792827351716,11.020393251540417
215,0.960607401453745,-0.2779090143775182,45.360815746387935,11.020383875025198
216,0.9578489638861079,-0.2872722791748444,45.36085178049786,11.020380811431533
217,0.9545651963395113,-0.29800215760512566,45.360889615505954,11.020362066778507
218,0.9480986053314087,-0.3179764685769025,45.36091207037761,11.020351673992787
219,0.9545586416690329,-0.2980231528169762,45.36095201304467,11.020341359182812
220,0.9525425414127092,-0.3044054973206251,45.36099118740393,11.020326428826221
221,0.9520599949489464,-0.3059113695464946,45.36101408469988,11.020327348103798
222,0.9517813820007263,-0.3067771192197807,45.3610494198626,11.020311773362998
223,0.9581828774304669,-0.28615655400334744,45.36108634190992,11.020293704308004
224,0.9508440879253341,-0.30967001866089555,45.3611093640297,11.02028287600187
225,0.9460913306193117,-0.32389997549703553,45.36113429353616,11.020281747049456
226,0.9470298492671722,-0.32114555048606414,45.361174731638506,11.02026962865145
227,0.9571893397066287,-0.2894625501718454,45.361202558116126,11.020255724259586
228,0.953130768420698,-0.3025586526440282,45.36124140804744,11.020249681001696
229,0.9571845387000755,-0.289478425575247,45.361270515836985,11.02023737264039
230,0.9487440321418105,-0.31604550538696047,45.361296714246535,11.02022668519182
231,0.949290416339648,-0.31440054937244916,45.36133487439388,11.020220750212616
232,0.9553159703989846,-0.29558652997159096,45.36136973454399,11.020204799131605
233,0.9536631285174284,-0.3008764485737474,45.3613979177722,11.020205163044624
234,0.9458698059194002,-0.3245463144914701,45.36142841261432,11.020190938111138
235,0.9578387832811959,-0.2873062220739367,45.36146420845366,11.020185866261365
236,0.94779835150638,-0.31887032612300004,45.36150224578005,11.02016818774225
237,0.9471923277657186,-0.3206660166306362,45.361523841234934,11.02016143809716
238,0.9430451075837528,-0.332664884023469,45.36155990803426,11.020150044473496
239,0.9596723534035936,-0.28112092435962194,45.36159296486227,11.020137076053144
240,0.9525341661825181,-0.30443170376124584,45.36162622048617,11.020121774164066
241,0.9465886559836791,-0.3224436638593042,45.36165738270859,11.020125304713238
242,0.9621922968805062,-0.27237104072168855,45.36167681788615,11.020107529183495
243,0.9524320378967224,-0.3047510675746624,45.36171150586233,11.020099211190969
244,0.9509739427068759,-0.3092710143103287,45.36175234436658,11.020087769888242
245,0.9463970869061574,-0.323005501339434,45.3617854428894,11.020073468760257
246,0.9570545515846531,-0.2899078910466194,45.36181858364707,11.02007483467505
247,0.9432327186057993,-0.3321325617152181,45.36184549884492,11.0200562410259
248,0.9611755422842396,-0.2759376322914252,45.3618889263238,11.020056509313765
249,0.9551607329823018,-0.2960877811877959,45.361907755654904,11.020037002644017
250,0.9433823434209431,-0.3317073320287175,45.36194931379273,11.020031546569225
251,0.9554682011009559,-0.29509408107399143,45.36197487600743,11.020011881266912
252,0.9595308706833521,-0.28160345915071494,45.362009482912285,11.020006924484033
253,0.9545604211733145,-0.29801745306177013,45.36203566033079,11.019995671625534
254,0.9576437933059916,-0.28795549159985007,45.36206397048695,11.019980166306976
255,0.9472504612681135,-0.32049424897702333,45.36210347939764,11.019976224827406
256,0.9504012181691229,-0.31102656558989794,45.36214453650632,11.019966578697266
257,0.949804892744532,-0.31284287704620706,45.36216766218024,11.019946619847074
258,0.9568315431269697,-0.2906430767750401,45.36219247111622,11.019941571978157
259,0.9564438045326593,-0.29191650993236423,45.36222853104203,11.019932672244758
260,0.11508498812710571,0.9933556490541461,45.36226384980059,11.019924137379645
261,0.1370790886458511,0.9905601059279658,45.36226317170374,11.019933303971762
262,0.12823082082141213,0.9917443504207457,45.36226614319379,11.019931450172576
263,0.12546651005721265,0.9920978554830483,45.362269272862235,11.019938527704392
264,0.13118630747437288,0.9913577319672446,45.362272590996604,11.019947967133566
265,0.17770979909113263,0.9840829372095572,45.362278116683655,11.019956098479817
266,0.12436372817146671,0.9922366971218579,45.362266723118246,11.019972912741354
267,0.13473119826370197,0.9908821848304807,45.36227585142075,11.019983080423454
268,0.11512260796854822,0.9933512898942246,45.362269784825756,11.019979231961255
269,0.12159250096351085,0.9925801044295813,45.36227881427481,11.019989325825122
270,-0.9538449443538977,0.30029955399652175,45.36228122179728,11.01999896725454
271,-0.9468308836833423,0.32173168588658,45.36225282855646,11.02000948726802
272,-0.9534496288427103,0.3015523259066293,45.362218293609224,11.020022009576735
273,-0.958563346632461,0.2848794666043455,45.362177142699096,11.020022494817667
274,-0.9495876400298574,0.313501696809644,45.362148247826084,11.020037677700719
275,-0.9568337600616978,0.2906357782624041,45.36212936388253,11.020048578680104
276,-0.9526996457422534,0.30391344985469926,45.36208737702863,11.020053419195973
277,-0.9546754871284232,0.2976486423219631,45.36205367740435,11.020072608892614
278,-0.9555555625220523,0.2948110698958981,45.36201329083857,11.0200740293418
279,-0.9516964704420259,0.30704043406071146,45.36199077888754,11.020086636599318
280,-0.9454684380503399,0.3257137280659976,45.36196253611264,11.020095656179057
281,-0.9542239123825104,0.2990931711647981,45.36192738472605,11.020104731180115
282,-0.9578934843805754,0.2871237931297933,45.36189659030427,11.020121893162752
283,-0.9570164960538239,0.29003349165374204,45.36186734632227,11.020139914648476
284,-0.9585160210220633,0.2850386595604733,45.36183871268316,11.020136963775085
285,-0.9593141644339159,0.28234081163809405,45.36181546660269,11.020152342486439
286,-0.95822114512336,0.28602838502232014,45.36177148643501,11.02015283959914
287,-0.9377478445868376,0.34731682938311564,45.36173140626694,11.020164582947157
288,-0.9535305695626529,0.3012962875800541,45.36169992467161,11.020171743917778
289,-0.9628684925113904,0.2699708616292553,45.361668965969336,11.02019130770838
290,-0.9534608980185642,0.3015166926550389,45.36163589150298,11.020192201520349
291,-0.9541754400716652,0.29924777286396653,45.36160850572229,11.020204345319522
292,-0.9452933237993161,0.3262215995001579,45.36157652458117,11.02021954071688
293,-0.9550883848809103,0.29632107091054827,45.361541052378115,11.020230618586487
294,-0.9458087448266199,0.3247242186987196,45.3615085675547,11.02023973328202
295,-0.951330250993019,0.3081732524823649,45.36147834009424,11.02025402939074
296,-0.9555121122431897,0.2949518661689703,45.361455928277714,11.02025409284096
297,-0.9510256061528574,0.3091121098268237,45.36141386100222,11.020265238182159
298,-0.951340822907522,0.3081406150925886,45.3613851120745,11.020285229101882
299,-0.961726904238079,0.27400978388488373,45.36134703776885,11.02029141440734
300,-0.9557646234209676,0.2941325969983197,45.361320463643494,11.020298328472514
301,-0.9496879397576702,0.3131977284062447,45.361286568093284,11.020306248282122
302,-0.9519680228251521,0.30619745837999784,45.36125501816419,11.020324418577005
303,-0.9578984238213716,0.2871073138053645,45.361221590665004,11.020325451689176
304,-0.9524281996025171,0.3047630630537564,45.361186810109785,11.020339407548274
305,-0.9512648245075396,0.30837515083845507,45.36115625306221,11.020345515588314
306,-0.9482604860761911,0.31749338661859683,45.36112848245391,11.020360020473472
307,-0.9513920552342207,0.30798239760935314,45.36109675070378,11.020366944172963
308,-0.9582621498500827,0.2858909795091435,45.36105341023035,11.020377710238375
309,-0.948085669497152,0.3180150362705152,45.36102872808039,11.020387715532062
310,-0.9630383956896656,0.26936415579559775,45.360995206973286,11.020395872497742
311,-0.9534143360337525,0.30166389218021916,45.36095904647066,11.020402565387824
312,-0.9491840989256705,0.31472137891580065,45.36092750121459,11.020414594652888
313,-0.9583594297779111,0.28556470957693103,45.36090178707382,11.02043236665587
314,-0.9500767711000507,0.3120162319753601,45.36085765539184,11.020436294787899
315,-0.9588283661916385,0.2839862042182213,45.36083435679998,11.020441010127795
316,-0.9602157905442225,0.2792590832713127,45.360805326120975,11.0204658748614
317,-0.9559015318598152,0.2936873531292397,45.360762855608876,11.020471251880796
318,-0.9563800833011274,0.29212520648675383,45.360741017212284,11.020478197792007
319,-0.953884378192165,0.3001742711175407,45.36071042011918,11.020488305228856
320,-0.9523966685655885,0.30486158450216166,45.360678975215635,11.020497363180015
321,-0.9539586679080659,0.2999380934844195,45.36064058372717,11.020512110504798
322,-0.952251458104471,0.3053148547612923,45.36060674762502,11.020520280239204
323,-0.9607083859042083,0.27755971835504323,45.360577303832294,11.020531189061545
324,-0.9464107970820397,0.3229653281182645,45.36054237063906,11.020536615054537
325,-0.9559930998236508,0.2933891495770888,45.36050654593801,11.020546755288743
326,-0.9602079455567453,0.2792860563825098,45.36048253317258,11.020554057117582
327,-0.9492346034926555,0.3145690187099503,45.360443437344955,11.020571057403028
328,-0.954465816698743,0.2983203056340645,45.3604190288123,11.02057403706053
329,-0.9576617171640437,0.2878958761052598,45.36039029712757,11.020589611975462
330,-0.9613471384679576,0.27533920781368865,45.36035914184034,11.02059178852517
331,-0.9534786335639754,0.3014606032916645,45.36032504187145,11.020602220178546
332,-0.9592526175552997,0.282549846422372,45.3602836605811,11.020612119744397
333,-0.959069191494488,0.2831718310957307,45.36025250177191,11.020626938850867
334,-0.9440029125095021,0.32993711699894773,45.36022156264233,11.020631757150177
335,-0.9532513487613574,0.30217853346102025,45.36019609696109,11.020647640773213
336,-0.9472717853743641,0.3204312166966019,45.360152569985246,11.020663908949455
337,-0.9529403286884073,0.30315792907201083,45.36012663086684,11.020669260789463
338,-0.9640066475456972,0.26587813653571823,45.36010040997929,11.020671963945999
339,-0.9566574517707751,0.2912155901929825,45.36006126449198,11.020685034255386
340,-0.9635184650883143,0.26764186412790303,45.36003799000426,11.020687929339726
341,-0.9545522977969766,0.2980434712764435,45.36000316859749,11.020706940549584
342,-0.9532949491121456,0.3020409574830403,45.359969103685835,11.020716078154356
343,-0.9509050314281925,0.3094828286101642,45.35993763318155,11.020725018411474
344,-0.9569452063758963,0.29026862040908474,45.359897995456855,11.020730432161033
345,-0.9402231716093873,0.3405589340610294,45.359872669427475,11.02074429980735
346,-0.9646587882614012,0.26350222433604853,45.35982990752079,11.020761365262294
347,-0.9547490900224447,0.2974124662843065,45.35980131407386,11.020757109518483
348,-0.9531187857261346,0.3025963983525557,45.359775530899704,11.0207822784568
349,-0.9538948895987588,0.3001408662567824,45.359741800030946,11.020787487014754
350,0.15909911126522971,0.9872626159207154,45.35971033380851,11.020793262601662
351,0.14513433104580797,0.9894119596770022,45.359708831159374,11.020797369490351
352,0.1297214381051695,0.9915504770287424,45.35971600870606,11.020808331232377
353,0.13452551682697617,0.9909101297910093,45.359709265747476,11.020812173896637
354,0.09774757452956553,0.9952112397243045,45.35971335333989,11.02083710305256
355,0.1469434379720434,0.9891448963811905,45.35970827514619,11.020832032761021
356,0.08853436926843003,0.9960731225458507,45.35971931534551,11.020844491525484
357,0.1269905025836858,0.9919039329761441,45.359712405626254,11.020853293306603
358,0.16266087817785627,0.9866820352628342,45.359714984643084,11.020850922267515
359,0.1514113508451173,0.9884708406600858,45.359710964940454,11.020866076195798
