,Sin,Cosin,Lat,Lon
0,0.952294210504576,-0.30518148148186564,45.359664952312286,11.020604159158399
1,0.9486697227394919,-0.3162684890364129,45.359706761231564,11.020597294766912
2,0.9547919823293372,-0.29727473905398477,45.359735402565946,11.020589390774546
3,0.953543223900722,-0.3012562367039353,45.35976217413099,11.020574903052603
4,0.9539948032051748,-0.29982314029694185,45.359796382130526,11.020566164886334
5,0.9456175873027812,-0.32528046142316464,45.359820507968855,11.020553003485063
6,0.9497628130584137,-0.3129706039412788,45.35985413266939,11.020539279887956
7,0.9570046312013027,-0.29007263893593715,45.35987914698242,11.0205382011866
8,0.9437437607023975,-0.3306776589600449,45.35991421794591,11.020525705738967
9,0.9549890960103792,-0.29664090496976103,45.35994882591306,11.020514229459774
10,0.9638736341035874,-0.2663599397055489,45.35998381823916,11.02050298710452
11,0.9638912427128454,-0.26629621142908977,45.36001538555497,11.02049502629287
12,0.9578159387823751,-0.287382371439929,45.36005103544478,11.020482455936872
13,0.9439668493642545,-0.33004028133142,45.36007468499939,11.020466683573837
14,0.9435940581306935,-0.3311045959518673,45.36010658142446,11.020465475805883
15,0.9573110278967203,-0.28905984824483133,45.36014383498008,11.02044948346021
16,0.9525822634885377,-0.3042811714303963,45.36017235859844,11.020445580695737
17,0.9504548539615811,-0.31086262332559295,45.360208875300444,11.020432130765629
18,0.9569682245593301,-0.29019272420886727,45.360236716271196,11.020421235358691
19,0.9397448579367695,-0.34187658881736965,45.3602631938673,11.020411601438617
20,0.9572244046530801,-0.28934657270573705,45.360287491124595,11.020400002462083
21,0.9547276901039103,-0.297481155283577,45.36033036278379,11.020396362666332
22,0.9535039327292818,-0.30138057380958266,45.3603693818556,11.020384544714517
23,0.9487092455755484,-0.31614991279371546,45.36039670530299,11.020369165872191
24,0.9540349799941809,-0.2996952734820869,45.36042354353612,11.02036723171343
25,0.9538235339744623,-0.3003675515705181,45.360452177541866,11.020348579348926
26,0.955168294396735,-0.2960633874345697,45.360492818629204,11.020347218272855
27,0.9577686179741847,-0.2875400396880762,45.36051277034037,11.0203229894797
28,0.9566823048007889,-0.2911339342657441,45.36054153414046,11.020328321991379
29,0.9562808644653539,-0.2924498388739433,45.36058303724427,11.020311353062285
30,0.9525184434122215,-0.3044808942438895,45.36061187311576,11.020301013606762
31,0.9515734119918062,-0.3074216023480982,45.36063870064515,11.020290432350833
32,0.9625482577705312,-0.27111040456410934,45.36068891400884,11.020282388208903
33,0.9553317043003235,-0.29553567425716853,45.36070274657673,11.020272882472328
34,0.9588859627601259,-0.2837916672870901,45.36073540610112,11.020269718428473
35,0.9606236649386242,-0.2778527926076791,45.36077102953104,11.020260286852164
36,0.9533703212515854,-0.30180296644772886,45.36079708719157,11.020246675506142
37,0.943726900987325,-0.3307257721328347,45.36083894104951,11.020228824022812
38,0.948944072104028,-0.31544436596430975,45.36086881372894,11.020230003502562
39,0.9503302137008927,-0.3112434496133465,45.36089663719752,11.020214866024387
40,0.9557350111641618,-0.2942288028644365,45.36092759194797,11.020199181148797
41,0.9633978014659524,-0.2680758775618747,45.36094711919786,11.020185447355146
42,0.9519052671070068,-0.30639249738519714,45.36099942344263,11.020189598384377
43,0.9509780089568167,-0.30925851076490796,45.361027730521776,11.020176585963942
44,0.9571976562643331,-0.2894350477085796,45.361057206110424,11.020159178060792
45,0.9603704610542789,-0.2787267076087109,45.36109374129834,11.020152337200045
46,0.9597516974022811,-0.28084992315014146,45.3611287566346,11.020130760566621
47,0.9482927212720281,-0.31739709321682774,45.361148310408936,11.02013981811643
48,0.959726487050607,-0.28093606043635805,45.36117582891152,11.020122202121208
49,0.9658651483759604,-0.2590453920699691,45.361228169775636,11.020109318725677
50,0.9482638757572008,-0.3174832624469076,45.36124671555383,11.020099136071588
51,0.9498921043492795,-0.3125779744238188,45.36127245976347,11.02010205249546
52,0.9566448856806904,-0.2912568672168585,45.36130871647078,11.020084746390857
53,0.9505790257743257,-0.3104827141048818,45.361339642188035,11.020078767185039
54,0.9480601846144491,-0.31809100325035394,45.361374798783,11.020065482971688
55,0.9587114921502341,-0.28438051061750275,45.36140382895639,11.020052684497585
56,0.9595907852093856,-0.28139922697341374,45.36144075697702,11.020046004225573
57,0.9545516957122533,-0.29804539958345583,45.36146617279397,11.02002886353479
58,0.9514029827361551,-0.3079486392903003,45.36149892014691,11.020025050526135
59,0.9451324757752627,-0.3266873172238591,45.36152465553709,11.020021409655953
60,0.9450288254327576,-0.3269870320076664,45.36156754943914,11.02000206366404
61,0.9562490649735416,-0.29255379973131,45.361603196008694,11.019984060630824
62,0.9535356277451299,-0.30128027917655176,45.361620335990885,11.019984085380411
63,0.9481931026048064,-0.31769457057474415,45.36165856488002,11.019975088188646
64,0.9505416531469846,-0.31059711143633906,45.361681333351136,11.01996475467109
65,0.958108736786935,-0.2864046935588585,45.36172386192499,11.019964455921402
66,0.9496811808301092,-0.3132182222941848,45.36175565652803,11.019943057709494
67,0.958137625014105,-0.28630803609457117,45.36178119318761,11.019936740076979
68,0.949417866020451,-0.31401547044878697,45.361825060665865,11.019913926647192
69,0.9506388391885278,-0.31029952856278803,45.36184837539792,11.019919627829292
70,0.9461113378301631,-0.3238415298092864,45.361886040650056,11.019903710562224
71,0.9554649158879805,-0.2951047178666825,45.361903974074195,11.019905139437297
72,0.9469913653204135,-0.3212590138946751,45.3619434590098,11.019885715096406
73,0.9498780251002241,-0.31262075655928234,45.361975331166605,11.01987369467127
74,0.9540025951929618,-0.29979834616804324,45.36200440832485,11.019862740707046
75,0.9468096098007125,-0.3217942864455841,45.362039409378234,11.019851489750712
76,0.9559396054785901,-0.293563401461145,45.36206979557339,11.01984027647613
77,0.950719876675094,-0.310051150771762,45.36209979116716,11.01983737864105
78,0.9531040027655344,-0.3026429578105465,45.36213929399459,11.019827502455207
79,0.9441189083323251,-0.3296050468809277,45.36215593204509,11.019807706905082
80,0.9549357996782998,-0.29681242981513783,45.362188961077266,11.019805129133077
81,0.9567798995504041,-0.29081303928180163,45.36222933369935,11.01978416403617
82,0.1404131642769016,0.9900929972976013,45.36225901095783,11.019784130235324
83,0.12724546703832443,0.9918712573304052,45.36226214791959,11.019800014732645
84,0.10587330658065425,0.9943796271815301,45.3622563216704,11.01980139883906
85,0.14099650144021114,0.9900100941816808,45.362262975742055,11.019824159542084
86,0.1261102557920607,0.9920162314115939,45.362258238568394,11.019837213971721
87,-0.9503565506440987,0.31116302262295015,45.3622672224987,11.019849902135133
88,-0.9541312525914467,0.29938863176192415,45.36223621361786,11.019861604653887
89,-0.9446420613306822,0.32810269118817015,45.36220628357357,11.019878084799284
90,-0.9562807870658834,0.2924500919621236,45.362175990469396,11.019869228916823
91,-0.9476866601222759,0.3192021212747278,45.36213361413029,11.019892077372287
92,-0.9584128786735879,0.2853852729077072,45.36210437133691,11.019906965983523
93,-0.9569281264493104,0.29032492281961036,45.36207929912863,11.019911542493501
94,-0.9575259018888639,0.2883472684315179,45.36204391312073,11.019922172467448
95,-0.9522211307458038,0.3054094270993984,45.36201405955864,11.019921196335396
96,-0.9612953543025584,0.27551994809145636,45.36197486798294,11.01993540100079
97,-0.959682316646616,0.28108691025336685,45.36194701953512,11.019947609115311
98,-0.9615957881425241,0.27446956156659336,45.36191102526511,11.019947453161034
99,-0.9571646008246412,0.28954434363013437,45.361894298778964,11.019958759022806
100,-0.9642748551626645,0.26490376309335867,45.361855169743194,11.019979695768297
101,-0.9678101132814397,0.25168151427978747,45.361830923558664,11.019967017681779
102,-0.9660891047508212,0.25820891092632087,45.361796869111174,11.019985051465861
103,-0.9686866873938789,0.2482863300020232,45.36175897153946,11.019992345725372
104,-0.9652786786491048,0.2612222665575015,45.36171827627347,11.01998539576558
105,-0.971385549221424,0.2375081362054625,45.36169129972999,11.020005032716035
106,-0.9775465876366751,0.21071940821835153,45.36166087441365,11.020007098203548
107,-0.9785410083625878,0.20605216561038558,45.36161932200164,11.020010902251663
108,-0.9760924710373551,0.21735567161726013,45.36159798098582,11.020003366156832
109,-0.9758980520075142,0.21822692796247473,45.36156127316523,11.020015159816044
110,-0.9756258912434358,0.21944047105183587,45.36152738546906,11.020016023329383
111,-0.979320052469634,0.2023171639551946,45.361491253447156,11.020015658034248
112,-0.9850760620397775,0.17211958632359234,45.36146160528523,11.020007623680499
113,-0.9790182678620369,0.20377249861651325,45.36142566084128,11.020016160689178
114,-0.9882766299240954,0.1526738443410414,45.361388170875856,11.020011750872793
115,-0.9901420701666777,0.14006670156052803,45.36135735184924,11.020008993908219
116,-0.9860386421334176,0.16651665448142436,45.36132400762502,11.020004185074443
117,-0.991699760874708,0.1285752086564398,45.361280542299134,11.020001885437615
118,-0.9907173015228531,0.13593832595436858,45.36125153436609,11.020004887834814
119,-0.9911121588964616,0.13302890094860947,45.36121557738467,11.019997613581387
120,-0.9953114529140369,0.09672182637930798,45.36118081452802,11.01999136970332
121,-0.9921516781908672,0.12504018339336317,45.36115661334051,11.019990019062655
122,-0.9927673615396944,0.12005401226745359,45.361112349379155,11.019985045947836
123,-0.9956617980668409,0.09304613839545138,45.36108352627375,11.019977169224491
124,-0.9945634710646594,0.10413213732473009,45.361059210013465,11.019980282915663
125,-0.9965767743115898,0.08267244343012156,45.361014304444986,11.019972693995847
126,-0.9961622948466622,0.08752532391160664,45.36098191240884,11.019978188874406
127,-0.9938423371609413,0.11080346955974804,45.36094805802547,11.01998181587188
128,-0.9940435391930995,0.10898367854159109,45.36091260671648,11.019978824545133
129,-0.9949351659572981,0.10051873229166562,45.3608822954405,11.019973603391069
130,-0.9953899882374605,0.09591022529755716,45.3608480985468,11.01999092774092
131,-0.9942036680672564,0.10751309874435155,45.36082382986113,11.019997040075193
132,-0.9960793103582807,0.08846472447349835,45.360779026556216,11.02000303219479
133,-0.9924550052343843,0.12260939028156952,45.360753880806385,11.02001289958142
134,-0.9931545571565348,0.11680764358211863,45.36073201307991,11.020026759713677
135,-0.987283356456254,0.15897035592988223,45.36069554907696,11.020051546749253
136,-0.9916014935040915,0.12933088602671453,45.36066311962478,11.020058087739443
137,-0.9927357291614641,0.12031530262712313,45.360635291986796,11.020075346442384
138,-0.9918489249193896,0.1274194260552568,45.36059054232028,11.020095101959315
139,-0.9822669615071592,0.18748764314346994,45.36056983704575,11.020116946988772
140,-0.9808480861066801,0.1947743103719348,45.36053767747435,11.02013383827705
141,-0.9812534400846448,0.19272178476251844,45.36051061153402,11.020171080672771
142,-0.9736272207452267,0.22814476768912675,45.36046563355937,11.020170589225716
143,-0.9812915622018923,0.19252758231320963,45.36044787281079,11.020206136552028
144,-0.9783583328872465,0.20691779157454718,45.36042080824887,11.020231765310687
145,-0.9746608409788254,0.22368782949112107,45.360390954064385,11.020251972367754
146,-0.9732997696902804,0.2295377056625926,45.36035413879859,11.020280870344884
147,-0.9716758968984757,0.23631748006980535,45.36033717448622,11.020288335621087
148,-0.9711573081259268,0.23843968393202442,45.36030760905899,11.020322760829998
149,-0.9706325858897061,0.2405667957326246,45.36027081242569,11.020344269396833
150,-0.9626961574164362,0.27058475288831096,45.36025218737213,11.020366842431917
151,-0.9638293589225224,0.2665201059563791,45.36021212892986,11.020384492048041
152,-0.9673002133815712,0.2536341798574607,45.36019806679179,11.020398445297234
153,-0.9669069109004769,0.25512942921759785,45.360164012072026,11.020419632134313
154,-0.9565997787621059,0.29140498155023037,45.36013093998912,11.02043671792833
155,-0.9686276894107853,0.24851639645448595,45.360089760504046,11.020472410873749
156,-0.9608645339658167,0.27701867692748433,45.360075193618414,11.020490420608557
157,-0.9643741145531398,0.2645421841216397,45.3600416336935,11.020505113008932
158,-0.9572418307595426,0.2892889169050886,45.36001263838851,11.020519193084084
159,-0.9633056304735815,0.26840689688958375,45.35998014937923,11.02052214690299
160,-0.9441349582824535,0.32955906989338,45.35995266853386,11.020544571864653
161,-0.9620780325264549,0.27277437440130914,45.35993155046028,11.02055936861697
162,-0.9503119258099078,0.311299283107855,45.359899595459346,11.020581729253452
163,-0.9604626615705069,0.278408828396116,45.35986159366157,11.02059467954761
164,-0.9528996827489473,0.3032856650370332,45.35983266174894,11.020603090654454
165,-0.9554647153363263,0.29510536719496155,45.359797820554654,11.020619435182098
166,-0.9545517195215968,0.29804532332912526,45.35976523658499,11.020628204424263
167,-0.9475590580638575,0.3195807119979786,45.3597370313328,11.020645205072842
168,-0.9500694912518568,0.3120383979455701,45.35970897979073,11.02065186924567
169,0.12692525661384244,0.9919122840420469,45.35968097632599,11.02067074928843
170,0.11856296352720366,0.992946536163779,45.35968323340507,11.020687964937986
171,0.13719397548650378,0.9905442004727546,45.359684265070996,11.020687566657267
172,0.13994067123074966,0.990159890389167,45.359688411502155,11.020709161983634
173,0.12317182562058232,0.9923853593102293,45.359696218518344,11.020722753841088
174,0.9510548560198195,-0.3090221041303038,45.359696450594505,11.020731989918437
175,0.9469245798948431,-0.3214558134347159,45.35972932950733,11.020710057705612
176,0.9566045859493805,-0.29138920045295835,45.359759988087305,11.020710102878603
177,0.9504632313160476,-0.31083700860138497,45.35979390414701,11.020710584035083
178,0.9529122998219715,-0.30324602033332815,45.35981838242904,11.020695441843896
179,0.9468805435436066,-0.32158550380663,45.35985848938764,11.020680402847448
180,0.9641033053079126,-0.2655274311523351,45.359881201662105,11.020681213562577
181,0.9520737653195852,-0.3058685099682335,45.35991550689878,11.020668726936455
182,0.9620762458008156,-0.2727806761224272,45.35995180930656,11.020653104793476
183,0.9406647884413485,-0.33933723018052864,45.359966088591875,11.020647160229812
184,0.9562802371517669,-0.2924518901169223,45.36000239591976,11.020626721136797
185,0.9574044201684822,-0.28875037011552457,45.36003316663424,11.020621008663468
186,0.9455079122000918,-0.32559912156979703,45.360067978292996,11.02060916787575
187,0.9529410642810427,-0.30315561681570985,45.360102688307414,11.020606065639244
188,0.9345806742371824,-0.3557512661149269,45.360131058594845,11.020589903887569
189,0.9536045275889622,-0.30106212807630306,45.36015974669773,11.02057801557259
190,0.9544315194985401,-0.2984300162311223,45.36019652010183,11.020567648222075
191,0.9578616147822203,-0.2872300940479554,45.360222267680996,11.020567018573631
192,0.9567343791856798,-0.29096275996111925,45.36025973330187,11.020553192580971
193,0.9519648771757985,-0.3062072380327856,45.36028673357689,11.020550227638722
194,0.9552534192120258,-0.29578861554112196,45.36032357530254,11.020534692933749
195,0.9640699405690574,-0.2656485454339515,45.36035559318462,11.020522129528862
196,0.960039960891215,-0.2798629548403903,45.36037851093168,11.020516334913319
197,0.9537768557820719,-0.30051573897961625,45.360424659473125,11.020508458338782
198,0.9586233654886752,-0.2846774370039988,45.360452926227694,11.020496453856186
199,0.9396398430359665,-0.342165114205619,45.360474194973385,11.020486695823397
200,0.9573952347948944,-0.2887808241418204,45.36050981983714,11.020471907212064
201,0.9577683955492955,-0.287540780563259,45.36053881136314,11.020462154067355
202,0.9477345073572336,-0.31906003128618565,45.36057942988505,11.020458127587794
203,0.9438774285978386,-0.33029592759150395,45.36060974808484,11.020442318774645
204,0.9527093258864847,-0.3038831031316482,45.360637711268666,11.020421653740344
205,0.951513210029467,-0.3076078853661256,45.36066498652604,11.020422785477558
206,0.958615373426922,-0.2847043481044202,45.36070084838575,11.020419692174904
207,0.951489816770243,-0.3076802375560208,45.36072677534949,11.020405227149405
208,0.9516918790800099,-0.3070546649916915,45.36076364297251,11.02039177631464
209,0.9571804215844818,-0.289492038811698,45.36079349382679,11.020387358913112
210,0.9558571564123516,-0.293831748685014,45.36082885587132,11.020376569512708
211,0.958330469835352,-0.28566188157532235,45.36085499725032,11.020355568711176
212,0.9485457997095222,-0.31663996250224463,45.3608903645288,11.02035117205083
213,0.962423184084383,-0.27155407332035714,45.36091764307489,11.020343613521707
214,0.9559914830765824,-0.2933944176105544,45.3609572005265,11.020338364142722
215,0.9524583774046284,-0.304668737010778,45.36097890177825,11.020317601998238
216,0.9615991252560012,-0.2744578698213866,45.36101086394576,11.020315606259665
217,0.950136837706387,-0.31183327217169565,45.3610457883417,11.020311154127398
218,0.9603521351784389,-0.2787898428175128,45.361075160645754,11.020294102646575
219,0.955526924648651,-0.2949038763249666,45.36111533520849,11.020290432677864
220,0.9509468666841993,-0.3093542576779956,45.36112789064085,11.020273746744467
221,0.951817063770016,-0.30666639384879685,45.36117195929823,11.020267708863823
222,0.9574044163718148,-0.2887503827040659,45.36119852240564,11.020259351303075
223,0.961290872954001,-0.27553558313824883,45.36123272879369,11.020250377346626
224,0.9515736441959064,-0.307420883597264,45.36126388851978,11.020231439209871
225,0.9543467891253394,-0.298700863885853,45.361291932309356,11.020227261049369
226,0.9594751008797877,-0.28179341864515084,45.36132287873182,11.020214525055804
227,0.9452338816222547,-0.3263937944160785,45.36135183140555,11.02020929795801
228,0.9675551370263007,-0.2526599628235874,45.36138733184568,11.020197826037634
229,0.9481591836193519,-0.3177957874457811,45.36142522020298,11.020177940491
230,0.9576768435441593,-0.28784555466307965,45.36145212226312,11.020174923169073
231,0.9503698433499742,-0.31112242100328535,45.36148219251636,11.020166175612573
232,0.9578633003831901,-0.2872244728065882,45.3615183583385,11.020159654006221
233,0.9521871500054102,-0.3055153537296847,45.36154345823152,11.020147828863498
234,0.9521522785623239,-0.30562401480998636,45.36157755502754,11.020133541506931
235,0.949071637732586,-0.3150603536651145,45.36160337203201,11.02012756701494
236,0.9565744164884372,-0.2914882256966922,45.36162987884983,11.020115174746145
237,0.9628871776067804,-0.2699042111573075,45.36167271210756,11.020101600575634
238,0.949158783608351,-0.31479771838295684,45.361703127931406,11.020091672189364
239,0.9564511962469229,-0.29189229040492026,45.361735616969504,11.020097007098876
240,0.9505631353997019,-0.3105313601217886,45.36176939484317,11.020076743564074
241,0.950336189361383,-0.31122520333367226,45.3617991769959,11.02007213690657
242,0.9420155403748302,-0.3355692502186646,45.361831001769,11.02005627743765
243,0.9515207112315552,-0.30758468118128907,45.36186194827659,11.020052470438511
244,0.9574119783849614,-0.28872530828625714,45.36188393943037,11.02004108726038
245,0.9526280121045863,-0.3041379137063714,45.361925275418464,11.020021681596077
246,0.963540437423247,-0.2675627504908294,45.36196328437384,11.020018568575091
247,0.9427797717410616,-0.33341610938266275,45.36198683531681,11.020006348934206
248,0.9560080756095792,-0.293340347325882,45.36202731070478,11.020005669859664
249,0.9534774048438811,-0.30146448953761973,45.3620422178795,11.01997814609358
250,0.9539173756722105,-0.3000693926255108,45.362090489833065,11.019984963936613
251,0.9482713263286171,-0.3174610080985781,45.36210967897727,11.01997728566397
252,0.944033779247799,-0.32984878905207154,45.362138458660404,11.01995705137847
253,0.9607954426307734,-0.2772582143416784,45.362173056202,11.01995121350889
254,0.9585651915871211,-0.28487325862134877,45.36220554654746,11.019937745516396
255,0.9531908088349151,-0.3023694461294664,45.36222881430069,11.019926846735927
256,0.14284551968043602,0.9897449962021663,45.36226659583266,11.019918036792305
257,0.1289409911824347,0.9916522680823613,45.36226510734127,11.019932907862009
258,0.14881649822190746,0.9888648289108927,45.36227576299308,11.019950463342433
259,0.16349954464755792,0.9865434095365704,45.36227994201484,11.01996180411994
260,0.14876306092864805,0.9888728693331309,45.36227946047394,11.019981223149783
261,-0.9544028951567195,0.29852154648613216,45.362287229901284,11.019988791574445
262,-0.9510008814611737,0.30918816837012164,45.36225213236979,11.01999330491724
263,-0.955206301242965,0.295940740800813,45.36222500932695,11.020005559161378
264,-0.9541525014804569,0.2993209045799954,45.36219188551589,11.02001288251366
265,-0.95289513484967,0.3032999538078256,45.36216023509437,11.020026407638637
266,-0.9471517216042452,0.32078593526230903,45.36212873702828,11.020034797282529
267,-0.9439121311478227,0.33019674237032626,45.362093856946196,11.020044587149163
268,-0.9609128275693516,0.2768511112722389,45.36207347457509,11.02006415524059
269,-0.9492287735986442,0.3145866102878725,45.3620391488958,11.020066576981845
270,-0.9570436439220374,0.2899438973809043,45.362004829137604,11.020068988170454
271,-0.953125283412539,0.3025759311640092,45.361971881351906,11.020093417033026
272,-0.9597525970649355,0.28084684870425636,45.36193662945139,11.020104520137641
273,-0.9456606379105028,0.32515528275994665,45.361908903514234,11.020107028362633
274,-0.9528373927021726,0.3034813059622053,45.36186878410965,11.020121370716005
275,-0.9535842545904845,0.3011263346124184,45.361847534265706,11.020130805445957
276,-0.9508601016726398,0.3096208440126359,45.361810719450304,11.02012489163275
277,-0.9639779077264995,0.2659823178619969,45.36177257673179,11.020137784108329
278,-0.9565211151942971,0.2916630867755779,45.36173939768463,11.02015734504997
279,-0.9659693294274061,0.25865663456707877,45.36172784619652,11.020162815664193
280,-0.9476715045370018,0.3192471135164347,45.3616779678754,11.020161316553054
281,-0.9597817491765607,0.28074720648224005,45.36165195800661,11.02017921699106
282,-0.9639638096798938,0.26603340697631483,45.36162732073276,11.020181949516635
283,-0.9497535209980775,0.3129988008790997,45.361601359401334,11.020184060445663
284,-0.9663396270721499,0.2572697517199763,45.36155627227466,11.020203755400074
285,-0.9612230381067215,0.2757721360342342,45.361523789667324,11.020214161198982
286,-0.963438058096885,0.2679311631940252,45.36149146400429,11.020218478023857
287,-0.9519354967157234,0.3062985636476099,45.36146778722185,11.020228506464004
288,-0.96502877961456,0.2621439576180098,45.361443079490236,11.020224009751237
289,-0.9583613369898522,0.28555830886707356,45.36140218131999,11.02024448580013
290,-0.9541342164921178,0.29937918584793494,45.36136858490815,11.020242749622875
291,-0.9491193350646077,0.314916636280964,45.361326673564434,11.020257149116567
292,-0.9622014793498583,0.2723386001596986,45.36129269964773,11.020256682015598
293,-0.9634007651072564,0.26806522674668765,45.36126035781146,11.020266349549214
294,-0.9586918039997523,0.2844468754331828,45.36122718465946,11.02027609871449
295,-0.9660306285000185,0.2584276006928423,45.36119643584543,11.020283445933565
296,-0.964716604839323,0.26329047143276874,45.361169138768624,11.020293878352195
297,-0.9665566209905121,0.2564533065090087,45.36113493739836,11.020296415030616
298,-0.9603944748087336,0.27864395338290887,45.361111045574525,11.02030297505112
299,-0.9669258564562156,0.25505761724836573,45.36107770071732,11.020317685400263
300,-0.9601569672579117,0.27946126426767903,45.361043854052845,11.02032731774087
301,-0.9586396851815512,0.2846224762646415,45.36101078753527,11.020328771762058
302,-0.9723623732198124,0.23347679787579348,45.36097790336934,11.020336923702388
303,-0.9600555593007118,0.27980944061235213,45.360948901960036,11.02033688687663
304,-0.9609882732600306,0.276589115217329,45.360910988619096,11.020353241529934
305,-0.965953252537979,0.2587166672468153,45.36087063842604,11.020361408054839
306,-0.9594940185846186,0.2817289979756069,45.360850815870606,11.020367116090538
307,-0.9634632593412744,0.26784052699225375,45.36081798410194,11.020382378379574
308,-0.9670491959769458,0.254589576692257,45.36078734570055,11.020389441008401
309,-0.9612128189224355,0.2758077532252952,45.36076873163984,11.020403814237715
310,-0.9679445073488032,0.25116415089196664,45.360719150198015,11.02041597637456
311,-0.9586231056411276,0.28467831201368227,45.36068945665456,11.020416950135187
312,-0.9686224897157005,0.2485366621184039,45.36065842737075,11.020441100995281
313,-0.9612101259055121,0.2758171384390564,45.36063015658546,11.020453499644194
314,-0.9585410269166025,0.2849545572853067,45.36059616883828,11.020458096161564
315,-0.9573866929687294,0.2888091413483997,45.36057161727239,11.02047331802599
316,-0.9652932011122325,0.26116859666985065,45.36054345061791,11.020485567625403
317,-0.9577836761735848,0.2874898774833881,45.36052081585311,11.020499140874984
318,-0.9645216927267848,0.26400360652736876,45.36048391473091,11.020510834452715
319,-0.9626163901777413,0.2708683912182717,45.36044852708669,11.02052292830305
320,-0.9606620256973892,0.2777201331970528,45.36041880858398,11.020540205713235
321,-0.958503237894603,0.28508164259657626,45.360391687755275,11.020551560694141
322,-0.9631169504511099,0.26908314654350657,45.36034667049105,11.020556400969191
323,-0.9620175564011466,0.27298758428904174,45.36030843230036,11.020571035055964
324,-0.9605716553765291,0.2780325428563976,45.36029121109933,11.020586747509899
325,-0.955266612975569,0.29574600273576734,45.36025417629223,11.020579725543772
326,-0.9674056337479974,0.25323179064374124,45.36022694186357,11.020601400961866
327,-0.9570792308839078,0.2898264063377723,45.36020855287725,11.020617658551071
328,-0.9615957458219812,0.27446970983528923,45.36016659586699,11.02062709846769
329,-0.956228676578136,0.29262043347932226,45.360141325485664,11.02063824094165
330,-0.9549157835802338,0.29687682002700727,45.360106478667845,11.020662816780963
331,-0.9571965821058419,0.2894386000603481,45.36007197531619,11.02066384377241
332,-0.952624568953006,0.3041486982170065,45.36003997307637,11.02066997680261
333,-0.9651669679272614,0.26163471486424855,45.360017867828475,11.020686511223769
334,-0.9583518967358305,0.2855899893603345,45.359971011318834,11.020697790140044
335,-0.95625040071083,0.2925494336695544,45.35995219896993,11.020708114988881
336,-0.9557399083978312,0.29421289484946994,45.3599261193371,11.020711824673407
337,-0.9617291726543763,0.2740018220113306,45.35988552498554,11.020734087850236
338,-0.9637666153273575,0.266746904725152,45.35985848571251,11.020736185999743
339,-0.962778603613981,0.27029125110353236,45.359821384447976,11.0207542075032
340,-0.954251086679294,0.299006460751915,45.35979452798296,11.02076127008146
341,-0.9582339406774903,0.28598551525153837,45.35976627040356,11.02076351880381
342,-0.9484246844814546,0.3170025518292454,45.359735140286446,11.02078078413835
343,0.1147788904172821,0.9933910641406926,45.35969990819645,11.020790213962355
344,0.13056695357479162,0.9914394941872138,45.35970158633269,11.020810841668606
345,0.13005030131466797,0.9915073974146457,45.35971635436744,11.020832719426922
346,0.14335271980797157,0.9896716615745129,45.3597008712444,11.020845005972493
347,0.12896966088764644,0.9916485398418764,45.35971136256812,11.02086516209962
348,0.9568157878435899,-0.2906949399856324,45.35971026507668,11.020884543471013
349,0.9539453082106978,-0.2999805809428283,45.359740048212224,11.020875774667466
350,0.9525607384463127,-0.3043485494800583,45.35977089741408,11.020859677426163
351,0.9536741880514685,-0.30084139184023895,45.35980453998601,11.020848249046722
352,0.9524032150126555,-0.3048411324502609,45.35984138168198,11.020849611907515
353,0.9511224167641833,-0.3088140999511828,45.359870207105175,11.020830496655572
354,0.9593217179100081,-0.2823151457966626,45.359903992987064,11.020824982205403
355,0.9555191944959837,-0.29492892186041453,45.35993470499968,11.020818897169823
356,0.9513825816118252,-0.30801166115200695,45.35996353128677,11.020800741120667
357,0.9559138132771015,-0.2936473762628074,45.359989126202116,11.02079410026289
358,0.9635203124860732,-0.2676352133534372,45.36002629872147,11.020781415259107
359,0.950996422262058,-0.30920188363715606,45.36006746752083,11.02077007861734
360,0.9606967678268781,-0.27759992847079323,45.360091035903444,11.020778994683758
361,0.9610343683809665,-0.2764289109167073,45.360129711256654,11.020762517619655
362,0.9610866743988061,-0.2762469987041366,45.36014875122218,11.020749822298974
363,0.9588252604537888,-0.28399668997318267,45.36017875292542,11.020726448011715
364,0.9528140337465909,-0.30355463609628874,45.36022127861318,11.020730841994252
365,0.9550793209751993,-0.29635028369406413,45.360242236108114,11.020717157429887
366,0.9554789239313859,-0.2950593599988328,45.36028890648005,11.02070791208098
367,0.9472825829847189,-0.32039929459004607,45.36031844496059,11.020691818988396
368,0.9526891383453578,-0.3039463861913474,45.36034265096946,11.0206866072182
369,0.952274067543343,-0.30524432883258723,45.360367862605635,11.02066477441492
370,0.9609152405877087,-0.27684273587411656,45.36040380882711,11.020662944832555
371,0.9498831312977574,-0.3126052412803846,45.36044771735711,11.020657999461923
372,0.9354498796493801,-0.3534593649402435,45.36046949987391,11.020643403369293
373,0.9444853457391483,-0.3285535446224885,45.36049915978626,11.02063683737044
374,0.9493158768622256,-0.31432366429733505,45.360528955774676,11.02062769538948
375,0.9457641427437444,-0.32485410002059434,45.36056278131463,11.020615078447072
376,0.9473088304815567,-0.32032168158222635,45.36058709091677,11.020605908808305
377,0.9568038504582015,-0.2907342287181879,45.36063360215987,11.0206002910324
378,0.954451342259595,-0.2983666121717667,45.36066100576742,11.020582429556303
379,0.9617746924590365,-0.2738419999659036,45.36069107172726,11.020574770070324
380,0.9518412255700337,-0.3065913914403604,45.360713823665186,11.020569990743544
381,0.9469767046669001,-0.3213022266001571,45.36075047935966,11.0205544035929
382,0.9510391114633896,-0.309070555807127,45.360792398303836,11.020549089392109
383,0.9509370500584365,-0.30938443210051575,45.36081565396,11.02053601613007
384,0.9577620473737437,-0.2875619248274268,45.360847389003496,11.02052585968203
385,0.956230249243915,-0.2926152942532571,45.36088315098183,11.020510634142974
386,0.9517942712133273,-0.3067371273346141,45.36091508985894,11.020503411439774
387,0.9599516483047795,-0.2801657240222953,45.3609451333393,11.020495295915026
388,0.956017686461714,-0.29330902333953496,45.36097952662555,11.02048730041214
389,0.9559593068847295,-0.2934992394887378,45.36100768228516,11.020477702642685
390,0.9452118614658822,-0.326457557646016,45.36103973607633,11.020467531676816
391,0.9542095059885973,-0.29913912930440434,45.36107092670858,11.020456088788093
392,0.950191182547575,-0.31166763805188535,45.361103646593136,11.020452450755121
393,0.9565935894908583,-0.29142529839565284,45.36114165063605,11.020436011629476
394,0.9547848351974282,-0.2972976933597365,45.36116853337483,11.020421554678885
395,0.9569964073882251,-0.2900997694691091,45.36119497391838,11.020416328805872
396,0.9480289497016176,-0.31818408276915416,45.361226726785254,11.02040548123036
397,0.9509312848025858,-0.30940215187309755,45.36126260979749,11.02038779159434
398,0.9590710693507539,-0.2831654709430537,45.36128905386349,11.020378884945679
399,0.9569942968880596,-0.29010673160705597,45.36132474179982,11.020376878090723
400,0.9531552051945744,-0.3024816602878408,45.361355476637755,11.020368506426374
401,0.9539310071129575,-0.3000260549826608,45.36139224571224,11.02035984693355
402,0.9512485695849765,-0.3084252889478034,45.36141428136899,11.020352640375503
403,0.9565203303462412,-0.2916656607047145,45.36144816469071,11.020338078862538
404,0.9547475257506521,-0.29741748783991806,45.36148354442774,11.02032986744286
405,0.9448372082919639,-0.327540302599616,45.36150903010846,11.020316143478741
406,0.9542936643519622,-0.29887054417875386,45.36155496120257,11.020312369252126
407,0.955688901743929,-0.29437853706322215,45.361575873349274,11.020297071463563
408,0.9549216830663806,-0.296857843436334,45.36161088648744,11.020290808274735
409,0.9563058243371305,-0.2923682102056946,45.36163303283237,11.020285233810222
410,0.9529153887918835,-0.3032363134646204,45.36167103880683,11.020277951359184
411,0.9560671815359293,-0.29314764947027033,45.36170278581008,11.020254515058715
412,0.9590499627580187,-0.2832369483909948,45.361734139650615,11.020246953671514
413,0.9485703256097142,-0.3165664817580673,45.361771263085835,11.020231614793175
414,0.962201152728376,-0.2723397541457807,45.36179992952701,11.020230119557901
415,0.963644831069105,-0.26718652577140933,45.36182447196645,11.020220292445211
416,0.9557762896794845,-0.2940946855802025,45.36186092662337,11.020212770345202
417,0.954564407485054,-0.29800468446436834,45.36190519600364,11.020196240913569
418,0.9622487144220544,-0.27217165832081697,45.361928103812815,11.020192824949383
419,0.9479667530371281,-0.3183693376194458,45.36195622101159,11.020179727353806
420,0.9600166931249303,-0.27994276008047314,45.36199320804353,11.020161274113295
421,0.9419483620817549,-0.3357577745510878,45.36201516171426,11.020154021253594
422,0.9587103446570868,-0.28438437904971126,45.36205487533656,11.020143157454921
423,0.9468577237628636,-0.3216526868387838,45.362082705627444,11.020145615058665
424,0.9449201308157514,-0.3273010027163729,45.362121721614656,11.020124521940946
425,0.9433645966249693,-0.3317577999604665,45.36214613076626,11.020109199549072
426,0.9612814740826324,-0.2755683718889402,45.362186607681814,11.020112616441422
427,0.9534025221285427,-0.3017012277053802,45.362211072688744,11.020106417166211
428,0.9565933813402363,-0.2914259816420857,45.362250785114284,11.020088032342487
429,0.9491496541206489,-0.31482524371888065,45.362281895409275,11.020081578077363
430,0.1064664241870655,0.9943162980263472,45.36230618697658,11.020068029276587
431,0.10844253261089402,0.9941027196024238,45.36230678500616,11.02008483826562
432,0.13252951532415616,0.991179059286436,45.362301158305,11.02008511510419
433,0.1122432511180457,0.9936807598914509,45.3623064257713,11.02010475749235
434,0.13411797048413715,0.9909653727518516,45.36230413732607,11.020111813937318
435,-0.9465040629191157,0.32269189465743725,45.36230695164897,11.02012293023026
436,-0.9471942641336637,0.32066029687550557,45.3622725081635,11.020135322138788
437,-0.9521990971423945,0.30547811607578174,45.362237148889754,11.020162675734076
438,-0.9505230270369402,0.3106541084108372,45.36220990582367,11.020152353289113
439,-0.9502689114947037,0.31143056344339587,45.362195691666585,11.020166139641105
440,-0.957310567369496,0.2890613734186798,45.36214950826353,11.020171863667427
441,-0.9491599134352533,0.31479431177767897,45.36211541561293,11.02017871008547
442,-0.947858614136137,0.31869114767737394,45.36208772647407,11.020189920070013
443,-0.9657221413466641,0.25957801469464575,45.36205218026548,11.020197028496199
444,-0.9570130401973288,0.290044894615068,45.36201535244998,11.020208603226617
445,-0.9584967033099205,0.2851036122956251,45.3619822241521,11.020221296063836
446,-0.9507211602777917,0.31004721479163366,45.36195350293825,11.02022997898956
447,-0.9500765626843114,0.31201686659211825,45.36192609668947,11.020232176151175
448,-0.956946130469182,0.29026557388029905,45.36189763823813,11.020249628039997
449,-0.958099592089653,0.28643528350683406,45.36186073913542,11.020257377891435
450,-0.9568678916882457,0.2905233860743256,45.361831116614574,11.020258416642932
451,-0.9619450771535673,0.2732428746372311,45.36180050218677,11.020274681205455
452,-0.9603875954820142,0.2786676630760643,45.36177180639111,11.020280757207903
453,-0.9641689381932644,0.2652890096164428,45.361726748422065,11.020289367621647
454,-0.9567004709874531,0.2910742324775337,45.3617037490497,11.020294105113948
455,-0.9543143190704964,0.2988045856693215,45.361664516433144,11.020310203899573
456,-0.9546477971336874,0.2977374404199076,45.36163524501499,11.02032280527713
457,-0.9655234105205649,0.26031623794288516,45.36160103520167,11.020326137464734
458,-0.9585695590029756,0.28485856236532686,45.36158033401682,11.02033381184038
459,-0.9623618793390615,0.2717712515977171,45.36154331279636,11.0203343916363
460,-0.9715061842607394,0.2370142062053207,45.36150962473465,11.020342837843199
461,-0.9659795157023566,0.25861859028971723,45.36147631767751,11.02035700352922
462,-0.9553812032261063,0.2953756193768156,45.36144436859643,11.020368079944953
463,-0.9661773874140872,0.25787837452894125,45.3614122963597,11.020369108147388
464,-0.970649020619517,0.24050047561360988,45.36137519583144,11.020366241613146
465,-0.9655108352523564,0.26036287563763216,45.3613446964065,11.020369869711049
466,-0.9712333382925322,0.23812980197603062,45.36130313222106,11.020384855364489
467,-0.9621604254082099,0.2724836064395297,45.361282738087354,11.020395167308779
468,-0.9617478855606717,0.27393613237318126,45.36124696122274,11.020400282553123
469,-0.9660550893061439,0.2583361461849623,45.36120081261307,11.020402405030499
470,-0.9733763361825863,0.22921280103817213,45.361177815499026,11.020411130639884
471,-0.970825761643684,0.23978603072105958,45.361142588037325,11.02042260255577
472,-0.973256441916562,0.2297213491774626,45.36111993820064,11.02041771287772
473,-0.9679712291180986,0.2510611471327203,45.361086482093,11.020425486960619
474,-0.962614674942054,0.270874486776078,45.3610571187053,11.020444969389404
475,-0.972480567368829,0.2329840039358931,45.36102451207542,11.020445698964656
476,-0.9585808243436577,0.2848206509378027,45.360988820890704,11.020453185972613
477,-0.9668173844254001,0.2554684817601346,45.36095394382211,11.02046614475261
478,-0.9662535248555254,0.257592945757978,45.36092405865769,11.020457064621263
479,-0.9663572210543454,0.25720365727594746,45.36089122769782,11.02048033932173
480,-0.9731431374131726,0.2302008560054611,45.36086019763859,11.020498926068022
481,-0.9635615561805558,0.267486686492815,45.360837601041474,11.020500671785923
482,-0.9697571679112997,0.2440717830570655,45.36079084159479,11.020515319148569
483,-0.960355560272541,0.27877804406662654,45.3607511489132,11.02052741149977
484,-0.9651228537133497,0.261797397313648,45.360735882411525,11.020538221860557
485,-0.9661562660317998,0.25795749573813503,45.360710582477914,11.020542036290024
486,-0.960974481068527,0.2766370306648681,45.36066625169448,11.020552087374782
487,-0.9723607806240988,0.23348343047011552,45.36064385182801,11.020561928743007
488,-0.9579830976026821,0.2868246584719839,45.36061690006836,11.020590405430266
489,-0.9633676082429997,0.26818436081949704,45.360574841671635,11.020598134460633
490,-0.9525347433171812,0.3044298979628505,45.36054500538775,11.020607214142881
491,-0.9642300455708442,0.2650668202896161,45.36051420483545,11.020619676258328
492,-0.952150501502883,0.3056295510709138,45.36048179558187,11.020638047535355
493,-0.9674329038121219,0.2531275896097574,45.360453567010985,11.02064037963221
494,-0.9610342024764769,0.2764294877005744,45.36041963501046,11.020658858124488
495,-0.9655069205574139,0.26037739217478084,45.360390399386866,11.02066282169904
496,-0.957759671574596,0.28756983761396493,45.360349198274406,11.020685771340238
497,-0.9548008171645658,0.29724636169661917,45.36033602022991,11.020705194144309
498,-0.9643021880104843,0.26480424882956943,45.36029739369461,11.020707038667545
499,-0.9525132863182943,0.30449702689373354,45.36027408465345,11.020733102221014
500,-0.9574209040636965,0.28869570911576453,45.36023964956936,11.020731560461517
501,-0.9523577072474922,0.30498327404351183,45.36021491169342,11.020750194196767
502,-0.9643750891256515,0.26453863134501093,45.3601708660699,11.020760835405115
503,-0.9571587103916511,0.28956381528324876,45.360133939596565,11.020769107839833
504,-0.9593238036248123,0.28230805833136025,45.36012004829258,11.020779202436353
505,-0.9650225540381512,0.2621668747147198,45.36008054085107,11.02079602833619
506,-0.9529399034312435,0.30315926581328906,45.36004826156012,11.020804948419277
507,-0.9509229262267014,0.30942784033833703,45.36001619387643,11.02081673498922
508,-0.9531902395668638,0.3023712406867835,45.35998457263022,11.020830975013363
509,-0.9581098250294546,0.2864010530393139,45.359957258375346,11.02083746802992
510,-0.9504838129500401,0.31077406796570567,45.35991514750025,11.020849077850787
511,-0.9489532616120868,0.3154167200320592,45.35988894552959,11.020865480555008
512,-0.9448742245874234,0.3274335042574527,45.35986528185247,11.020868936820412
513,-0.9448477056380691,0.32751001992378315,45.35982591121663,11.020895336879393
514,-0.9529610356372076,0.30309283158342903,45.359799861627124,11.020891979834646
515,-0.9519053124869294,0.30639235639806867,45.35977310009583,11.02090481106695
516,-0.9504930018297194,0.31074596292265666,45.359739220800016,11.020916268528175
517,0.13921271990596248,0.9902624998536419,45.35970717994083,11.020927844737006
518,0.13204613467400256,0.9912435716400159,45.35971381182752,11.020945410288622
519,0.14234009864844988,0.9898178096582975,45.35971443652919,11.020959328777085
520,0.11036286610941728,0.9938913611578052,45.35971730540734,11.020977284361445
521,0.12055361901430961,0.9927068172136991,45.359719917473996,11.020992908785795
