,Sin,Cosin,Lat,Lon
0,0.9537169507482269,0.30070579950427306,45.3596665575,11.020597651
1,0.955040636077442,0.2964749288570535,45.35970414706337,11.020583086964814
2,0.955040636077442,0.2964749288570535,45.35972278025889,11.020576902516119
3,0.955040636077442,0.2964749288570535,45.359759099420046,11.02056604511961
4,0.955040636077442,0.2964749288570535,45.35979139799188,11.020552032575036
5,0.955040636077442,0.2964749288570535,45.35983308505244,11.02054399425707
6,0.955040636077442,0.2964749288570535,45.359857113913904,11.020540496139649
7,0.955040636077442,0.2964749288570535,45.35989173427575,11.020526919531928
8,0.955040636077442,0.2964749288570535,45.35992377908877,11.020514481803676
9,0.955040636077442,0.2964749288570535,45.359957154660144,11.020509325808602
10,0.955040636077442,0.2964749288570535,45.35998813661268,11.020492874431998
11,0.955040636077442,0.2964749288570535,45.36001956239699,11.020489748305279
12,0.955040636077442,0.2964749288570535,45.360038467299624,11.02048222197913
13,0.955040636077442,0.2964749288570535,45.360081015150776,11.020468926744032
14,0.955040636077442,0.2964749288570535,45.3601102595664,11.020455307700573
15,0.955040636077442,0.2964749288570535,45.36014911615802,11.020451979753304
16,0.955040636077442,0.2964749288570535,45.36018651665889,11.020437473431272
17,0.955040636077442,0.2964749288570535,45.36020438508214,11.020431231430088
18,0.955040636077442,0.2964749288570535,45.360242186703935,11.020418704229387
19,0.955040636077442,0.2964749288570535,45.360278421797766,11.02041496706059
20,0.955040636077442,0.2964749288570535,45.36031232891578,11.02040660927926
21,0.955040636077442,0.2964749288570535,45.36033507450263,11.020396545694243
22,0.955040636077442,0.2964749288570535,45.36036712706208,11.020378788559672
23,0.955040636077442,0.2964749288570535,45.36040068596833,11.020366386547408
24,0.955040636077442,0.2964749288570535,45.36041985812583,11.02036056642406
25,0.955040636077442,0.2964749288570535,45.360467970911806,11.020353029873801
26,0.955040636077442,0.2964749288570535,45.36049718667427,11.020347299919836
27,0.955040636077442,0.2964749288570535,45.36052731094249,11.020322890487003
28,0.955040636077442,0.2964749288570535,45.360567075981834,11.020316244173973
29,0.955040636077442,0.2964749288570535,45.36059096037438,11.020298057520735
30,0.955040636077442,0.2964749288570535,45.360628582142446,11.020294604548734
31,0.955040636077442,0.2964749288570535,45.36065133683989,11.02029184272985
32,0.955040636077442,0.2964749288570535,45.360691412582256,11.020279813307306
33,0.955040636077442,0.2964749288570535,45.360723016665546,11.020263890912132
34,0.955040636077442,0.2964749288570535,45.36075970208141,11.02026247984501
35,0.955040636077442,0.2964749288570535,45.360781071408724,11.020246178446884
36,0.955040636077442,0.2964749288570535,45.360815668620845,11.020240473330242
37,0.955040636077442,0.2964749288570535,45.360849312073974,11.02022392558393
38,0.955040636077442,0.2964749288570535,45.36088081011257,11.020211296757092
39,0.955040636077442,0.2964749288570535,45.36091451937008,11.020204410405967
40,0.955040636077442,0.2964749288570535,45.36093963363682,11.020199646537998
41,0.955040636077442,0.2964749288570535,45.36097130203855,11.02018958041835
42,0.955040636077442,0.2964749288570535,45.36101420377407,11.02016959463981
43,0.955040636077442,0.2964749288570535,45.36103709950469,11.020175401092201
44,0.955040636077442,0.2964749288570535,45.36107040370301,11.02015966825244
45,0.955040636077442,0.2964749288570535,45.36110109865865,11.020148876829843
46,0.955040636077442,0.2964749288570535,45.36114023945018,11.020147977176482
47,0.955040636077442,0.2964749288570535,45.361176914500305,11.020135590700885
48,0.955040636077442,0.2964749288570535,45.36119803227807,11.020125513058145
49,0.955040636077442,0.2964749288570535,45.36123099150081,11.020114323538857
50,0.955040636077442,0.2964749288570535,45.36127294445401,11.020092390501313
51,0.955040636077442,0.2964749288570535,45.361289714389066,11.02008690882791
52,0.955040636077442,0.2964749288570535,45.36133262006832,11.020077070380882
53,0.955040636077442,0.2964749288570535,45.36135258040321,11.020073602600787
54,0.955040636077442,0.2964749288570535,45.361385129015105,11.020064242649688
55,0.955040636077442,0.2964749288570535,45.36143164044033,11.020051271886947
56,0.955040636077442,0.2964749288570535,45.36144761477696,11.020034076253866
57,0.955040636077442,0.2964749288570535,45.361489824655074,11.02003855404962
58,0.955040636077442,0.2964749288570535,45.361514786003276,11.020027920571382
59,0.955040636077442,0.2964749288570535,45.36155335105171,11.02000691637317
60,0.955040636077442,0.2964749288570535,45.361583796718726,11.020005964427698
61,0.955040636077442,0.2964749288570535,45.36162080952779,11.019994522956681
62,0.955040636077442,0.2964749288570535,45.36164593553494,11.019986701858985
63,0.955040636077442,0.2964749288570535,45.36167957131744,11.019965858030327
64,0.955040636077442,0.2964749288570535,45.36170463653056,11.019966422165162
65,0.955040636077442,0.2964749288570535,45.36175517808836,11.019955207922578
66,0.955040636077442,0.2964749288570535,45.36178411583693,11.019936879550844
67,0.955040636077442,0.2964749288570535,45.36180482971762,11.019930195833732
68,0.955040636077442,0.2964749288570535,45.36183936638756,11.019910599043168
69,0.955040636077442,0.2964749288570535,45.36186551639935,11.019908457491194
70,0.955040636077442,0.2964749288570535,45.3619060642655,11.01990185301659
71,0.955040636077442,0.2964749288570535,45.36193403071282,11.019890971568888
72,0.955040636077442,0.2964749288570535,45.361968995089235,11.019875086244891
73,0.955040636077442,0.2964749288570535,45.362000337773935,11.019869054623175
74,0.955040636077442,0.2964749288570535,45.362035281785154,11.019858322377559
75,0.955040636077442,0.2964749288570535,45.36205821049271,11.01984984937253
76,0.955040636077442,0.2964749288570535,45.362094965477844,11.01984745743603
77,0.955040636077442,0.2964749288570535,45.362128776495965,11.019822907564537
78,0.955040636077442,0.2964749288570535,45.36215365704986,11.019822771487995
79,0.955040636077442,0.2964749288570535,45.36219365058595,11.019811765515968
80,0.955040636077442,0.2964749288570535,45.36222100266646,11.019803346445551
81,0.955040636077442,0.2964749288570535,45.36225589,11.01979384
82,0.1871863868101744,0.9823244151465196,45.36225516834296,11.019796926119174
83,0.1871863868101744,0.9823244151465196,45.362258564567284,11.019803839377419
84,0.1871863868101744,0.9823244151465196,45.36225738809787,11.019811986525376
85,0.1871863868101744,0.9823244151465196,45.362261207678976,11.019823537246669
86,0.1871863868101744,0.9823244151465196,45.36225114059705,11.019826824174636
87,0.1871863868101744,0.9823244151465196,45.36225937270505,11.019836284270266
88,0.1871863868101744,0.9823244151465196,45.36226184903761,11.019838173506287
89,0.1871863868101744,0.9823244151465196,45.36226641523413,11.019837942947465
90,0.1871863868101744,0.9823244151465196,45.3622641634036,11.019838479464068
91,0.1871863868101744,0.9823244151465196,45.36226747,11.01985461
92,-0.954287848765298,0.29888911271389534,45.3622343926235,11.019862351811732
93,-0.954287848765298,0.29888911271389534,45.36219680938384,11.01986710666897
94,-0.954287848765298,0.29888911271389534,45.362176521007314,11.019887149257316
95,-0.954287848765298,0.29888911271389534,45.362134191990904,11.01989093289898
96,-0.954287848765298,0.29888911271389534,45.36210943044853,11.019905468498628
97,-0.954287848765298,0.29888911271389534,45.362084586126024,11.019904831309168
98,-0.954287848765298,0.29888911271389534,45.3620507520765,11.019921792884455
99,-0.954287848765298,0.29888911271389534,45.36201817757275,11.019936714087725
100,-0.954287848765298,0.29888911271389534,45.36198615414012,11.019951733020605
101,-0.954287848765298,0.29888911271389534,45.36196088827798,11.019955349391186
102,-0.954287848765298,0.29888911271389534,45.36192883794232,11.019967310234076
103,-0.954287848765298,0.29888911271389534,45.361891959681486,11.01997332590281
104,-0.954287848765298,0.29888911271389534,45.36185395107365,11.0199799081232
105,-0.954287848765298,0.29888911271389534,45.361826271235316,11.019985816688214
106,-0.954287848765298,0.29888911271389534,45.36179547120267,11.020007318624247
107,-0.954287848765298,0.29888911271389534,45.36176616861493,11.020006993858743
108,-0.954287848765298,0.29888911271389534,45.36173182681645,11.020017514193308
109,-0.954287848765298,0.29888911271389534,45.36170906569557,11.020026728093463
110,-0.954287848765298,0.29888911271389534,45.36167741784826,11.020046164595273
111,-0.954287848765298,0.29888911271389534,45.361640841068734,11.02004874850657
112,-0.954287848765298,0.29888911271389534,45.36161540775624,11.020065889179863
113,-0.954287848765298,0.29888911271389534,45.36158023386003,11.020062894173366
114,-0.954287848765298,0.29888911271389534,45.36154489774693,11.020080969758128
115,-0.954287848765298,0.29888911271389534,45.361517116100984,11.020091818495128
116,-0.954287848765298,0.29888911271389534,45.3614925138427,11.020106339767024
117,-0.954287848765298,0.29888911271389534,45.36145984612147,11.020104545725383
118,-0.954287848765298,0.29888911271389534,45.36142611283476,11.020118564478697
119,-0.954287848765298,0.29888911271389534,45.36139373502877,11.020132106462286
120,-0.954287848765298,0.29888911271389534,45.36136347070022,11.020147204163726
121,-0.954287848765298,0.29888911271389534,45.361333031001976,11.020140294139976
122,-0.954287848765298,0.29888911271389534,45.36130217085111,11.020150003494075
123,-0.954287848765298,0.29888911271389534,45.36127140156703,11.0201662642222
124,-0.954287848765298,0.29888911271389534,45.36123641442727,11.020185284841622
125,-0.954287848765298,0.29888911271389534,45.361210129457,11.02018903073716
126,-0.954287848765298,0.29888911271389534,45.36117405706646,11.020199380639506
127,-0.954287848765298,0.29888911271389534,45.361142105764536,11.020209043630661
128,-0.954287848765298,0.29888911271389534,45.36112125243638,11.020221711213415
129,-0.954287848765298,0.29888911271389534,45.36108893780847,11.020226268303778
130,-0.954287848765298,0.29888911271389534,45.36105680852257,11.020238189227582
131,-0.954287848765298,0.29888911271389534,45.36101934531179,11.020245226374968
132,-0.954287848765298,0.29888911271389534,45.36099656436114,11.020256872799017
133,-0.954287848765298,0.29888911271389534,45.3609503119136,11.020272319405564
134,-0.954287848765298,0.29888911271389534,45.36092297726611,11.02026779197288
135,-0.954287848765298,0.29888911271389534,45.36089877576518,11.020279325659445
136,-0.954287848765298,0.29888911271389534,45.36086601838662,11.020293034392711
137,-0.954287848765298,0.29888911271389534,45.36083898398218,11.020301049618626
138,-0.954287848765298,0.29888911271389534,45.360798693698335,11.020310907424385
139,-0.954287848765298,0.29888911271389534,45.360770446872884,11.020329262390211
140,-0.954287848765298,0.29888911271389534,45.36073559652957,11.020333111055178
141,-0.954287848765298,0.29888911271389534,45.36070949056673,11.020343080505809
142,-0.954287848765298,0.29888911271389534,45.36067433980721,11.020352083608048
143,-0.954287848765298,0.29888911271389534,45.3606485326327,11.02036943900021
144,-0.954287848765298,0.29888911271389534,45.36060960333203,11.020371941049305
145,-0.954287848765298,0.29888911271389534,45.36058786365236,11.020383384351732
146,-0.954287848765298,0.29888911271389534,45.36055106848919,11.020389864105852
147,-0.954287848765298,0.29888911271389534,45.36051977814465,11.020400285086497
148,-0.954287848765298,0.29888911271389534,45.36048664394093,11.020419988286974
149,-0.954287848765298,0.29888911271389534,45.36046130276765,11.020410887750122
150,-0.954287848765298,0.29888911271389534,45.36042878862233,11.020427189609473
151,-0.954287848765298,0.29888911271389534,45.36040056676367,11.020431897973532
152,-0.954287848765298,0.29888911271389534,45.360365298439646,11.020450730705722
153,-0.954287848765298,0.29888911271389534,45.36033341753729,11.020462564446763
154,-0.954287848765298,0.29888911271389534,45.360305468299444,11.020466892603954
155,-0.954287848765298,0.29888911271389534,45.36027992102464,11.02047354733709
156,-0.954287848765298,0.29888911271389534,45.360245221399374,11.02049391372141
157,-0.954287848765298,0.29888911271389534,45.36021555250664,11.020495618922237
158,-0.954287848765298,0.29888911271389534,45.36018320004666,11.020513798890192
159,-0.954287848765298,0.29888911271389534,45.36015019634208,11.020519583364496
160,-0.954287848765298,0.29888911271389534,45.36011639804537,11.020528988252174
161,-0.954287848765298,0.29888911271389534,45.36008720637673,11.0205385982033
162,-0.954287848765298,0.29888911271389534,45.360057204980684,11.020546749707082
163,-0.954287848765298,0.29888911271389534,45.36002242713431,11.02055593938487
164,-0.954287848765298,0.29888911271389534,45.359985717442655,11.020558198804206
165,-0.954287848765298,0.29888911271389534,45.359961378671095,11.020578981361705
166,-0.954287848765298,0.29888911271389534,45.359929951048,11.02059269287339
167,-0.954287848765298,0.29888911271389534,45.35989401502447,11.020601297552837
168,-0.954287848765298,0.29888911271389534,45.35986726120912,11.02060761638171
169,-0.954287848765298,0.29888911271389534,45.359835343879865,11.02062022509016
170,-0.954287848765298,0.29888911271389534,45.35980944675588,11.020634362878667
171,-0.954287848765298,0.29888911271389534,45.359766108075924,11.020636354375075
172,-0.954287848765298,0.29888911271389534,45.35974320770473,11.020639420491461
173,-0.954287848765298,0.29888911271389534,45.35971490541163,11.020662467357537
174,-0.954287848765298,0.29888911271389534,45.35967972,11.02066511
175,0.18092866714612515,0.9834962213474573,45.359688438473576,11.02067496048776
176,0.18092866714612515,0.9834962213474573,45.35967482751582,11.020677282447807
177,0.18092866714612515,0.9834962213474573,45.35968531888795,11.020676889382802
178,0.18092866714612515,0.9834962213474573,45.35968329699482,11.020691875974979
179,0.18092866714612515,0.9834962213474573,45.359680462157854,11.02069314123594
180,0.18092866714612515,0.9834962213474573,45.35968608479908,11.020697461451036
181,0.18092866714612515,0.9834962213474573,45.359688717340184,11.020696862184026
182,0.18092866714612515,0.9834962213474573,45.35969696940259,11.020710544654627
183,0.18092866714612515,0.9834962213474573,45.359693925763764,11.02071954532948
184,0.18092866714612515,0.9834962213474573,45.35968610236936,11.020717865268749
185,0.18092866714612515,0.9834962213474573,45.3596838000003,11.02072198006532
186,0.18092866714612515,0.9834962213474573,45.35968894286137,11.020714759931503
187,0.18092866714612515,0.9834962213474573,45.35969643190859,11.020742151699487
188,0.18092866714612515,0.9834962213474573,45.35969351,11.02074007
189,0.9528471844721362,0.30345056111914304,45.35972295311318,11.020718052563716
190,0.9528471844721362,0.30345056111914304,45.359749338988124,11.020723496195655
191,0.9528471844721362,0.30345056111914304,45.359786014888435,11.020703797732322
192,0.9528471844721362,0.30345056111914304,45.35981954033953,11.020701412586709
193,0.9528471844721362,0.30345056111914304,45.359854943878965,11.020685772363215
194,0.9528471844721362,0.30345056111914304,45.35987824806508,11.020678725620154
195,0.9528471844721362,0.30345056111914304,45.359924816298566,11.020677596991893
196,0.9528471844721362,0.30345056111914304,45.35993931599945,11.020672636541281
197,0.9528471844721362,0.30345056111914304,45.35996858081154,11.020649567825698
198,0.9528471844721362,0.30345056111914304,45.36001275072939,11.020635210676742
199,0.9528471844721362,0.30345056111914304,45.36004294412919,11.02062884089287
200,0.9528471844721362,0.30345056111914304,45.36006826962669,11.020624122179681
201,0.9528471844721362,0.30345056111914304,45.36010559053397,11.02061858194382
202,0.9528471844721362,0.30345056111914304,45.36012240458448,11.020598513493368
203,0.9528471844721362,0.30345056111914304,45.36016528637855,11.020593485852809
204,0.9528471844721362,0.30345056111914304,45.360184303975515,11.020586617830169
205,0.9528471844721362,0.30345056111914304,45.36022307248159,11.020578157007604
206,0.9528471844721362,0.30345056111914304,45.360247256087185,11.02055693077841
207,0.9528471844721362,0.30345056111914304,45.36028174674687,11.02055578642853
208,0.9528471844721362,0.30345056111914304,45.360318405739946,11.020543658050997
209,0.9528471844721362,0.30345056111914304,45.360346575506654,11.020538574956916
210,0.9528471844721362,0.30345056111914304,45.36037420711189,11.020523339044962
211,0.9528471844721362,0.30345056111914304,45.36041190601263,11.020503522668873
212,0.9528471844721362,0.30345056111914304,45.36044012527288,11.020510286174249
213,0.9528471844721362,0.30345056111914304,45.3604717281086,11.020490099670882
214,0.9528471844721362,0.30345056111914304,45.36049641580194,11.020480025650574
215,0.9528471844721362,0.30345056111914304,45.36053553324647,11.020477391767944
216,0.9528471844721362,0.30345056111914304,45.36055810631005,11.020459830169084
217,0.9528471844721362,0.30345056111914304,45.36059289476875,11.020454365482149
218,0.9528471844721362,0.30345056111914304,45.36062152030544,11.02043811229186
219,0.9528471844721362,0.30345056111914304,45.36064100235553,11.02043148465157
220,0.9528471844721362,0.30345056111914304,45.36068909073516,11.020422740716596
221,0.9528471844721362,0.30345056111914304,45.36072120571492,11.02041046146064
222,0.9528471844721362,0.30345056111914304,45.360743850837544,11.020399493027206
223,0.9528471844721362,0.30345056111914304,45.36077936012813,11.02040442371604
224,0.9528471844721362,0.30345056111914304,45.360817629217244,11.02038616952195
225,0.9528471844721362,0.30345056111914304,45.360830924726116,11.020378649800515
226,0.9528471844721362,0.30345056111914304,45.36087343015026,11.020358960503646
227,0.9528471844721362,0.30345056111914304,45.36091190224517,11.020368971702373
228,0.9528471844721362,0.30345056111914304,45.36094243245855,11.020341212289692
229,0.9528471844721362,0.30345056111914304,45.36097179891158,11.020340198976648
230,0.9528471844721362,0.30345056111914304,45.36099019535931,11.0203281143746
231,0.9528471844721362,0.30345056111914304,45.36101967979802,11.020314065753817
232,0.9528471844721362,0.30345056111914304,45.361050808696774,11.020304993863478
233,0.9528471844721362,0.30345056111914304,45.36108848752897,11.020291188181938
234,0.9528471844721362,0.30345056111914304,45.3611220994108,11.020277644884768
235,0.9528471844721362,0.30345056111914304,45.36114875283707,11.020281617560762
236,0.9528471844721362,0.30345056111914304,45.36118373562352,11.02026698292335
237,0.9528471844721362,0.30345056111914304,45.36121541138533,11.020257748763155
238,0.9528471844721362,0.30345056111914304,45.361245824589474,11.020243571855364
239,0.9528471844721362,0.30345056111914304,45.36128088881841,11.020244581416552
240,0.9528471844721362,0.30345056111914304,45.3613068876298,11.020226243818527
241,0.9528471844721362,0.30345056111914304,45.36133911640151,11.020212838344927
242,0.9528471844721362,0.30345056111914304,45.36137043089498,11.020214420952113
243,0.9528471844721362,0.30345056111914304,45.36140305008143,11.020202119007248
244,0.9528471844721362,0.30345056111914304,45.361429615141894,11.020192072694943
245,0.9528471844721362,0.30345056111914304,45.361461546423236,11.02017844695476
246,0.9528471844721362,0.30345056111914304,45.36150567382919,11.02016129504484
247,0.9528471844721362,0.30345056111914304,45.361525156354645,11.020154019412086
248,0.9528471844721362,0.30345056111914304,45.361553351579275,11.020153257422432
249,0.9528471844721362,0.30345056111914304,45.361594290979376,11.020128546912979
250,0.9528471844721362,0.30345056111914304,45.36162168675873,11.020131394809198
251,0.9528471844721362,0.30345056111914304,45.361645551855744,11.020124860699003
252,0.9528471844721362,0.30345056111914304,45.36169075847537,11.020110148416917
253,0.9528471844721362,0.30345056111914304,45.36170598349085,11.020090216252406
254,0.9528471844721362,0.30345056111914304,45.3617362212662,11.020082804154333
255,0.9528471844721362,0.30345056111914304,45.361774081733955,11.020082726621517
256,0.9528471844721362,0.30345056111914304,45.36181478579731,11.02006326289722
257,0.9528471844721362,0.30345056111914304,45.36184129886603,11.020056584367401
258,0.9528471844721362,0.30345056111914304,45.36187346099932,11.020056270050961
259,0.9528471844721362,0.30345056111914304,45.361896078948114,11.020042635818873
260,0.9528471844721362,0.30345056111914304,45.3619258819718,11.020033543593447
261,0.9528471844721362,0.30345056111914304,45.36196454637887,11.020021370428001
262,0.9528471844721362,0.30345056111914304,45.36198747349772,11.019995825087538
263,0.9528471844721362,0.30345056111914304,45.36201765030396,11.02000395706576
264,0.9528471844721362,0.30345056111914304,45.36204497394521,11.019980020283981
265,0.9528471844721362,0.30345056111914304,45.36208201229061,11.019975623851275
266,0.9528471844721362,0.30345056111914304,45.3621102821728,11.019968818882646
267,0.9528471844721362,0.30345056111914304,45.36214458074501,11.01995733613728
268,0.9528471844721362,0.30345056111914304,45.36217301842708,11.019956462477689
269,0.9528471844721362,0.30345056111914304,45.36220998670852,11.019936429426734
270,0.9528471844721362,0.30345056111914304,45.362234528818064,11.019934346175855
271,0.9528471844721362,0.30345056111914304,45.36227073,11.01991931
272,0.2108778085845649,0.9775124295100148,45.362272857803255,11.019924626546267
273,0.2108778085845649,0.9775124295100148,45.36227350822174,11.01993178141037
274,0.2108778085845649,0.9775124295100148,45.362278682313715,11.019938143357244
275,0.2108778085845649,0.9775124295100148,45.362279538791825,11.019947481826547
276,0.2108778085845649,0.9775124295100148,45.36227144955897,11.019946177037909
277,0.2108778085845649,0.9775124295100148,45.36227582803302,11.019956948234658
278,0.2108778085845649,0.9775124295100148,45.362278806683875,11.019959171097009
279,0.2108778085845649,0.9775124295100148,45.36228192006506,11.019973642079812
280,0.2108778085845649,0.9775124295100148,45.36227954205828,11.019971393358336
281,0.2108778085845649,0.9775124295100148,45.3622762813666,11.019977904571771
282,0.2108778085845649,0.9775124295100148,45.3622880498982,11.019985247792143
283,0.2108778085845649,0.9775124295100148,45.36228557,11.0199881
284,-0.9544055299292257,0.29851312272748404,45.36224828636686,11.019990280437826
285,-0.9544055299292257,0.29851312272748404,45.362202723723954,11.020017892488008
286,-0.9544055299292257,0.29851312272748404,45.36219484466351,11.020027095944299
287,-0.9544055299292257,0.29851312272748404,45.362151068859916,11.020032132125468
288,-0.9544055299292257,0.29851312272748404,45.36211739838367,11.020035090787587
289,-0.9544055299292257,0.29851312272748404,45.36208461426202,11.020054743886499
290,-0.9544055299292257,0.29851312272748404,45.36204994908209,11.020067294127967
291,-0.9544055299292257,0.29851312272748404,45.36201182821023,11.020072336348903
292,-0.9544055299292257,0.29851312272748404,45.361988274495346,11.020080543190943
293,-0.9544055299292257,0.29851312272748404,45.361956135761105,11.02009603081103
294,-0.9544055299292257,0.29851312272748404,45.361920211789695,11.020110001434048
295,-0.9544055299292257,0.29851312272748404,45.361874494193486,11.020117726214915
296,-0.9544055299292257,0.29851312272748404,45.36184984850177,11.020124397472797
297,-0.9544055299292257,0.29851312272748404,45.361814740635666,11.020137355533734
298,-0.9544055299292257,0.29851312272748404,45.361776777671146,11.020162133537065
299,-0.9544055299292257,0.29851312272748404,45.36174948323065,11.020168780183628
300,-0.9544055299292257,0.29851312272748404,45.36171280782151,11.020162765675508
301,-0.9544055299292257,0.29851312272748404,45.36168860464795,11.020178924296493
302,-0.9544055299292257,0.29851312272748404,45.36164187018221,11.020194143028037
303,-0.9544055299292257,0.29851312272748404,45.36162178375092,11.020193224714333
304,-0.9544055299292257,0.29851312272748404,45.36158195211238,11.020207342580994
305,-0.9544055299292257,0.29851312272748404,45.36154544583403,11.02021785160849
306,-0.9544055299292257,0.29851312272748404,45.36150452244306,11.020225836041627
307,-0.9544055299292257,0.29851312272748404,45.361472843622174,11.020235237275022
308,-0.9544055299292257,0.29851312272748404,45.36144347050083,11.020262103443487
309,-0.9544055299292257,0.29851312272748404,45.36141248941354,11.02026701253507
310,-0.9544055299292257,0.29851312272748404,45.361378439600955,11.020265166566931
311,-0.9544055299292257,0.29851312272748404,45.3613412234765,11.020286548866368
312,-0.9544055299292257,0.29851312272748404,45.3613078855035,11.020292922956173
313,-0.9544055299292257,0.29851312272748404,45.36127497258248,11.020306498764544
314,-0.9544055299292257,0.29851312272748404,45.36124180241239,11.020309495275315
315,-0.9544055299292257,0.29851312272748404,45.36120215755883,11.020331989372165
316,-0.9544055299292257,0.29851312272748404,45.36117864984436,11.020332680838859
317,-0.9544055299292257,0.29851312272748404,45.361149914420075,11.020351524627781
318,-0.9544055299292257,0.29851312272748404,45.36110640254678,11.020353673226767
319,-0.9544055299292257,0.29851312272748404,45.36107794576716,11.020367749441611
320,-0.9544055299292257,0.29851312272748404,45.36103943567866,11.020382939562511
321,-0.9544055299292257,0.29851312272748404,45.361007050279554,11.020379637070969
322,-0.9544055299292257,0.29851312272748404,45.360975165817294,11.020394705308837
323,-0.9544055299292257,0.29851312272748404,45.360948799143536,11.020407225168974
324,-0.9544055299292257,0.29851312272748404,45.36090545030754,11.020417285479372
325,-0.9544055299292257,0.29851312272748404,45.36087902526078,11.020423075527827
326,-0.9544055299292257,0.29851312272748404,45.360839014497145,11.020442057732552
327,-0.9544055299292257,0.29851312272748404,45.36081154829225,11.020453203465344
328,-0.9544055299292257,0.29851312272748404,45.36077517404822,11.020462058865546
329,-0.9544055299292257,0.29851312272748404,45.36074366705857,11.020467524140914
330,-0.9544055299292257,0.29851312272748404,45.3607158226034,11.02048087288041
331,-0.9544055299292257,0.29851312272748404,45.36068336714975,11.02049222795189
332,-0.9544055299292257,0.29851312272748404,45.36064539730784,11.020502543170803
333,-0.9544055299292257,0.29851312272748404,45.360604985357476,11.020523807332934
334,-0.9544055299292257,0.29851312272748404,45.360570550779066,11.020517327370367
335,-0.9544055299292257,0.29851312272748404,45.360530550765034,11.020533465177383
336,-0.9544055299292257,0.29851312272748404,45.3605031252222,11.020546206354014
337,-0.9544055299292257,0.29851312272748404,45.36046416270989,11.020555538078622
338,-0.9544055299292257,0.29851312272748404,45.36043866950273,11.020560304785104
339,-0.9544055299292257,0.29851312272748404,45.36040859248074,11.02057262045283
340,-0.9544055299292257,0.29851312272748404,45.3603709498795,11.020580843175269
341,-0.9544055299292257,0.29851312272748404,45.36034293025972,11.02059534176207
342,-0.9544055299292257,0.29851312272748404,45.36029955659315,11.020608511643873
343,-0.9544055299292257,0.29851312272748404,45.36026181394955,11.020622334237093
344,-0.9544055299292257,0.29851312272748404,45.36024316694457,11.0206236229809
345,-0.9544055299292257,0.29851312272748404,45.36020495513009,11.020645712514336
346,-0.9544055299292257,0.29851312272748404,45.36016640250307,11.020648084145142
347,-0.9544055299292257,0.29851312272748404,45.36013917254265,11.020664782078393
348,-0.9544055299292257,0.29851312272748404,45.36009775608427,11.020664861355138
349,-0.9544055299292257,0.29851312272748404,45.360067722413504,11.020679008014797
350,-0.9544055299292257,0.29851312272748404,45.36003434725583,11.020698321824167
351,-0.9544055299292257,0.29851312272748404,45.36000258742193,11.020706110138404
352,-0.9544055299292257,0.29851312272748404,45.35997064328842,11.020715503522283
353,-0.9544055299292257,0.29851312272748404,45.359933267597704,11.020717457389955
354,-0.9544055299292257,0.29851312272748404,45.35990066034348,11.020730132742973
355,-0.9544055299292257,0.29851312272748404,45.359864752835165,11.020749862749124
356,-0.9544055299292257,0.29851312272748404,45.35983496820065,11.02075408905099
357,-0.9544055299292257,0.29851312272748404,45.35980211604338,11.020774632194268
358,-0.9544055299292257,0.29851312272748404,45.359770206692154,11.020765903582213
359,-0.9544055299292257,0.29851312272748404,45.35972924743815,11.020788609525951
360,-0.9544055299292257,0.29851312272748404,45.35970006,11.02079678
361,0.18563850809759755,0.9826181070544641,45.35969778606452,11.020809105500378
362,0.18563850809759755,0.9826181070544641,45.359704408905976,11.02080968162227
363,0.18563850809759755,0.9826181070544641,45.35970921276854,11.020804703461703
364,0.18563850809759755,0.9826181070544641,45.35970451512457,11.020812466166596
365,0.18563850809759755,0.9826181070544641,45.3596934401235,11.020828731941199
366,0.18563850809759755,0.9826181070544641,45.35970734655626,11.020824699309493
367,0.18563850809759755,0.9826181070544641,45.35971308502977,11.020835202300848
368,0.18563850809759755,0.9826181070544641,45.359708511173814,11.02083297673875
369,0.18563850809759755,0.9826181070544641,45.35969530543434,11.020833607944006
370,0.18563850809759755,0.9826181070544641,45.35971834718257,11.020843841886329
371,0.18563850809759755,0.9826181070544641,45.35971814306182,11.020852943821005
372,0.18563850809759755,0.9826181070544641,45.35971140917213,11.020860505622474
373,0.18563850809759755,0.9826181070544641,45.3597106442101,11.020859196902506
374,0.18563850809759755,0.9826181070544641,45.35971179311838,11.020871407189915
375,0.18563850809759755,0.9826181070544641,45.359712104429555,11.02085959151493
376,0.18563850809759755,0.9826181070544641,45.359717781645266,11.020884713997017
377,0.18563850809759755,0.9826181070544641,45.35971575,11.02087983
378,0.9539872079080639,0.29984730638739515,45.35974538493751,11.020865916555868
379,0.9539872079080639,0.29984730638739515,45.359782966058035,11.020864698506534
380,0.9539872079080639,0.29984730638739515,45.359811202021525,11.020858482775903
381,0.9539872079080639,0.29984730638739515,45.35983779691331,11.020832425662233
382,0.9539872079080639,0.29984730638739515,45.3598659179794,11.020829974526338
383,0.9539872079080639,0.29984730638739515,45.35989776055883,11.020819579481534
384,0.9539872079080639,0.29984730638739515,45.359919431953585,11.020809097014407
385,0.9539872079080639,0.29984730638739515,45.359951703939615,11.020805936443281
386,0.9539872079080639,0.29984730638739515,45.35998239715767,11.020791410858035
387,0.9539872079080639,0.29984730638739515,45.360019149288505,11.020787515039997
388,0.9539872079080639,0.29984730638739515,45.360047464839184,11.020782353400445
389,0.9539872079080639,0.29984730638739515,45.36007929625991,11.02076932891548
390,0.9539872079080639,0.29984730638739515,45.360104813328114,11.020767780494486
391,0.9539872079080639,0.29984730638739515,45.36014832044784,11.020739397236069
392,0.9539872079080639,0.29984730638739515,45.36017316387374,11.020733819760277
393,0.9539872079080639,0.29984730638739515,45.36020381275427,11.020721021518305
394,0.9539872079080639,0.29984730638739515,45.36023245288982,11.020725994462063
395,0.9539872079080639,0.29984730638739515,45.360260772619036,11.020709369479107
396,0.9539872079080639,0.29984730638739515,45.36028484551598,11.020704946526765
397,0.9539872079080639,0.29984730638739515,45.360310849894375,11.020690260808992
398,0.9539872079080639,0.29984730638739515,45.360339423410835,11.020686760117663
399,0.9539872079080639,0.29984730638739515,45.36036853971889,11.020678604423832
400,0.9539872079080639,0.29984730638739515,45.360413590116025,11.020665573129754
401,0.9539872079080639,0.29984730638739515,45.36043451141486,11.020652898947635
402,0.9539872079080639,0.29984730638739515,45.36046558244508,11.020637240573453
403,0.9539872079080639,0.29984730638739515,45.36049911805188,11.02063432316762
404,0.9539872079080639,0.29984730638739515,45.360533364744626,11.020619006301509
405,0.9539872079080639,0.29984730638739515,45.36056203903601,11.020620832547284
406,0.9539872079080639,0.29984730638739515,45.36058816490049,11.020600918204057
407,0.9539872079080639,0.29984730638739515,45.360615045227306,11.02059783259316
408,0.9539872079080639,0.29984730638739515,45.3606449102291,11.02058202660688
409,0.9539872079080639,0.29984730638739515,45.36067465161352,11.020577621506565
410,0.9539872079080639,0.29984730638739515,45.360708102485916,11.020566826873058
411,0.9539872079080639,0.29984730638739515,45.36074200880073,11.020561015953868
412,0.9539872079080639,0.29984730638739515,45.36077726392164,11.02054711209373
413,0.9539872079080639,0.29984730638739515,45.360799003986,11.020553728125323
414,0.9539872079080639,0.29984730638739515,45.36083545810606,11.020537239330258
415,0.9539872079080639,0.29984730638739515,45.36086692110077,11.020513739524477
416,0.9539872079080639,0.29984730638739515,45.360887704304645,11.020507134654089
417,0.9539872079080639,0.29984730638739515,45.36092438105697,11.020504994573358
418,0.9539872079080639,0.29984730638739515,45.36094225304032,11.020499077090236
419,0.9539872079080639,0.29984730638739515,45.360983619128795,11.020482923886497
420,0.9539872079080639,0.29984730638739515,45.361011500914664,11.020465904283014
421,0.9539872079080639,0.29984730638739515,45.36103554958092,11.020466279942461
422,0.9539872079080639,0.29984730638739515,45.36107219798465,11.020443358873004
423,0.9539872079080639,0.29984730638739515,45.36110710357343,11.020443665983915
424,0.9539872079080639,0.29984730638739515,45.36112654454933,11.020438153235908
425,0.9539872079080639,0.29984730638739515,45.36115864663032,11.02042719157805
426,0.9539872079080639,0.29984730638739515,45.361187348371324,11.020421516645973
427,0.9539872079080639,0.29984730638739515,45.36121863694213,11.020407808072209
428,0.9539872079080639,0.29984730638739515,45.36124490994683,11.020399830966703
429,0.9539872079080639,0.29984730638739515,45.361280412333805,11.020385151214635
430,0.9539872079080639,0.29984730638739515,45.3613082097752,11.020381196664841
431,0.9539872079080639,0.29984730638739515,45.36134017504766,11.02037062875288
432,0.9539872079080639,0.29984730638739515,45.36136418618659,11.020363140530225
433,0.9539872079080639,0.29984730638739515,45.361401781641234,11.020351654262866
434,0.9539872079080639,0.29984730638739515,45.36143266127713,11.020347327095662
435,0.9539872079080639,0.29984730638739515,45.36146848807318,11.020329073745298
436,0.9539872079080639,0.29984730638739515,45.361489700481016,11.02032314629359
437,0.9539872079080639,0.29984730638739515,45.36151562694042,11.020316071218367
438,0.9539872079080639,0.29984730638739515,45.36154801982692,11.020308815492418
439,0.9539872079080639,0.29984730638739515,45.36158056394611,11.020289787248258
440,0.9539872079080639,0.29984730638739515,45.3616147862151,11.020292680489828
441,0.9539872079080639,0.29984730638739515,45.361636795724,11.020267064810517
442,0.9539872079080639,0.29984730638739515,45.361669461886656,11.020262469571636
443,0.9539872079080639,0.29984730638739515,45.36169145238936,11.020251283093826
444,0.9539872079080639,0.29984730638739515,45.361732445654994,11.020250976163881
445,0.9539872079080639,0.29984730638739515,45.36175409543348,11.02023602555361
446,0.9539872079080639,0.29984730638739515,45.36180232891698,11.020227842660415
447,0.9539872079080639,0.29984730638739515,45.36181634584469,11.020223459607816
448,0.9539872079080639,0.29984730638739515,45.361854034592646,11.020212021647176
449,0.9539872079080639,0.29984730638739515,45.36188579859917,11.020194248589704
450,0.9539872079080639,0.29984730638739515,45.36191899357318,11.020190391854165
451,0.9539872079080639,0.29984730638739515,45.361943362468345,11.020186624705795
452,0.9539872079080639,0.29984730638739515,45.361975202250136,11.020167675240359
453,0.9539872079080639,0.29984730638739515,45.362001186977096,11.020167984786845
454,0.9539872079080639,0.29984730638739515,45.36202985479622,11.020152017953407
455,0.9539872079080639,0.29984730638739515,45.36206770349678,11.020143976366727
456,0.9539872079080639,0.29984730638739515,45.362094796812684,11.020130709482128
457,0.9539872079080639,0.29984730638739515,45.36212304912441,11.020123265288603
458,0.9539872079080639,0.29984730638739515,45.362158689037294,11.020123151640574
459,0.9539872079080639,0.29984730638739515,45.36217848847419,11.020109286096417
460,0.9539872079080639,0.29984730638739515,45.362212983529425,11.020091661275499
461,0.9539872079080639,0.29984730638739515,45.3622424663003,11.020085661033454
462,0.9539872079080639,0.29984730638739515,45.36226761795743,11.020076993015383
463,0.9539872079080639,0.29984730638739515,45.36230304,11.02006662
464,0.05017981546841942,0.9987401995111418,45.36230955906719,11.020067882196953
465,0.05017981546841942,0.9987401995111418,45.362308491823406,11.020074363472473
466,0.05017981546841942,0.9987401995111418,45.36230493364039,11.020087737845394
467,0.05017981546841942,0.9987401995111418,45.36230505105453,11.020087276444585
468,0.05017981546841942,0.9987401995111418,45.362297741564156,11.02010260623883
469,0.05017981546841942,0.9987401995111418,45.36230627300236,11.020109504647353
470,0.05017981546841942,0.9987401995111418,45.362306279588424,11.020105656884809
471,0.05017981546841942,0.9987401995111418,45.36230813784279,11.020102130419794
472,0.05017981546841942,0.9987401995111418,45.36230053363362,11.020117044109455
473,0.05017981546841942,0.9987401995111418,45.36230583,11.02012215
474,-0.9547295369557065,0.2974752279843521,45.3622833466135,11.02012931068159
475,-0.9547295369557065,0.2974752279843521,45.36226290427212,11.020138746440487
476,-0.9547295369557065,0.2974752279843521,45.362229064392174,11.02015261816036
477,-0.9547295369557065,0.2974752279843521,45.36218036566373,11.020163713057249
478,-0.9547295369557065,0.2974752279843521,45.362146170288426,11.020164987849466
479,-0.9547295369557065,0.2974752279843521,45.36212340792365,11.020169518199596
480,-0.9547295369557065,0.2974752279843521,45.36209759149677,11.020191803771896
481,-0.9547295369557065,0.2974752279843521,45.36205804173284,11.020195376390749
482,-0.9547295369557065,0.2974752279843521,45.3620384597144,11.020208438038164
483,-0.9547295369557065,0.2974752279843521,45.36200568811702,11.020214984088012
484,-0.9547295369557065,0.2974752279843521,45.36197633918264,11.020214536707371
485,-0.9547295369557065,0.2974752279843521,45.361944723666625,11.020233848168704
486,-0.9547295369557065,0.2974752279843521,45.361915822448715,11.020242765331416
487,-0.9547295369557065,0.2974752279843521,45.361885813639006,11.020252814115372
488,-0.9547295369557065,0.2974752279843521,45.361848645961,11.020257224013683
489,-0.9547295369557065,0.2974752279843521,45.3618345963093,11.020273920430743
490,-0.9547295369557065,0.2974752279843521,45.36180128149631,11.02028221999997
491,-0.9547295369557065,0.2974752279843521,45.361769202192335,11.020291971913078
492,-0.9547295369557065,0.2974752279843521,45.361741689553945,11.02030310311414
493,-0.9547295369557065,0.2974752279843521,45.361705401432445,11.020307515216443
494,-0.9547295369557065,0.2974752279843521,45.36166819896542,11.020310744597644
495,-0.9547295369557065,0.2974752279843521,45.36165951529121,11.020331981021577
496,-0.9547295369557065,0.2974752279843521,45.361623402914645,11.020332749394822
497,-0.9547295369557065,0.2974752279843521,45.36159298134234,11.020346598001293
498,-0.9547295369557065,0.2974752279843521,45.36156205105935,11.020361785665749
499,-0.9547295369557065,0.2974752279843521,45.36152726317942,11.02036464847001
500,-0.9547295369557065,0.2974752279843521,45.361503448279485,11.020380464117137
501,-0.9547295369557065,0.2974752279843521,45.36147070010712,11.020383151793054
502,-0.9547295369557065,0.2974752279843521,45.361439313497286,11.020390472947348
503,-0.9547295369557065,0.2974752279843521,45.36141792807987,11.020401965479335
504,-0.9547295369557065,0.2974752279843521,45.36139414646118,11.020414711607362
505,-0.9547295369557065,0.2974752279843521,45.36134862171776,11.020417644730559
506,-0.9547295369557065,0.2974752279843521,45.36132193236765,11.02042110080791
507,-0.9547295369557065,0.2974752279843521,45.361285084881864,11.020444674905056
508,-0.9547295369557065,0.2974752279843521,45.3612648417681,11.020444167744545
509,-0.9547295369557065,0.2974752279843521,45.36123792041475,11.020462676461502
510,-0.9547295369557065,0.2974752279843521,45.361205804058194,11.020463068337097
511,-0.9547295369557065,0.2974752279843521,45.361166172862,11.020471381286628
512,-0.9547295369557065,0.2974752279843521,45.36112987047554,11.020484364621097
513,-0.9547295369557065,0.2974752279843521,45.361110397098045,11.020491805111412
514,-0.9547295369557065,0.2974752279843521,45.36108403976837,11.020507980326565
515,-0.9547295369557065,0.2974752279843521,45.361061727260996,11.020516688257153
516,-0.9547295369557065,0.2974752279843521,45.361017376203215,11.020522272921593
517,-0.9547295369557065,0.2974752279843521,45.36099354768797,11.020525645677827
518,-0.9547295369557065,0.2974752279843521,45.36097138879143,11.02054164518756
519,-0.9547295369557065,0.2974752279843521,45.36093434448843,11.02055070095651
520,-0.9547295369557065,0.2974752279843521,45.36090065112387,11.020561297144406
521,-0.9547295369557065,0.2974752279843521,45.360874422765264,11.020564570767695
522,-0.9547295369557065,0.2974752279843521,45.36084487129408,11.020570491279715
523,-0.9547295369557065,0.2974752279843521,45.36081318081281,11.020587527935847
524,-0.9547295369557065,0.2974752279843521,45.36078319761335,11.020600048563763
525,-0.9547295369557065,0.2974752279843521,45.36075284082763,11.020614340515035
526,-0.9547295369557065,0.2974752279843521,45.36072077392152,11.020609616439193
527,-0.9547295369557065,0.2974752279843521,45.36069839987828,11.020619110835286
528,-0.9547295369557065,0.2974752279843521,45.360668886055855,11.020630093343973
529,-0.9547295369557065,0.2974752279843521,45.3606382290125,11.020644225725123
530,-0.9547295369557065,0.2974752279843521,45.36060898791347,11.02064945265238
531,-0.9547295369557065,0.2974752279843521,45.36057532977597,11.020657767549048
532,-0.9547295369557065,0.2974752279843521,45.360542508185816,11.020669898064304
533,-0.9547295369557065,0.2974752279843521,45.36051610537136,11.02067985034864
534,-0.9547295369557065,0.2974752279843521,45.36048660654687,11.020687875132323
535,-0.9547295369557065,0.2974752279843521,45.36045741548275,11.020694019050783
536,-0.9547295369557065,0.2974752279843521,45.360426616783734,11.020709124423728
537,-0.9547295369557065,0.2974752279843521,45.36039052572787,11.020721200552392
538,-0.9547295369557065,0.2974752279843521,45.360368865730244,11.020726366991857
539,-0.9547295369557065,0.2974752279843521,45.360340644470895,11.02073750038471
540,-0.9547295369557065,0.2974752279843521,45.36030073384491,11.020747708295291
541,-0.9547295369557065,0.2974752279843521,45.360275466164516,11.020750629957613
542,-0.9547295369557065,0.2974752279843521,45.360245863979316,11.020770399892035
543,-0.9547295369557065,0.2974752279843521,45.360214714873564,11.020771026738405
544,-0.9547295369557065,0.2974752279843521,45.36018594416835,11.020788590714549
545,-0.9547295369557065,0.2974752279843521,45.360158031951705,11.020793066034692
546,-0.9547295369557065,0.2974752279843521,45.36013120934604,11.020796154287897
547,-0.9547295369557065,0.2974752279843521,45.36009793886787,11.02081189524614
548,-0.9547295369557065,0.2974752279843521,45.36006801351064,11.020817062608026
549,-0.9547295369557065,0.2974752279843521,45.3600347797649,11.020829500684721
550,-0.9547295369557065,0.2974752279843521,45.36000617344038,11.020840151897099
551,-0.9547295369557065,0.2974752279843521,45.35998236771402,11.020853519245568
552,-0.9547295369557065,0.2974752279843521,45.35995146976099,11.020854878410844
553,-0.9547295369557065,0.2974752279843521,45.35992104775174,11.020866016701033
554,-0.9547295369557065,0.2974752279843521,45.35989868636117,11.020870815102768
555,-0.9547295369557065,0.2974752279843521,45.3598606111312,11.020878093454144
556,-0.9547295369557065,0.2974752279843521,45.359823750483635,11.020886159379529
557,-0.9547295369557065,0.2974752279843521,45.35980095729946,11.020905116182286
558,-0.9547295369557065,0.2974752279843521,45.35977352628607,11.020904684126078
559,-0.9547295369557065,0.2974752279843521,45.35974694306883,11.020927437573711
560,-0.9547295369557065,0.2974752279843521,45.35971167,11.02093044
561,0.158371280329442,0.9873796319384015,45.35970967765777,11.020938278104923
562,0.158371280329442,0.9873796319384015,45.35971787559199,11.020943545492573
563,0.158371280329442,0.9873796319384015,45.35972116383259,11.020944866150586
564,0.158371280329442,0.9873796319384015,45.35970775122039,11.020952152963497
565,0.158371280329442,0.9873796319384015,45.35971486301287,11.020954676952279
566,0.158371280329442,0.9873796319384015,45.35971951855248,11.020962853648236
567,0.158371280329442,0.9873796319384015,45.35972451679438,11.020972091760996
568,0.158371280329442,0.9873796319384015,45.35972307504758,11.020973313919876
569,0.158371280329442,0.9873796319384015,45.35971696349899,11.020984485241813
570,0.158371280329442,0.9873796319384015,45.35972339367907,11.02098526485179
571,0.158371280329442,0.9873796319384015,45.3597237093619,11.020977937458804
572,0.158371280329442,0.9873796319384015,45.359732660802145,11.021002145737976
573,0.158371280329442,0.9873796319384015,45.35972715795076,11.02100432001465
574,0.158371280329442,0.9873796319384015,45.35972416,11.02100831
575,0.9551369713188397,0.29616442396053255,45.35975516909198,11.021003721846249
576,0.9551369713188397,0.29616442396053255,45.35978839054528,11.020980135127823
577,0.9551369713188397,0.29616442396053255,45.359822066974004,11.02097733060096
578,0.9551369713188397,0.29616442396053255,45.35984694147474,11.020960442033456
579,0.9551369713188397,0.29616442396053255,45.35988374983646,11.020958182479514
580,0.9551369713188397,0.29616442396053255,45.35991400305684,11.020944335044168
581,0.9551369713188397,0.29616442396053255,45.35995678528738,11.020942894615493
582,0.9551369713188397,0.29616442396053255,45.359989803760925,11.02092356923441
583,0.9551369713188397,0.29616442396053255,45.36001810537646,11.020925948097497
584,0.9551369713188397,0.29616442396053255,45.36006083421953,11.020907432813411
585,0.9551369713188397,0.29616442396053255,45.360097049951904,11.020899090067887
586,0.9551369713188397,0.29616442396053255,45.36011756748581,11.020888358506117
587,0.9551369713188397,0.29616442396053255,45.360144814884784,11.020873691441045
588,0.9551369713188397,0.29616442396053255,45.36017970892551,11.020865711053768
589,0.9551369713188397,0.29616442396053255,45.36021993173839,11.020857841893438
590,0.9551369713188397,0.29616442396053255,45.36025405285215,11.020838002566697
591,0.9551369713188397,0.29616442396053255,45.36027387623132,11.020836218936712
592,0.9551369713188397,0.29616442396053255,45.36031200575724,11.020822449882248
593,0.9551369713188397,0.29616442396053255,45.360343646129195,11.020812676243967
594,0.9551369713188397,0.29616442396053255,45.36038710202947,11.020804397871672
595,0.9551369713188397,0.29616442396053255,45.360410085255765,11.020793304844293
596,0.9551369713188397,0.29616442396053255,45.36044798395529,11.02078921000066
597,0.9551369713188397,0.29616442396053255,45.3604757857373,11.020773824828577
598,0.9551369713188397,0.29616442396053255,45.36051724876011,11.020760470445458
599,0.9551369713188397,0.29616442396053255,45.360554866751315,11.020755872398599
600,0.9551369713188397,0.29616442396053255,45.36059034797081,11.020736440743601
601,0.9551369713188397,0.29616442396053255,45.36060967520312,11.020724273220905
602,0.9551369713188397,0.29616442396053255,45.36064721876855,11.020727377432632
603,0.9551369713188397,0.29616442396053255,45.360679864143655,11.020722075260986
604,0.9551369713188397,0.29616442396053255,45.36070998161152,11.02069860524274
605,0.9551369713188397,0.29616442396053255,45.360752741704765,11.020690752326846
606,0.9551369713188397,0.29616442396053255,45.36077785194052,11.020682745907566
607,0.9551369713188397,0.29616442396053255,45.360810674086345,11.02066311924668
608,0.9551369713188397,0.29616442396053255,45.3608400551319,11.020659278128063
609,0.9551369713188397,0.29616442396053255,45.360878576337974,11.020654505127853
610,0.9551369713188397,0.29616442396053255,45.360909777068784,11.020639509556448
611,0.9551369713188397,0.29616442396053255,45.36094344759559,11.020641013972527
612,0.9551369713188397,0.29616442396053255,45.36097487629167,11.020627289167562
613,0.9551369713188397,0.29616442396053255,45.361003248886874,11.02061420596667
614,0.9551369713188397,0.29616442396053255,45.3610400628865,11.02059744938426
615,0.9551369713188397,0.29616442396053255,45.361068172895386,11.020584010290673
616,0.9551369713188397,0.29616442396053255,45.36109824706874,11.020587623190842
617,0.9551369713188397,0.29616442396053255,45.36112859873899,11.020579845911689
618,0.9551369713188397,0.29616442396053255,45.36117409707487,11.020551845310576
619,0.9551369713188397,0.29616442396053255,45.36120702422855,11.02055340560083
620,0.9551369713188397,0.29616442396053255,45.36123542984696,11.020543516676582
621,0.9551369713188397,0.29616442396053255,45.361266174937725,11.020528012155943
622,0.9551369713188397,0.29616442396053255,45.36129690309652,11.020515788444998
623,0.9551369713188397,0.29616442396053255,45.36133149605085,11.020507747649352
624,0.9551369713188397,0.29616442396053255,45.36137685113092,11.020498499804248
625,0.9551369713188397,0.29616442396053255,45.36140333740971,11.020491463319198
626,0.9551369713188397,0.29616442396053255,45.3614319340132,11.020485432055352
627,0.9551369713188397,0.29616442396053255,45.361467981866866,11.020461086234551
628,0.9551369713188397,0.29616442396053255,45.36150262219855,11.020451794354164
629,0.9551369713188397,0.29616442396053255,45.36153428262462,11.02045252084709
630,0.9551369713188397,0.29616442396053255,45.361568181885104,11.020430467387515
631,0.9551369713188397,0.29616442396053255,45.36159889944783,11.020431945296348
632,0.9551369713188397,0.29616442396053255,45.361636935125034,11.02042100001279
633,0.9551369713188397,0.29616442396053255,45.36167202914202,11.020409888166833
634,0.9551369713188397,0.29616442396053255,45.36170307888634,11.020391115490836
635,0.9551369713188397,0.29616442396053255,45.361726014856345,11.020378013521874
636,0.9551369713188397,0.29616442396053255,45.36177031586526,11.020386205036793
637,0.9551369713188397,0.29616442396053255,45.36180439237953,11.020359383019064
638,0.9551369713188397,0.29616442396053255,45.36183265147901,11.020362154598695
639,0.9551369713188397,0.29616442396053255,45.36186181833832,11.020346755150538
640,0.9551369713188397,0.29616442396053255,45.361896120596256,11.020336366199647
641,0.9551369713188397,0.29616442396053255,45.36193086875143,11.02032639193826
642,0.9551369713188397,0.29616442396053255,45.361954847182496,11.020318060592816
643,0.9551369713188397,0.29616442396053255,45.3619915088495,11.020300988419809
644,0.9551369713188397,0.29616442396053255,45.36203599125234,11.020296509796928
645,0.9551369713188397,0.29616442396053255,45.362064266803586,11.02028255599782
646,0.9551369713188397,0.29616442396053255,45.362083367034785,11.020276437973637
647,0.9551369713188397,0.29616442396053255,45.362133324947884,11.020258628756011
648,0.9551369713188397,0.29616442396053255,45.36215621903102,11.020253372414745
649,0.9551369713188397,0.29616442396053255,45.36219046322479,11.020242192678486
650,0.9551369713188397,0.29616442396053255,45.36221967735601,11.020229550722176
651,0.9551369713188397,0.29616442396053255,45.362251639135344,11.020230355276802
652,0.9551369713188397,0.29616442396053255,45.362288544734476,11.020220072081882
653,0.9551369713188397,0.29616442396053255,45.36232427,11.02020208
654,0.096011835949402,0.9953801923675321,45.362323868507566,11.020203098430157
655,0.096011835949402,0.9953801923675321,45.362325275319336,11.020216139677059
656,0.096011835949402,0.9953801923675321,45.3623285687884,11.020209711876975
657,0.096011835949402,0.9953801923675321,45.36232810418242,11.020219690136534
658,0.096011835949402,0.9953801923675321,45.362333425664076,11.020207262761948
659,0.096011835949402,0.9953801923675321,45.3623323090682,11.020217868286593
660,0.096011835949402,0.9953801923675321,45.362325512852316,11.02022115876318
661,0.096011835949402,0.9953801923675321,45.362327047467055,11.020238791283864
662,0.096011835949402,0.9953801923675321,45.362324438750996,11.020229064542466
663,0.096011835949402,0.9953801923675321,45.36233374401048,11.020242263315897
664,0.096011835949402,0.9953801923675321,45.36232784054867,11.020241500697876
665,0.096011835949402,0.9953801923675321,45.36232756038393,11.020240132554653
666,0.096011835949402,0.9953801923675321,45.36233834982279,11.020249738239215
667,0.096011835949402,0.9953801923675321,45.36233185170066,11.020251545271172
668,0.096011835949402,0.9953801923675321,45.3623285382088,11.020241428375455
669,0.096011835949402,0.9953801923675321,45.36232928,11.02025402
670,-0.9517694449728636,0.30681415159025344,45.362297909483836,11.02026007562257
671,-0.9517694449728636,0.30681415159025344,45.362263023098,11.020284717675036
672,-0.9517694449728636,0.30681415159025344,45.362231651456185,11.020293833940583
673,-0.9517694449728636,0.30681415159025344,45.36219632459046,11.02029283954892
674,-0.9517694449728636,0.30681415159025344,45.362163134218285,11.020320984448631
675,-0.9517694449728636,0.30681415159025344,45.36213369652543,11.020315835703661
676,-0.9517694449728636,0.30681415159025344,45.362097084575666,11.02032841794796
677,-0.9517694449728636,0.30681415159025344,45.362071773123425,11.02032402280449
678,-0.9517694449728636,0.30681415159025344,45.362040348438256,11.020339857075516
679,-0.9517694449728636,0.30681415159025344,45.362006211693085,11.020357780154269
680,-0.9517694449728636,0.30681415159025344,45.36197492690063,11.02036646046701
681,-0.9517694449728636,0.30681415159025344,45.36194368390133,11.02037344818999
682,-0.9517694449728636,0.30681415159025344,45.361903520103205,11.020384489909123
683,-0.9517694449728636,0.30681415159025344,45.36187742240166,11.020399534506373
684,-0.9517694449728636,0.30681415159025344,45.361839802376316,11.020410832918865
685,-0.9517694449728636,0.30681415159025344,45.361822162677825,11.02042859223332
686,-0.9517694449728636,0.30681415159025344,45.36177615112993,11.020438397917838
687,-0.9517694449728636,0.30681415159025344,45.3617532414918,11.020439289342162
688,-0.9517694449728636,0.30681415159025344,45.36171840648362,11.02044706204444
689,-0.9517694449728636,0.30681415159025344,45.36169336814739,11.0204686321142
690,-0.9517694449728636,0.30681415159025344,45.36165521563676,11.020468035052552
691,-0.9517694449728636,0.30681415159025344,45.361618905359954,11.020474029924552
692,-0.9517694449728636,0.30681415159025344,45.361583813726526,11.020494456883746
693,-0.9517694449728636,0.30681415159025344,45.361550964191025,11.020502275738465
694,-0.9517694449728636,0.30681415159025344,45.36152616996929,11.02051494559881
695,-0.9517694449728636,0.30681415159025344,45.36149226208553,11.02052922418659
696,-0.9517694449728636,0.30681415159025344,45.36145431183027,11.020528478809137
697,-0.9517694449728636,0.30681415159025344,45.36143193043274,11.020546333309962
698,-0.9517694449728636,0.30681415159025344,45.361380441591905,11.020552670750067
699,-0.9517694449728636,0.30681415159025344,45.36136063796657,11.020567224263415
700,-0.9517694449728636,0.30681415159025344,45.361326819074456,11.020582531929215
701,-0.9517694449728636,0.30681415159025344,45.36130156246274,11.020592880602821
702,-0.9517694449728636,0.30681415159025344,45.36126711261319,11.020603110434008
703,-0.9517694449728636,0.30681415159025344,45.36123721472565,11.020603201041734
704,-0.9517694449728636,0.30681415159025344,45.36120248982732,11.020616935428063
705,-0.9517694449728636,0.30681415159025344,45.36116710140014,11.020620396280686
706,-0.9517694449728636,0.30681415159025344,45.36114028600494,11.020636532346261
707,-0.9517694449728636,0.30681415159025344,45.361097469869485,11.020645544516224
708,-0.9517694449728636,0.30681415159025344,45.361071689577365,11.020668423784553
709,-0.9517694449728636,0.30681415159025344,45.361045301748895,11.020664164502852
710,-0.9517694449728636,0.30681415159025344,45.361001943468786,11.020686436494497
711,-0.9517694449728636,0.30681415159025344,45.36096999821704,11.020693736088832
712,-0.9517694449728636,0.30681415159025344,45.36094494058867,11.020701070472619
713,-0.9517694449728636,0.30681415159025344,45.360913128280316,11.02070575153764
714,-0.9517694449728636,0.30681415159025344,45.36087429932614,11.0207170474241
715,-0.9517694449728636,0.30681415159025344,45.36084152042968,11.020727900437256
716,-0.9517694449728636,0.30681415159025344,45.36081535937819,11.020740619044771
717,-0.9517694449728636,0.30681415159025344,45.36077921135054,11.020757676075652
718,-0.9517694449728636,0.30681415159025344,45.3607473427738,11.020756152263875
719,-0.9517694449728636,0.30681415159025344,45.36071635105426,11.020773552504801
720,-0.9517694449728636,0.30681415159025344,45.36068597574221,11.020778449788498
721,-0.9517694449728636,0.30681415159025344,45.3606475818614,11.02079548209614
722,-0.9517694449728636,0.30681415159025344,45.36060968547076,11.020810310247393
723,-0.9517694449728636,0.30681415159025344,45.36058932414584,11.020805187064227
724,-0.9517694449728636,0.30681415159025344,45.36055555907171,11.020830877746972
725,-0.9517694449728636,0.30681415159025344,45.36052068393284,11.020845132192543
726,-0.9517694449728636,0.30681415159025344,45.36049365084724,11.020836162383498
727,-0.9517694449728636,0.30681415159025344,45.36046393428196,11.020854486707805
728,-0.9517694449728636,0.30681415159025344,45.360427222879835,11.020862129103454
729,-0.9517694449728636,0.30681415159025344,45.360388692704305,11.020876989910686
730,-0.9517694449728636,0.30681415159025344,45.360354392503496,11.020891599627586
731,-0.9517694449728636,0.30681415159025344,45.360326164123585,11.020890107747281
732,-0.9517694449728636,0.30681415159025344,45.36029631142261,11.020912016594185
733,-0.9517694449728636,0.30681415159025344,45.360264969336605,11.020910869279321
734,-0.9517694449728636,0.30681415159025344,45.36022158639668,11.020927738400928
735,-0.9517694449728636,0.30681415159025344,45.36020227701644,11.020935414046141
736,-0.9517694449728636,0.30681415159025344,45.360165995508474,11.020954114234007
737,-0.9517694449728636,0.30681415159025344,45.36014187772562,11.020952859795818
738,-0.9517694449728636,0.30681415159025344,45.36011088151655,11.020970175984411
739,-0.9517694449728636,0.30681415159025344,45.36006530842529,11.020964137212502
740,-0.9517694449728636,0.30681415159025344,45.36005004990719,11.020992828893245
741,-0.9517694449728636,0.30681415159025344,45.360005300551016,11.020999738920844
742,-0.9517694449728636,0.30681415159025344,45.35997903863994,11.021008921876618
743,-0.9517694449728636,0.30681415159025344,45.35994150316457,11.021028375225313
744,-0.9517694449728636,0.30681415159025344,45.359911624631906,11.021026365122136
745,-0.9517694449728636,0.30681415159025344,45.35987572317469,11.021049308983306
746,-0.9517694449728636,0.30681415159025344,45.35985258124195,11.02105695432238
747,-0.9517694449728636,0.30681415159025344,45.35980940212149,11.021060274799234
748,-0.9517694449728636,0.30681415159025344,45.359784545867925,11.021077953292988
749,-0.9517694449728636,0.30681415159025344,45.35974926,11.02108572
750,0.08350296661483732,0.9965075286050383,45.35974697826961,11.021086526858191
751,0.08350296661483732,0.9965075286050383,45.35974712562075,11.021096265904443
752,0.08350296661483732,0.9965075286050383,45.35975742391282,11.021095413229615
753,0.08350296661483732,0.9965075286050383,45.35975439958013,11.021094939765677
754,0.08350296661483732,0.9965075286050383,45.35974454985053,11.021109568654996
755,0.08350296661483732,0.9965075286050383,45.359745986127315,11.021108241452641
756,0.08350296661483732,0.9965075286050383,45.359747756408495,11.021104676140416
757,0.08350296661483732,0.9965075286050383,45.35975352953147,11.021109284067265
758,0.08350296661483732,0.9965075286050383,45.35975077566128,11.021126926885009
759,0.08350296661483732,0.9965075286050383,45.359754839148856,11.021117053250041
760,0.08350296661483732,0.9965075286050383,45.35975227737462,11.02113534426043
761,0.08350296661483732,0.9965075286050383,45.35975258319757,11.021129375634601
762,0.08350296661483732,0.9965075286050383,45.359758499553344,11.021134252105595
763,0.08350296661483732,0.9965075286050383,45.359751886301886,11.021145452359487
764,0.08350296661483732,0.9965075286050383,45.35975084093611,11.021142531902257
765,0.08350296661483732,0.9965075286050383,45.359752103754865,11.02114827171941
766,0.08350296661483732,0.9965075286050383,45.35975119393006,11.021143256604342
