,Sin,Cosin,Lat,Lon
0,0.9561886125656095,-0.292751323139375,45.359662582868644,11.020598450973052
1,0.9597832959595342,-0.2807419184893011,45.35968956087424,11.020586216211262
2,0.9471381981494038,-0.3208258618102673,45.35973278430191,11.020590532344585
3,0.944423671152745,-0.32873078554703683,45.35975372595929,11.02056891529361
4,0.9574705656393759,-0.28853096182942556,45.359784705650284,11.020559564416583
5,0.9521018914684369,-0.3057809481675153,45.35982016542294,11.020554895090163
6,0.9609019075326682,-0.27688901043573294,45.359851931140234,11.020538008924296
7,0.9567724366003625,-0.2908375913835854,45.35989721094149,11.020528358787576
8,0.947549277842557,-0.319609708957736,45.35991705014778,11.020513483812143
9,0.9586583851956108,-0.28455948498362166,45.35995115786648,11.020515435257098
10,0.9543772890290108,-0.2986033994877421,45.35998694884558,11.020505289585971
11,0.9431641098882538,-0.3323273413649529,45.36002476127184,11.02048406048357
12,0.9541615283999858,-0.29929212773042174,45.36006472862515,11.02047514615344
13,0.9418432760997923,-0.3360524412433428,45.3600828752525,11.020482805135096
14,0.9482690274418341,-0.3174678749015688,45.36012674784451,11.020463181321096
15,0.9395936516439636,-0.3422919364962634,45.360150666710986,11.02045844439072
16,0.9484576335348884,-0.31690395609616356,45.360186995214946,11.020443488412655
17,0.942470108511953,-0.3342904344450609,45.36021540692946,11.020447852823274
18,0.944605551131951,-0.3282077890158964,45.36025545067465,11.020433627124335
19,0.9491418632786753,-0.3148487309358009,45.360282774939485,11.02042811707339
20,0.9389169179139839,-0.34414389614651764,45.36031935884737,11.020420686316662
21,0.9414176581541948,-0.33724292863671995,45.36034519950669,11.020408478771513
22,0.9387626262836829,-0.3445645534482071,45.360378414427096,11.020402777048517
23,0.9370262113672458,-0.3492590431338113,45.360414881715776,11.020393280575785
24,0.9430662842082689,-0.33260484601041,45.360449820669956,11.020392307504716
25,0.9498602790173313,-0.31267467173584373,45.36047937342376,11.020390035482498
26,0.9353704925935116,-0.35366939588459095,45.36051947530061,11.02037622540632
27,0.9320938309165403,-0.36221691065896955,45.36054008113155,11.020386794462251
28,0.9376948024556793,-0.34746000841478814,45.36058354419447,11.020374087860741
29,0.9369164340718188,-0.34955342305025033,45.36061913224672,11.020368209936946
30,0.9300346883613816,-0.3674717382936379,45.360651566606876,11.020373108203295
31,0.908846215805592,-0.41713134144517994,45.36068540285897,11.020361621716388
32,0.9183485950495113,-0.3957724825838561,45.360721213049054,11.020360878293967
33,0.9117576132819457,-0.41072868736236334,45.36076692770524,11.020361741966004
34,0.9222622251393411,-0.38656485624152565,45.36079021595351,11.020349558287762
35,0.9188251454741865,-0.3946648604124011,45.36082072050404,11.020349441282383
36,0.9213763265743946,-0.38867166712827755,45.36085413787837,11.020340649343717
37,0.9248227368831277,-0.3803983508691925,45.360894632011195,11.020334594743005
38,0.9200979641206969,-0.3916883154000752,45.360925775979084,11.020331174614132
39,0.9199982197796026,-0.39192253775760594,45.36096372292478,11.020320914721562
40,0.9112008604155453,-0.4119623671865793,45.360987115333664,11.020317621635568
41,0.9125570332142668,-0.4089494603629837,45.36102211785602,11.020311702552926
42,0.9306869946892615,-0.36581650853436143,45.36105140436572,11.020300619961901
43,0.9218777002984031,-0.38748097462008063,45.3610885653097,11.020286606824222
44,0.9273913314158411,-0.3740926601989854,45.36111872710194,11.020287552886055
45,0.9307210839597492,-0.3657297689179668,45.3611519345285,11.020271854788119
46,0.909712590312199,-0.41523848933771695,45.36119283585904,11.020260204431262
47,0.9287252054398698,-0.3707687861466652,45.361211229662146,11.020254562807773
48,0.9338670125244921,-0.3576204732933786,45.36125024764858,11.020236599479137
49,0.9408245097300924,-0.33889414555452463,45.36127519586839,11.02022632882241
50,0.9484737807341111,-0.3168556252616343,45.36131126802197,11.020210721624412
51,0.9369712376192777,-0.3494064966113237,45.36134030095155,11.020187619961755
52,0.9403195367217861,-0.3402927693315353,45.36137830653455,11.020185961150636
53,0.9475657866727356,-0.3195607609317511,45.36140898986057,11.020166405465583
54,0.9435423723142329,-0.33125185531198076,45.361430664017995,11.020160110695281
55,0.9472993128109112,-0.3203498274511403,45.361472146855554,11.020131141587486
56,0.9344791135882142,-0.3560179577877856,45.3615039498344,11.020125001246617
57,0.9379117956574827,-0.34687384387779424,45.36153372763533,11.02010626729832
58,0.947686179463007,-0.3192035483117461,45.361553565444055,11.020089176022296
59,0.9500329261354036,-0.31214970648488966,45.361595119108856,11.020073530645863
60,0.9433343921227526,-0.33184367500134293,45.36162214859841,11.020052181159757
61,0.9495116641250666,-0.31373173204259514,45.361656001527294,11.020026956751568
62,0.9346669075231747,-0.35552464328238226,45.36168336346827,11.020019537586927
63,0.9484987641159309,-0.31678083033945026,45.361713822565235,11.020008272806585
64,0.9473626756899814,-0.32016239740094254,45.3617472241902,11.019978370280057
65,0.9516471181282724,-0.3071933634669764,45.361778766679606,11.019987807945473
66,0.9479242867197475,-0.3184957560892422,45.36181433606819,11.01996763419766
67,0.946493014588572,-0.32272429926337604,45.361831933227755,11.019946018502985
68,0.9489744250007951,-0.31535304135906195,45.36187193325325,11.019938981720593
69,0.9548779025763241,-0.29699863833263646,45.36189040015123,11.019921706969395
70,0.940703552932818,-0.3392297532640272,45.3619369589002,11.019921242633313
71,0.9579818147207009,-0.2868289432125578,45.361966005848245,11.019892768408107
72,0.9418241736781957,-0.3361059741738963,45.36198395142158,11.019874803090767
73,0.9397484548540279,-0.34186670150727905,45.36202436742442,11.019882645517352
74,0.9480074948363387,-0.31824800036155637,45.362054552957375,11.01986016926916
75,0.9509927414304257,-0.3092132043536363,45.36207854227532,11.019844887362202
76,0.9577920323749798,-0.28746203700489853,45.362125246769104,11.01984808327001
77,0.9559793563157839,-0.29343392833491405,45.362149980288514,11.019829896394198
78,0.9468172105784559,-0.3217719219453927,45.36218322226271,11.019814510690168
79,0.9565178114557685,-0.2916739213023113,45.362216093661665,11.019803346613198
80,0.14663869291253787,0.9891901201189296,45.362249707492715,11.019793159604278
81,0.1541980474458015,0.9880399598011724,45.36225029959926,11.019800063076538
82,0.15953476734615546,0.9871923105493722,45.36225864199088,11.01981082044351
83,0.1548102236540923,0.9879442264886059,45.36225660321823,11.019817714454023
84,0.10688131005036224,0.9942717865663887,45.3622591889113,11.019820045259987
85,0.14654410469424953,0.9892041373646598,45.36226532557443,11.019828275580709
86,0.14445805478163515,0.9895109248556613,45.362265596946415,11.019840037448107
87,0.1280402904650644,0.9917689670571579,45.362263551322975,11.019841921615456
88,0.12127170517775218,0.9926193497626773,45.36226700560097,11.01984495176661
89,0.13045406854056582,0.9914543539675508,45.36227873096945,11.019849917176897
90,-0.9627195185796706,0.2705016239243808,45.36227432025299,11.019861544125872
91,-0.9549326510229035,0.29682255980698247,45.36223683507442,11.01986612436381
92,-0.9591518905566989,0.2828915884955054,45.36220828056201,11.019879258277054
93,-0.9477634585544863,0.3189740218714347,45.362177096284455,11.019895780097373
94,-0.9556682622923123,0.2944455339229859,45.36213660795507,11.019890777068122
95,-0.9616946292650242,0.27412303814675537,45.36211736373172,11.019913145285198
96,-0.9498170670747738,0.3128059128173168,45.36208207712483,11.019921128591207
97,-0.9597537697943672,0.2808428410437069,45.362048596100394,11.019931714583949
98,-0.9565854997529872,0.29145185136198326,45.36201926039689,11.019931066829901
99,-0.9520140851854796,0.306054213512009,45.361978421877936,11.01994822979041
100,-0.9572823472213231,0.2891548161425539,45.36195073578826,11.019963115444634
101,-0.9621323863033135,0.27258259523728096,45.361917214564016,11.0199638458542
102,-0.9629627321528521,0.26963452391100506,45.36188189283124,11.019976171477271
103,-0.9559402463879867,0.29356131443988903,45.36184959997229,11.019989828086088
104,-0.9623166098863704,0.27193150302383723,45.36181009049344,11.019994234064658
105,-0.9682283530059345,0.25006770370324843,45.36178507606189,11.02000402932996
106,-0.9689628815091892,0.2472062585320382,45.361746995961,11.020000123826941
107,-0.9730290820780965,0.23068247751022855,45.361725329603416,11.020018920666674
108,-0.9707399948121133,0.2401330099594356,45.36169094271543,11.02001431233385
109,-0.9653685809500632,0.2608898290743841,45.36165515817063,11.020015585607979
110,-0.97522010809801,0.22123684313718123,45.361623078822454,11.020033588808827
111,-0.9723910734218384,0.23335723757690696,45.361579550100345,11.020018352081909
112,-0.9788822754649031,0.2044247802509605,45.36154673724442,11.020030497550643
113,-0.9730043347662933,0.2307868378526013,45.36151803169729,11.020033674362365
114,-0.9786814530542172,0.20538406327582015,45.36148100871815,11.02003624036408
115,-0.977114471477728,0.21271415004366856,45.361437063631136,11.020032269727446
116,-0.9824717936425658,0.18641130517422957,45.3614162092556,11.020038253992203
117,-0.9833033378346139,0.1819740250786009,45.36137512725887,11.020035711915904
118,-0.9882996952565996,0.15252446477766235,45.36134484888688,11.02002976026131
119,-0.985172398897524,0.17156731754765528,45.361311957111425,11.020037591813967
120,-0.989276593979088,0.14605417010525484,45.36127129946864,11.020031996999396
121,-0.9911995031791967,0.1323765269876563,45.36123247469123,11.02003158088263
122,-0.988414326673654,0.15177983669205597,45.36119681458178,11.020027078147164
123,-0.9886632510863099,0.15014984499308698,45.361171241059616,11.020037651079543
124,-0.989679908889667,0.14329577083829248,45.361128315911586,11.020032675620858
125,-0.9890761558265442,0.14740542044099197,45.36110180412279,11.0200290474741
126,-0.9884677326329123,0.15143163983642674,45.361069586161435,11.020025950563465
127,-0.9878777974078217,0.1552335575469132,45.361032425156296,11.020027848902535
128,-0.9937455353787865,0.11166830756633239,45.36098966293043,11.020029982964418
129,-0.9892226059553468,0.14641938350817038,45.36096580058718,11.02003317004031
130,-0.9919458787485032,0.1266624397122524,45.36093262727832,11.020036844946972
131,-0.987205534692739,0.15945291553315488,45.360891707831804,11.020036234636583
132,-0.9888572192310633,0.14886705469850897,45.36086216851347,11.020056431012549
133,-0.9896637662465171,0.1434072166202214,45.36082685478493,11.020057270509394
134,-0.9882385774879913,0.15291995933988303,45.36079178894863,11.020062230217015
135,-0.9895594039804353,0.14412559104435824,45.36075813509844,11.02008779954613
136,-0.9827123815828686,0.1851387995092508,45.3607369504009,11.020087093457043
137,-0.9845804595611582,0.1749323259158762,45.36069621824344,11.020097983431642
138,-0.9815358442157894,0.19127829599721302,45.3606629889033,11.02011536063138
139,-0.9843489363718,0.17623044987659198,45.360628896527686,11.02012884079316
140,-0.9816023374854977,0.19093677236982676,45.360602057251825,11.020151356423185
141,-0.983916361054442,0.1786297692138267,45.36057240674703,11.020169121954181
142,-0.9840190054298826,0.17806346327302722,45.360546584133075,11.020188237863332
143,-0.9792588534935625,0.2026131729539654,45.36051035452157,11.020210975111665
144,-0.9776935895534997,0.21003629435407759,45.3604750793092,11.020225594350952
145,-0.972000529744351,0.2349786589814081,45.360443428375774,11.02024031284932
146,-0.9752937006644877,0.22091219396893538,45.36041995310471,11.020271629630942
147,-0.9652397596682563,0.2613660390249025,45.36038917718048,11.020296326044226
148,-0.9699518703043175,0.24329687481173357,45.36035572412831,11.02031536557847
149,-0.9691261885983178,0.24656526635537668,45.36032517307149,11.020336468120963
150,-0.9714268757133118,0.23733905102589836,45.36029886701187,11.020360545049506
151,-0.96689789974078,0.2551635778806773,45.360273873585136,11.020382000404242
152,-0.9634662593431254,0.26782973529346105,45.36023409244821,11.020394200150296
153,-0.95671504187878,0.2910263366825831,45.36020307757396,11.020408680317795
154,-0.9640939670002429,0.26556133527630604,45.36017733449727,11.02042845068147
155,-0.9653654860653448,0.26090128078225405,45.360142642026894,11.020445049782428
156,-0.955196567496246,0.2959721565340048,45.360119588627725,11.020464340874273
157,-0.9520392690887779,0.30597586524578296,45.36008727158863,11.020471005172205
158,-0.9569684965467826,0.2901918272746332,45.36005582941832,11.020499731167407
159,-0.9610671779537697,0.276314819472241,45.36001938077065,11.020517222195453
160,-0.9547749796024466,0.29732934319563475,45.35999572960231,11.020532077305916
161,-0.9543696230158476,0.2986279000103456,45.359962561902776,11.02054331965561
162,-0.954522385018484,0.29813925688950293,45.35992598482182,11.020548620953615
163,-0.9511077495749527,0.30885927005429037,45.35989234504406,11.02057852496367
164,-0.9463742584449498,0.32307238036200386,45.35986480160949,11.020590285744664
165,-0.951082761854316,0.3089362071748253,45.35983069030613,11.020589380392225
166,-0.945206734829907,0.326472400720468,45.35980706415224,11.020610438918823
167,-0.959133578243198,0.28295366950509604,45.359772654414805,11.02061301940591
168,-0.9663770385403969,0.25712918811735924,45.35974492013149,11.020631534799731
169,-0.9451941915774023,0.3265087138321748,45.359706624416845,11.020637878663852
170,0.11679250833101192,0.9931563371381922,45.35967833987525,11.020659984401016
171,0.13865278886453256,0.9903410544555281,45.35967664257876,11.020671367410316
172,0.16013534222244233,0.9870950674435068,45.3596801213503,11.020670672964709
173,0.11624415309693095,0.9932206687694217,45.359681953809975,11.02068961671823
174,0.12408855737813522,0.9922711473825152,45.359672642184734,11.020688994843258
175,0.12512788364007343,0.9921406214523001,45.359682927816394,11.020696574257846
176,0.13816190545482532,0.9904096565972547,45.359684170554175,11.020702732833039
177,0.16267533380101926,0.9866796520516307,45.35968503902694,11.020720459844227
178,0.1311661622578002,0.9913603975742427,45.35968576362005,11.020728322595266
179,0.1214005009176745,0.9926036058653714,45.359699437221266,11.02073320236015
180,0.9589699925894752,-0.2835075895155927,45.35969206557704,11.020740621038753
181,0.945982654238239,-0.3242172387156123,45.35972778793704,11.020731985588899
182,0.9520664390571046,-0.30589131341233694,45.359754590292425,11.020720403008866
183,0.9567305226596711,-0.29097544056389474,45.35979227568033,11.020703200648844
184,0.9529090413321415,-0.30325625953549423,45.35982358621826,11.02069570718449
185,0.9542062815487196,-0.2991494145957263,45.3598454113513,11.020691391370063
186,0.950271280903361,-0.3114233335674859,45.35988527800643,11.020670913450589
187,0.9538938091144262,-0.30014430018437893,45.35990913100375,11.020669026657798
188,0.9522981610466857,-0.3051691538591352,45.35994322940511,11.0206528151972
189,0.9412854077192211,-0.337611879552334,45.359984661277444,11.020650956725433
190,0.9447554069202968,-0.32777617530086667,45.36001016529183,11.020638620080229
191,0.9481112137952528,-0.3179388719167453,45.360052713012344,11.020629789798017
192,0.9503552914566836,-0.31116686841674196,45.36008162200419,11.020609682969571
193,0.9637213522239636,-0.2669103880848683,45.360120293029894,11.020597649513709
194,0.9607644783242067,-0.27736549387120024,45.3601420222179,11.020602064647978
195,0.9597373544114481,-0.2808989329764611,45.36017994362774,11.020588224953306
196,0.9624793525638276,-0.27135492604394584,45.36020803909511,11.02057602362945
197,0.957653164026003,-0.28792432587571604,45.3602510405753,11.020561816123287
198,0.942740378935526,-0.33352747701576374,45.36027593107918,11.020565540142835
199,0.9484851727608609,-0.31682152239518074,45.360314031279586,11.020551676091815
200,0.956163498182899,-0.2928333395340109,45.36034330721275,11.020535857547499
201,0.9440347586313629,-0.3298459860235143,45.36036820066834,11.020527893708888
202,0.945330853570266,-0.32611282907624506,45.36040086001987,11.020530400611872
203,0.9565311758177937,-0.29163009050615674,45.360433895057305,11.020506120274673
204,0.9461334582171385,-0.323776897326042,45.3604655374747,11.020499321651435
205,0.9502739927899989,-0.3114150584460443,45.36049793130729,11.020488290305225
206,0.9418377445095236,-0.33606794404883866,45.360523007419665,11.020478211049728
207,0.94450485963096,-0.328497443115621,45.36055763925989,11.020471738617223
208,0.946462285961363,-0.32281440682347373,45.36059095756516,11.02045690786857
209,0.9436177183087676,-0.33103716059342225,45.36062754256664,11.020457132680578
210,0.9426130212195658,-0.3338872447808126,45.36066544782805,11.020437925967032
211,0.9444522467134939,-0.32864867819273763,45.36069700256675,11.02043331250189
212,0.9451370540431898,-0.32667407162883394,45.360729838126545,11.02042597178511
213,0.9489931837890258,-0.3152965859662429,45.360754690483205,11.020414813523674
214,0.9558820738959138,-0.29375067796423315,45.36078668286884,11.020413588668399
215,0.942801567716359,-0.33335447186377404,45.360824861633816,11.020402471925523
216,0.9587612511016359,-0.28421270799530735,45.360858447544565,11.02039166016943
217,0.9383471991656217,-0.34569427796542007,45.3608923753882,11.020386875397186
218,0.9389704182774824,-0.34399789766771804,45.360926991398735,11.02037545802163
219,0.9518149131092412,-0.3066730688907125,45.36095615665629,11.02035980389027
220,0.9508239477136107,-0.30973185250197466,45.36098458582544,11.020357766239412
221,0.9499770890815176,-0.3123195962795264,45.36101943700842,11.020350612702186
222,0.9562273768667695,-0.2926246806585136,45.36105069575237,11.020343504356697
223,0.9452290968342252,-0.32640765079568046,45.361082412466075,11.020330769025312
224,0.9372869398779817,-0.34855873584543645,45.36111766902822,11.020315193673289
225,0.94360325686038,-0.3310783799079664,45.36114377827102,11.020307832099755
226,0.9460803131488864,-0.32393215504501105,45.36118968064571,11.020296511549162
227,0.9440287692261989,-0.3298631274836095,45.36121802831806,11.02028065432509
228,0.9385810105657001,-0.34505896105661293,45.36124744401436,11.020275838020547
229,0.946389951444105,-0.32302640728835863,45.361275703145076,11.020263517259878
230,0.9418084771691332,-0.33614995512770546,45.361306337512765,11.020257472808428
231,0.954738268943605,-0.2974472017259003,45.36134442397465,11.020247223691209
232,0.9545633358767698,-0.29800811700323393,45.36136567734251,11.020229926143253
233,0.9416568721962534,-0.3365744123452775,45.36140742228067,11.020215594365384
234,0.957785979167013,-0.2874822048598591,45.361431594611155,11.020203643608934
235,0.9408181371847009,-0.33891183624109283,45.36146907753569,11.020190377119134
236,0.9547924998651077,-0.2972730768188371,45.3615070192039,11.020178252629492
237,0.9502747963592109,-0.3114126063672766,45.36154072724418,11.020166294727973
238,0.9598595457831969,-0.28048110875578597,45.36155279056774,11.020153391386529
239,0.9564877820127137,-0.2917723819356445,45.361595486226356,11.02014982016893
240,0.9608080821932546,-0.277214410145144,45.36162970781112,11.020133504295577
241,0.9421390274532407,-0.33522239326969444,45.361654755728594,11.020125224828693
242,0.9528205953307821,-0.303534039464265,45.36169038027431,11.020105170687815
243,0.9517922674084527,-0.3067433449994906,45.36172087356813,11.020087981637873
244,0.9500152891755225,-0.3122033797586895,45.36175147362777,11.020082776536372
245,0.9546667419739664,-0.2976766899990865,45.361785094070285,11.020076370386574
246,0.9543649710010936,-0.2986427667399324,45.36181595765878,11.020071798010733
247,0.9636319914901058,-0.26723282915243135,45.36185423884454,11.020047338675205
248,0.9457116454353585,-0.3250068979082548,45.36188292798951,11.020037740441744
249,0.9566702787470103,-0.29117344961743613,45.36192111949106,11.020037494892776
250,0.9568650541157742,-0.2905327317395004,45.36195043448677,11.020028799058903
251,0.9550903339155733,-0.29631478879907214,45.36197536544026,11.020005518617367
252,0.9566295817114193,-0.29130712898011063,45.36200808510127,11.020002104201644
253,0.9538979736382981,-0.30013106451806826,45.36204019081594,11.019980889464318
254,0.9523042226033834,-0.30515023777111083,45.3620723773998,11.019979162388092
255,0.9444496647214718,-0.32865609808354285,45.362109817436576,11.019954339464721
256,0.9558941212844653,-0.2937114721862256,45.362135525222065,11.019964112981517
257,0.9505445131080389,-0.31058835876478263,45.36217410647005,11.019948979043672
258,0.9533969130511372,-0.30171895231251616,45.3622016178606,11.0199415721363
259,0.9511595886623849,-0.30869959004767517,45.36222495853807,11.019930279062654
260,0.09687620473172602,0.9952964387340973,45.36226484879473,11.019912237988516
261,0.15097971021612439,0.9885368617826323,45.36226881919292,11.019915909473568
262,0.13249430209331886,0.991183766974018,45.36226376398289,11.01991707822525
263,0.1104682526287398,0.9938796532584581,45.36227195874653,11.01993320881476
264,0.12035462168675366,0.9927309630703771,45.362270616185576,11.01993652395958
265,0.10567818979962212,0.9944003822408131,45.36228102507022,11.019955057379027
266,0.11984693048622429,0.9927923817460679,45.36226818762111,11.01995528238389
267,0.10977070634430006,0.9939569367073573,45.362271786541555,11.01996965248149
268,0.1456025522989171,0.9893431643085432,45.36227000605456,11.019975956682526
269,0.12149338505468056,0.9925922412491219,45.36227721451487,11.019982825940335
270,-0.9599453912149982,0.2801871622417487,45.362280619638724,11.019992069984587
271,-0.9509840157328111,0.30924003916164605,45.362250074054266,11.020012317511238
272,-0.9484936879238481,0.31679602896598597,45.36221348922918,11.020009119181516
273,-0.9601690477643268,0.2794197554135103,45.36217853215855,11.020026939974697
274,-0.9563723030359211,0.29215067685317503,45.36215819265545,11.020034220461467
275,-0.9545326374454273,0.2981064307449211,45.36211178941857,11.02003890299444
276,-0.9503152742121703,0.3112890611618846,45.36208397893658,11.020055786339668
277,-0.9495234079291065,0.31369618708982683,45.36205771736172,11.020058629666469
278,-0.958588210345541,0.28479579172897374,45.362024713803734,11.020067692091079
279,-0.9677227712970455,0.25201713813383037,45.361998415140704,11.020078755947772
280,-0.9494896554779756,0.3137983335524827,45.36196252853085,11.020091582893365
281,-0.9569409685348809,0.2902825911754339,45.36192755831958,11.020101729862771
282,-0.9597974702854845,0.2806934556301316,45.36189228667287,11.020104011997374
283,-0.9578474491731287,0.28727732961814223,45.36186498414067,11.020118473507534
284,-0.9584199653078457,0.2853614726961365,45.36183272720087,11.020124016413735
285,-0.9670478251518043,0.2545947836644838,45.36178811979388,11.020126906238053
286,-0.9649405861054654,0.2624684081683753,45.36174974133584,11.020139632162106
287,-0.9686659583474098,0.24836719014172168,45.361728981118596,11.020140757536803
288,-0.9639334294715581,0.26614346422033497,45.36169463306474,11.020157199824014
289,-0.9629397855886548,0.2697164609927906,45.361669057155794,11.020154763044077
290,-0.96039133214924,0.27865478487298234,45.36163243042409,11.020167469866637
291,-0.9708929864324651,0.23951369250263987,45.361596758560154,11.020165781442358
292,-0.9673784795570116,0.2533355034138807,45.36155852950544,11.020172566147936
293,-0.9759748024951709,0.2178834204213624,45.361524691791,11.020170438806607
294,-0.9768531700914737,0.2139109255794064,45.361482934891384,11.020169444444315
295,-0.9734765161613778,0.22878695872428298,45.36145780478655,11.020175590945087
296,-0.9742158017065842,0.22561819896718782,45.361419821885924,11.020184608936274
297,-0.9843481179927002,0.17623502093576418,45.36138351724672,11.020180579345226
298,-0.9832709600199108,0.18214889289129088,45.36134841369432,11.020176069732386
299,-0.9845325850081724,0.17520156693684494,45.36131852778535,11.020180683254605
300,-0.9842159033347934,0.17697190630966467,45.36128049147025,11.020178444808858
301,-0.9863361689662044,0.16474514192858986,45.36125449018154,11.02017529946633
302,-0.9850279972870835,0.1723944446918096,45.36122020621907,11.02018626758741
303,-0.9888828982325513,0.14869638053157075,45.36117807051294,11.020173226188739
304,-0.9865105475129248,0.1636977081261356,45.36114265679881,11.02016995858763
305,-0.9889857638222248,0.14801067176717575,45.361105069398484,11.020176978091122
306,-0.9870488382601648,0.16042004516038227,45.36107939374193,11.02018346086444
307,-0.9914290531385376,0.13064621155174316,45.36104025690571,11.020183986698711
308,-0.9872402986517947,0.1592375355182158,45.36100593504543,11.020182423842678
309,-0.9893679054361078,0.1454343415186694,45.36098096425669,11.02018808420757
310,-0.9909936770008289,0.13390867090811112,45.36094512388152,11.020197265739167
311,-0.98922166267361,0.14642575626322912,45.36090930407196,11.020192491932159
312,-0.991543104569965,0.1297777784513027,45.360893519058344,11.020196651099154
313,-0.9877017402503364,0.15634983948331074,45.36084052226546,11.020214684063951
314,-0.9871398122637663,0.15985928513494627,45.36080703663922,11.020212140542746
315,-0.9861229412377661,0.1660167002580685,45.36077931429686,11.020222685401857
316,-0.985114396580185,0.1719000455219777,45.36073987947805,11.020244335514853
317,-0.988956589998247,0.1482054759414754,45.360709886046855,11.02025693181077
318,-0.9842111469416764,0.1769983565905336,45.36067315934834,11.02027010893998
319,-0.9804921926777757,0.1965580323922877,45.360654975303405,11.02028904447648
320,-0.9845441695269539,0.1751364560863346,45.36061357396128,11.020307493436686
321,-0.9738552133717004,0.22716959169034884,45.36058303711113,11.020322730375561
322,-0.9831659194778187,0.1827150097209728,45.36055496259488,11.020331544093109
323,-0.9702675331801074,0.2420349438750305,45.36052940539742,11.020363229595564
324,-0.973017826156383,0.2307299503356834,45.36049175954866,11.020385517770444
325,-0.9673314984790665,0.25351483595687974,45.36046259884455,11.02039431507843
326,-0.9727133220968698,0.23201032954433554,45.360437101906896,11.02042012791516
327,-0.9699513074961441,0.24329911854858913,45.36040597526044,11.020432809113922
328,-0.9622877993960967,0.27203343752821585,45.36038422764255,11.02045312076809
329,-0.9655540199376693,0.260202679813654,45.360351128834516,11.020476852655412
330,-0.9717417178213199,0.23604667726038922,45.360319782771526,11.020499112482176
331,-0.9665114546936913,0.25662347504833777,45.360284061763494,11.020529231369634
332,-0.9609009424264324,0.2768923596706743,45.36025247106474,11.02053773995479
333,-0.9545274495424483,0.29812304183002825,45.36021476949543,11.020565387630006
334,-0.9624289594279106,0.27153360391397097,45.36018129307212,11.020574186038152
335,-0.9626624905703138,0.27070450540942337,45.360160685618915,11.02059467239297
336,-0.957037393452189,0.28996452806203754,45.360138443660844,11.020605814318062
337,-0.9615207271546039,0.27473239934904253,45.36010010003161,11.020631568832929
338,-0.9597151938667863,0.2809746370426286,45.36007217966697,11.020641007043139
339,-0.9485881100083547,0.31651318700928943,45.36004924961233,11.020663269390422
340,-0.9539957984608854,0.2998199735157377,45.360018695451544,11.020670472816152
341,-0.9626629778190181,0.2707027726799648,45.3599736200598,11.02068640312348
342,-0.9543815715553886,0.2985897116035089,45.359952354363486,11.020696583775422
343,-0.9594340735805054,0.2819330744214263,45.359918081248175,11.020714045499748
344,-0.9550460119741117,0.2964576108187221,45.3598929454819,11.020730224810693
345,-0.9620538477205366,0.27285966005643,45.35985824581083,11.020735169176714
346,-0.9593207688740822,0.28231837065065346,45.35982266254047,11.020757801119974
347,-0.9530713675508796,0.3027457156669539,45.35979645369448,11.020765661915352
348,-0.9567198429584042,0.2910105532272779,45.35975930950204,11.020776009094698
349,-0.9458822296754691,0.32451010397854035,45.359733933276885,11.020792584059302
350,0.13828537000710897,0.9903924254768899,45.35969780399099,11.020803150278553
351,0.09913725831826764,0.995073768126332,45.35969810109654,11.020810016751808
352,0.12202700113880391,0.9925267809953897,45.35969695788857,11.02081678753518
353,0.1283606410469285,0.9917275562522307,45.35969980934943,11.020832151449428
354,0.13272919590104243,0.991152339731619,45.3597109944529,11.02083545741095
355,0.11791323655342124,0.9930239013465371,45.359710795868175,11.020835538353555
356,0.11622985957781147,0.9932223415441893,45.359712454344276,11.02084660992994
357,0.18469761312439031,0.9827953966651213,45.35970831433254,11.020862563853061
358,0.12854361142968296,0.9917038569858517,45.35971683362266,11.020860545463705
359,0.12140678939481368,0.9926028367322166,45.359722705831246,11.020868342752198
360,0.9496817585313801,-0.3132164706919887,45.35971570833687,11.020881623847272
361,0.9524506578580044,-0.3046928688792281,45.359750917415674,11.020872086428735
362,0.9488148536397601,-0.3158328252613407,45.359776470706976,11.020860707175498
363,0.9480117129994906,-0.3182354348839415,45.359811939236806,11.020849484565263
364,0.9558964117735143,-0.293704017607046,45.359847515342054,11.0208390668844
365,0.9612961671728807,-0.2755171119526499,45.35987354490908,11.020821531467039
366,0.9422497617014365,-0.33491101291773945,45.35991393798924,11.020826876543781
367,0.9525549588487717,-0.30436663807423897,45.35993979812904,11.020809288743855
368,0.9500358841832568,-0.312140703472228,45.35997558948145,11.020791918241697
369,0.9472628259071444,-0.3204577018179015,45.360009431483675,11.020787270169627
370,0.9472596276843557,-0.3204671555078552,45.36003853874181,11.020774304893195
371,0.9508633540997318,-0.30961085547862827,45.36007631094551,11.020771759931117
372,0.9408270661464829,-0.33888704844859646,45.36010198569871,11.020763862193228
373,0.9590373170047363,-0.2832797638243103,45.3601388104852,11.020753851042974
374,0.9477937929580985,-0.31888387546268493,45.36017191256563,11.020738363323265
375,0.9535608952546877,-0.3012002972127993,45.36020188672914,11.020736166620699
376,0.9483159059151501,-0.3173278156549281,45.36024017613716,11.020725931031803
377,0.9433014376907494,-0.3319373399462092,45.36026773433755,11.020708714057127
378,0.9473572146348597,-0.3201785562452309,45.360303131308335,11.020710615358869
379,0.9454437714417855,-0.32578532048257314,45.3603317908369,11.020702547254352
380,0.9403378789540848,-0.34024208058988364,45.360357712357796,11.020691368514449
381,0.9482209802128813,-0.31761135477832425,45.36039376527913,11.020694981749115
382,0.9402950067134219,-0.3403605446431853,45.360431966431925,11.02067753506888
383,0.9431967753507905,-0.33223462036318624,45.360461417775845,11.02067566237954
384,0.9391994072151761,-0.34337220837840354,45.36049662695133,11.020660756760437
385,0.9416994896869697,-0.33645515469866233,45.360548924460815,11.020668179594537
386,0.9389264763068449,-0.3441178171644295,45.36057209321663,11.02065095705573
387,0.9355443519051275,-0.35320923773085955,45.36060280304924,11.020646741342254
388,0.9388699720110515,-0.34427195014402123,45.36064461555434,11.020638710513925
389,0.9323540771291454,-0.36154650442323394,45.36066838365103,11.020637079509253
390,0.9225547218959391,-0.38586627879034263,45.36071123626685,11.02063163609992
391,0.9239276294339702,-0.3825672954769189,45.36073571020939,11.020632379433852
392,0.927471076113319,-0.3738949089961,45.36078274928773,11.020626372731057
393,0.9154389599076005,-0.40245684325563497,45.36080730764771,11.020619544980097
394,0.9248867910603323,-0.38024258536113636,45.360839386727115,11.020624469810938
395,0.9325047816977313,-0.3611576277899534,45.360873288663136,11.020605071225699
396,0.9173725708777359,-0.398029604679317,45.36091609035658,11.020605066148471
397,0.9175017835012139,-0.3977316649100139,45.36095193151653,11.020606318564646
398,0.9282860531127028,-0.3718669165124,45.360977678022536,11.020603265773019
399,0.9335698572169325,-0.3583954822482508,45.36100568470884,11.020588052454572
400,0.9242293754859752,-0.38183774235767265,45.361044998698716,11.0205762306988
401,0.9255062581403612,-0.37873231462739876,45.36107458642116,11.020579249137466
402,0.9327267619768056,-0.36058395345919564,45.36110729061893,11.020563582694404
403,0.9310785686409454,-0.36481872076077504,45.36114096872837,11.020557617257559
404,0.9264610000430613,-0.3763907748593353,45.36117464001558,11.020551351351957
405,0.934396476910979,-0.35623478765604893,45.36120657887953,11.020536707709416
406,0.9296221387242691,-0.3685141506017316,45.36123969662217,11.020528023786866
407,0.9175140009761112,-0.3977034800109355,45.36127487757215,11.020522881718497
408,0.9252368963144206,-0.37938988613095376,45.361307480138045,11.020507894985645
409,0.9239575956441441,-0.38249491689628007,45.36134041228062,11.020489364710246
410,0.9297237149400068,-0.36825780898462007,45.36135978491711,11.0204681579251
411,0.9380865893320095,-0.3464008529369374,45.361395539087965,11.02045945752883
412,0.9386254667322583,-0.3449380135642494,45.361425941581665,11.020446073616458
413,0.9418935924169874,-0.3359113879638823,45.36146090689235,11.020431741305622
414,0.9291289093297292,-0.3697559598542636,45.36147703774043,11.020418320014853
415,0.9441095803306215,-0.32963176474353567,45.36152361906551,11.020398288661855
416,0.9373114183691225,-0.3484929052288783,45.36154908249832,11.020384311336922
417,0.9473242307801314,-0.32027613363601154,45.36158699503635,11.020362508582888
418,0.9480734953805575,-0.3180513281797326,45.36160625502033,11.020348285843008
419,0.9403135696488525,-0.34030925749123053,45.361648414361795,11.020342482088125
420,0.944419749163678,-0.32874205296800024,45.36167464108163,11.02031880494768
421,0.9491302696122093,-0.31488367900838393,45.36170473059128,11.020308739666755
422,0.9454141379335171,-0.32587130557234506,45.36173917344424,11.020293693140916
423,0.9529698808619982,-0.30306501970677674,45.36176231089355,11.020277076140625
424,0.9521093958004896,-0.30575758114628443,45.36180017469125,11.02026155010477
425,0.9511250014078729,-0.3088061393445308,45.3618241837876,11.020244004497714
426,0.9541870338285505,-0.2992108027352497,45.36185964356282,11.020231544716244
427,0.949883335116754,-0.3126046219547503,45.361884451683814,11.020216842324961
428,0.9579776336816788,-0.28684290712104304,45.36192426911884,11.020206934675256
429,0.958130153390738,-0.28633303889603934,45.361947735242204,11.020182814420659
430,0.9572652820469602,-0.28921130646562543,45.36198922739214,11.020175671892689
431,0.9420244182588023,-0.335544327033203,45.3620252193746,11.020162898625188
432,0.9540292199317882,-0.29971360916105155,45.36205646673881,11.020145969852985
433,0.9531511555344706,-0.3024944209457479,45.362079334258915,11.020129520623502
434,0.9614460089478427,-0.2749937669807532,45.36211170859804,11.020135630172046
435,0.9547369305719213,-0.29745149756238615,45.36214195182753,11.020106728243654
436,0.9508890988644766,-0.3095317781112362,45.36216938463174,11.020108726023741
437,0.9539592378876313,-0.2999362806478232,45.36221147037503,11.020091189032234
438,0.948854914899637,-0.31571244902727963,45.362247847003786,11.02007702386687
439,0.9521859768108851,-0.3055190101527245,45.36227440557023,11.02006902066773
440,0.13904930446056027,0.9902854593141487,45.362302622077564,11.020056978844828
441,0.14734943240076917,0.9890844982968701,45.362300809772705,11.020064840279023
442,0.15037483738279314,0.9886290549453312,45.3623013771889,11.02006622318449
443,0.12184952208830274,0.9925485851921064,45.36229535793164,11.020077507246405
444,0.12294065205747594,0.9924140245238792,45.36229909764685,11.020093985848657
445,0.1403357983787023,0.9901039661032635,45.362291026396136,11.020091461718895
446,0.11846895620671284,0.9929577566116757,45.362295167323126,11.02009261206312
447,0.13579262666554828,0.9907372823020596,45.36229025176252,11.020102642377118
448,0.13032901829004515,0.9914707998683335,45.36229517153286,11.02010586381327
449,0.12824195994271656,0.9917429100881189,45.36229312166245,11.020115482689569
450,-0.9602263213423394,0.279222871200334,45.362296288124554,11.020121382325938
451,-0.9509462662032321,0.30935610353463494,45.362258814284495,11.020137043130708
452,-0.961049133510343,0.2763775732200766,45.362239410551894,11.02013999223322
453,-0.9525667459338809,0.3043297463951514,45.36220136739944,11.020152664176223
454,-0.9550223988606928,0.2965336703889927,45.36216606163839,11.020159063142385
455,-0.9559915954179691,0.29339405155900167,45.362137565934404,11.020174176895495
456,-0.9499570442603913,0.31238055967051,45.36210178232778,11.020181593649246
457,-0.9474688242080102,0.31984813139033785,45.36207737481186,11.02018465410265
458,-0.9594339789366545,0.2819333964995621,45.362041144088955,11.020204534893448
459,-0.9527018751601106,0.3039064610474892,45.362010253568585,11.020211327961526
460,-0.9564124335499994,0.29201927496480085,45.3619768534757,11.020220995154778
461,-0.9645909950421651,0.26375028394973515,45.361948886308284,11.020225535709848
462,-0.9563570769400577,0.29220051571937494,45.361910726757635,11.020243076142016
463,-0.9540409328290979,0.29967632286616297,45.361883858529836,11.020254343325401
464,-0.9635861089924477,0.2673982246702375,45.361837663690686,11.020258988230808
465,-0.9521884294142549,0.30551136622000596,45.36181203298935,11.020257441025475
466,-0.9685501439900576,0.24881844500928546,45.36177535533554,11.020264516862147
467,-0.9588914645040121,0.28377307712563365,45.361743894665956,11.020280496508356
468,-0.9560026621864542,0.2933579893106921,45.36170516074725,11.020290866409946
469,-0.9552029964694833,0.2959514073893218,45.36167448492935,11.0202928431284
470,-0.9637824092635034,0.2666898340661615,45.361644059897124,11.020306819261606
471,-0.9647382015754318,0.263211326543904,45.361618796721174,11.02030316576647
472,-0.9676671253960789,0.25223071666172875,45.36157914001227,11.020307943074586
473,-0.9721972562823828,0.23416339354605956,45.361545321174944,11.020316814511286
474,-0.9712414594177007,0.23809667681043964,45.361509600657186,11.020315958472128
475,-0.971049539032843,0.2388781964602528,45.3614845318318,11.02032916032424
476,-0.968710352885621,0.24819398101528495,45.36143850662475,11.020326159922663
477,-0.9687411617884726,0.24807370166287332,45.361409451902944,11.020328837724524
478,-0.9769203407344121,0.21360395094510792,45.36136857507279,11.020338430733476
479,-0.9781967964556272,0.2076801083492311,45.361339509392685,11.02033329513308
480,-0.982064638661789,0.18854454510828453,45.361318371352155,11.020329725776417
481,-0.9812004873260906,0.19299120101974163,45.36127499931627,11.020336841167902
482,-0.9786056636066921,0.20574487881088516,45.361232498480064,11.020339372067053
483,-0.9826906203989433,0.18525427007208248,45.36120596791889,11.02034425970305
484,-0.9828511763931884,0.18440055602553276,45.361168817476305,11.02035607087599
485,-0.9834210285779031,0.18133692550272024,45.36113154739644,11.020344994185512
486,-0.979775655894035,0.20009913572380417,45.36109735641835,11.020367311723565
487,-0.9824051857432775,0.18676201708247941,45.36106586048919,11.020357565297683
488,-0.978414132449189,0.20665378153738442,45.36103299675915,11.020360946470642
489,-0.9854959836116699,0.16969875157250622,45.3610026336183,11.020372229318708
490,-0.9839160217517718,0.17863163812764768,45.36096847322507,11.020373649516715
491,-0.9858503247367376,0.16762797265512971,45.36093125645898,11.020382495116694
492,-0.9846610079224387,0.17447836392277136,45.360899497412206,11.020387482337464
493,-0.9834955343068964,0.1809324017372024,45.36087633281058,11.020400747700732
494,-0.9821821524082363,0.18793142230804347,45.360826170789075,11.020413384184623
495,-0.9834935496971612,0.1809431891618957,45.360800994493275,11.020414599661004
496,-0.9786748302769313,0.205415619129656,45.36076642239771,11.020432073083924
497,-0.97512677872188,0.22164784099893592,45.3607351176295,11.020440816102353
498,-0.9729097231136893,0.2311853599838114,45.36070040959669,11.02045223570346
499,-0.9730638213381245,0.23053589656026777,45.36068102331953,11.020465523514389
500,-0.9715405437869895,0.23687332432775282,45.36064188451404,11.020482293688023
501,-0.9748859455218724,0.22270472205125105,45.36061069312002,11.02049849688371
502,-0.9741142008858994,0.22605646116053782,45.36058423654696,11.020517122735795
503,-0.9722916583066383,0.2337711085385175,45.36054842594702,11.020533909983401
504,-0.9671156324348675,0.2543370863639555,45.36052483401928,11.020549810773838
505,-0.9795522179122365,0.2011900901715053,45.360494701414545,11.020572834327513
506,-0.9610006675338774,0.2765460486057289,45.360454943085706,11.020583429200476
507,-0.9651070109384339,0.2618557951191489,45.36042130567801,11.020596823009145
508,-0.9590856343395274,0.2831161351875699,45.360407503579985,11.020620720571879
509,-0.9638452562660635,0.2664626089593177,45.360361100010586,11.020639348788828
510,-0.968675174595394,0.24833124274360463,45.36035023471105,11.020651276417572
511,-0.9705821591518782,0.2407701649625183,45.36030929819757,11.020678073894665
512,-0.9575566358498143,0.2882451892746628,45.36027844722296,11.020691082013542
513,-0.9623988896472885,0.2716401612532031,45.360257347371345,11.020706322648236
514,-0.9566727952351008,0.2911651813954732,45.360219765741114,11.020717115603077
515,-0.9616042695739017,0.27443984538919103,45.360179684396456,11.02074810900335
516,-0.9570978086105386,0.2897650509514645,45.36015261494245,11.020754895359092
517,-0.9651485623005428,0.2617026035200936,45.360131594968635,11.020760865080772
518,-0.9618929537861622,0.2734263071771477,45.36008819675485,11.020778456487943
519,-0.9593342937409965,0.2822724089465057,45.36006571165036,11.02079807818569
520,-0.9574234300259935,0.2886873319653314,45.36003074527071,11.020813888408904
521,-0.9577168705250216,0.28771234925139894,45.35999740816708,11.020817966307261
522,-0.9523388244555764,0.3050422322147719,45.35997215751698,11.020821321217092
523,-0.9560689050859814,0.2931420282519936,45.3599393318406,11.020844811040606
524,-0.9517373320148039,0.3069137514829581,45.35990147061653,11.020865663509085
525,-0.9558903193962986,0.29372384527722983,45.35987229165518,11.02087802589512
526,-0.9448520800370878,0.3274973997600418,45.35984351871683,11.020877825233072
527,-0.9540635300478465,0.299604373520551,45.35981143839744,11.02090249619463
528,-0.9463693817031417,0.32308666542402115,45.3597807399557,11.020916562873118
529,-0.9601283762310453,0.27955947695604316,45.3597507786762,11.020914231789922
530,0.12492424451712643,0.9921662830049333,45.35971514387688,11.020932068095311
531,0.13663732447287721,0.9906211392661141,45.35971841609402,11.020933901178978
532,0.11846252053939384,0.9929585244245873,45.35971169625863,11.020946603751801
533,0.14062544973415853,0.9900628681488189,45.35971600775006,11.020955017158233
534,0.12618032427527653,0.9920073214275115,45.35972012351553,11.020962096728061
535,0.1259431807024233,0.9920374565683278,45.35971817386014,11.020969631120588
536,0.13847881113726335,0.9903653966420728,45.359709555799995,11.020974631789558
537,0.16162646524971905,0.9868520080188727,45.3597159704503,11.020990136801146
538,0.1122041120947335,0.9936851801395815,45.35972289831706,11.020998270512004
539,0.0993941893837635,0.9950481370852088,45.359709352227945,11.02100395376499
