,Sin,Cosin,Lat,Lon
0,0.9583558094562069,-0.2855768591492286,45.35965756238095,11.020596411353344
1,0.9446730218838673,-0.328013538935213,45.35969230343976,11.020587823062352
2,0.9534116845827796,-0.30167227201223906,45.359712649730724,11.020567030228088
3,0.9497910886095804,-0.31288478390268215,45.359752410146896,11.02056764092724
4,0.9566349283287142,-0.2912895705333713,45.35977719886408,11.020548738374305
5,0.9499754542201474,-0.3123245689650825,45.359806286041696,11.0205433935176
6,0.9521130707075988,-0.30574613748622725,45.35984761543215,11.020541250211224
7,0.9469887611849509,-0.32126669013358994,45.35987314161511,11.02053112288416
8,0.9554542506238876,-0.2951392467374433,45.35990538389975,11.020524477872359
9,0.9575226548128009,-0.28835805090242533,45.35994099012687,11.020501710750892
10,0.9508093621069293,-0.30977662424691454,45.35997387512978,11.020498180607596
11,0.9546867365611134,-0.2976125585963928,45.360003451430316,11.02049368150977
12,0.9470374709305808,-0.32112307399719703,45.36003342370023,11.020484029574137
13,0.9506966134488039,-0.3101224744789961,45.360068445921115,11.020468134287064
14,0.9629404276388802,-0.26971416873914955,45.360092970757094,11.020460862874515
15,0.9462406090466777,-0.32346361432311416,45.36012923590598,11.020451476124094
16,0.950804473285546,-0.30979162929329707,45.3601532036467,11.020445742984016
17,0.9536657715312613,-0.3008680711037384,45.360185834036194,11.020428837824596
18,0.9571012791608333,-0.2897535874302451,45.36021564013774,11.020422091028934
19,0.9501968430282068,-0.31165038023276875,45.360256573828366,11.020410655221282
20,0.9636677638672408,-0.26710380170097114,45.36027788107063,11.02040401782729
21,0.9528166601325802,-0.30354639212778534,45.36031315123729,11.020389641602819
22,0.9587536268933923,-0.28423842618260814,45.36035068090957,11.020385634923008
23,0.9503403936003292,-0.311212365261362,45.36037400974513,11.020369295604949
24,0.9557781806412892,-0.2940885400861909,45.360411960409074,11.020365543439919
25,0.9558653984105548,-0.29380493549535774,45.36044460890946,11.020361768116
26,0.9482949090106201,-0.3173905567979925,45.36047355635094,11.020347119593447
27,0.9559989858080938,-0.29336996972065166,45.360509369373936,11.0203361596558
28,0.9567467958932467,-0.29092192861316934,45.36053595314789,11.02032248658943
29,0.9522771608983496,-0.30523467829094836,45.36056576135505,11.020313087486004
30,0.956269421669521,-0.2924872530211185,45.36059033047644,11.020308208121987
31,0.9521638076046014,-0.3055880944799841,45.36063281365001,11.02030315321969
32,0.9557500774724716,-0.2941798589491885,45.360661106572806,11.02029011062362
33,0.9510625677725069,-0.3089983692221787,45.36069052888108,11.020276364668643
34,0.9657571936876912,-0.2594475724312628,45.36072074355209,11.020263531580943
35,0.9456153171289844,-0.3252870609339546,45.3607611790703,11.02025634343621
36,0.9575057226446897,-0.28841426993592134,45.36077769855744,11.020255671454363
37,0.9394657249664418,-0.3426428922555931,45.360825978825716,11.020236733617123
38,0.9519859116899627,-0.30614183631746655,45.360845231802905,11.020236675776713
39,0.9482838174622022,-0.31742369404206844,45.3608774737717,11.020220529865428
40,0.9548183123585771,-0.29719015862696196,45.36090453171714,11.020221157879256
41,0.9530712634133836,-0.30274604350117756,45.36094441577543,11.020196599914376
42,0.9452802021194135,-0.32625961975255324,45.36096830624617,11.020188475253173
43,0.9536543059411605,-0.3009044113333725,45.36101328270312,11.020181765872174
44,0.9520788860365639,-0.3058525703069629,45.361040264845435,11.020180003248024
45,0.9606363680645339,-0.2778088701819678,45.361061784139075,11.020170595611473
46,0.9550940377863103,-0.2963028501129243,45.3610954545368,11.020143171689881
47,0.9604099739421575,-0.27859052739176954,45.36113078288506,11.02014136683746
48,0.9549118448223811,-0.29688948889766514,45.361164802056194,11.020144010759342
49,0.9458113948157613,-0.32471650009918535,45.361195171601764,11.020115677666555
50,0.9487111992650915,-0.3161440500610314,45.36122180670126,11.020111122102392
51,0.9508058084531305,-0.30978753140142534,45.36124936630088,11.020092672199587
52,0.9567496277165464,-0.2909126155123732,45.361287433724236,11.020088288150813
53,0.9596564490968766,-0.28117521175732013,45.361316241166726,11.020071782700187
54,0.9518469567608602,-0.30657359786043087,45.3613589963105,11.020068228855997
55,0.9505560566300595,-0.3105530280063474,45.361370647578454,11.020059983537587
56,0.9532819487879519,-0.30208198575063133,45.3614016766184,11.02004840424593
57,0.9612868437361176,-0.2755496399196578,45.36143594908975,11.020041245267686
58,0.9479305039301681,-0.3184772514932543,45.36147342333988,11.020035335175287
59,0.957768071002388,-0.287541861592994,45.36149854270536,11.020025588049712
60,0.9497483325120062,-0.3130145442158617,45.36154213231905,11.020016973264822
61,0.9504926626617175,-0.3107470003495424,45.36156601897841,11.020008783903194
62,0.953751111990085,-0.30059743242029924,45.36159345464782,11.020012495335841
63,0.9477212724071196,-0.31909934162738446,45.36163512305277,11.019987236694401
64,0.9581046544967046,-0.28641834967709445,45.361668020680035,11.019989129379233
65,0.9483055004227671,-0.3173589101757274,45.36169216292733,11.019965234959551
66,0.9506832218613719,-0.3101635240825095,45.36172480353373,11.019947481547533
67,0.9497127139073748,-0.3131225974641387,45.36175823372085,11.019942529110926
68,0.9408958100205024,-0.3386961391658645,45.36179568562848,11.019941952472768
69,0.945590307468835,-0.3253597553800932,45.3618259793803,11.019935522619155
70,0.949840388560477,-0.31273508958746876,45.36184960899959,11.019917761627044
71,0.9428218886861285,-0.33329699400732904,45.36187577352916,11.019909174416973
72,0.9535060902088692,-0.3013737479187524,45.36190811696639,11.019898066785462
73,0.948243181855029,-0.31754506462146526,45.3619489441807,11.019889015423415
74,0.9575843309226308,-0.2881531696363193,45.36196919448371,11.019874278760778
75,0.9357032087364835,-0.35278818738762907,45.36200762211926,11.019870039567596
76,0.9538750797525125,-0.3002038178090642,45.36203524669562,11.019856213842353
77,0.9472065496868045,-0.32062400445134986,45.362062909389905,11.019854910110764
78,0.9461560031014187,-0.32371100969097144,45.36210566212548,11.019843382290116
79,0.9621095305922458,-0.2726632559469067,45.36213700388343,11.019837671883462
80,0.9555746158237007,-0.2947493063492887,45.36217034379988,11.01981561717829
81,0.9535238588173153,-0.30131752465818623,45.362193220078424,11.01981157888209
82,0.9541705690421031,-0.29926330408833834,45.36222186771576,11.01980801380388
83,0.121564955842849,0.9925834783588362,45.362255658086426,11.019792362155385
84,0.11879390924874705,0.9929189328064001,45.36226119156778,11.019793317076035
85,0.1256958507761187,0.9920688247786379,45.362257000446185,11.019801488294533
86,0.13013110466913078,0.9914967955558867,45.362248912847434,11.0198090035341
87,0.12097877028275059,0.9926550947538997,45.362256488398884,11.019812964237548
88,0.10713670998328757,0.9942442986378935,45.362258692852585,11.019815703061878
89,0.1418765662111147,0.9898843568620241,45.36225159561044,11.019822728262609
90,0.15192113564673498,0.9883926186206604,45.36225604222827,11.019820428614352
91,0.14976103336684743,0.9887222223076075,45.36226065234114,11.019827695032888
92,0.12787473765434434,0.9917903263643141,45.36226901547124,11.019832613034572
93,0.1385478404333258,0.990355742100414,45.36225783404322,11.019830202939685
94,0.14786263914498504,0.9890079069173714,45.3622695456092,11.019848037636843
95,-0.9500276766345591,0.31216568297675124,45.36226674855072,11.019850779524125
96,-0.9576983099446502,0.2877741251905055,45.36223048919229,11.01986104076081
97,-0.9566099472205338,0.2913715993001506,45.36220530263601,11.019871047303232
98,-0.9639766860133391,0.26598674557718144,45.36217918381497,11.019876724966977
99,-0.9482895782191766,0.31740648361508955,45.362143241623954,11.01988687066801
100,-0.9553283494730634,0.2955465186617367,45.36210391692854,11.019896599027417
101,-0.9475968871906981,0.3194685264411808,45.36208509182033,11.019910983192476
102,-0.9566948399152603,0.2910927399979505,45.362042254778345,11.019921130534934
103,-0.9570113276876102,0.29005054503930444,45.362020600674825,11.019928597020035
104,-0.9558476851287295,0.29386255772733116,45.361983693063316,11.019934390769366
105,-0.9536905039339807,0.3007896652249706,45.36195429714785,11.019948549108024
106,-0.9482222136298685,0.3176076724181455,45.36192240801502,11.019957221362183
107,-0.9530022456000216,0.3029632318967374,45.36189339585138,11.019973819423335
108,-0.9531709450985332,0.30243205752692476,45.36186898279399,11.019982255852804
109,-0.9413155765941488,0.33752775480132763,45.36183241407795,11.019995072977173
110,-0.9518042595828391,0.30670613205471364,45.36180458351948,11.020001087399807
111,-0.957038671471623,0.2899603098836646,45.36176848750971,11.020011360695701
112,-0.9581203774511754,0.286365749196403,45.3617435877857,11.020026288604054
113,-0.9531499690595893,0.3024981594682918,45.361704698749605,11.02002502321349
114,-0.9511701503221949,0.30866704575651294,45.3616764714822,11.020037313874953
115,-0.9523614764479573,0.3049715038784228,45.361646990768534,11.020053184035577
116,-0.9445803951079277,0.3282801809091607,45.36161522862203,11.020051394882339
117,-0.9555220414771014,0.2949196979712148,45.36158798244365,11.020066196034191
118,-0.9612417374621198,0.275706949786916,45.361547681229034,11.020080514197002
119,-0.9532469368815701,0.3021924508089237,45.36152149721352,11.020093569978547
120,-0.9532478116801517,0.3021896912983665,45.36148384433279,11.020098860436047
121,-0.9519614519533974,0.3062178864710213,45.36145943688938,11.020102187534166
122,-0.947948020806815,0.31842510869660134,45.36142821950124,11.020112983773254
123,-0.9566274520732189,0.29131412245186705,45.36139425943815,11.02011604060774
124,-0.9528425787723049,0.303465022825603,45.36136836525237,11.020140725481408
125,-0.9541816415104607,0.29922799836312547,45.36133040813786,11.020144807245261
126,-0.9443755318103063,0.32886905436358893,45.36130135660191,11.020155761229933
127,-0.9479003475856536,0.31856699616720674,45.36127610919601,11.02016418490256
128,-0.9453258407984889,0.3261273596597348,45.36124844086132,11.020168473120856
129,-0.9608461979223177,0.27708226925991886,45.36120928363978,11.020180642511118
130,-0.9459634708489283,0.32427320552190064,45.36117830299279,11.020193574265672
131,-0.9653587862426056,0.26092606965231224,45.3611495858159,11.020204385121945
132,-0.9489566256609528,0.3154065988754487,45.361108973790145,11.020215951681685
133,-0.9619060275308369,0.2733803105562742,45.36108090910599,11.020218517537709
134,-0.9514941970369644,0.3076666914129355,45.361060285548376,11.020236083760171
135,-0.952163732423711,0.3055883287315594,45.36101369214842,11.020243918166756
136,-0.9565853598404084,0.29145231057412535,45.36100049954731,11.02024737909021
137,-0.9467896845815255,0.3218529061077678,45.360958574450244,11.020257158099975
138,-0.9525523464900727,0.3043748136693582,45.36093664566462,11.02027209635673
139,-0.9526136328118868,0.3041829491949533,45.36089427427045,11.020282945333147
140,-0.9597172225550502,0.28096770763064616,45.36086852550909,11.02029337025198
141,-0.9528505076438812,0.30344012602620296,45.36083496853552,11.020305770727939
142,-0.9631029134552156,0.2691333834626902,45.36081386227705,11.02031242088536
143,-0.9494367117507886,0.3139584851216001,45.36077594112608,11.020325282383792
144,-0.9571903635577919,0.28945916449838344,45.36073956225365,11.02032816992153
145,-0.9477176686892306,0.31911004442707497,45.360711352910236,11.020344551343662
146,-0.9517154688406027,0.3069815407634664,45.36068566711041,11.020348183106313
147,-0.9506865211248278,0.31015341131700025,45.36064509906625,11.020359583838893
148,-0.9520587907205657,0.3059151173310895,45.36061653097212,11.0203726586287
149,-0.9537310227827527,0.30066116507085605,45.360587026316395,11.020382813888716
150,-0.9539122908192318,0.3000855568400541,45.36054688257228,11.02039131676528
151,-0.9537221331951377,0.30068936238868876,45.36051800175522,11.020405340441625
152,-0.9606058622536184,0.2779143346500539,45.36049245504448,11.020405411388099
153,-0.9543828187662672,0.2985857251171838,45.36046482267387,11.020410942769338
154,-0.9514591673432552,0.30777500366092025,45.36043102101802,11.020428601250249
155,-0.9556308767445925,0.29456684710327047,45.36039420284547,11.020440466594517
156,-0.9477318775003999,0.3190678428948411,45.36037223222318,11.020451123802511
157,-0.9564943626506517,0.29175080842651246,45.36034629533899,11.020455718321566
158,-0.9518436543951644,0.3065838508265868,45.36030425091195,11.020469787535188
159,-0.9442531154413676,0.3292203729711626,45.360275832852096,11.020481238405342
160,-0.9575453527050466,0.2882826694634417,45.36025080801298,11.020484864041526
161,-0.9560031865258046,0.293356280574505,45.36022134325923,11.020502708184486
162,-0.9512581322560615,0.308395794096984,45.36018490509084,11.020513783740476
163,-0.9555777041824388,0.2947392937316289,45.36014872582804,11.020520259651846
164,-0.9505503233398008,0.31057057619581435,45.360119622396454,11.020521067916764
165,-0.9554908930600202,0.29502059805946584,45.3600850504418,11.020549725184031
166,-0.9542373847314173,0.29905018572297365,45.36005765333565,11.02054312529587
167,-0.9517275311216187,0.30694414232095757,45.360027132353686,11.020559088772067
168,-0.9470540395809826,0.3210742065525393,45.359992502588526,11.020572738003237
169,-0.9498384400401659,0.31274100757985696,45.359967599586895,11.02058238139446
170,-0.9573264575895576,0.2890087431186623,45.359932499251464,11.020589089016783
171,-0.9564041459442747,0.29204641689396305,45.3599065867514,11.020596045184666
172,-0.9515335073433019,0.30754509328382146,45.35987598480667,11.020610663052173
173,-0.9493129535372933,0.3143324931442832,45.35984976333452,11.020607588771771
174,-0.9579332219915314,0.28699118837505005,45.359807927000084,11.020625248228976
175,-0.9558542184073993,0.29384130606975567,45.35977256978763,11.020642989226097
176,-0.9501440786037093,0.31181120873744794,45.359750694473504,11.020644149055055
177,-0.9524651332619406,0.3046476159767441,45.35972154659101,11.020652732466512
178,0.16054119492616228,0.9870291407712742,45.359685127063635,11.020666176555176
179,0.1183830605754338,0.992968000979283,45.35968466020034,11.0206861652003
180,0.1483220888948205,0.9889391072992699,45.359683052503506,11.020676586603626
181,0.14755507463184306,0.9890538407742984,45.3596871957059,11.020686625501853
182,0.12201965772527959,0.9925276838096787,45.35968483906153,11.020692549952589
183,0.13527062680870341,0.9908086886593095,45.35968214414984,11.020692172248832
184,0.1286021452286134,0.9916962681398971,45.35969729135196,11.020691714017895
185,0.1517585515219457,0.9884175949668039,45.35968550718869,11.020716896173353
186,0.11699407323870814,0.9931326129107914,45.359688872055536,11.020715328926988
187,0.15047673373578704,0.9886135506881387,45.3596851803557,11.020719370526878
188,0.11539183221840343,0.9933200516738196,45.359693208416715,11.020725818745145
189,0.11815723286030788,0.9929948984374466,45.359690542676205,11.020732321719619
190,0.956104580755586,-0.29302564846474644,45.35969563777674,11.02074079580202
191,0.9593935666032433,-0.2820708853467655,45.359725929834745,11.020731001505684
192,0.9505945654038434,-0.31043513368283265,45.359759777128865,11.02071113001806
193,0.9557436896284576,-0.2942006113783288,45.35979638360416,11.020704715271435
194,0.9611967451695893,-0.2758637654266824,45.35982244556455,11.020701395575967
195,0.951304808897269,-0.30825178112856155,45.35985284402615,11.02068724189792
196,0.9632553737052683,-0.2685872019064275,45.35987700683387,11.020682118823334
197,0.9548704770174856,-0.2970225111340882,45.359911966129026,11.020679016852599
198,0.9538727914750867,-0.30021108854192197,45.3599421522864,11.020660354673025
199,0.9567931486485795,-0.2907694459518356,45.359977605280385,11.020655137091037
200,0.9504409339459434,-0.31090518020766855,45.360003536317976,11.020637474353713
201,0.9580392098861131,-0.2866371788878618,45.360038475370956,11.020634646261325
202,0.9630906155536614,-0.2691773880408042,45.360060549073005,11.020623262773517
203,0.9538864072194331,-0.30016782326225755,45.36009959634125,11.020606827443148
204,0.9414093982059772,-0.3372659854913624,45.36014023958679,11.020613393477761
205,0.9584517429101284,-0.2852547221564215,45.36015232125528,11.020592366991183
206,0.9504893943145182,-0.3107569971788576,45.36019009825993,11.020585394506861
207,0.9548841255535239,-0.2969786301501878,45.360227192195524,11.020579762269431
208,0.961404726140932,-0.275138060896488,45.36024616348846,11.020555961658138
209,0.9614684135918566,-0.2749154227488128,45.36028479171555,11.020548817544915
210,0.9525585073896243,-0.30435553223105877,45.36031580744448,11.020544935216455
211,0.9565601150407176,-0.29153515450677475,45.36035072761178,11.02053684247245
212,0.9499757203990826,-0.3123237593463616,45.36037064198247,11.020514684800876
213,0.9516425423331079,-0.30720753835441444,45.360416716262854,11.020507258697444
214,0.9544693918565633,-0.29830886679574614,45.36043573901559,11.020509968888573
215,0.9567654598901286,-0.29086054177428533,45.36047570254917,11.020490372282264
216,0.9527325940916762,-0.30381014491840996,45.360499219954455,11.020485647229087
217,0.9541379633112402,-0.29936724431420086,45.360524954180455,11.02047004066281
218,0.9564156536896254,-0.292008728255589,45.36055644148592,11.020469610195969
219,0.9585895924776671,-0.2847911395979518,45.3605972424105,11.020455445965874
220,0.9531745485382175,-0.3024207003810509,45.36062531775669,11.020442326267478
221,0.9515203548444752,-0.3075857836712289,45.36065190472734,11.020432060034288
222,0.9554695359525301,-0.29508975899996387,45.36068780499992,11.020418445823617
223,0.952052498158184,-0.3059347001416495,45.36072064623999,11.02041452591266
224,0.9561146149577999,-0.2929929061668526,45.36075195325888,11.020413078884388
225,0.950646102977666,-0.3102772742135278,45.3607863102849,11.020386553201867
226,0.9506177167069018,-0.31036423228677074,45.36080972846877,11.020387217921643
227,0.9501000094784946,-0.3119454631645801,45.36085039912491,11.020375268114424
228,0.9549014333393888,-0.29692297419765395,45.36087009941644,11.020364930087101
229,0.9523848561450994,-0.30489848439354084,45.36090543673301,11.020352974577028
230,0.9498532319750271,-0.31269607881550937,45.36093630515189,11.020348903131016
231,0.9471139988613468,-0.3208972937886338,45.360971740902706,11.020334937976363
232,0.9430886615774363,-0.3325413905126394,45.36099863875782,11.020334524506882
233,0.9546326448608041,-0.2977860194268124,45.36103547821751,11.020310997868416
234,0.9440885223615432,-0.3296920714017826,45.36105328123701,11.020307974927801
235,0.9473936913384361,-0.32007060722929886,45.36109756254628,11.020297667671942
236,0.9474140020692436,-0.32001048214572486,45.36112317321145,11.020285212142012
237,0.9567519579188604,-0.2909049518630221,45.36115182876835,11.020280420217862
238,0.957832051437503,-0.2873286641444333,45.361187357352975,11.02025797001142
239,0.9558512675170234,-0.2938509050285531,45.36121739807553,11.020253959780895
240,0.9564526792674124,-0.29188743090819863,45.361247942187205,11.020247210070357
241,0.9527197690093903,-0.3038503607677535,45.36127361003267,11.020231361087935
242,0.9467388651400079,-0.32200236215501576,45.36131446357467,11.02022046463169
243,0.951833209520832,-0.30661627688900017,45.36134002700146,11.020217547496811
244,0.9527657537998954,-0.30370613820948245,45.361371555170756,11.020207653812538
245,0.9394474498020945,-0.34269299534764514,45.36139959842096,11.020195813809389
246,0.955374236883315,-0.2953981508060326,45.36143082486685,11.020185459118013
247,0.9509158799410863,-0.30944949390145987,45.361462710179204,11.02017457809065
248,0.9586238541022817,-0.28467579164039825,45.36149751048559,11.020159013407735
249,0.9566195166785649,-0.2913401797035021,45.361528666838524,11.02015866510397
250,0.9602219776986414,-0.2792378082289535,45.36155043565854,11.020148883931967
251,0.9507582435470485,-0.30993348048788,45.361588970969436,11.020134331371397
252,0.9481196297662527,-0.31791377392605036,45.361615335992276,11.02012885969768
253,0.9571268385270546,-0.2896691474272079,45.361647098079914,11.020110852921924
254,0.9570629580233989,-0.2898801379527437,45.361681835891126,11.020105075194005
255,0.9518860911071616,-0.306452067306991,45.36171034989098,11.020096437908594
256,0.9439874748268553,-0.32998128336318894,45.3617470958287,11.020090213109397
257,0.954536648202358,-0.29809358805349706,45.361773798641586,11.02007630089864
258,0.9570609359626696,-0.289886813867514,45.36180659800477,11.020064939541399
259,0.9523743334459154,-0.30493135128000276,45.36183360962764,11.020052551850126
260,0.9484078425275966,-0.31705293600935097,45.361876286375534,11.020047022631363
261,0.9515595079644982,-0.30746463666958873,45.36189493628911,11.020036930835536
262,0.9432281962676099,-0.3321454045531131,45.36192948195645,11.020030326161013
263,0.9491043275149361,-0.3149618635524322,45.36196091834949,11.020018818988332
264,0.9596834879754631,-0.2810829110907476,45.36199201480532,11.02001544510202
265,0.9488927682582337,-0.3155986602430785,45.362022969880094,11.020007157156888
266,0.9679546197769922,-0.2511251760624144,45.362050790712864,11.019984577287573
267,0.9516554667640955,-0.3071674992215345,45.36209071272463,11.019973664827617
268,0.9401046066051572,-0.34088609335049547,45.362117318099784,11.019977875333126
269,0.9549506859398725,-0.2967645319490976,45.36214642230047,11.019953284380453
270,0.9563328655652182,-0.29227974654398864,45.36218039709304,11.019946657626635
271,0.9555926163675913,-0.29469094241890353,45.36220197640731,11.01993946584922
272,0.950916861439105,-0.3094464778128875,45.362238725930915,11.019931441032634
273,0.13527467727792886,0.9908081356586411,45.36227128348544,11.019920544253937
274,0.11300212614142234,0.9935947461050295,45.36227232726654,11.019929567322457
275,0.12246216512373523,0.992473182566263,45.36226785527423,11.01993123238989
276,0.1663166253348096,0.9860724010625389,45.36226747834905,11.019943344823634
277,0.12219037452443957,0.9925066812740241,45.36227396053438,11.019941459719245
278,0.1244535191542618,0.9922254388847929,45.36227933945821,11.019950023345466
279,0.10884148065222596,0.9940591190112543,45.36227311816392,11.019959003727886
280,0.1369007541721643,0.9905847684610806,45.362270573759346,11.019969440420796
281,0.12418766206114858,0.9922587488109067,45.36228181801281,11.019967974859831
282,0.13648227618057832,0.9906425128615107,45.362290235743096,11.019975168837378
283,0.12286181206835618,0.9924237880740666,45.36228589062668,11.019979743582292
284,0.161241298129219,0.9869150134523258,45.362276743343806,11.019988080042037
285,-0.9565541445175507,0.29155474375543394,45.36228382244421,11.019991267274284
286,-0.9521604121963111,0.3055986738291757,45.362256422015776,11.01999473883133
287,-0.9604562283030569,0.2784310211055267,45.36221984441283,11.020003234606735
288,-0.9447443825989094,0.327807949183368,45.36219251247908,11.020025465523283
289,-0.9577518389295612,0.2875959231752841,45.36216048132506,11.020034495576159
290,-0.9521171928588649,0.30573330054568,45.36212566345762,11.020035270749403
291,-0.9422877118733227,0.3348042234687878,45.36209230598005,11.020049935625012
292,-0.948680520391331,0.3162360988723987,45.3620630115194,11.020056018314673
293,-0.9566346136083475,0.2912906041162462,45.36203370606163,11.020071012345918
294,-0.9463235531460066,0.3232208730282085,45.36200359840355,11.020072465037334
295,-0.9593448803322876,0.2822364267422418,45.361970654786255,11.020096570915795
296,-0.9554676013663176,0.29509602291338266,45.361949965478665,11.020098742822274
297,-0.9516177855804416,0.3072842172435423,45.36190922017047,11.020107149471789
298,-0.9487235763407718,0.31610690548479936,45.36187985557411,11.020122670140426
299,-0.9505713807817473,0.31050611916463494,45.36185504032949,11.02012972699174
300,-0.9484516607480086,0.31692183141012,45.361816420415714,11.020142811933011
301,-0.9439257897486555,0.3301576948177599,45.361792872488394,11.020153897188164
302,-0.9576609138793187,0.2878985481516501,45.36174934725723,11.020163781388309
303,-0.9519535263051142,0.30624252440714084,45.36173424372895,11.02016734505852
304,-0.9508147658967114,0.30976003769495813,45.36169552725281,11.020185634578795
305,-0.9524890045222375,0.30457297362740005,45.36166626645507,11.020179832974335
306,-0.9585196987202215,0.28502629205969016,45.36163598028745,11.020200358911115
307,-0.9557976917492991,0.2940251221353576,45.36159598247904,11.020201181387765
308,-0.9497690425577637,0.312951698827325,45.36156749892709,11.020224191517812
309,-0.9492256845078133,0.31459593110953177,45.36152807107828,11.020233391408729
310,-0.9482728618674872,0.31745642133314245,45.36151080542269,11.020229915056182
311,-0.9620246505318837,0.27296258309337407,45.36147390309986,11.020253002442374
312,-0.9533755806725688,0.30178635187370945,45.3614482012444,11.020258402678673
313,-0.9429024676823899,0.3330689664896141,45.36141311952011,11.020256715703885
314,-0.9537067595272987,0.300738120017964,45.361376096573025,11.020279818177901
315,-0.9512246883871652,0.30849893387618105,45.36135644290791,11.020279027539885
316,-0.9548509771162351,0.29708519232733743,45.36131858398162,11.020294649657854
317,-0.9540614290815954,0.29961106377899993,45.361295579479105,11.020303967317918
318,-0.9478943236007505,0.3185849200534697,45.361259591239296,11.02031521617103
319,-0.9586671881483373,0.284529826850825,45.361233712078054,11.02032846777452
320,-0.9546926232767371,0.29759367443039214,45.36120385168795,11.020328609566738
321,-0.9550939090721473,0.2963032650061165,45.36117108693829,11.020343660430308
322,-0.9501623796703008,0.31175543661542005,45.36113263817856,11.020358975396547
323,-0.9607067479686523,0.27756538762514377,45.36110079653989,11.020361243464068
324,-0.9600514593906718,0.2798235074503951,45.36106739461301,11.020367842180454
325,-0.9453266512593034,0.326125010416054,45.36103697819299,11.02037994061243
326,-0.9525474501731243,0.30439013645103447,45.361002690016306,11.020388832398664
327,-0.9608556596750615,0.2770494563618603,45.36098471659202,11.020400657335916
328,-0.9583659766629893,0.28554273721247875,45.36094130799373,11.020414998264762
329,-0.9629807595278335,0.2695701333219187,45.360909361613615,11.020420372252282
330,-0.9630837456681829,0.26920196661566737,45.36088452393947,11.020432571114837
331,-0.9539258063515073,0.30004259027115915,45.36085336222008,11.020439361150697
332,-0.9513300312311138,0.308173930886128,45.3608183960888,11.020451114114778
333,-0.9534274283755824,0.301622510468174,45.36078673691534,11.020462189297033
334,-0.9572922790287002,0.28912193364052674,45.36076346256881,11.020469396142973
335,-0.9570653413461724,0.28987226910129654,45.360733421462434,11.020476228272413
336,-0.9593310483239856,0.2822834386243776,45.360707690088056,11.020480324971599
337,-0.9518653030767104,0.30651663054177397,45.360661403415754,11.020506755294331
338,-0.9571372993360289,0.2896345804971035,45.36063386668728,11.020516325300601
339,-0.9628535109818837,0.2700242885183844,45.36059928038418,11.020508343682243
340,-0.9483354845444599,0.3172693000493814,45.360569651793156,11.020531436898441
341,-0.951151707540088,0.3087238721634187,45.36054394391626,11.020530659101162
342,-0.9498290007676106,0.312769674522327,45.3605071892567,11.020551810180635
343,-0.9564809251238996,0.2917948592318398,45.360487371374255,11.020557157173371
344,-0.9394369500589831,0.3427217776329302,45.36044680760942,11.02056391138175
345,-0.9467737143921209,0.3218998815410572,45.36042387215614,11.020584009930507
346,-0.9443095532271312,0.329058456332573,45.3603881232611,11.020585241194352
347,-0.9557975975804821,0.2940254282530317,45.36035427551973,11.020594632526342
348,-0.9468211610187485,0.32176029749972135,45.36032091695903,11.020604436781019
349,-0.9569392056795919,0.29028840251259036,45.36029591433049,11.020614178423243
350,-0.9593395088327528,0.28225468427031053,45.360268969281336,11.020626974770144
351,-0.9550180930964118,0.29654753726593863,45.360228069558744,11.020631935642463
352,-0.9509118460713278,0.3094618894164827,45.36019137075673,11.020649690990274
353,-0.9390153912778529,0.3438751153301162,45.36016542986808,11.020649172630431
354,-0.9676146983813697,0.25243176400035516,45.36013587067043,11.020656319088813
355,-0.9506463462243258,0.31027652893884744,45.36009607234525,11.020677927904122
356,-0.9471260620688299,0.32086168756956784,45.36007021703454,11.020688948138408
357,-0.9548523837117471,0.2970806714008747,45.36004354940241,11.020685129147507
358,-0.9534288330406291,0.3016180702921896,45.36000999780779,11.020702646689857
359,-0.943501160727083,0.3313692196125751,45.35997993149651,11.020713289709782
360,-0.9469293131662521,0.32144187012038433,45.35995037293689,11.020720692332995
361,-0.9562061120439962,0.29269415998564896,45.359918029027995,11.020728781091927
362,-0.9550350682368669,0.29649286405882175,45.35990024365468,11.02074179209706
363,-0.9531908761014611,0.3023692340780209,45.35985145425608,11.020755871850746
364,-0.9469610133279149,0.321348470102113,45.359826337215,11.020761936764302
365,-0.9596064926602209,0.28134565794472366,45.35980306151626,11.020768748092747
366,-0.9681625585069681,0.2503223128393506,45.35976866090412,11.020774779202965
367,-0.9594381715462177,0.2819191284394348,45.35974012093436,11.020783337385042
368,0.1420035185889935,0.9898661529259122,45.359701766134556,11.020799695645554
369,0.12618021738216895,0.9920073350239849,45.35970544672799,11.020804816731415
370,0.12413717072576184,0.9922650668265023,45.35970596207952,11.020818957525224
371,0.1422558628293269,0.9898299194764137,45.35969815549389,11.020813865097628
372,0.13501193733729536,0.9908439719635126,45.359715470496,11.0208223313994
373,0.12283127490178673,0.9924275680904887,45.35970941961267,11.0208321346852
374,0.13333019596655818,0.9910716719004329,45.35970732599487,11.020833821869136
375,0.16190142199724358,0.9868069363129094,45.35971214985497,11.020845875808881
376,0.14431030570081088,0.9895324833821972,45.35970994553897,11.020856605119587
377,0.13531750422544847,0.990802287568108,45.35971116394135,11.020858936877888
378,0.1145984518048773,0.9934118958639087,45.35973045206204,11.02086056403761
379,0.12225204350278306,0.9924990870823981,45.35972038032082,11.020878528410977
380,0.9573498848104054,-0.2889311302949262,45.359719087608255,11.020876837529368
381,0.9565155596782036,-0.2916813056976621,45.359747849570134,11.02087100315437
382,0.9526374909611753,-0.3041082222091282,45.35978153207221,11.020854468501172
383,0.9515304803195795,-0.30755445862934616,45.359808948654326,11.020841776549636
384,0.9604056765293579,-0.2786053418191876,45.35984595931551,11.020840891755856
385,0.953555228487093,-0.30121823687308186,45.35987148785274,11.020824052892875
386,0.951388917850808,-0.30799208916897275,45.35990697093866,11.020812970312347
387,0.9524167955216436,-0.3047987001420508,45.35993275031417,11.020810036314511
388,0.9528372241410242,-0.303481835191544,45.35996646222178,11.020799194469168
389,0.9581085117282274,-0.2864054464459799,45.360000139557634,11.02079284349005
390,0.9615772401439552,-0.2745345356000484,45.360031376877245,11.020778378227755
391,0.9522251991707659,-0.3053967420654571,45.360073121922476,11.020771111024864
392,0.9607998661222767,-0.2772428849572429,45.3600846268323,11.020760531613945
393,0.956476029149497,-0.2918109073739543,45.36011987083415,11.020753996543174
394,0.9545163387904521,-0.2981586137982113,45.360150055109514,11.020739121601444
395,0.9478562596989905,-0.31869815021339554,45.360190831813554,11.02072361597854
396,0.9568449787942843,-0.29059884128496716,45.360221600517264,11.020722672356815
397,0.9497483864358378,-0.31301438060019315,45.36023628161764,11.020702357853853
398,0.9550486964668976,-0.29644896251611297,45.36028689335618,11.020700797458122
399,0.9483208569692052,-0.3173130193313728,45.360310608592215,11.020698413372262
400,0.9561287817227169,-0.29294667221430126,45.36033744996931,11.020687558618604
401,0.9620986881524187,-0.2727015112818316,45.36037640921514,11.0206683797521
402,0.9503048887459874,-0.3113207645266801,45.36040683898796,11.02066272549415
403,0.9468611824930995,-0.3216425051011904,45.36043567762831,11.020649109045443
404,0.9549328360523881,-0.29682196453251697,45.36047284058839,11.020649658705967
405,0.9532944238091544,-0.302042615427645,45.36050082036329,11.020629867806026
406,0.9490279095365795,-0.3151920476798709,45.36053051834207,11.020632400144805
407,0.960494173884346,-0.2783000933061788,45.36056573301259,11.02061729668302
408,0.9594961499743319,-0.28172173892767755,45.360586683564414,11.020602969045171
409,0.9590618071984522,-0.28319683962438363,45.360625434384815,11.020598023925617
410,0.9587816338905896,-0.2841439397806885,45.36065766472027,11.02058308134697
411,0.9545508475876003,-0.29804811586351926,45.36069175233897,11.020577810761983
412,0.9553678390762919,-0.29541884174625094,45.36071142819685,11.020564758385783
413,0.9544152335483618,-0.29848209656665514,45.36074276014921,11.0205444475286
414,0.965188109009248,-0.2615567132136969,45.360768989931564,11.02054203462709
415,0.9606292601045378,-0.27783344764626233,45.36080930605656,11.02052459121693
416,0.9415446629292857,-0.3368881827986515,45.36083890545026,11.020522536475644
417,0.9383026661103806,-0.34581513380728685,45.360876711936555,11.020522872282054
418,0.9589891886547961,-0.2834426503602023,45.36090085506158,11.020508571147536
419,0.9519218103670584,-0.30634109575357676,45.36093676416562,11.020489708641481
420,0.9533089782723804,-0.3019966753877769,45.36096513614493,11.020486765872667
421,0.9616937992974198,-0.2741259498713941,45.361004078955304,11.020478574520586
422,0.9560721190853033,-0.2931315457396859,45.36102739483312,11.020466948585687
423,0.9610445529572037,-0.2763935007037764,45.36105747567488,11.020464760437546
424,0.9552165131369678,-0.29590777791476386,45.36108769540448,11.020449019051142
425,0.9585957691077615,-0.2847703486121744,45.36112488700012,11.020431672754956
426,0.9564606581667835,-0.2918612844814525,45.361155712881995,11.020433301629426
427,0.9505672335727945,-0.3105188149819014,45.36116937603366,11.020421691148478
428,0.9563454788559498,-0.29223847294937766,45.36121821116037,11.020410163838175
429,0.9546197361344934,-0.29782739864309044,45.3612472075054,11.02040073313719
430,0.951209392185639,-0.30854609415422385,45.36127353430535,11.020391352078217
431,0.9505587487232522,-0.31054478779345984,45.361319286730556,11.020378104050346
432,0.9516279079912835,-0.3072528677362234,45.36134306774827,11.020366912475167
433,0.9411198475866611,-0.33807311705969734,45.36136729476659,11.020359883444218
434,0.951205931837265,-0.30855676177585273,45.36139773813101,11.020339792483837
435,0.9518506405389792,-0.30656216026368155,45.361430850685586,11.020342262292285
436,0.9579158478455191,-0.2870491742653172,45.36146473875875,11.020339479338723
437,0.9598310045919731,-0.2805787636724555,45.36149740689641,11.020323880829002
438,0.9488312596905459,-0.3157835344568361,45.36152997068267,11.020316775298138
439,0.9560222425271102,-0.29329417279147435,45.361558604907465,11.02030205773519
440,0.9521107169546548,-0.30575346712685575,45.361591611852745,11.020291544034224
441,0.9610868221547074,-0.27624648464834056,45.36162027505604,11.020285127616894
442,0.9531878839766986,-0.30237866631100774,45.36166137054618,11.020272185208343
443,0.9483801297628106,-0.3171358218036469,45.361679523794145,11.020262786442284
444,0.9524657024160594,-0.30464583653987864,45.36171176166976,11.020258855926643
445,0.9504615321493319,-0.3108422041878233,45.361748294780305,11.02023238033457
446,0.953695652219081,-0.30077334146899004,45.361767024031415,11.020236102922322
447,0.9551043448115873,-0.29626962470362794,45.36180469299082,11.020223212826604
448,0.9509280847017875,-0.3094119870421801,45.361840604130975,11.020217213806198
449,0.9588431134605905,-0.2839364079669975,45.361866689162404,11.02019936444941
450,0.9517415375909274,-0.30690070971579275,45.36190121800632,11.020198049298095
451,0.9513850722881634,-0.30800396787581497,45.36193601538511,11.020185394568735
452,0.9535014425823686,-0.3013884519906862,45.361971761462684,11.020168182816754
453,0.9465290065031781,-0.32261872209793807,45.36198799465639,11.020163523662001
454,0.9503279723943997,-0.31125029298741097,45.362034776871496,11.020149924120515
455,0.962439236106844,-0.27149717641639387,45.36205749573655,11.020148122107843
456,0.9429949152264371,-0.3328071361270438,45.36209394935227,11.020140352203853
457,0.9504453248748014,-0.3108917567637218,45.3621123695843,11.020121005794875
458,0.95593866126766,-0.2935664761068502,45.36216222538505,11.02011881924594
459,0.9508322439655418,-0.30970638326558997,45.36218264481925,11.020104600475063
460,0.9530341835062491,-0.3028627495559285,45.36220701563584,11.020106739124923
461,0.9549831015726625,-0.2966602024381728,45.36224541335753,11.020085442970194
462,0.9565669906977183,-0.2915125937374084,45.36227461480575,11.020081124557258
463,0.1248695826532286,0.9921731639829856,45.362306218146905,11.020067211972737
464,0.12506377787271847,0.9921487043100965,45.3623029268565,11.020071248175794
465,0.14694338539817037,0.9891449041913549,45.36230736487014,11.020073230217388
466,0.14636459893214795,0.9892307133219386,45.36230452569745,11.0200846302528
467,0.17630819564173822,0.984335014184477,45.36230027209898,11.020090345706798
468,0.1183296160077333,0.9929743712581218,45.362300417446484,11.020087528046682
469,0.14744209697536917,0.9890706891013937,45.3623105397725,11.020094537903177
470,0.15742406535727604,0.9875310950275885,45.362302751008464,11.020089272044457
471,0.13639958285397913,0.9906539021258941,45.362303003141385,11.020101917166814
472,0.12985504129076936,0.9915329889879472,45.3623043608389,11.020101057628386
473,0.12306281211863615,0.9923988836518576,45.36229747958684,11.020095907190262
474,0.14919450681888835,0.9888078676543126,45.3623082917298,11.020108002026978
475,-0.9547983774241506,0.2972541984029983,45.362301765570365,11.020114712535662
476,-0.9510158354350424,0.3091421691581211,45.3622659040808,11.02012688238217
477,-0.9561721403356405,0.2928051195692457,45.36223467882257,11.020126901226382
478,-0.9565633930533242,0.29152439875645325,45.362203080415725,11.020141481191594
479,-0.9566741340742094,0.2911607823752394,45.362183881661316,11.020152023946386
480,-0.9551731927213933,0.296047583855062,45.36214190482404,11.020165158679323
481,-0.9611683965215797,0.27596252196292054,45.36211879820499,11.020173172306468
482,-0.9566966341132072,0.2910868431868061,45.36208395779112,11.020179823442131
483,-0.9571768870935108,0.2895037250433514,45.362056061999695,11.02019214735791
484,-0.9506222567110263,0.310350326317914,45.36201295482289,11.020198085700255
485,-0.9588943909107802,0.28376318838045905,45.36198504336279,11.020211315514826
486,-0.9519663998258094,0.3062025042397386,45.36196746658324,11.020221203314973
487,-0.9539963332297949,0.2998182719316919,45.361929323075266,11.020234700072661
488,-0.9558370920251359,0.29389701173869026,45.36190401097356,11.02023763303381
489,-0.95947423944971,0.2817963517017218,45.36186264697941,11.020256956076292
490,-0.9496803742926315,0.31322066771432444,45.36182742472869,11.0202595779655
491,-0.9531746991312618,0.3024202257390013,45.361801064059605,11.020275858485483
492,-0.9559469662302539,0.29353943134641014,45.36177855520609,11.02027608176861
493,-0.9548412004113029,0.29711661346532287,45.361732877588906,11.020299497037069
494,-0.9556729964964837,0.29443016789628007,45.361704817329375,11.0202973591199
495,-0.9533462694993905,0.30187893340144734,45.3616751577783,11.020318602987388
496,-0.9605573979430823,0.2780817959824322,45.361647897512775,11.020318621288936
497,-0.9565732329387078,0.2914921097134342,45.36162428127527,11.020318851680132
498,-0.9498886484532051,0.31258847633868947,45.361578771319536,11.020331465816428
499,-0.951720036586847,0.30696737930785173,45.36155209390714,11.020354254326678
500,-0.9557588306467134,0.2941514195798261,45.36151565619127,11.02035548075407
501,-0.9564182195149531,0.2920003242803798,45.36149236554086,11.020368331199807
502,-0.9554690977296898,0.2950911779155937,45.3614539431691,11.020382793671757
503,-0.9438928174182544,0.3302519481036105,45.361422750923985,11.020383134309128
504,-0.9551227226222365,0.29621037242251697,45.36139384608393,11.020403258206196
505,-0.94789900602886,0.3185709879595115,45.361354166582935,11.02041525860765
506,-0.9562942581308349,0.2924060393801675,45.361326852122424,11.020407602660814
507,-0.9563675758728709,0.2921661510494472,45.361300599557865,11.020434788666519
508,-0.9628807364673423,0.26992718896048357,45.3612726730771,11.020434538045809
509,-0.9605828398628548,0.277993898783792,45.36123723786524,11.020446419065639
510,-0.9616332432798536,0.274338304687971,45.36120485094408,11.020456377370843
511,-0.9530803398509089,0.3027174685902285,45.36118460694012,11.020470435304127
512,-0.9534922591585444,0.3014175040118526,45.361140238466454,11.020482986046243
513,-0.9566645195178689,0.2911923712868266,45.36111673615268,11.020493723519095
514,-0.955353930567045,0.2954638173281085,45.36108178155659,11.020512832240255
515,-0.9521255940999607,0.30570713609563815,45.36105837178087,11.020510403096822
516,-0.9465853175358119,0.32245346427915184,45.36101746347182,11.020513496356642
517,-0.9568804583091878,0.29048199342816183,45.360987419733185,11.020524912635
518,-0.9556915894462109,0.2943698113967786,45.36096265790256,11.020536346540021
519,-0.9529133397916275,0.30324275234070525,45.3609265661741,11.02054536705084
520,-0.9445666371689658,0.32831976478322344,45.360896321554776,11.020555686321142
521,-0.9493208040023623,0.3143087830276278,45.36086299802643,11.020568608099506
522,-0.9622386424085623,0.27220726488418173,45.360835247817135,11.020575618620649
523,-0.95639659021782,0.29207115951378587,45.36080240769126,11.02058550179093
524,-0.95520144075122,0.2959564285275682,45.36076786513378,11.020592806626452
525,-0.9391931155079221,0.34338941710909354,45.360736318305996,11.020600038766293
526,-0.9535417505818318,0.301260900047344,45.3607050285258,11.020618809070417
527,-0.9568926640279031,0.29044178337419463,45.36068195018601,11.020626850165602
528,-0.9517983797776437,0.30672437831488425,45.36064907727027,11.020643082381602
529,-0.9495324945564716,0.313668681543702,45.360603529799455,11.02064912951248
530,-0.9473140329704015,0.3203062955006552,45.36058078693699,11.020662064987265
531,-0.9446812921651621,0.3279897197065171,45.36055497918292,11.020668190987124
532,-0.9540015920196734,0.29980153839486673,45.3605250425228,11.020676112508768
533,-0.9601739847404033,0.2794027899426485,45.360477475053685,11.020680509022204
534,-0.9641509634758393,0.26535432845275153,45.36044296317639,11.02069842962879
535,-0.9581429170845407,0.28629032544032446,45.36042101460968,11.020695581540693
536,-0.9625967121490047,0.27093831356957676,45.360396266412344,11.020710017096699
537,-0.9513694644170205,0.3080521744362007,45.360363538706636,11.020713866126135
538,-0.9599382042377852,0.2802117842717116,45.360335156351,11.020737753275817
539,-0.961356445761557,0.27530670931291623,45.36029865076511,11.020741536701506
540,-0.9567671250875482,0.2908550641672032,45.36026729648622,11.020751234908612
541,-0.9542173828098542,0.29911400225250595,45.360236624739414,11.020770440778216
542,-0.9457721409222173,0.32483081358671234,45.360202937804374,11.020772681199281
543,-0.9376943903827014,0.34746112047941996,45.36017825995826,11.020785087058432
544,-0.9373280928532215,0.3484480540168686,45.36013817100651,11.020792431381583
545,-0.9575987828299324,0.28810513900767565,45.36011627545251,11.020803234012494
546,-0.9550847393108186,0.2963328208882466,45.36007988997485,11.020818588357066
547,-0.9499299176084958,0.3124630404260903,45.36005286350263,11.020818473472508
548,-0.956315816874116,0.292335523664833,45.3600119028441,11.020845599260797
549,-0.9594593387211154,0.28184708148362975,45.35998725049047,11.020844219273604
550,-0.9630925323833605,0.26917052971565414,45.35995760643853,11.020850367574779
551,-0.9592054883031436,0.282709800341495,45.359928718075835,11.020864276696726
552,-0.9519703258738325,0.30619029810833215,45.35990021211625,11.020877858090648
553,-0.9456583705628706,0.32516187689268927,45.35985106576093,11.020883978920576
554,-0.9499355665631755,0.31244586631654897,45.359828999315404,11.020893278119125
555,-0.9559398257603484,0.2935626841498674,45.35979936306369,11.020897166430675
556,-0.9469285408034975,0.3214441453997239,45.35976611067429,11.020907630071918
557,-0.9563629850705374,0.29218117801626264,45.3597393942094,11.020915686730177
558,0.13630321126783557,0.9906671664076062,45.35970721645231,11.020929614220883
559,0.11860857040228279,0.9929410894041634,45.35970470493662,11.020922015572536
560,0.12352787200360049,0.9923411030680237,45.359708900764005,11.020947800253477
561,0.11691794876590268,0.9931415776496187,45.35971151360968,11.020955391297731
562,0.13896538884183365,0.9902972385622602,45.359704340809486,11.020955650153214
563,0.12763952984681437,0.9918206241153106,45.35970729676235,11.020958190579265
564,0.12413262295630491,0.9922656357639258,45.35971429449575,11.02096097288509
565,0.09064263799849306,0.9958834832331913,45.35971348784385,11.020984582926362
566,0.14986995684821303,0.9887057176098026,45.35971890264362,11.020978948941803
567,0.1290134769922406,0.9916428403182128,45.35972154511679,11.020988353685585
568,0.14935059064641892,0.9887843046254151,45.3597240456046,11.020996604762285
569,0.1466504136573528,0.9891883825511334,45.3597309036211,11.020996609542784
570,0.954032422955072,-0.2997034133113513,45.35972806448675,11.021006552959374
571,0.9560560870225222,-0.293183830500905,45.3597543873384,11.020995985416821
572,0.9581174619366978,-0.28637550372191484,45.35979731400799,11.020986743391791
573,0.9524840669540307,-0.30458841441970463,45.35981823088969,11.020973085924593
574,0.9520974708306039,-0.30579471224657767,45.35985288720472,11.02096838158484
575,0.9555149366194083,-0.2949427162979417,45.35989095864713,11.020954916853817
576,0.9483235464305955,-0.31730498150091835,45.359914083245094,11.020951134471058
577,0.9566510591713668,-0.29123658936730795,45.35995245711473,11.020939648195672
578,0.9605743570883176,-0.2780232085714524,45.35999017179872,11.020929368395958
579,0.9528337366323593,-0.30349278465099616,45.36000618927364,11.020920795965404
580,0.9496227127244948,-0.3133954426563533,45.36003763471491,11.02091341593313
581,0.9529895327429598,-0.3030032186006529,45.36007115479686,11.020903867833063
582,0.9492043592564405,-0.3146602681759649,45.36011256226624,11.02089013069732
583,0.9605672045710665,-0.27804791943570983,45.36012365378867,11.020873677431624
584,0.9610471379381519,-0.2763845123390363,45.360169662248104,11.020875057309192
585,0.9562854823218082,-0.29243473853245733,45.360204876489,11.020859108852413
586,0.9462729428189185,-0.3233690116396805,45.36021801774472,11.020854006755238
587,0.9536345218951321,-0.3009671055943536,45.36026534600423,11.020844556304674
588,0.9450021339795991,-0.32706416308425457,45.36029627901457,11.020822474549025
589,0.9542914349744455,-0.29887766248820546,45.360323204322455,11.020824553762736
590,0.9503987812111987,-0.311034012082711,45.36035465270295,11.020814236486322
591,0.9587006683943654,-0.2844169974178706,45.360381130489316,11.020806928335857
592,0.9576572665147427,-0.28791068040541845,45.3604175445472,11.020788426032562
593,0.9510327250487284,-0.30909020671381654,45.36043615424128,11.020791471266406
594,0.9489441394535797,-0.31544416335812114,45.360481168156575,11.020773998444087
595,0.9563299988310456,-0.29228912627022613,45.36050489960944,11.020766833875818
596,0.9460547700510139,-0.3240067469416696,45.36054252276267,11.02075722650314
597,0.9504430345923058,-0.3108987584326591,45.360578483469695,11.020743354143816
598,0.9541677303523998,-0.2992723548110484,45.360596589996604,11.02072610247572
599,0.9603773861243146,-0.27870284573543436,45.36063405828286,11.020721141844222
600,0.9534575750698695,-0.3015272003350346,45.360676337495946,11.020718770264335
601,0.9584795083095211,-0.285161414203848,45.36069493827077,11.020712817778438
602,0.9631073436726512,-0.2691175292763552,45.36073204064018,11.020698021602463
603,0.9607943611547464,-0.2772619620020799,45.360758080821114,11.020676918187428
604,0.952365382555479,-0.3049593056621754,45.36079091040261,11.0206797964009
605,0.9577215781110334,-0.28769667850100705,45.36082236424024,11.020667738085839
606,0.9541709970493768,-0.29926193942731544,45.36086597009326,11.020665947058298
607,0.9594825537929996,-0.2817680410672289,45.36089001595111,11.020647255797149
608,0.9595147818853731,-0.2816582740546867,45.36092000083625,11.020643109573655
609,0.955670853911081,-0.2944371222941586,45.36094321822742,11.020636597315207
610,0.9510491282184341,-0.30903973161222575,45.36097940784572,11.02062103122429
611,0.9541106153048875,-0.29945439346005426,45.3610086113045,11.020613074702599
612,0.9557373400578543,-0.2942212378791466,45.36103528222623,11.020599315999586
613,0.9460325374266482,-0.32407165585730796,45.36107508653045,11.02059132608542
614,0.9507339879022078,-0.31000787771855837,45.36109946166145,11.020584668991194
615,0.950505025543894,-0.3107091830245791,45.36112160002449,11.020567302639364
616,0.9573268074357411,-0.2890075842688069,45.36116701919808,11.020550974355658
617,0.9504003565925255,-0.31102919828980746,45.36120960977777,11.020554578320265
618,0.9624939821593385,-0.2713030304052263,45.361230641729094,11.020547544009565
619,0.9509627058158814,-0.30930556436530104,45.361258611276014,11.02054430204287
620,0.9434970347059137,-0.33138096731880623,45.36128980560671,11.02052734845412
621,0.9597459652766315,-0.2808695108679953,45.36132991383908,11.020520599121859
622,0.9602806669829752,-0.2790359127759941,45.361356048904426,11.02050555361521
623,0.9465833782233978,-0.3224591572140259,45.36138951607563,11.020499327173791
624,0.9550119598804324,-0.29656728829278417,45.361414799841185,11.020484684611764
625,0.9390732478333035,-0.3437170859934242,45.361451083875586,11.020469665393463
626,0.951896227474971,-0.30642058044282566,45.361478720043536,11.020468895022724
627,0.9512350131112923,-0.30846709683718215,45.36151437507429,11.020458729455022
628,0.9594219795957097,-0.28197422766744035,45.36154608948174,11.020450756167648
629,0.9547896034748883,-0.29728237939081703,45.36157146105199,11.02043309072626
630,0.942437517986248,-0.3343823031978825,45.36161288884078,11.020430049000176
631,0.9521313430920957,-0.3056892302676725,45.36164764429908,11.02041916087642
632,0.9578522781220662,-0.28726122832078793,45.3616683699153,11.020412799948364
633,0.9459584240934282,-0.3242879274451607,45.361707158168755,11.020391331274833
634,0.951386134783087,-0.3080006859448494,45.36173621314994,11.020392493823342
635,0.959068547476311,-0.2831740122992911,45.361766165040635,11.02037580043964
636,0.9493387772111813,-0.3142544925425554,45.36179756714582,11.020377957551087
637,0.9511842135846245,-0.30862370587399707,45.361828591568475,11.020366943901045
638,0.9482180346195491,-0.31762014864022653,45.36185909417761,11.020352033285798
639,0.9623177769638847,-0.2719273729128553,45.36188466046303,11.020338530471461
640,0.9450867079392666,-0.3268196971978883,45.36192123917023,11.020328863120561
641,0.9544333273712506,-0.2984242342757086,45.36195534183412,11.02031026370514
642,0.947200094016397,-0.32064307554558,45.36197545908489,11.020298625309145
643,0.9512028827563802,-0.3085661611971605,45.36201680109538,11.020301252956209
644,0.949780538330879,-0.3129168084458003,45.36204232392441,11.020296521138382
645,0.9492657245166125,-0.3144750932235345,45.36207384708802,11.020282203872235
646,0.9590052153280131,-0.28338842067676534,45.3621081187087,11.020281754722246
647,0.9630243175052029,-0.26941448345187025,45.36213795710128,11.020264555592028
648,0.9641248035080359,-0.26544936100995087,45.36215734523699,11.020246903464436
649,0.9524528450245991,-0.30468603185007836,45.3621995810017,11.020240347641996
650,0.9614368835638579,-0.27502566957107255,45.362229627624636,11.0202321420832
651,0.9572552319551129,-0.2892445693432517,45.36225868772661,11.020228265694358
652,0.9583251887700177,-0.28567959774703877,45.36228730517601,11.020208923613696
653,0.10602825519075255,0.9943631173274704,45.36232597096656,11.020206044879568
654,0.13080871056071058,0.991407626176763,45.36233079404944,11.020213042862817
655,0.11634775382019948,0.9932085381132173,45.36233087402751,11.020209185861516
656,0.14977330846677056,0.9887203629292347,45.3623207226036,11.02021354313885
657,0.1507996742161774,0.9885643419910991,45.36232850085139,11.020226219223353
658,0.10955067902358835,0.9939812114549604,45.362329688996,11.020217321123472
659,0.12439569716642107,0.9922326897086591,45.36232628053808,11.020226363046328
660,0.15947773993066466,0.9872015247489275,45.36232691492029,11.020228303211908
661,0.1218825699456284,0.9925445275369005,45.362328080614624,11.020233892657766
662,0.13583984949261585,0.9907308086911517,45.362322358686825,11.020235639641946
663,0.11147816319191726,0.9937668836962501,45.36231934701512,11.020249314363777
664,0.12726962785752433,0.9918681574811278,45.36232353477849,11.020239174339446
665,-0.9567083270385575,0.2910484100198531,45.362326721437555,11.020250441114413
666,-0.9627998113330514,0.2702156977250594,45.36229700760821,11.02025521369518
667,-0.9546991620069556,0.29757269710646633,45.36226781590777,11.02027290096663
668,-0.9543556138162007,0.29867266761038386,45.362240357808,11.02027947786548
669,-0.9523975400800218,0.30485886185171557,45.362200347118275,11.020292570661763
670,-0.9515875475807474,0.3073778444996626,45.362176451535746,11.020308559788756
671,-0.9407439132887282,0.3391178108124224,45.36213955334883,11.020308829768998
672,-0.9546351837046173,0.2977778803626144,45.36211580625321,11.020317704246022
673,-0.9629822493854541,0.2695648110724601,45.362080022691,11.020335031582437
674,-0.952814456633144,0.30355330871345554,45.36204806736858,11.020337192277015
675,-0.9591597743249709,0.28286485698451647,45.362015033833096,11.02035898280016
676,-0.9568456183342036,0.290596735485166,45.36198502836106,11.020368111099236
677,-0.9562815136141769,0.2924477162157003,45.36196320096384,11.020372205637152
678,-0.953602912865282,0.30106724261342244,45.361919723873754,11.020383534826466
679,-0.9576871437295744,0.28781128319628047,45.361893483849215,11.020397119486528
680,-0.9592114919660035,0.28268942972872807,45.361858783705934,11.020392719610529
681,-0.954849611691031,0.2970895808564941,45.3618300964717,11.020409348919147
682,-0.9562815775806639,0.29244750705013156,45.361793128356105,11.020420686296744
683,-0.9535672358113053,0.3011802231010303,45.361766929201714,11.020425659446463
684,-0.9539722834568586,0.29989478554337534,45.361733441967864,11.020446175403551
685,-0.9532928901597141,0.30204745582596687,45.361706097926515,11.020447308865585
686,-0.9563700486781559,0.29215805652307747,45.36167797050353,11.020466586888581
687,-0.9532026095987185,0.30233224282929694,45.36165520311181,11.020474836559812
688,-0.9446518447428588,0.32807452236330964,45.36161824247047,11.020479823412584
689,-0.949560037986435,0.3135852902468484,45.361580585917544,11.020489087952454
690,-0.9473348367814476,0.320244761112915,45.361553145100245,11.020508900621682
691,-0.9526533836289975,0.3040584329700822,45.36152045244014,11.020507835034701
692,-0.9502670357609339,0.31143628681662644,45.36148653738131,11.020536539214122
693,-0.9503634819451675,0.31114185219133944,45.36145680251299,11.020529667073589
694,-0.9567668874920003,0.29085584573611367,45.3614262878328,11.020541893277288
695,-0.944421462789649,0.3287371299720488,45.36140280689821,11.020548055236542
696,-0.9506863802057206,0.31015384326386175,45.36136040029406,11.02056552136129
697,-0.9577846757050362,0.28748654748457103,45.361342095683625,11.02056094726002
698,-0.9541239247205615,0.29941198418872994,45.36130417063977,11.020584448638795
699,-0.9494222316173646,0.31400227086870464,45.361274386021684,11.020591550034181
700,-0.9568107966887497,0.29071136775131456,45.36124199287405,11.020606301515619
701,-0.9604057295524383,0.2786051590384657,45.36121206675891,11.020600933496974
702,-0.950749734171054,0.309959582806646,45.361183338276895,11.020622773881344
703,-0.9420575006321134,0.33545143538636973,45.361149006171246,11.020637890103021
704,-0.9508548087775814,0.3096370982691658,45.36111742575214,11.020646817903893
705,-0.9536915939868569,0.30078620905687836,45.36109194545313,11.020663702118567
706,-0.959984784248867,0.2800521630172784,45.36105488313625,11.020665961873885
707,-0.9504360487669677,0.3109201138624422,45.3610221823348,11.020676788868245
708,-0.9534514044702231,0.3015467116613262,45.360996639206824,11.020675168478721
709,-0.9497708947886893,0.3129460774834739,45.36096564346686,11.020691267235208
710,-0.9551469698844014,0.2961321764358719,45.360927395093185,11.020703211419725
711,-0.9497289224061889,0.31307343219311873,45.36090020099814,11.020710897071737
712,-0.9510756932506809,0.30895796754208604,45.36087246586211,11.020718604948454
713,-0.95237515674222,0.3049287799146417,45.360836815045296,11.020737190152387
714,-0.9588059079757184,0.2840620193388378,45.36080796443627,11.02074769418731
715,-0.9544810916935207,0.2982714294054074,45.360778543763765,11.020742481316136
716,-0.9554957306395402,0.2950049300089935,45.36073974040065,11.020767673449612
717,-0.9630306840445918,0.26939172516728416,45.36070722175486,11.020776063756214
718,-0.957905064601669,0.28708515672265666,45.36067814081845,11.020790451544277
719,-0.9505539630402347,0.31055943609638414,45.36065257344889,11.020787277957517
720,-0.9561327923866879,0.2929335817601574,45.360622968125796,11.020801327152817
721,-0.9528628486173821,0.30340137067054895,45.3605984821883,11.020815285956731
722,-0.9614164505759932,0.2750970893373079,45.36056227405493,11.02082977674561
723,-0.959452338971527,0.2818709088254159,45.36053096201268,11.020832876263988
724,-0.9519699565193661,0.30619144645877405,45.36049546999162,11.020848591711017
725,-0.9451143900889704,0.32673963586738847,45.36046815595212,11.020856019216108
726,-0.9513110680409996,0.3082324639337857,45.3604289749936,11.02085505790556
727,-0.9494344662872378,0.31396527550967784,45.36040401421929,11.020873149172145
728,-0.9519820564662866,0.3061538243534121,45.36036675539648,11.020890869991106
729,-0.9555387412942487,0.2948655861334161,45.36035146474911,11.020891807490251
730,-0.9484329522133038,0.3169778149270971,45.36030770271057,11.020899967336469
731,-0.943523560526159,0.3313054342023981,45.36027671937832,11.020914994452106
732,-0.9536747952819529,0.3008394668987521,45.360259938005974,11.020920964817154
733,-0.9575739082267056,0.2881878038422734,45.360217064647884,11.020939163796415
734,-0.9570070878546295,0.29006453384721365,45.36017998012286,11.020945957431799
735,-0.9505113992138553,0.3106896843548543,45.360158716176464,11.02096130188757
736,-0.949100323784166,0.3149739281159495,45.36012090600512,11.020975965010752
737,-0.9522912851161324,0.3051906097701323,45.36009143437478,11.020971469554443
738,-0.954058755209653,0.2996195781450328,45.36007452840813,11.02097826446939
739,-0.9477300529759983,0.31907326225509947,45.360033524770415,11.021001301051314
740,-0.9526842656538936,0.303961658726066,45.36001112545247,11.021008045252328
741,-0.9514472897043399,0.3078117199105096,45.35996741234413,11.021026063359173
742,-0.9543572434041564,0.2986674605008383,45.35994075455832,11.021022767231035
743,-0.9558991846161151,0.2936949928927053,45.35990699065766,11.02102912309634
744,-0.9621163292593349,0.2726392652802291,45.359878926021636,11.021050710842669
745,-0.9591106908012157,0.28303123995561824,45.359843526523555,11.021046494191612
746,-0.9540831025401939,0.2995420395324801,45.359811653781286,11.021061876877551
747,-0.9549859833431932,0.2966509255303855,45.359780783721696,11.021077873968984
748,0.17248560091691154,0.9850120392545119,45.35975378526175,11.021086248156431
749,0.1537150070897645,0.9881152243515903,45.35975915165571,11.021099725606678
750,0.14693737018188946,0.9891457977689793,45.359753246977405,11.021102039814235
751,0.14004704611549348,0.9901448504508443,45.359751002795115,11.02110003208644
752,0.14656698321126946,0.9892007477920483,45.35975571026512,11.02111397893469
753,0.13928946711930673,0.9902517075721806,45.35975451868004,11.021109285905883
754,0.14847887845395719,0.9889155791335552,45.359735877405264,11.021121642984022
755,0.10536170181199653,0.9944339655257557,45.359745917220785,11.021128204939542
756,0.10791280938146887,0.9941603621002996,45.359749827360176,11.021135600382983
757,0.1499678997419049,0.9886908662706468,45.35974939149528,11.02114429921957
758,0.11759713282502335,0.9930613849865142,45.359757190395996,11.021157396140522
759,0.13527189533572262,0.9908085154722285,45.35975052768586,11.021143159738761
760,0.9523682381150873,-0.304950387816714,45.35975098821976,11.021161376941896
761,0.9538708346685809,-0.3002173059113428,45.35979166783012,11.021162543684666
762,0.9519639374065711,-0.3062101596573469,45.359824537140874,11.021145205964627
763,0.9579972632258934,-0.2867773415939592,45.35984913794274,11.021129504136313
764,0.9580054112250822,-0.2867501212963322,45.35986763227116,11.021128538013054
765,0.956918740597839,-0.29035585734172087,45.35990417780319,11.021117393725165
766,0.9555196220019402,-0.29492753681077233,45.35993393595408,11.021097706527032
767,0.9538111130420229,-0.30040699165887813,45.35996671754044,11.021085045273317
768,0.959752811256848,-0.28084611673401705,45.36000597820199,11.021075969322391
769,0.951465950966414,-0.30775403190141554,45.36002887191652,11.021082502697553
770,0.9533831475283469,-0.30176244631985333,45.36006113132898,11.021064291809001
771,0.9631322470765157,-0.2690283900285274,45.36008933822668,11.021043706256286
772,0.9450372150097887,-0.32696278419193586,45.360140439649015,11.02104091098168
773,0.9586902677585871,-0.2844520530862248,45.36015274617964,11.021027997785511
774,0.9455718746513166,-0.32541332159024267,45.36018980037275,11.021020598518492
775,0.9518378008941809,-0.3066020234586356,45.360217284335135,11.021012111257706
776,0.9533447805777839,-0.30188363543772456,45.36024853939354,11.02099351710738
777,0.9553715319467367,-0.2954068989474438,45.360290541375996,11.020994840949108
778,0.9562853382182299,-0.29243520976251414,45.36031541483135,11.02098117623947
779,0.9478663671275898,-0.3186680876215021,45.360341065712745,11.020976622794315
780,0.9535633718882954,-0.3011924564012592,45.36037762438712,11.020958262427042
781,0.9611506970480429,-0.27602416119619183,45.36040536990625,11.020955203529732
782,0.951126569592705,-0.30880130928286753,45.36044349571579,11.020939677282346
783,0.958553492763857,-0.28491262083349395,45.36046497962884,11.020938105532235
784,0.9479017821683057,-0.3185627275155555,45.36050368058402,11.02091622016666
785,0.9515125002341781,-0.3076100809435593,45.36052869066638,11.020915130429671
786,0.9480055834577076,-0.3182536939817217,45.3605643010124,11.020905892808134
787,0.9435996036538062,-0.33108879169246996,45.36059985135962,11.020889731777325
788,0.9453373622216629,-0.32609396128690976,45.36062508179998,11.02087967374307
789,0.9584984064107469,-0.2850978865373413,45.36065088692923,11.020874233752224
790,0.9440772519611786,-0.32972434294335795,45.360685181817736,11.020864383413429
791,0.9535300971054265,-0.30129778278991026,45.360720233258895,11.020850913929635
792,0.9505087655201996,-0.31069774165459624,45.360754434405905,11.020832358111626
793,0.954986207179056,-0.29665020495148997,45.360778584958716,11.020825268287428
794,0.9515152836899108,-0.3076014709075829,45.36081416950389,11.020821921254432
795,0.9520919411177106,-0.3058119285749166,45.36085073563066,11.020811675040942
796,0.955535813065753,-0.29487507515687117,45.36087641268705,11.020801598459165
797,0.9553459708566221,-0.2954895530607099,45.36090545803149,11.020798280020363
798,0.9505672311791349,-0.31051882230942646,45.36092728421962,11.020776234554207
799,0.9569322237135035,-0.2903114176513375,45.36096623882545,11.020770152829348
800,0.9508894984532746,-0.30953055056210504,45.361006031818654,11.020761426970388
801,0.9585105924178374,-0.2850569140063196,45.36103418392501,11.020757973829971
802,0.9645812383850455,-0.2637859635302305,45.36105811298507,11.02073838605761
803,0.9483695622917894,-0.3171674215906796,45.36109677011728,11.020728011267108
804,0.9523622684793052,-0.3049690305210544,45.36111696046683,11.020715425174567
805,0.9465134565709782,-0.32266434034466684,45.36115784556488,11.020701187297455
806,0.9505514351488269,-0.31056717330797445,45.361183751973485,11.020703662055967
807,0.9535371751633954,-0.3012753816384808,45.36122787130549,11.020691784408424
808,0.9575072365582858,-0.2884092438506692,45.36125493853182,11.020682102045269
809,0.9510548614633388,-0.3090220873771799,45.36129058525446,11.020667179985244
810,0.9470126743120648,-0.3211961934586259,45.361320205812234,11.020663760100089
811,0.9577335893242135,-0.2876566910053696,45.36134026152402,11.020638073563438
812,0.9557983442551968,-0.2940230010033641,45.361377330283446,11.020635202149679
813,0.9571624273911817,-0.2895515283859174,45.36141331075454,11.020630378849612
814,0.9479070549622812,-0.3185470375827324,45.36143663777339,11.020623668944948
815,0.9455995498114222,-0.3253328931977761,45.36147246446899,11.020609657877843
816,0.9475331109263485,-0.31965763513208334,45.3614985984089,11.020599408941575
817,0.9544782655084401,-0.29828047316577705,45.36154156893752,11.020592945780667
818,0.9608595364755955,-0.2770360105905075,45.36157089639997,11.020582820471892
819,0.9524718949249678,-0.3046264751758145,45.36159131685393,11.020567572671352
820,0.9629955236100602,-0.2695173862795978,45.361619753159324,11.020555114094064
821,0.9543674035907848,-0.29863499286484196,45.36165383616801,11.02055347791731
822,0.955364704410884,-0.2954289788864734,45.3616911698575,11.020547231607175
823,0.9454046633390396,-0.3258987918615184,45.361724575018805,11.020532824642789
824,0.9588772231804157,-0.28382119523709853,45.361749732682846,11.020518788559203
825,0.9558877331175016,-0.29373226189079726,45.36178710900308,11.020516605436299
826,0.9492048084683142,-0.31465891307991073,45.36180881067048,11.02049879530641
827,0.9553699226682255,-0.2954121034434925,45.36184071039592,11.020489696170866
828,0.957980887839278,-0.2868320388915238,45.36187458416983,11.020482792878786
829,0.9532693586297597,-0.30212171371420243,45.361900940517316,11.020474544605255
830,0.9540429489924175,-0.29966990419101386,45.3619440815985,11.020457095610338
831,0.9452216265616266,-0.32642928281665073,45.3619711789482,11.020445318184441
832,0.9511265157298525,-0.3088014751836372,45.362002447218636,11.020436790222293
833,0.9505466425794699,-0.31058184151829876,45.36203971488757,11.020425576283621
834,0.9510804350602293,-0.30894337028919217,45.36207002982103,11.020416753753162
835,0.957255809748351,-0.2892426571289732,45.36208964475572,11.020414948988167
836,0.9550685287133742,-0.2963850628173943,45.36212002939865,11.020405211745787
837,0.9484617465852413,-0.3168916459367044,45.36215756794336,11.020394307439235
838,0.9475277073786329,-0.3196736519480325,45.36219529698372,11.020374414843436
839,0.9460427885962113,-0.3240417290181995,45.36222194998127,11.020377587147854
840,0.9639572958888816,-0.266057008369626,45.36225390958412,11.020363363753706
841,0.9530318897519388,-0.3028699673388704,45.36227155275864,11.020350504906899
842,0.9515478428391383,-0.30750073624006574,45.36231049563791,11.020334065503244
843,0.12925731935349472,0.991611085755675,45.36234423159713,11.020331320962846
844,0.13567033301755418,0.9907540364484547,45.36234442575364,11.020334075081351
845,0.13814267034201827,0.9904123397003778,45.3623452901933,11.020338376654228
846,0.0970680430872876,0.995277747672078,45.36235290828106,11.020344423898685
847,0.09950217453274178,0.9950373446576042,45.362355147492195,11.020344843987447
848,0.13660984061766418,0.990624929752132,45.36233929889248,11.02035003149261
849,0.16089080793235297,0.9869722123357246,45.36235068877656,11.020355033396857
850,0.1353737012542502,0.9907946109102154,45.362352959980534,11.020365441090005
851,0.13210999152522301,0.9912350630093779,45.362359832382126,11.020368103722683
852,0.14614297177747973,0.9892634794634071,45.362349997799,11.020368444225934
853,0.08634584629338714,0.996265223134823,45.362364987624,11.020385071533129
854,0.10040620767209026,0.9949465279405266,45.362346634348306,11.020383048669963
855,-0.9493082189984731,0.31434679152481754,45.362356403575056,11.0203857348743
856,-0.955134499224357,0.29617239640357557,45.362326771862456,11.020400237677388
857,-0.9564450262300661,0.2919125070971918,45.362292410284546,11.020409262365783
858,-0.9540835664900299,0.29954056178364996,45.36226383435365,11.020411614936775
859,-0.9457343252754277,0.32494089615779603,45.362233406124176,11.020424355963778
860,-0.9513883804436132,0.3079937492172182,45.36220353342962,11.02043683169502
861,-0.9509596742355894,0.3093148848305588,45.362166838646075,11.020449600757495
862,-0.9501908057548081,0.3116687867898045,45.36214183850737,11.020447934798941
863,-0.9503076616394873,0.3113123001573977,45.36210185126238,11.020467250158596
864,-0.9617933855796561,0.27377633837719256,45.36207239647132,11.020477800246532
865,-0.9484270880923538,0.316995360490747,45.362036538991106,11.02048112738996
866,-0.964442803872475,0.26429165340320265,45.36200990774238,11.020489131616845
867,-0.9509052024642436,0.3094823030908809,45.361979737181805,11.020505420437255
868,-0.9627708919392004,0.27031871861674056,45.361945825079225,11.020503981254903
869,-0.9542694637822442,0.2989478056329368,45.3619175136152,11.020525234084355
870,-0.9461647343513744,0.32368548850665707,45.36188534363859,11.020539103619535
871,-0.9520724255444697,0.3058726802410936,45.36186714873667,11.020536487554365
872,-0.9531808307434545,0.302400899309539,45.36182231648734,11.020548932508781
873,-0.9494953265287488,0.3137811735908715,45.361790402795336,11.020555226976406
874,-0.9572813077994374,0.2891582572533574,45.361769483761464,11.020572248891645
875,-0.9501795776092911,0.3117030161776257,45.36173082417342,11.020574285214183
876,-0.9582373260334601,0.28597417190411495,45.361700249886006,11.020584597917109
877,-0.9445665585287307,0.3283199910288589,45.36165755115849,11.020607612012494
878,-0.9567123576545199,0.2910351606097278,45.361643081889405,11.02060517333271
879,-0.9568926898776272,0.2904416982093982,45.361603711855544,11.02061566175611
880,-0.95267812226022,0.30398091283292994,45.36157512376354,11.020622589759785
881,-0.9535413369956774,0.3012622091144123,45.361543946295605,11.020636536957195
882,-0.9529662959818126,0.3030762919179004,45.36151959844512,11.02064489043176
883,-0.951166182048433,0.30867927388700284,45.36147632712579,11.0206517611414
884,-0.9507430745698251,0.30998000928691505,45.36144767794933,11.020675143112747
885,-0.9652283989094531,0.2614079913443612,45.361417043722895,11.020683043171244
886,-0.939038363246394,0.3438123795786496,45.36138299886312,11.020685925463663
887,-0.9624836000641295,0.27133985996825605,45.361361351369375,11.020698771778932
888,-0.9567511055342556,0.29090775524035073,45.36132688932331,11.020702727995564
889,-0.9548973448229967,0.29693612250784,45.361291873448316,11.020713252424823
890,-0.9519490364881511,0.3062564806322973,45.361267314615,11.020727076000927
891,-0.9612454912010371,0.2756938621835403,45.36123129534457,11.020732726142931
892,-0.9537799277704581,0.3005059889289727,45.36118998152397,11.020755295786865
893,-0.951339899977402,0.30814346449500885,45.36117283606226,11.020756764595665
894,-0.9546655069800707,0.2976806506686059,45.36113711473166,11.02075886212755
895,-0.9515178755168516,0.3075934533957074,45.36110193354531,11.020775362556916
896,-0.9506800584518561,0.3101732200915733,45.36107710234322,11.020784388589524
897,-0.9497120406648548,0.3131246394268538,45.361044335373926,11.020800979755961
898,-0.9537393118720389,0.30063486988346794,45.36100642297677,11.020797384118719
899,-0.9448123276819977,0.3276120654983961,45.36098355670581,11.020812345530487
900,-0.9547855260436123,0.29729547466724504,45.36094545863553,11.020825990815297
901,-0.9522107713209967,0.30544172436042927,45.360924358448194,11.020827750126209
902,-0.9560217429452404,0.2932958012245394,45.36087944111153,11.020844613079193
903,-0.9547775382074466,0.2973211269562387,45.36085935388405,11.020852917388495
904,-0.954140746117305,0.29935837485981975,45.360821933893114,11.02085948002226
905,-0.958441411188151,0.2852894342937814,45.360792236726304,11.020871126723266
906,-0.9485528378399515,0.3166188778733428,45.360761486043465,11.02087518990464
907,-0.9541107335539989,0.2994540166988084,45.36072257347252,11.02089192743672
908,-0.9542105632477393,0.29913575678349136,45.36069568129879,11.020900852213854
909,-0.9509766572123339,0.30926266738365804,45.36067408623062,11.020915515716133
910,-0.9542849605115632,0.29889833412289907,45.360633551644455,11.020916248403953
911,-0.9606756607593641,0.27767296379834905,45.36059606206443,11.020925723222751
912,-0.9495102040538188,0.3137361509257027,45.36057282855038,11.02094239755612
913,-0.9580934815252727,0.2864557219864562,45.36053547403781,11.020951208500794
914,-0.948805772177534,0.3158601061903724,45.36051401335723,11.020964984046259
915,-0.9459635776386931,0.3242728939967142,45.36047652951418,11.020975640789944
916,-0.9559576107481677,0.2935047639351954,45.36044687616967,11.020981947296168
917,-0.9542264792017036,0.29908498188695587,45.36041896988588,11.020987204266662
918,-0.952382855448614,0.3049047337243952,45.36038865227055,11.020989403185471
919,-0.943161914667184,0.3323335714629679,45.360351502014694,11.021007935159028
920,-0.9627326316580509,0.2704549499283823,45.36032841191828,11.021017745502546
921,-0.9523728311725933,0.30493604320299533,45.360296356612466,11.021029244358399
922,-0.9527534094019584,0.30374486147578583,45.36026344233152,11.021044782930169
923,-0.9571340634401933,0.2896452737443924,45.360228331453506,11.021039167619548
924,-0.9610082422392967,0.2765197250615899,45.3602065401949,11.021063204469863
925,-0.9548191446200871,0.29718748470782763,45.36017099789261,11.021066217164131
926,-0.9546766158753133,0.2976450219655277,45.36013064997714,11.021078744652328
927,-0.9540008447587806,0.2998039162511609,45.360110710231574,11.021090085106996
928,-0.9616028601103319,0.27444478393226845,45.36007167390913,11.021096083909967
929,-0.9517158390477731,0.30698039303120506,45.3600410839348,11.021113576952242
930,-0.9581240422793275,0.2863534871558605,45.3600025795935,11.021120149993871
931,-0.9664632687667674,0.2568048872678541,45.35997468874324,11.021126603507392
932,-0.9566158532480425,0.2913522083570324,45.35995347648017,11.021141208971645
933,-0.952752905544103,0.30374644191705286,45.35992037137501,11.021143294618776
934,-0.9576871800007906,0.28781116250439875,45.35989441552672,11.02114718217044
935,-0.9455223639740429,0.3255571520101156,45.35985874550617,11.02116909819638
936,-0.9492406691615121,0.3145507145275699,45.35982867011225,11.021168002597593
937,-0.9505248751666777,0.3106484535441498,45.35979054434796,11.021185725929923
938,0.13547320950423794,0.9907810098637443,45.35976052177515,11.021192528430031
939,0.15569528380533892,0.9878051318963549,45.35975814045643,11.021192952140698
940,0.10305468117996133,0.994675692216763,45.35975763618606,11.021197053425764
941,0.1366956674015177,0.9906130902192105,45.35975363331379,11.021214225552526
942,0.14067777560614175,0.9900554345341013,45.35976043716656,11.021208689502634
943,0.09611512391986404,0.9953702240643273,45.35974966401329,11.0212115769645
944,0.14483661013837704,0.9894555858468957,45.35975332682963,11.021216744131083
945,0.11980315558384642,0.9927976651423757,45.35975699419783,11.021228287084154
946,0.12642725237713062,0.9919758816908651,45.359767308959896,11.021230734446387
947,0.17497948032283148,0.9845720803810922,45.359757686656955,11.021234208881895
948,0.10960074036342658,0.993975692716773,45.35976652086624,11.021234468416393
949,0.13950696624551173,0.990221089640578,45.35976772087562,11.02124627724311
