,Sin,Cosin,Lat,Lon
0,0.9537169507482269,0.30070579950427306,45.3596665575,11.020597651
1,0.9551398575044203,0.2961551157863656,45.35970090069472,11.020590748240759
2,0.9551655486596027,0.2960722456661554,45.35974493591788,11.020582591190879
3,0.9551968839240723,0.2959711353185346,45.3597724078259,11.020561329391608
4,0.9552348260195253,0.29584865583511993,45.359812444149874,11.02055504141033
5,0.9552804319623668,0.2957013633884598,45.35984238246384,11.020540572909365
6,0.9553348452902335,0.2955255206818621,45.35988095181774,11.020535156593919
7,0.9553992832489616,0.29531713388723396,45.35989940571231,11.020521065904433
8,0.955475018305637,0.2950720071335856,45.359942392222486,11.020504857594604
9,0.9555633535012973,0.2947858162214639,45.359979768743166,11.020497684109449
10,0.955665591370494,0.29445420267077876,45.3599992479196,11.020484476837884
11,0.9557829964351797,0.29407288845690843,45.3600382264185,11.020478215276496
12,0.9559167516229292,0.29363781086002355,45.360079104862635,11.020465701726861
13,0.9560679093536893,0.29314527576624133,45.36012393722768,11.020447683006052
14,0.9562373384676259,0.2925921265522211,45.36014483126667,11.020448745583638
15,0.9564256686047888,0.2919759244079596,45.36018468897911,11.020441826560779
16,0.9566332340647719,0.2912951346706215,45.36022318837048,11.020425634333938
17,0.956860019536344,0.290549312532154,45.360249200740576,11.020419315752516
18,0.9571056103563685,0.2897392804304643,45.36028879024163,11.020413737007539
19,0.9573691500988974,0.2888672886273466,45.36032570346349,11.020395879843527
20,0.9576493082793427,0.2879371500034277,45.36036205390488,11.02038810110696
21,0.9579442607647811,0.2869543400400438,45.360396729767835,11.020377421443195
22,0.9582516851026839,0.28592605337371185,45.36042941402329,11.02037495419502
23,0.9585687724254508,0.2848612092419119,45.36046912919776,11.020356223532815
24,0.9588922568827422,0.2837703996020749,45.360493522215975,11.020353397464385
25,0.9592184627394537,0.28266577567820156,45.36052983380648,11.020344315209668
26,0.959543368408869,0.2815608711141543,45.36056060117808,11.020326928861452
27,0.9598626858305283,0.2804703626948926,45.360597328860656,11.020324567328911
28,0.9601719528144486,0.27940977260734506,45.36063823130244,11.020316539348519
29,0.9604666353154345,0.27839511929243316,45.360673003858345,11.020304143890064
30,0.9607422361186335,0.2774425269092104,45.360707171426625,11.020290324766089
31,0.9609944061376908,0.2765678061019881,45.36074900571045,11.02028918021097
32,0.9612190544567017,0.2757860209462476,45.3607812589,11.020280030374236
33,0.9614124533730892,0.27511105848209283,45.36081933187388,11.020275452770202
34,0.9615713349899276,0.2745552179902768,45.36084937519301,11.020264998280721
35,0.9616929763211028,0.27412883703590674,45.36088645655984,11.020249492963499
36,0.961775270365153,0.2738399702637235,45.360914781122744,11.02023865740186
37,0.9618167811312771,0.2736941350015909,45.36095030131715,11.020232096196033
38,0.9618167811312771,0.2736941350015909,45.36098495370302,11.020223546798364
39,0.961775270365153,0.2738399702637235,45.361016202099044,11.020213287022218
40,0.9616929763211028,0.27412883703590674,45.3610652217029,11.02021378011311
41,0.9615713349899276,0.2745552179902768,45.36109465670279,11.020192150461787
42,0.9614124533730892,0.27511105848209283,45.3611189392577,11.020179102323517
43,0.9612190544567017,0.2757860209462476,45.36115859597011,11.02016290155288
44,0.9609944061376908,0.2765678061019881,45.36119470061745,11.020157851916757
45,0.9607422361186335,0.2774425269092104,45.36123269233031,11.02014539785178
46,0.9604666353154345,0.27839511929243316,45.3612680740566,11.020136845641462
47,0.9601719528144486,0.27940977260734506,45.36129803708204,11.020125702169636
48,0.9598626858305283,0.2804703626948926,45.36132948505107,11.020101475119697
49,0.959543368408869,0.2815608711141543,45.36136190953129,11.020102808813624
50,0.9592184627394537,0.28266577567820156,45.361405290933156,11.020087819618931
51,0.9588922568827422,0.2837703996020749,45.36143453850839,11.020072150895896
52,0.9585687724254508,0.2848612092419119,45.36147068238136,11.020073149768614
53,0.9582516851026839,0.28592605337371185,45.3615005423352,11.020054138747364
54,0.9579442607647811,0.2869543400400438,45.36153550796478,11.020043370746276
55,0.9576493082793427,0.2879371500034277,45.36157526244993,11.020024286371244
56,0.9573691500988974,0.2888672886273466,45.36160569368004,11.020013249096033
57,0.9571056103563685,0.2897392804304643,45.36163167922453,11.019997201133902
58,0.956860019536344,0.290549312532154,45.36167602911283,11.019987126960023
59,0.9566332340647719,0.2912951346706215,45.36170416446062,11.019963152120434
60,0.9564256686047888,0.2919759244079596,45.36173105603568,11.019964099856574
61,0.9562373384676259,0.2925921265522211,45.361769033542636,11.01995465867412
62,0.9560679093536893,0.29314527576624133,45.361809094248635,11.019941475499206
63,0.9559167516229292,0.29363781086002355,45.3618345217489,11.019924984326678
64,0.9557829964351797,0.29407288845690843,45.3618800597469,11.019922114815227
65,0.955665591370494,0.29445420267077876,45.36192257090965,11.019902020280608
66,0.9555633535012973,0.2947858162214639,45.361941921599644,11.019895188348384
67,0.955475018305637,0.2950720071335856,45.36197967554515,11.01988491721192
68,0.9553992832489616,0.29531713388723396,45.36201155621592,11.019871438941484
69,0.9553348452902335,0.2955255206818621,45.362048545236306,11.019857570744866
70,0.9552804319623668,0.2957013633884598,45.36208196757985,11.019858426485364
71,0.9552348260195253,0.29584865583511993,45.36212008373689,11.019845141714013
72,0.9551968839240723,0.2959711353185346,45.36215482119991,11.01983869779215
73,0.9551655486596027,0.2960722456661554,45.36219099310707,11.019815184698693
74,0.9551398575044203,0.2961551157863656,45.36221760183562,11.019803512798843
75,0.9551398575044203,0.2961551157863656,45.36225589,11.01979384
76,0.1871863868101744,0.9823244151465196,45.36226261216894,11.019797696253699
77,0.1871863868101744,0.9823244151465196,45.362258876999476,11.01980637888837
78,0.1871863868101744,0.9823244151465196,45.362257063139076,11.019804280208051
79,0.1871863868101744,0.9823244151465196,45.36227053318077,11.019807120339443
80,0.1871863868101744,0.9823244151465196,45.362261967355614,11.01982033285531
81,0.1871863868101744,0.9823244151465196,45.36226406951461,11.01981727919246
82,0.1871863868101744,0.9823244151465196,45.36225839210948,11.01982455428042
83,0.1871863868101744,0.9823244151465196,45.362248509493014,11.01982891200575
84,0.1871863868101744,0.9823244151465196,45.362258784681906,11.019830306504188
85,0.1871863868101744,0.9823244151465196,45.36226214391825,11.019838095158589
86,0.1871863868101744,0.9823244151465196,45.36225545038168,11.019839355045626
87,0.1871863868101744,0.9823244151465196,45.3622564083598,11.019846119751197
88,0.1871863868101744,0.9823244151465196,45.36225427658028,11.019845360372653
89,0.1871863868101744,0.9823244151465196,45.36226747,11.01985461
90,-0.9543823532059427,0.29858721320426196,45.36224099027723,11.019861563446286
91,-0.954404031411377,0.29851791374339887,45.36220284892291,11.019879402790574
92,-0.9544299522212532,0.2984350286124877,45.362173383720446,11.019877954226333
93,-0.9544607670098192,0.29833646146427956,45.362143404752295,11.01989953534889
94,-0.9544971867910363,0.2982199195358978,45.362113394436946,11.019905632492428
95,-0.9545399788949158,0.2980829225086431,45.36207521254252,11.019915834722633
96,-0.9545899613023117,0.2979228184964207,45.36205018643903,11.019924554816246
97,-0.9546479943347691,0.2977368081252343,45.362026708058174,11.019926315551794
98,-0.9547149694407205,0.2975219775509098,45.36199108803971,11.019939588226901
99,-0.9547917948862203,0.2972753410862559,45.36195933151933,11.01995178335069
100,-0.9548793782487194,0.2969938938687783,45.3619235891152,11.019960229733062
101,-0.9549786057260428,0.29667467469526837,45.36189533822735,11.019961055432876
102,-0.955090318408157,0.29631483878301684,45.361865939086314,11.019975360639599
103,-0.9552152858131702,0.2959117397956079,45.36183439787277,11.019984181497533
104,-0.9553541771560193,0.29546302000511876,45.36180421769623,11.020002541476323
105,-0.9555075309912272,0.2949667069671577,45.36177410960597,11.020004359631605
106,-0.9556757240410242,0.2944213145794037,45.36174568354468,11.020012379955492
107,-0.9558589401764814,0.2938259459011299,45.36171646682378,11.020025815604965
108,-0.9560571406508144,0.29318039465589957,45.36168024583422,11.02003928169836
109,-0.9562700367791481,0.2924852419497551,45.361640812236466,11.020038377869941
110,-0.9564970663069902,0.29174194444083845,45.36161602165027,11.020056374211284
111,-0.9567373747014885,0.2909529100203394,45.36158999483472,11.02004625809853
112,-0.9569898025289101,0.29012155703373327,45.361560936370786,11.020065211616032
113,-0.9572528799461444,0.2892523532053155,45.3615228689058,11.020078125819154
114,-0.9575248291350843,0.2883508307423922,45.36148852365423,11.020079849357007
115,-0.9578035752529773,0.28742357459438544,45.36146586860553,11.020088395273657
116,-0.9580867661702587,0.28647818152420634,45.36142476123121,11.020110025908258
117,-0.9583718009351802,0.28552318850184394,45.36140078798236,11.020113741096678
118,-0.9586558665598729,0.28456796993045286,45.361371362427604,11.020118941076296
119,-0.9589359823851871,0.28362260433004327,45.361335978020975,11.020119232786742
120,-0.9592090509715304,0.2826977122905243,45.361304897679894,11.020143268131706
121,-0.9594719141979381,0.28180426871384445,45.36127532104841,11.020155307333805
122,-0.9597214130462497,0.28095339353798493,45.361249290803364,11.020151929126826
123,-0.9599544494112621,0.28015612621451047,45.361213788099136,11.020161744683634
124,-0.9601680482151789,0.2794231901375653,45.361179389429644,11.020178172848222
125,-0.9603594181139956,0.27876475394093103,45.36114433810342,11.02018341838246
126,-0.9605260091577914,0.2781901970440484,45.36111922961398,11.020186720430281
127,-0.9606655658954258,0.2777078870014699,45.36108552563494,11.020201897640307
128,-0.960776174583461,0.2773249760709825,45.361056980082445,11.020195970721248
129,-0.9608563033553486,0.2770472239570257,45.36103103035342,11.020209696819922
130,-0.9609048344172446,0.27687885291868675,45.36100088923853,11.020226236736361
131,-0.9609210875510868,0.2768224403830665,45.360962892232074,11.020227568153656
132,-0.9609048344172446,0.27687885291868675,45.36093590145683,11.020232048642889
133,-0.9608563033553486,0.2770472239570257,45.36089161581725,11.020253885933531
134,-0.960776174583461,0.2773249760709825,45.360872839010554,11.020255346811142
135,-0.9606655658954258,0.2777078870014699,45.36082854970266,11.020271354417398
136,-0.9605260091577914,0.2781901970440484,45.360805650243215,11.020281769107598
137,-0.9603594181139956,0.27876475394093103,45.36076620543379,11.020293239245648
138,-0.9601680482151789,0.2794231901375653,45.36074380822867,11.020295472336056
139,-0.9599544494112621,0.28015612621451047,45.360716514173674,11.020304019722992
140,-0.9597214130462497,0.28095339353798493,45.36068922190395,11.020320069655194
141,-0.9594719141979381,0.28180426871384445,45.360645824574206,11.020323982864232
142,-0.9592090509715304,0.2826977122905243,45.36062602958825,11.020332152147052
143,-0.9589359823851871,0.28362260433004327,45.360601166720386,11.020351372766424
144,-0.9586558665598729,0.28456796993045286,45.360563029087295,11.020361986152693
145,-0.9583718009351802,0.28552318850184394,45.36052740716144,11.020375280147782
146,-0.9580867661702587,0.28647818152420634,45.360507164915056,11.020385901657619
147,-0.9578035752529773,0.28742357459438544,45.36047109920146,11.020391099095935
148,-0.9575248291350843,0.2883508307423922,45.36045553628075,11.020405285102003
149,-0.9572528799461444,0.2892523532053155,45.36041021772553,11.020416459587164
150,-0.9569898025289101,0.29012155703373327,45.360385265383606,11.020426641003052
151,-0.9567373747014885,0.2909529100203394,45.36035677511492,11.020436970673243
152,-0.9564970663069902,0.29174194444083845,45.36031129798664,11.020445623328913
153,-0.9562700367791481,0.2924852419497551,45.360291193120545,11.020462401121108
154,-0.9560571406508144,0.29318039465589957,45.36025236059119,11.02046727985485
155,-0.9558589401764814,0.2938259459011299,45.36022725369635,11.02047931024502
156,-0.9556757240410242,0.2944213145794037,45.360202981105594,11.020493648950309
157,-0.9555075309912272,0.2949667069671577,45.36017737987424,11.020494480784482
158,-0.9553541771560193,0.29546302000511876,45.36013418522544,11.020521655827812
159,-0.9552152858131702,0.2959117397956079,45.36010768604944,11.020525283001053
160,-0.955090318408157,0.29631483878301684,45.360071722613284,11.020530542702517
161,-0.9549786057260428,0.29667467469526837,45.36004346487273,11.02054343490212
162,-0.9548793782487194,0.2969938938687783,45.36001917140392,11.020548384086819
163,-0.9547917948862203,0.2972753410862559,45.35998342149378,11.020562814432648
164,-0.9547149694407205,0.2975219775509098,45.3599525875246,11.02056669703066
165,-0.9546479943347691,0.2977368081252343,45.35992611189522,11.020598376047538
166,-0.9545899613023117,0.2979228184964207,45.35988988389791,11.0205959610697
167,-0.9545399788949158,0.2980829225086431,45.359859137898994,11.020603714737332
168,-0.9544971867910363,0.2982199195358978,45.359836400636624,11.020611108511618
169,-0.9544607670098192,0.29833646146427956,45.35980322537879,11.020612688732234
170,-0.9544299522212532,0.2984350286124877,45.359773220460376,11.020631106091102
171,-0.954404031411377,0.29851791374339887,45.359747225701845,11.020640686997998
172,-0.9543823532059427,0.29858721320426196,45.35971116246911,11.02065064128394
173,-0.9543823532059427,0.29858721320426196,45.35967972,11.02066511
174,0.18092866714612515,0.9834962213474573,45.35967940852301,11.02066683820048
175,0.18092866714612515,0.9834962213474573,45.35967918020234,11.02067016466031
176,0.18092866714612515,0.9834962213474573,45.35967899682921,11.020674852885696
177,0.18092866714612515,0.9834962213474573,45.35968233901498,11.020682090335738
178,0.18092866714612515,0.9834962213474573,45.35969149527786,11.020691139182595
179,0.18092866714612515,0.9834962213474573,45.35969191001757,11.020701028774193
180,0.18092866714612515,0.9834962213474573,45.3596873889086,11.020711065849072
181,0.18092866714612515,0.9834962213474573,45.35967915095703,11.020708869336493
182,0.18092866714612515,0.9834962213474573,45.35967998711679,11.020709919926494
183,0.18092866714612515,0.9834962213474573,45.35968978010716,11.020708340779281
184,0.18092866714612515,0.9834962213474573,45.35968295982689,11.020724058628602
185,0.18092866714612515,0.9834962213474573,45.359695874208036,11.020740966036463
186,0.18092866714612515,0.9834962213474573,45.35970131162098,11.020737704479588
187,0.18092866714612515,0.9834962213474573,45.35969351,11.02074007
188,0.9535065395568609,0.3013723262383267,45.35973388872887,11.020734762009589
189,0.953684260355523,0.30080946053962293,45.35975943948841,11.020719620629968
190,0.9539023024644786,0.3001173059871195,45.35979920445536,11.020720016456812
191,0.954167601216581,0.2992727665334683,45.35983418412363,11.020685606548609
192,0.9544876835084727,0.29825033450212546,45.3598809671049,11.020678837731243
193,0.9548705541184183,0.29702226326924536,45.35990823527459,11.020670264299774
194,0.9553245290315117,0.29555886762322053,45.35995414854088,11.020664437674005
195,0.955858010803748,0.2938289692700534,45.359987681071026,11.02065548094161
196,0.9564792037687994,0.2918005016407676,45.36001462298689,11.020640475392602
197,0.9571957707443377,0.2894412832841115,45.36004624936929,11.02063946020154
198,0.9580144377933113,0.28671996264572464,45.36009255843472,11.020620876427893
199,0.9589405593622221,0.28360712898315604,45.360115284685875,11.020610568757302
200,0.9599776624029439,0.2800765746851734,45.36016873664573,11.020610948699144
201,0.9611269943493931,0.27610668360780716,45.36019932257654,11.020599685313869
202,0.9623871053510008,0.2716819085881899,45.36023519906963,11.02059031568046
203,0.9637534991140294,0.26679428956682055,45.36027306410419,11.02059017020264
204,0.9652183881713399,0.2614449524009224,45.36031701368748,11.02056190960958
205,0.9667705875626814,0.25564551829380416,45.36034753758822,11.02056813790364
206,0.9683955751509219,0.24941934573748506,45.36038995660668,11.02055951977834
207,0.9700757368935371,0.24280252200185448,45.360420123443525,11.020552476705692
208,0.9717908016247736,0.2358445205585236,45.360466139344396,11.020550707008194
209,0.9735184531926367,0.22860844536765487,45.360499970240035,11.020548503403509
210,0.9752350896786174,0.22117079341436344,45.36053416165345,11.020548009386781
211,0.976916681985281,0.2136206835933014,45.36057757298332,11.020540383757659
212,0.978539669704825,0.2060585227889688,45.360606156504794,11.020546908440833
213,0.9800818232703129,0.1985941079064006,45.36064492166896,11.020555990189418
214,0.9815229999253646,0.19134419410453188,45.36068955252165,11.020550919570937
215,0.9828457282032588,0.18442959239939233,45.36073121397907,11.020548286444068
216,0.9840355714179411,0.17797189155640916,45.360762842533134,11.020552000931174
217,0.9850812438550454,0.17208992708754517,45.36080582637358,11.020550627084116
218,0.9859744813490338,0.1668961417424136,45.36084473334935,11.02055331655872
219,0.9867096971795254,0.1624929952086834,45.360879830955746,11.020547832943548
220,0.9872834806434564,0.15896958466493477,45.360911982746,11.020546866704196
221,0.9876940153127385,0.15639863207649873,45.3609572179778,11.020546815562144
222,0.9879405037128758,0.15483397922791156,45.36100177643461,11.020546754440714
223,0.9880226831611647,0.15430870862985233,45.36103015560348,11.020526001340444
224,0.9879405037128758,0.15483397922791156,45.361075223689326,11.02052487937666
225,0.9876940153127385,0.15639863207649873,45.361102056362526,11.020518476151658
226,0.9872834806434564,0.15896958466493477,45.36114516520947,11.02051079675068
227,0.9867096971795254,0.1624929952086834,45.361178948970924,11.020495139409274
228,0.9859744813490338,0.1668961417424136,45.361212003716226,11.020477884232326
229,0.9850812438550454,0.17208992708754517,45.36124592016004,11.020472394509525
230,0.9840355714179411,0.17797189155640916,45.36129359648399,11.020440863112762
231,0.9828457282032588,0.18442959239939233,45.36132649373765,11.020436435660935
232,0.9815229999253646,0.19134419410453188,45.3613563622076,11.020422916161394
233,0.9800818232703129,0.1985941079064006,45.361389692305394,11.020408738414014
234,0.978539669704825,0.2060585227889688,45.36142165229246,11.020372800582882
235,0.976916681985281,0.2136206835933014,45.36145957331155,11.020350113241536
236,0.9752350896786175,0.22117079341436321,45.36149090656869,11.020332111632175
237,0.9735184531926367,0.22860844536765465,45.36152114979939,11.020308440157159
238,0.9717908016247736,0.2358445205585236,45.36155499475006,11.020287218075538
239,0.9700757368935371,0.24280252200185448,45.36158190842682,11.020274566151057
240,0.9683955751509219,0.24941934573748506,45.36161558985684,11.020250371887878
241,0.9667705875626814,0.25564551829380416,45.36165882008654,11.020226082957146
242,0.9652183881713399,0.2614449524009224,45.36169204302807,11.020202579165444
243,0.9637534991140294,0.26679428956682055,45.36171920718441,11.020171219077527
244,0.9623871053510008,0.2716819085881899,45.36174693582457,11.020161406437364
245,0.9611269943493931,0.27610668360780716,45.361791554528146,11.020133305843972
246,0.9599776624029439,0.2800765746851734,45.36181417898791,11.02011860213893
247,0.9589405593622221,0.28360712898315604,45.36184514173121,11.020108978640703
248,0.9580144377933113,0.28671996264572464,45.361887303170626,11.020081195633123
249,0.9571957707443377,0.2894412832841115,45.36192264814466,11.020058238690524
250,0.9564792037687994,0.2918005016407676,45.361952219822,11.02005599866091
251,0.955858010803748,0.2938289692700534,45.36199684373666,11.02002991923933
252,0.9553245290315117,0.29555886762322053,45.36202978174855,11.020016430048743
253,0.9548705541184183,0.29702226326924536,45.36205865686143,11.020005885727644
254,0.9544876835084727,0.29825033450212546,45.3620848846332,11.019986362996312
255,0.954167601216581,0.2992727665334683,45.3621374016592,11.019975049066586
256,0.9539023024644786,0.3001173059871195,45.36216692580281,11.019957592196805
257,0.953684260355523,0.30080946053962293,45.362198127226634,11.019954155820466
258,0.9535065395568609,0.3013723262383267,45.36223392726098,11.019941298481447
259,0.9535065395568609,0.3013723262383267,45.36227073,11.01991931
260,0.2108778085845649,0.9775124295100148,45.36227594279026,11.019917291903328
261,0.2108778085845649,0.9775124295100148,45.36227482647082,11.019935486823677
262,0.2108778085845649,0.9775124295100148,45.36227116860497,11.01993610685534
263,0.2108778085845649,0.9775124295100148,45.36227114746832,11.019935258163983
264,0.2108778085845649,0.9775124295100148,45.362275871246155,11.019937722163045
265,0.2108778085845649,0.9775124295100148,45.36227764218319,11.019944887128668
266,0.2108778085845649,0.9775124295100148,45.362276671974506,11.019953362149245
267,0.2108778085845649,0.9775124295100148,45.36227822244649,11.019965762554593
268,0.2108778085845649,0.9775124295100148,45.362277152468344,11.019951050777118
269,0.2108778085845649,0.9775124295100148,45.362273327419274,11.019955883371537
270,0.2108778085845649,0.9775124295100148,45.36228195653307,11.019968075954695
271,0.2108778085845649,0.9775124295100148,45.36228919000764,11.019968243565765
272,0.2108778085845649,0.9775124295100148,45.36228377386781,11.019978441534652
273,0.2108778085845649,0.9775124295100148,45.36228348193152,11.019974537203455
274,0.2108778085845649,0.9775124295100148,45.36227745859814,11.019980787839993
275,0.2108778085845649,0.9775124295100148,45.36228815924424,11.019984090125732
276,0.2108778085845649,0.9775124295100148,45.36228557,11.0199881
277,-0.9549673701435918,0.296710838967895,45.36225301770185,11.019994272585253
278,-0.9551123898589007,0.29624368809819274,45.362214161536095,11.02000624638915
279,-0.9552890145372982,0.29567363545699804,45.362182937209354,11.020013710952373
280,-0.9555025044757927,0.29498298923918964,45.36215018392503,11.020035944885691
281,-0.9557585725797492,0.2941522580914862,45.362110780297066,11.020036856319079
282,-0.9560633135870434,0.29316026404163764,45.36208131358466,11.020052232742549
283,-0.9564230991053717,0.29198434118574984,45.36204279446232,11.02006328938064
284,-0.956844434973699,0.2906006318985949,45.36200542135547,11.020069847857679
285,-0.9573337789501438,0.2889844903814685,45.361976463434054,11.020087873082359
286,-0.9578973188253608,0.28711100046355786,45.36194480498679,11.020085257057476
287,-0.9585407137604816,0.28495561068971176,45.36190154699828,11.020101355014539
288,-0.9592688048820033,0.2824948848744932,45.36186722875718,11.02010968558788
289,-0.9600853047791732,0.27970736055220674,45.36183380678478,11.020117769045667
290,-0.9609924792953579,0.27657450124290406,45.36180472681518,11.020128077676016
291,-0.9619908385431071,0.2730817213933034,45.361755331401085,11.020144534075005
292,-0.9630788569836191,0.26921945552118964,45.361725473324434,11.020140475835653
293,-0.9642527442278227,0.2649842358501974,45.3616891798486,11.0201377632434
294,-0.9655062884723079,0.26037973600191816,45.36166259248222,11.020153122671601
295,-0.9668307927793435,0.2554177326139793,45.361616845229,11.020159070454493
296,-0.9682151204875656,0.25011893262855706,45.3615858191109,11.020167717081879
297,-0.9696458598562769,0.24451361202105146,45.36155619733152,11.020178104095386
298,-0.9711076098376414,0.23864201246935368,45.361508900963905,11.020181314785885
299,-0.9725833791866076,0.2325544463775299,45.36148754809388,11.020176582554424
300,-0.9740550808139317,0.22631106809116738,45.36144255739093,11.020195763864308
301,-0.9755040934674337,0.21998128017692856,45.36141035844054,11.02018132332747
302,-0.9769118547309932,0.2136427580940926,45.36136752035845,11.020194703553265
303,-0.9782604441769365,0.2073800939307892,45.36133492846843,11.020188532692899
304,-0.9795331143015974,0.20128307923572153,45.36129271815532,11.020187475922349
305,-0.9807147302228374,0.19544466716681536,45.361264825934555,11.020193222543872
306,-0.9817920870760998,0.18995867380763673,45.361223785849226,11.020195220676346
307,-0.9827540860274633,0.1849172960983513,45.361197268945034,11.020199069587822
308,-0.9835917646146507,0.1804085379970626,45.36114528775596,11.020192470913624
309,-0.9842981930042282,0.1765136460691102,45.361104417654694,11.02020348432927
310,-0.9848682626925546,0.17330465989392585,45.36108380707598,11.020189691242727
311,-0.9852984061460722,0.1708421811087935,45.361044152333506,11.020202767534887
312,-0.9855862931414338,0.16917345764548206,45.36100004834362,11.020201998200841
313,-0.9857305509821661,0.1683308672240333,45.3609612654483,11.020211326973039
314,-0.9857305509821661,0.1683308672240333,45.36093749778309,11.020219701704065
315,-0.9855862931414338,0.16917345764548206,45.36089773452652,11.020226175020118
316,-0.9852984061460722,0.1708421811087935,45.36086618873316,11.020227935957061
317,-0.9848682626925546,0.17330465989392585,45.360836258214384,11.020238829399231
318,-0.9842981930042282,0.1765136460691102,45.3607905273123,11.020266450531896
319,-0.9835917646146507,0.1804085379970626,45.36075471216667,11.020273789157416
320,-0.9827540860274633,0.1849172960983513,45.36072698552653,11.020280862313532
321,-0.9817920870760998,0.18995867380763673,45.360679400423834,11.020294157897565
322,-0.9807147302228374,0.19544466716681536,45.3606607110306,11.020313273635965
323,-0.9795331143015974,0.20128307923572153,45.36061878436369,11.020336020299869
324,-0.9782604441769365,0.2073800939307892,45.36058951064876,11.020352530279748
325,-0.9769118547309932,0.2136427580940926,45.36056084607088,11.020367077168977
326,-0.9755040934674337,0.21998128017692856,45.36052965283902,11.020376031125572
327,-0.9740550808139317,0.22631106809116738,45.36048440263591,11.0204066599104
328,-0.9725833791866076,0.2325544463775299,45.36045780956924,11.02041986638913
329,-0.9711076098376414,0.23864201246935368,45.36041835153662,11.02043684797361
330,-0.9696458598562769,0.24451361202105146,45.36039322745908,11.020459347291224
331,-0.9682151204875656,0.25011893262855706,45.36035983565716,11.020484436000542
332,-0.9668307927793435,0.2554177326139793,45.360324463371995,11.020511418882473
333,-0.9655062884723079,0.26037973600191816,45.36029300014671,11.020515686573315
334,-0.9642527442278227,0.2649842358501974,45.36027235260516,11.020549335835343
335,-0.9630788569836191,0.26921945552118964,45.36022893411786,11.020559020113552
336,-0.9619908385431071,0.2730817213933034,45.36019226302805,11.020578864682696
337,-0.9609924792953579,0.27657450124290406,45.36016246184391,11.020592764948013
338,-0.9600853047791732,0.27970736055220674,45.360132550907544,11.020611644870133
339,-0.9592688048820033,0.2824948848744932,45.36009603918098,11.020630144095474
340,-0.9585407137604816,0.28495561068971176,45.36008038232162,11.020650319015042
341,-0.9578973188253608,0.28711100046355786,45.360034900752424,11.020660035942793
342,-0.9573337789501438,0.2889844903814685,45.35999561089354,11.020683407289562
343,-0.956844434973699,0.2906006318985949,45.35996473740322,11.020692883596107
344,-0.9564230991053717,0.29198434118574984,45.35993603399167,11.020711352635436
345,-0.9560633135870434,0.29316026404163764,45.359913065818866,11.020718168161995
346,-0.9557585725797492,0.2941522580914862,45.359870842962266,11.020734564716976
347,-0.9555025044757927,0.29498298923918964,45.35984347256892,11.020738907540387
348,-0.9552890145372982,0.29567363545699804,45.35980086192562,11.02076600845155
349,-0.9551123898589007,0.29624368809819274,45.359767946502004,11.020772240966325
350,-0.9549673701435918,0.296710838967895,45.35973018347117,11.020783983194061
351,-0.9549673701435918,0.296710838967895,45.35970006,11.02079678
352,0.18563850809759755,0.9826181070544641,45.35970085125615,11.02081103296898
353,0.18563850809759755,0.9826181070544641,45.35970480785653,11.020815936157648
354,0.18563850809759755,0.9826181070544641,45.359712184107885,11.020818347786914
355,0.18563850809759755,0.9826181070544641,45.35971130557391,11.020843326181831
356,0.18563850809759755,0.9826181070544641,45.3597172362037,11.020842762896823
357,0.18563850809759755,0.9826181070544641,45.35971756559729,11.0208662183471
358,0.18563850809759755,0.9826181070544641,45.359715132820014,11.020873526522266
