,Choice,Sin,Cosin,Lat,Lon
0,0,0.9537169507482269,0.30070579950427306,45.3596665575,11.020597651
1,0,0.955040636077442,0.2964749288570535,45.359700810950685,11.020587883516647
2,0,0.955040636077442,0.2964749288570535,45.35973613177561,11.02057674549808
3,0,0.955040636077442,0.2964749288570535,45.35977042897947,11.020565526041032
4,0,0.955040636077442,0.2964749288570535,45.359804023499656,11.020554912478902
5,0,0.955040636077442,0.2964749288570535,45.35983970176212,11.02054348023519
6,0,0.955040636077442,0.2964749288570535,45.35987478277769,11.020532925176337
7,0,0.955040636077442,0.2964749288570535,45.35990787774402,11.020523089482204
8,0,0.955040636077442,0.2964749288570535,45.35994315068162,11.020512817164462
9,0,0.955040636077442,0.2964749288570535,45.359978345800016,11.02050154594929
10,0,0.955040636077442,0.2964749288570535,45.36001106579353,11.020490883244971
11,0,0.955040636077442,0.2964749288570535,45.36004690180039,11.020479453991822
12,0,0.955040636077442,0.2964749288570535,45.36008079734077,11.020469231240716
13,0,0.955040636077442,0.2964749288570535,45.36011541359628,11.020458158637718
14,0,0.955040636077442,0.2964749288570535,45.36015012057861,11.020447412354871
15,0,0.955040636077442,0.2964749288570535,45.3601845109185,11.020436983256742
16,0,0.955040636077442,0.2964749288570535,45.360219337949175,11.020426092524708
17,0,0.955040636077442,0.2964749288570535,45.36025272398684,11.020415096291456
18,0,0.955040636077442,0.2964749288570535,45.36028857121555,11.020404572112465
19,0,0.955040636077442,0.2964749288570535,45.36032238292883,11.02039457000167
20,0,0.955040636077442,0.2964749288570535,45.36035563238069,11.02038391939846
21,0,0.955040636077442,0.2964749288570535,45.36039206105914,11.020372403012006
22,0,0.955040636077442,0.2964749288570535,45.36042550094923,11.020361012824596
23,0,0.955040636077442,0.2964749288570535,45.36046103234236,11.020351416431367
24,0,0.955040636077442,0.2964749288570535,45.3604940411583,11.020340580035242
25,0,0.955040636077442,0.2964749288570535,45.36052901923463,11.020329870545476
26,0,0.955040636077442,0.2964749288570535,45.36056392447957,11.020318975795018
27,0,0.955040636077442,0.2964749288570535,45.36059845503361,11.020308343234902
28,0,0.955040636077442,0.2964749288570535,45.36063358590217,11.020298195110481
29,0,0.955040636077442,0.2964749288570535,45.36066856433385,11.020286999214042
30,0,0.955040636077442,0.2964749288570535,45.360701814887584,11.020276403565957
31,0,0.955040636077442,0.2964749288570535,45.36073681629491,11.020266134871509
32,0,0.955040636077442,0.2964749288570535,45.36077105293292,11.020254609333932
33,0,0.955040636077442,0.2964749288570535,45.36080551554843,11.020243930894143
34,0,0.955040636077442,0.2964749288570535,45.36084060710778,11.020233075320103
35,0,0.955040636077442,0.2964749288570535,45.36087517639841,11.020222735080855
36,0,0.955040636077442,0.2964749288570535,45.36090914860777,11.020211570859079
37,0,0.955040636077442,0.2964749288570535,45.36094362603699,11.02020117698295
38,0,0.955040636077442,0.2964749288570535,45.36097840958214,11.020189995113705
39,0,0.955040636077442,0.2964749288570535,45.36101292363576,11.020179374783725
40,0,0.955040636077442,0.2964749288570535,45.36104703682415,11.020169158600124
41,0,0.955040636077442,0.2964749288570535,45.361082003191214,11.020158896296648
42,0,0.955040636077442,0.2964749288570535,45.36111674635402,11.02014696348268
43,0,0.955040636077442,0.2964749288570535,45.361150319103345,11.020136604199799
44,0,0.955040636077442,0.2964749288570535,45.36118525299587,11.020126239500183
45,0,0.955040636077442,0.2964749288570535,45.36122000255694,11.020115081413946
46,0,0.955040636077442,0.2964749288570535,45.36125456626651,11.020104519863905
47,0,0.955040636077442,0.2964749288570535,45.361288884857515,11.020093325751398
48,0,0.955040636077442,0.2964749288570535,45.36132433755858,11.020083879676793
49,0,0.955040636077442,0.2964749288570535,45.36135814685469,11.020072973244009
50,0,0.955040636077442,0.2964749288570535,45.36139304979591,11.020061397111741
51,0,0.955040636077442,0.2964749288570535,45.36142744379716,11.0200516307582
52,0,0.955040636077442,0.2964749288570535,45.361461716661246,11.020040800116885
53,0,0.955040636077442,0.2964749288570535,45.36149629564429,11.020029130211583
54,0,0.955040636077442,0.2964749288570535,45.36153048386915,11.02001918521162
55,0,0.955040636077442,0.2964749288570535,45.36156636740146,11.020008242495344
56,0,0.955040636077442,0.2964749288570535,45.36159955549212,11.01999804264209
57,0,0.955040636077442,0.2964749288570535,45.36163398944207,11.019986717230461
58,0,0.955040636077442,0.2964749288570535,45.3616692586815,11.019975482612686
59,0,0.955040636077442,0.2964749288570535,45.36170354611984,11.01996574178057
60,0,0.955040636077442,0.2964749288570535,45.361737454286995,11.019955230357963
61,0,0.955040636077442,0.2964749288570535,45.361772523129346,11.019944700230612
62,0,0.955040636077442,0.2964749288570535,45.36180703491223,11.019933170565032
63,0,0.955040636077442,0.2964749288570535,45.36184209573658,11.01992168828427
64,0,0.955040636077442,0.2964749288570535,45.36187643354143,11.019912328913964
65,0,0.955040636077442,0.2964749288570535,45.3619111660156,11.019901201560138
66,0,0.955040636077442,0.2964749288570535,45.36194517989503,11.01988985153197
67,0,0.955040636077442,0.2964749288570535,45.361980531712405,11.019879181812913
68,0,0.955040636077442,0.2964749288570535,45.3620134014395,11.019868738323176
69,0,0.955040636077442,0.2964749288570535,45.362049455917365,11.019858187497261
70,0,0.955040636077442,0.2964749288570535,45.36208323084381,11.01984759668558
71,0,0.955040636077442,0.2964749288570535,45.36211630089325,11.019836341878746
72,0,0.955040636077442,0.2964749288570535,45.36215232595705,11.0198250790152
73,0,0.955040636077442,0.2964749288570535,45.362187571518525,11.019816041719665
74,0,0.955040636077442,0.2964749288570535,45.36222084018908,11.019804102185113
75,0,0.955040636077442,0.2964749288570535,45.36225589,11.01979384
76,0,0.1871863868101744,0.9823244151465196,45.36225726578792,11.019800393002798
77,0,0.1871863868101744,0.9823244151465196,45.36225803498577,11.01980505155641
78,0,0.1871863868101744,0.9823244151465196,45.3622590396847,11.019810465850481
79,0,0.1871863868101744,0.9823244151465196,45.36226028468981,11.019815760127171
80,0,0.1871863868101744,0.9823244151465196,45.36226094012074,11.019821528358628
81,0,0.1871863868101744,0.9823244151465196,45.36226200630002,11.0198270216113
82,0,0.1871863868101744,0.9823244151465196,45.362262841988915,11.019832269930744
83,0,0.1871863868101744,0.9823244151465196,45.36226506239589,11.019838311489957
84,0,0.1871863868101744,0.9823244151465196,45.36226590426812,11.01984273923318
85,0,0.1871863868101744,0.9823244151465196,45.3622663548853,11.019849231186772
86,0,0.1871863868101744,0.9823244151465196,45.36226747,11.01985461
87,0,-0.954287848765298,0.29888911271389534,45.36223307462799,11.019865176252416
88,0,-0.954287848765298,0.29888911271389534,45.36219915881475,11.019876815529097
89,0,-0.954287848765298,0.29888911271389534,45.36216537313075,11.019887800042754
90,0,-0.954287848765298,0.29888911271389534,45.36213174659781,11.019896861007172
91,0,-0.954287848765298,0.29888911271389534,45.362097439821184,11.019907135766086
92,0,-0.954287848765298,0.29888911271389534,45.36206277204074,11.0199189904556
93,0,-0.954287848765298,0.29888911271389534,45.36202926836577,11.019928158154158
94,0,-0.954287848765298,0.29888911271389534,45.36199420412559,11.019940704587052
95,0,-0.954287848765298,0.29888911271389534,45.36196091674339,11.019949010083533
96,0,-0.954287848765298,0.29888911271389534,45.36192792740697,11.019960463753032
97,0,-0.954287848765298,0.29888911271389534,45.36189296659809,11.01997258453861
98,0,-0.954287848765298,0.29888911271389534,45.36185919809213,11.019982797249217
99,0,-0.954287848765298,0.29888911271389534,45.36182455728646,11.019992675042351
100,0,-0.954287848765298,0.29888911271389534,45.36179143346184,11.020003842680385
101,0,-0.954287848765298,0.29888911271389534,45.36175735741226,11.020015118462679
102,0,-0.954287848765298,0.29888911271389534,45.36172264680205,11.020024591864555
103,0,-0.954287848765298,0.29888911271389534,45.36168845117409,11.020035992448417
104,0,-0.954287848765298,0.29888911271389534,45.36165464456271,11.02004655031061
105,0,-0.954287848765298,0.29888911271389534,45.3616213851217,11.020056824671808
106,0,-0.954287848765298,0.29888911271389534,45.3615859070934,11.020067631598396
107,0,-0.954287848765298,0.29888911271389534,45.36155250122334,11.020078471243782
108,0,-0.954287848765298,0.29888911271389534,45.361518027339784,11.020089354291768
109,0,-0.954287848765298,0.29888911271389534,45.36148454371224,11.020099968943738
110,0,-0.954287848765298,0.29888911271389534,45.361450698785234,11.020110845104382
111,0,-0.954287848765298,0.29888911271389534,45.36141628634935,11.020121156077481
112,0,-0.954287848765298,0.29888911271389534,45.361381530061834,11.020131410890047
113,0,-0.954287848765298,0.29888911271389534,45.36134822154053,11.020142436897748
114,0,-0.954287848765298,0.29888911271389534,45.36131381924927,11.020152762137318
115,0,-0.954287848765298,0.29888911271389534,45.361280251231996,11.020163205355923
116,0,-0.954287848765298,0.29888911271389534,45.3612456375472,11.020174847414932
117,0,-0.954287848765298,0.29888911271389534,45.36121084850359,11.020185268669643
118,0,-0.954287848765298,0.29888911271389534,45.361178145178535,11.020195509795455
119,0,-0.954287848765298,0.29888911271389534,45.361143879917826,11.020205943021454
120,0,-0.954287848765298,0.29888911271389534,45.361109061628724,11.020216786904719
121,0,-0.954287848765298,0.29888911271389534,45.36107557452483,11.020227920932804
122,0,-0.954287848765298,0.29888911271389534,45.36104274688173,11.02023928683314
123,0,-0.954287848765298,0.29888911271389534,45.36100885192141,11.02024837158537
124,0,-0.954287848765298,0.29888911271389534,45.36097307462788,11.020259896597437
125,0,-0.954287848765298,0.29888911271389534,45.3609394025079,11.02026935070602
126,0,-0.954287848765298,0.29888911271389534,45.36090633912224,11.020282094781026
127,0,-0.954287848765298,0.29888911271389534,45.36087197326796,11.020292176180952
128,0,-0.954287848765298,0.29888911271389534,45.36083666660473,11.02030177618979
129,0,-0.954287848765298,0.29888911271389534,45.36080342405394,11.020312848363728
130,0,-0.954287848765298,0.29888911271389534,45.36076832409126,11.020323744272279
131,0,-0.954287848765298,0.29888911271389534,45.36073500949778,11.020334131453998
132,0,-0.954287848765298,0.29888911271389534,45.360700565282976,11.020345758714743
133,0,-0.954287848765298,0.29888911271389534,45.36066707650163,11.020356078075155
134,0,-0.954287848765298,0.29888911271389534,45.36063302188841,11.020366715114935
135,0,-0.954287848765298,0.29888911271389534,45.36059895937137,11.020376666027422
136,0,-0.954287848765298,0.29888911271389534,45.3605652157233,11.020387525874433
137,0,-0.954287848765298,0.29888911271389534,45.36053108644674,11.02039816785522
138,0,-0.954287848765298,0.29888911271389534,45.360496035746856,11.020410182394778
139,0,-0.954287848765298,0.29888911271389534,45.36046353770939,11.020419283806824
140,0,-0.954287848765298,0.29888911271389534,45.36042940392565,11.020430297889995
141,0,-0.954287848765298,0.29888911271389534,45.36039457408063,11.020442241989299
142,0,-0.954287848765298,0.29888911271389534,45.3603603723225,11.020452082013147
143,0,-0.954287848765298,0.29888911271389534,45.36032697524821,11.020461716969937
144,0,-0.954287848765298,0.29888911271389534,45.36029220625741,11.020472800897924
145,0,-0.954287848765298,0.29888911271389534,45.360258522712755,11.020483733663513
146,0,-0.954287848765298,0.29888911271389534,45.36022520883973,11.020494855287948
147,0,-0.954287848765298,0.29888911271389534,45.36019067830811,11.020505179622745
148,0,-0.954287848765298,0.29888911271389534,45.36015573421449,11.020515714715163
149,0,-0.954287848765298,0.29888911271389534,45.36012189270881,11.020525923134917
150,0,-0.954287848765298,0.29888911271389534,45.3600888604031,11.020537750321438
151,0,-0.954287848765298,0.29888911271389534,45.36005338747138,11.020547222800099
152,0,-0.954287848765298,0.29888911271389534,45.360020007843694,11.020559512378464
153,0,-0.954287848765298,0.29888911271389534,45.35998655918816,11.020568648845076
154,0,-0.954287848765298,0.29888911271389534,45.35995180541379,11.020579477177249
155,0,-0.954287848765298,0.29888911271389534,45.359918090093316,11.02058994594605
156,0,-0.954287848765298,0.29888911271389534,45.35988393822849,11.020600862052905
157,0,-0.954287848765298,0.29888911271389534,45.35984937509416,11.020612192077246
158,0,-0.954287848765298,0.29888911271389534,45.359816192101114,11.02062249959246
159,0,-0.954287848765298,0.29888911271389534,45.35978180329088,11.020633221471758
160,0,-0.954287848765298,0.29888911271389534,45.35974801199446,11.020642666045408
161,0,-0.954287848765298,0.29888911271389534,45.35971417188092,11.020655346666354
162,0,-0.954287848765298,0.29888911271389534,45.35967972,11.02066511
163,0,0.18092866714612515,0.9834962213474573,45.35968097732798,11.020672399906882
164,0,0.18092866714612515,0.9834962213474573,45.35968317473871,11.020681010592325
165,0,0.18092866714612515,0.9834962213474573,45.3596842493552,11.020687863774938
166,0,0.18092866714612515,0.9834962213474573,45.35968562118892,11.020694857983262
167,0,0.18092866714612515,0.9834962213474573,45.35968648013917,11.020702961794608
168,0,0.18092866714612515,0.9834962213474573,45.35968798549104,11.02071045101561
169,0,0.18092866714612515,0.9834962213474573,45.35968974271704,11.020717382680463
170,0,0.18092866714612515,0.9834962213474573,45.35969088989568,11.020724813463149
171,0,0.18092866714612515,0.9834962213474573,45.359692079614625,11.020732239096438
172,0,0.18092866714612515,0.9834962213474573,45.35969351,11.02074007
173,0,0.9528471844721362,0.30345056111914304,45.35972379404813,11.020730841508714
174,0,0.9528471844721362,0.30345056111914304,45.35975528866321,11.02072042364132
175,0,0.9528471844721362,0.30345056111914304,45.35978574571734,11.020710762747388
176,0,0.9528471844721362,0.30345056111914304,45.359816564017436,11.02070061922881
177,0,0.9528471844721362,0.30345056111914304,45.35984669371347,11.020691056967909
178,0,0.9528471844721362,0.30345056111914304,45.35987810962644,11.020681117553778
179,0,0.9528471844721362,0.30345056111914304,45.359909032102294,11.020671806453986
180,0,0.9528471844721362,0.30345056111914304,45.35993851342461,11.020661569020211
181,0,0.9528471844721362,0.30345056111914304,45.35996965154795,11.020652196512712
182,0,0.9528471844721362,0.30345056111914304,45.359999906040876,11.020643144674457
183,0,0.9528471844721362,0.30345056111914304,45.36003061676463,11.020633475226807
184,0,0.9528471844721362,0.30345056111914304,45.36006159255687,11.02062314854159
185,0,0.9528471844721362,0.30345056111914304,45.360092816738685,11.020613133753853
186,0,0.9528471844721362,0.30345056111914304,45.3601235455262,11.020603705405774
187,0,0.9528471844721362,0.30345056111914304,45.36015335330464,11.020593829035919
188,0,0.9528471844721362,0.30345056111914304,45.36018363027398,11.020583350254062
189,0,0.9528471844721362,0.30345056111914304,45.36021518159169,11.020574547739352
190,0,0.9528471844721362,0.30345056111914304,45.36024618549689,11.02056410305449
191,0,0.9528471844721362,0.30345056111914304,45.360276773785,11.020554954961604
192,0,0.9528471844721362,0.30345056111914304,45.36030720585756,11.020544160587912
193,0,0.9528471844721362,0.30345056111914304,45.3603380679601,11.020534860088459
194,0,0.9528471844721362,0.30345056111914304,45.36036899305646,11.020524994120889
195,0,0.9528471844721362,0.30345056111914304,45.36039970598024,11.020514865254997
196,0,0.9528471844721362,0.30345056111914304,45.36042944377943,11.02050561347974
197,0,0.9528471844721362,0.30345056111914304,45.36046032942599,11.02049563398804
198,0,0.9528471844721362,0.30345056111914304,45.360492065257425,11.020485648595304
199,0,0.9528471844721362,0.30345056111914304,45.360522021910796,11.020476801077775
200,0,0.9528471844721362,0.30345056111914304,45.360553094051795,11.020466300820166
201,0,0.9528471844721362,0.30345056111914304,45.36058355495706,11.020456598690034
202,0,0.9528471844721362,0.30345056111914304,45.36061499721277,11.020447152735441
203,0,0.9528471844721362,0.30345056111914304,45.36064468108548,11.020437233496645
204,0,0.9528471844721362,0.30345056111914304,45.36067473554351,11.020426879560473
205,0,0.9528471844721362,0.30345056111914304,45.36070586541231,11.020417414033327
206,0,0.9528471844721362,0.30345056111914304,45.36073670469559,11.020407095497157
207,0,0.9528471844721362,0.30345056111914304,45.36076741438147,11.020397814329241
208,0,0.9528471844721362,0.30345056111914304,45.36079848788642,11.020389109782519
209,0,0.9528471844721362,0.30345056111914304,45.36082868726127,11.0203789972984
210,0,0.9528471844721362,0.30345056111914304,45.360859472067055,11.020369166231943
211,0,0.9528471844721362,0.30345056111914304,45.3608897197751,11.020358820752213
212,0,0.9528471844721362,0.30345056111914304,45.36092081171222,11.020349753683957
213,0,0.9528471844721362,0.30345056111914304,45.360950800168645,11.020339239680942
214,0,0.9528471844721362,0.30345056111914304,45.360982571787694,11.020329669854961
215,0,0.9528471844721362,0.30345056111914304,45.36101327601152,11.020320429200824
216,0,0.9528471844721362,0.30345056111914304,45.36104361271005,11.020310077697271
217,0,0.9528471844721362,0.30345056111914304,45.36107364933171,11.0203003573292
218,0,0.9528471844721362,0.30345056111914304,45.36110434155599,11.02029072820161
219,0,0.9528471844721362,0.30345056111914304,45.36113666756982,11.020280405957676
220,0,0.9528471844721362,0.30345056111914304,45.36116633841594,11.020271715258753
221,0,0.9528471844721362,0.30345056111914304,45.361197652446734,11.020260872491107
222,0,0.9528471844721362,0.30345056111914304,45.36122769574137,11.02025162193671
223,0,0.9528471844721362,0.30345056111914304,45.361258435081304,11.020241674893123
224,0,0.9528471844721362,0.30345056111914304,45.36128854710645,11.020231385837352
225,0,0.9528471844721362,0.30345056111914304,45.36131852706549,11.020221653728097
226,0,0.9528471844721362,0.30345056111914304,45.361350293137534,11.020212431881657
227,0,0.9528471844721362,0.30345056111914304,45.36137947746911,11.020202650810507
228,0,0.9528471844721362,0.30345056111914304,45.36141112830151,11.020192882260393
229,0,0.9528471844721362,0.30345056111914304,45.361443188462346,11.020183368918033
230,0,0.9528471844721362,0.30345056111914304,45.361472978163185,11.020173504043452
231,0,0.9528471844721362,0.30345056111914304,45.361504073805,11.020164614067841
232,0,0.9528471844721362,0.30345056111914304,45.36153408253711,11.020153848977303
233,0,0.9528471844721362,0.30345056111914304,45.36156509973961,11.020144392857862
234,0,0.9528471844721362,0.30345056111914304,45.36159585939518,11.020134107535824
235,0,0.9528471844721362,0.30345056111914304,45.36162613851734,11.020124744590028
236,0,0.9528471844721362,0.30345056111914304,45.361657007247736,11.02011502856665
237,0,0.9528471844721362,0.30345056111914304,45.36168787447417,11.020105341935972
238,0,0.9528471844721362,0.30345056111914304,45.36171910372407,11.0200949897255
239,0,0.9528471844721362,0.30345056111914304,45.3617487387085,11.020085112386129
240,0,0.9528471844721362,0.30345056111914304,45.361780372476254,11.020075855100117
241,0,0.9528471844721362,0.30345056111914304,45.361810310044405,11.020066124223515
242,0,0.9528471844721362,0.30345056111914304,45.361840001862745,11.02005579255432
243,0,0.9528471844721362,0.30345056111914304,45.36187175432583,11.020045749050631
244,0,0.9528471844721362,0.30345056111914304,45.36190158656729,11.020036972929395
245,0,0.9528471844721362,0.30345056111914304,45.361933541235985,11.02002650168876
246,0,0.9528471844721362,0.30345056111914304,45.36196431881326,11.020017004726611
247,0,0.9528471844721362,0.30345056111914304,45.361994302989416,11.020006785316356
248,0,0.9528471844721362,0.30345056111914304,45.36202535891813,11.019997385741547
249,0,0.9528471844721362,0.30345056111914304,45.362055746861124,11.019987143655412
250,0,0.9528471844721362,0.30345056111914304,45.36208705152793,11.019978603949843
251,0,0.9528471844721362,0.30345056111914304,45.36211774552723,11.019968599639473
252,0,0.9528471844721362,0.30345056111914304,45.362147707235465,11.019957834376006
253,0,0.9528471844721362,0.30345056111914304,45.36217876292359,11.019949059985668
254,0,0.9528471844721362,0.30345056111914304,45.362208874516945,11.019938569238326
255,0,0.9528471844721362,0.30345056111914304,45.362240270823634,11.019929616752343
256,0,0.9528471844721362,0.30345056111914304,45.36227073,11.01991931
257,0,0.2108778085845649,0.9775124295100148,45.362273308487744,11.01992553153294
258,0,0.2108778085845649,0.9775124295100148,45.36227363047004,11.019931041980803
259,0,0.2108778085845649,0.9775124295100148,45.36227436428525,11.01993590352487
260,0,0.2108778085845649,0.9775124295100148,45.36227690100058,11.019943123688359
261,0,0.2108778085845649,0.9775124295100148,45.36227720182699,11.01994726796379
262,0,0.2108778085845649,0.9775124295100148,45.36227793907738,11.019952740374263
263,0,0.2108778085845649,0.9775124295100148,45.36227863575516,11.019959051690492
264,0,0.2108778085845649,0.9775124295100148,45.36228113378783,11.019964623447207
265,0,0.2108778085845649,0.9775124295100148,45.36228256582914,11.019970536779574
266,0,0.2108778085845649,0.9775124295100148,45.362282991866145,11.01997727074621
267,0,0.2108778085845649,0.9775124295100148,45.36228397463368,11.019982603791282
268,0,0.2108778085845649,0.9775124295100148,45.36228557,11.0199881
269,0,-0.9544055299292257,0.29851312272748404,45.362252020420065,11.019998257300534
270,0,-0.9544055299292257,0.29851312272748404,45.362219357001166,11.020008270398105
271,0,-0.9544055299292257,0.29851312272748404,45.36218694274642,11.020019034500487
272,0,-0.9544055299292257,0.29851312272748404,45.3621550843662,11.020029946797031
273,0,-0.9544055299292257,0.29851312272748404,45.362122747419036,11.020038846862198
274,0,-0.9544055299292257,0.29851312272748404,45.36208984583868,11.020049064375643
275,0,-0.9544055299292257,0.29851312272748404,45.36205595932061,11.02005952222077
276,0,-0.9544055299292257,0.29851312272748404,45.36202343355718,11.020070081394062
277,0,-0.9544055299292257,0.29851312272748404,45.36199166867262,11.020080370220704
278,0,-0.9544055299292257,0.29851312272748404,45.361958083318164,11.020090945591821
279,0,-0.9544055299292257,0.29851312272748404,45.36192469280955,11.020100506210142
280,0,-0.9544055299292257,0.29851312272748404,45.36189339660533,11.020110653718527
281,0,-0.9544055299292257,0.29851312272748404,45.361859615539665,11.020121467717473
282,0,-0.9544055299292257,0.29851312272748404,45.36182684854071,11.020131317314638
283,0,-0.9544055299292257,0.29851312272748404,45.36179490758922,11.020141717457058
284,0,-0.9544055299292257,0.29851312272748404,45.36176231869796,11.020151507611113
285,0,-0.9544055299292257,0.29851312272748404,45.361728576563785,11.020162608215564
286,0,-0.9544055299292257,0.29851312272748404,45.36169661135848,11.020172139866196
287,0,-0.9544055299292257,0.29851312272748404,45.36166444657862,11.02018315479918
288,0,-0.9544055299292257,0.29851312272748404,45.361630969590564,11.020192346786699
289,0,-0.9544055299292257,0.29851312272748404,45.36159803443059,11.0202024438257
290,0,-0.9544055299292257,0.29851312272748404,45.36156571442804,11.020213138120283
291,0,-0.9544055299292257,0.29851312272748404,45.36153357908275,11.020223309318267
292,0,-0.9544055299292257,0.29851312272748404,45.361500241314545,11.02023411912807
293,0,-0.9544055299292257,0.29851312272748404,45.361467313136295,11.020244302379282
294,0,-0.9544055299292257,0.29851312272748404,45.36143447977469,11.020254488290554
295,0,-0.9544055299292257,0.29851312272748404,45.361402131274644,11.020264368075312
296,0,-0.9544055299292257,0.29851312272748404,45.36136914863934,11.02027457672762
297,0,-0.9544055299292257,0.29851312272748404,45.36133608800916,11.020284978451482
298,0,-0.9544055299292257,0.29851312272748404,45.36130489271894,11.02029520441363
299,0,-0.9544055299292257,0.29851312272748404,45.36127086287219,11.020305361812103
300,0,-0.9544055299292257,0.29851312272748404,45.361238707786306,11.020315820964734
301,0,-0.9544055299292257,0.29851312272748404,45.36120588522397,11.020325761266353
302,0,-0.9544055299292257,0.29851312272748404,45.361172053061566,11.020335823033921
303,0,-0.9544055299292257,0.29851312272748404,45.361139936683685,11.020346870601003
304,0,-0.9544055299292257,0.29851312272748404,45.36110702635128,11.020357134551812
305,0,-0.9544055299292257,0.29851312272748404,45.36107514053381,11.020366706493572
306,0,-0.9544055299292257,0.29851312272748404,45.361041975866904,11.020377332317109
307,0,-0.9544055299292257,0.29851312272748404,45.361008874580854,11.020387750404051
308,0,-0.9544055299292257,0.29851312272748404,45.36097652886996,11.02039849251447
309,0,-0.9544055299292257,0.29851312272748404,45.36094394390052,11.020407231041627
310,0,-0.9544055299292257,0.29851312272748404,45.360911826500676,11.020417720778527
311,0,-0.9544055299292257,0.29851312272748404,45.360878544156115,11.020427921155886
312,0,-0.9544055299292257,0.29851312272748404,45.360846047325495,11.020438557281867
313,0,-0.9544055299292257,0.29851312272748404,45.36081364619061,11.020448078723245
314,0,-0.9544055299292257,0.29851312272748404,45.36078070751026,11.020458741373211
315,0,-0.9544055299292257,0.29851312272748404,45.360746385661024,11.020469732531899
316,0,-0.9544055299292257,0.29851312272748404,45.36071515011136,11.020478121106947
317,0,-0.9544055299292257,0.29851312272748404,45.36068143332857,11.020489660827424
318,0,-0.9544055299292257,0.29851312272748404,45.360649172607935,11.020499926462191
319,0,-0.9544055299292257,0.29851312272748404,45.36061704709835,11.020509573488585
320,0,-0.9544055299292257,0.29851312272748404,45.36058329257571,11.020520135699497
321,0,-0.9544055299292257,0.29851312272748404,45.360551605063876,11.020531145382211
322,0,-0.9544055299292257,0.29851312272748404,45.36051809852888,11.020540288793839
323,0,-0.9544055299292257,0.29851312272748404,45.36048637277397,11.0205510090816
324,0,-0.9544055299292257,0.29851312272748404,45.36045360811519,11.020561478456791
325,0,-0.9544055299292257,0.29851312272748404,45.36041873069228,11.020571602479501
326,0,-0.9544055299292257,0.29851312272748404,45.36038724371182,11.020582256847499
327,0,-0.9544055299292257,0.29851312272748404,45.36035446389024,11.020592405051746
328,0,-0.9544055299292257,0.29851312272748404,45.3603224859706,11.02060185135874
329,0,-0.9544055299292257,0.29851312272748404,45.36028988785233,11.020612374708364
330,0,-0.9544055299292257,0.29851312272748404,45.360256613798434,11.020622600523673
331,0,-0.9544055299292257,0.29851312272748404,45.36022355280972,11.020633341150933
332,0,-0.9544055299292257,0.29851312272748404,45.36019194756188,11.020643945380144
333,0,-0.9544055299292257,0.29851312272748404,45.360157579369215,11.020653734213136
334,0,-0.9544055299292257,0.29851312272748404,45.36012596118366,11.020662669328116
335,0,-0.9544055299292257,0.29851312272748404,45.36009222099065,11.020673805397688
336,0,-0.9544055299292257,0.29851312272748404,45.360059723675406,11.020684684273428
337,0,-0.9544055299292257,0.29851312272748404,45.36002777532599,11.020694966970993
338,0,-0.9544055299292257,0.29851312272748404,45.35999391364709,11.020704331716622
339,0,-0.9544055299292257,0.29851312272748404,45.35996269361851,11.020714683971624
340,0,-0.9544055299292257,0.29851312272748404,45.3599282600483,11.020725497091515
341,0,-0.9544055299292257,0.29851312272748404,45.3598966712545,11.02073536817575
342,0,-0.9544055299292257,0.29851312272748404,45.35986261088856,11.020744992443385
343,0,-0.9544055299292257,0.29851312272748404,45.35983062641752,11.020755238733098
344,0,-0.9544055299292257,0.29851312272748404,45.359797612873905,11.02076595605568
345,0,-0.9544055299292257,0.29851312272748404,45.359765072717536,11.02077598740224
346,0,-0.9544055299292257,0.29851312272748404,45.3597320002825,11.020786834272409
347,0,-0.9544055299292257,0.29851312272748404,45.35970006,11.02079678
348,0,0.18563850809759755,0.9826181070544641,45.35969989686457,11.020800264924759
349,0,0.18563850809759755,0.9826181070544641,45.35970201708505,11.020805691754388
350,0,0.18563850809759755,0.9826181070544641,45.359702282160384,11.020809376705236
351,0,0.18563850809759755,0.9826181070544641,45.35970331525619,11.020813860515377
352,0,0.18563850809759755,0.9826181070544641,45.359704693966655,11.020819472335415
353,0,0.18563850809759755,0.9826181070544641,45.35970600134438,11.020823592784746
354,0,0.18563850809759755,0.9826181070544641,45.35970474552666,11.020827718787665
355,0,0.18563850809759755,0.9826181070544641,45.35970705832469,11.02083181514771
356,0,0.18563850809759755,0.9826181070544641,45.35970795647244,11.020835755972891
357,0,0.18563850809759755,0.9826181070544641,45.35970765747068,11.020840467930656
358,0,0.18563850809759755,0.9826181070544641,45.35970903737671,11.020844522794267
359,0,0.18563850809759755,0.9826181070544641,45.35970996168318,11.020850004334283
360,0,0.18563850809759755,0.9826181070544641,45.35971096506938,11.02085301901843
361,0,0.18563850809759755,0.9826181070544641,45.359711765337025,11.02085763924531
362,0,0.18563850809759755,0.9826181070544641,45.359712389552264,11.020862284770223
363,0,0.18563850809759755,0.9826181070544641,45.35971267451562,11.020866006636638
364,0,0.18563850809759755,0.9826181070544641,45.35971362915281,11.020871137613181
365,0,0.18563850809759755,0.9826181070544641,45.35971527023845,11.02087515973522
