,Sin,Cosin,Lat,Lon
0,0.9571679664627306,-0.2895332173993184,45.35966391938877,11.02059303078704
1,0.9543654220972836,-0.29864132517967734,45.35969655702047,11.020580513383317
2,0.9518892773217837,-0.30644217027004006,45.35972243591925,11.020564049665017
3,0.9564934331343175,-0.2917538557944472,45.35976449566776,11.02055862267393
4,0.9526298017737492,-0.30413230800509705,45.359785839810314,11.020551023187378
5,0.9485921587306084,-0.31650105275465384,45.35982413753136,11.020547069388538
6,0.9561207061946341,-0.2929730280859899,45.35983897626693,11.020522680526765
7,0.9495616799180698,-0.3135803183096366,45.359893717594844,11.020532592658439
8,0.9607033376975755,-0.2775771909518829,45.35992462009518,11.020511048614058
9,0.9568172371965021,-0.2906901694307059,45.359948225450765,11.020507280880116
10,0.9528412900151433,-0.30346906933372586,45.35998036982053,11.02049710411718
11,0.9533186473406673,-0.30196615146827366,45.36001118877134,11.0204776147129
12,0.9558661380424681,-0.29380252916504523,45.36004017484185,11.02047062141632
13,0.9539823419487015,-0.2998627873712755,45.36007077855317,11.02047044294564
14,0.9625696523063986,-0.2710344340830865,45.36011281892674,11.020453999496151
15,0.9546152542186808,-0.2978417640509865,45.36013550520979,11.02043575731416
16,0.952607571968063,-0.30420192936454526,45.36016124158384,11.020428128550368
17,0.961109138521617,-0.2761688321484438,45.36019972361422,11.020435124459851
18,0.9543407273286936,-0.298720230586648,45.360237536352734,11.020413650935923
19,0.955951392108334,-0.2935250175472923,45.36026697074849,11.020402763216605
20,0.9582889641423078,-0.2858010867772597,45.36029846172297,11.020400590052732
21,0.9505660093940227,-0.3105225624406749,45.360334493308656,11.0203867540073
22,0.960664740968921,-0.2777107406261342,45.36035962716552,11.020375914107268
23,0.9455523020939347,-0.32547018911854336,45.3603935141694,11.020371619949763
24,0.9467335108684906,-0.3220181041473005,45.36042596352346,11.020351554978166
25,0.9548807868658832,-0.2969893649179911,45.3604558753597,11.020349980236332
26,0.9511586805036678,-0.3087023882358566,45.360483616660794,11.020333649542394
27,0.9488753176390957,-0.3156511231966476,45.360520224485484,11.020328428116338
28,0.9573745946418993,-0.2888492436103285,45.360559932120026,11.02032100445951
29,0.9558722052636347,-0.2937827891562673,45.360570021912686,11.020310711115341
30,0.9483629311391004,-0.3171872488629609,45.36062011714108,11.020293291860618
31,0.9563187461446496,-0.29232594098424647,45.360643630216146,11.020282487265431
32,0.9578447598036515,-0.28728629643038184,45.360667471427185,11.020280811038324
33,0.9632184453236081,-0.2687196058875708,45.3607166085537,11.02027178363463
34,0.9575056567593537,-0.28841448866837227,45.36073380416712,11.020263583518304
35,0.9553428182421785,-0.2954997455719581,45.36076815556759,11.02025150401218
36,0.9527036433362307,-0.30390091802077884,45.3608096989653,11.020244548882648
37,0.9524403001559646,-0.3047252445053019,45.36083351661619,11.020228406285431
38,0.945775402392503,-0.3248213173874198,45.36086367836419,11.020217149770332
39,0.9567204744759402,-0.29100847705613625,45.360892951645766,11.02020782229868
40,0.9573773787084969,-0.2888400158171427,45.360928023517374,11.020196432969016
41,0.949170120936752,-0.31476353270496815,45.36096827075403,11.020178647529113
42,0.960148730066668,-0.27948956358219296,45.3609968815314,11.020185721347252
43,0.9636789268530932,-0.2670635241647027,45.361024399542586,11.020170571136712
44,0.9548629574390431,-0.2970466840595332,45.361060862651726,11.020158460043046
45,0.9499312462077939,-0.3124590012755397,45.361094659978264,11.02015723242469
46,0.9642391632954181,-0.2650336506320507,45.36111681998078,11.020143309019193
47,0.9555660658387164,-0.2947770238969075,45.361152457840525,11.020122893223606
48,0.9557390667615825,-0.2942156288603638,45.36117868113735,11.020135086008398
49,0.9482959632888361,-0.3173874068234249,45.36121027448679,11.020110696187087
50,0.960063342112686,-0.2797827355849887,45.36124005025428,11.020099386859838
51,0.9669517462311602,-0.25495944865901693,45.361274335287064,11.02008516102398
52,0.9585002233312319,-0.28509177798382523,45.36130809426032,11.020078310172192
53,0.9538417157104709,-0.30030980898150017,45.36133997446317,11.020067632177563
54,0.9531016269624074,-0.3026504397512285,45.36137308503288,11.020055053768036
55,0.9418119858485232,-0.33614012451961334,45.361408618133524,11.02004876696189
56,0.9602000394199245,-0.27931323688285087,45.3614331533523,11.02004805542265
57,0.9601931718857046,-0.27933684444424745,45.36146952949513,11.020034867609747
58,0.9527627416232235,-0.3037155876384989,45.36149095603303,11.020017186246932
59,0.952718502295793,-0.3038543325069778,45.36153394600779,11.02001186263899
60,0.9629853672896822,-0.26955367255141577,45.361571056468165,11.020012229257441
61,0.9543667897290813,-0.29863695461581347,45.36159487296502,11.019992651689964
62,0.9549332818971342,-0.2968205301611875,45.361627503356495,11.019985082035936
63,0.9576171266285347,-0.2880441611762142,45.3616656267982,11.019975713326446
64,0.9527783791450395,-0.30366652801017,45.361681426531206,11.019960647066107
65,0.952829727774298,-0.30350537041304093,45.36172343314132,11.019953688945678
66,0.9523165299133947,-0.30511182680078214,45.36175448956675,11.019950010690026
67,0.9476063406017163,-0.3194404846781697,45.36179159803211,11.019925365216976
68,0.9507735752289238,-0.3098864447606735,45.36180761641311,11.019926580467443
69,0.953387116194366,-0.3017499074972359,45.361842142571575,11.01991544740775
70,0.9530840755016646,-0.3027057069583217,45.36187826529568,11.019895888110614
71,0.9537155035821923,-0.3007103892900366,45.361904309592866,11.019893497784192
72,0.955340118125042,-0.2955084748375766,45.36194715341196,11.019887151283037
73,0.9543483868530412,-0.2986957591111697,45.36197913266421,11.019873242354175
74,0.950888863794225,-0.30953250025179546,45.362003912498395,11.019867545802928
75,0.9556020140765913,-0.29466046679655267,45.362035264367236,11.019854207273932
76,0.9525629385029233,-0.30434166358005593,45.362066304571115,11.019848911908328
77,0.9498421839251177,-0.31272963664539866,45.36210265682083,11.019843593653242
78,0.948445233002119,-0.3169410670701354,45.36212727076461,11.019822278803247
79,0.9564900537118091,-0.29176493475121473,45.36216419610393,11.019818539064245
80,0.9533226422329796,-0.30195353915119194,45.362198931302025,11.019800471402098
81,0.96225085761376,-0.27216408106431594,45.3622289171767,11.019799056696169
82,0.14927335865292574,0.9887959670207372,45.36225846774314,11.019787735664847
83,0.13802413701838176,0.990428865492283,45.362247594113,11.019800954410874
84,0.1229739361074652,0.9924099007155446,45.362267371466835,11.019798939605776
85,0.14415664589928354,0.9895548804604364,45.362272004584064,11.019805425686691
86,0.15475086422045478,0.9879535262465651,45.362257593534736,11.019806920957505
87,0.11916815330254364,0.9928740862961736,45.362261696717695,11.019821308220044
88,0.1389785861587135,0.9902953865333944,45.36226384524452,11.019833910772215
89,0.13748700689920856,0.9905035703791769,45.362268307002694,11.019828238583552
90,0.13944083238307634,0.990230404635363,45.362265100513405,11.019837194946353
91,-0.9498036528303113,0.3128466414558378,45.36226822933684,11.019846082237398
92,-0.951140231054033,0.3087592279924291,45.36223195734553,11.019855452279694
93,-0.9479122353546493,0.3185316217661158,45.362207537716074,11.01985567437697
94,-0.9568760938067808,0.2904963702029281,45.36217267066173,11.019884477673648
95,-0.9471203690146336,0.32087849195230306,45.36214903270814,11.019893556417074
96,-0.9519225222848302,0.30633888353731203,45.362103740328564,11.019893910081342
97,-0.9536023798329956,0.30106893093915765,45.36207776689122,11.019901093792267
98,-0.9596207017047682,0.2812971895694095,45.36204237720704,11.019911282506483
99,-0.960989079414784,0.2765863142773445,45.36200777104333,11.01992418615237
100,-0.9454592740703213,0.32574032767592837,45.36198498286397,11.019927466823805
101,-0.9626376750695605,0.270792737230287,45.36194568521441,11.019935998257473
102,-0.95946699558474,0.2818210148012254,45.36192121330851,11.019958715374964
103,-0.9647624958126487,0.26312226563586155,45.36188197478731,11.019970157564721
104,-0.9476227759222926,0.31939172586860853,45.36185983633469,11.019976151826274
105,-0.9541292025991819,0.29939516486985773,45.36182282051397,11.019981273925074
106,-0.9550676844393527,0.29638778338462746,45.36179002361391,11.019989843891853
107,-0.9564601747694917,0.2918628686214013,45.361763462373396,11.01999936322812
108,-0.959205962769936,0.28270819051912927,45.36173570121238,11.020010559429757
109,-0.9602242880842242,0.2792298633261579,45.36169935547568,11.020019929366368
110,-0.9632368837044594,0.2686535052280572,45.361664976848175,11.020026987219762
111,-0.9527813165550555,0.3036573114937545,45.36162785272476,11.02004588253201
112,-0.9574344617711031,0.2886507429629761,45.36159598706335,11.020048118756911
113,-0.951668610786354,0.30712677389633586,45.36157912474954,11.020050249614247
114,-0.9529541969492545,0.3031143324173262,45.361545089341206,11.020061248787655
115,-0.9633445403865293,0.2682672110181688,45.36150669595,11.020078869018848
116,-0.9592561915146467,0.28253771259924837,45.3614653572485,11.02008290731517
117,-0.9552848058952743,0.29568723277413955,45.361444295692635,11.02009219136701
118,-0.9582772725944957,0.28584028552472196,45.36140231746602,11.020100915588072
119,-0.9635912954448518,0.26737953426339944,45.36138075406253,11.020117417394413
120,-0.9641543601509102,0.26534198650418844,45.361344426258626,11.020118552350453
121,-0.9529424127816075,0.30315137789884505,45.361311671885346,11.020117234519084
122,-0.9517653232947154,0.30682693717094944,45.36127701425503,11.020134590684236
123,-0.9577142727418819,0.2877209964296807,45.36125664343895,11.020139603550186
124,-0.9593663141258099,0.28216356129142167,45.36121902565845,11.020149796192893
125,-0.9610245041494585,0.27646320265866753,45.361189778668276,11.02015534364278
126,-0.9607325364829834,0.2774761131034038,45.36115150602642,11.020161978273144
127,-0.9685346239591537,0.24887885043189342,45.36112754152778,11.020164693215394
128,-0.9602046895051217,0.2792972507067922,45.36108687220731,11.020179568637742
129,-0.9656493002113884,0.25984885799490437,45.361053547207675,11.020191928396223
130,-0.9645594041933957,0.2638657912312271,45.361019219521694,11.020200801333843
131,-0.9605999953621883,0.2779346126522635,45.36099159925164,11.020208197641102
132,-0.9624309363821618,0.27152659666145995,45.36096381884088,11.020224047520653
133,-0.9630336446719195,0.26938114119202733,45.36093025356144,11.02022784233129
134,-0.9627376393290175,0.2704371235965777,45.36090255812539,11.020239372410124
135,-0.9558152489788652,0.2939680421737541,45.360863248181005,11.020237511476168
136,-0.9606639427401696,0.2777135018664237,45.36082677528558,11.020258879249182
137,-0.9595901124116867,0.2814015212498442,45.36080127612503,11.020266223574586
138,-0.9590043291296456,0.2833914196135766,45.36076475335291,11.020284349870694
139,-0.957120945232435,0.2896886193784116,45.36074402761077,11.020281625145685
140,-0.9609857554043262,0.2765978631695781,45.360704321812946,11.020295072758172
141,-0.9622406211398367,0.2722002700741153,45.36067450590125,11.020311130064488
142,-0.9591305902351993,0.2829637978171027,45.360646915389644,11.02032122085835
143,-0.9608525471917907,0.2770602507669545,45.360606483944274,11.020338431933997
144,-0.9598391532560813,0.2805508864299825,45.36058528519603,11.02033468065801
145,-0.9587323769135178,0.28431009383726863,45.36055225666991,11.020353780971352
146,-0.954067894787949,0.299590474038964,45.36052353507991,11.020363816730436
147,-0.9575047579145312,0.2884174727214616,45.36048834174493,11.020371289541732
148,-0.9538347885343871,0.3003318101393207,45.36045684532718,11.020391176998368
149,-0.9590491487460694,0.283239704648624,45.36044224893855,11.020390021527689
150,-0.9488694529800874,0.3156687523358459,45.360389966580016,11.020405234937359
151,-0.954609560602096,0.2978600120980882,45.36036741646012,11.02041855601405
152,-0.9662628419782325,0.2575579938812793,45.360324183679666,11.020428254022836
153,-0.9542360695050812,0.29905438243820104,45.360302997494706,11.020434105524279
154,-0.9576674537167554,0.28787679324958815,45.36026612502638,11.020447868819632
155,-0.9615938549852475,0.27447633423413914,45.360243662383496,11.020464806979474
156,-0.9625351077463936,0.27115708796865023,45.360207612709395,11.020470655050062
157,-0.9481231179830012,0.3179033707688424,45.36017633095198,11.020490408684031
158,-0.9556182077600913,0.2946079445591903,45.360153847149554,11.020495425238504
159,-0.9537738488826136,0.3005252821105827,45.360116810664486,11.020517082250576
160,-0.9609130101006315,0.27685047773002625,45.36007543921067,11.020516590960296
161,-0.960026239058875,0.2799100218257142,45.36005481671754,11.020524155524175
162,-0.9513265219843843,0.3081847636874586,45.360022015827795,11.020548552418598
163,-0.9460306165990863,0.3240772630980961,45.359984219227286,11.02055415370183
164,-0.9517410769928872,0.3069021380903352,45.359953873065756,11.020561090373677
165,-0.9503877174050709,0.31106781673065936,45.35993100705776,11.020573207537886
166,-0.9538524679070428,0.3002756558025372,45.35989466891419,11.020589592870538
167,-0.9584072239242832,0.28540426263416036,45.35985235384886,11.020583939526915
168,-0.9501383525627447,0.3118286564595267,45.35983587187562,11.020611734899301
169,-0.9527406681115776,0.3037848240552918,45.35979435148135,11.020620088907856
170,-0.9578393730951361,0.2873042557093727,45.35977114756858,11.020623423628491
171,-0.9465471255089624,0.32256555797344605,45.35973746159043,11.020638668124354
172,-0.9540005303204123,0.2998049168182071,45.359704997920346,11.020648949244087
173,0.1411510526419482,0.9899880708059415,45.35967378416664,11.020657685365567
174,0.14569499870272362,0.9893295544726304,45.359684526104765,11.020665687603275
175,0.11275504063795727,0.9936228161685563,45.35967991360122,11.020669116901123
176,0.13170100170864288,0.9912894865522079,45.35967506972038,11.020682164201512
177,0.12163591465476019,0.9925747852258286,45.35967641318485,11.02069503966676
178,0.136295275259379,0.9906682582691191,45.359686847423944,11.020704552810178
179,0.09925924299332738,0.9950616074798543,45.3596776367748,11.020715037105441
180,0.16343036114340437,0.9865548728056318,45.3596893517921,11.020722904981914
181,0.15317600168392806,0.9881989235513896,45.359682358989744,11.020727383422965
