,Sin,Cosin,Lat,Lon
0,0.9571973177343411,-0.28943616726695165,45.3596690315554,11.020602744231873
1,0.9579545146110601,-0.2869201072359488,45.35970536098712,11.020579043864167
2,0.9548085810905675,-0.29722142163009896,45.35973250677405,11.020583773795215
3,0.9493443142192309,-0.31423776517092616,45.35976546542827,11.020565523670124
4,0.9614523027181515,-0.27497176145554275,45.359797173875016,11.0205581783646
5,0.9467689046619808,-0.32191402759922266,45.35982847172873,11.020554229180368
6,0.9556280401370033,-0.29457604944039506,45.35986405135572,11.020548233934607
7,0.9437478264119172,-0.3306660553228615,45.35989881198936,11.020527467540177
8,0.9478401475828235,-0.3187460660622673,45.35992495834609,11.02051788885708
9,0.9587938447240555,-0.28410273374127143,45.35995853652877,11.020516297720256
10,0.953864652793061,-0.30023694668040635,45.35999341450351,11.020508506250309
11,0.951517833691602,-0.30759358277903137,45.36001842745835,11.020485659232468
12,0.9496510680116975,-0.3133095099486166,45.36006266050801,11.020479057305627
13,0.9594160346529795,-0.28199445464539347,45.360088400728465,11.0204766579868
14,0.942212000078627,-0.33501723374750947,45.36011560524353,11.02045988379249
15,0.9538370148789753,-0.30032473931856724,45.36015253512569,11.020447408380297
16,0.9534348943705226,-0.3015989094752669,45.36019010426139,11.020431559761965
17,0.9577185811939267,-0.2877066548342112,45.360215345981274,11.020437428956333
18,0.9509892792152311,-0.309223852278079,45.360253754278126,11.020420387791306
19,0.9542547411711187,-0.2989947975340727,45.36028588249037,11.020407164209118
20,0.9524273901493615,-0.30476559269916925,45.360315619652425,11.02039469140579
21,0.961176629322758,-0.27593384577420266,45.36035318342498,11.020389713542055
22,0.9582167719258889,-0.28604303522359864,45.36037619065134,11.020381821959901
23,0.9506467197028022,-0.31027538464773796,45.360414352036166,11.020371135562144
24,0.9591759236735489,-0.28281009077646835,45.360446964322875,11.020360881529133
25,0.9551520408301221,-0.2961158200739245,45.36047546871531,11.020340540667643
26,0.9486353180214111,-0.3163716697215732,45.36051299175234,11.020341450578433
27,0.9568067788139383,-0.29072459135012213,45.36054124635608,11.020316763146964
28,0.9448108221344627,-0.3276164073693512,45.360572256386085,11.020313470411566
29,0.9563204536260678,-0.29232035504978443,45.360607956807726,11.020301018705759
30,0.9571949214143064,-0.28944409204310906,45.36063577620489,11.020292903898506
31,0.9587113112357984,-0.2843811205205718,45.36066064634591,11.020293234930447
32,0.9593481199744014,-0.28222541469821893,45.36070579277043,11.020277604622013
33,0.9497353267356488,-0.31305400356860225,45.36073357859723,11.020260858314403
34,0.9536809562680174,-0.300819935595565,45.360766049626946,11.020261189408473
35,0.9540170202002375,-0.29975243980368155,45.36080591399209,11.020248687672098
36,0.9496625656240577,-0.3132746581712799,45.36083518932531,11.020227722783114
37,0.9520358694312826,-0.3059864430268469,45.36086246517047,11.020223805095181
38,0.941539280614487,-0.33690322506612247,45.360891690538715,11.020214911831797
39,0.9551545176058468,-0.2961078308608912,45.36093486500536,11.020209527171879
40,0.9515121442808124,-0.30761118199137444,45.360966739224104,11.020191165400897
41,0.9516826268602302,-0.307083340043728,45.36098980763041,11.020183480538034
42,0.9559684123205531,-0.2934695804428816,45.36103083529679,11.02017064858386
43,0.9467720705821137,-0.3219047162836501,45.361052176564726,11.020161224632897
44,0.9504761141689996,-0.3107976132376163,45.36109289691062,11.020146497410833
45,0.9532261454751284,-0.30225802815248654,45.36112106965725,11.020140908231298
46,0.9474548313429956,-0.31988957870617774,45.36116393775111,11.020140433820805
47,0.9577776841574643,-0.2875098393620027,45.36118724894668,11.02012691646176
48,0.9505373007913978,-0.31061043093271007,45.36121836934095,11.020108767929731
49,0.9495052036376879,-0.31375128408494674,45.361246593342756,11.020108904745088
50,0.9519359791703554,-0.30629706423825986,45.36129001780892,11.020092991408639
51,0.9573030337302592,-0.2890863220749856,45.36131713238306,11.020079963641221
52,0.9512972018630093,-0.3082752564310165,45.36134786318604,11.020072863523163
53,0.9546711450178788,-0.2976625688094698,45.361377524390434,11.0200641038953
54,0.9498019363777899,-0.3128518525644381,45.36141513198851,11.020047555766844
55,0.9501508336585259,-0.31179062413422276,45.36144173296819,11.020034739241538
56,0.9460758830282523,-0.32394509342219185,45.36147126396841,11.020029045914338
57,0.9458565892201469,-0.3245848311748874,45.36151367218642,11.02001980099296
58,0.9535155339761713,-0.3013438674772343,45.361544112702965,11.020014349287274
59,0.9578303963839679,-0.28733418133408845,45.36157366080237,11.019997582713968
60,0.9400023656825705,-0.34116792421206754,45.3616081527939,11.019995717260281
61,0.9559506833899388,-0.29352732568929396,45.36164376072697,11.019991949806878
62,0.9631152554659498,-0.26908921325233076,45.36167077453653,11.019974490767389
63,0.9587128452965519,-0.2843759488131683,45.36170763474523,11.019951535280612
64,0.958913586938029,-0.28369831297637854,45.36174190495267,11.01995017542287
65,0.9573790403883076,-0.28883450802347577,45.36176749047649,11.019933166226416
66,0.9450021797682314,-0.32706403078493856,45.361804471839896,11.01993062067081
67,0.9565213352470717,-0.2916623651024572,45.36183462449799,11.019915222737188
68,0.9482317032399337,-0.31757933964710994,45.361865082705066,11.019906240867398
69,0.9614453670645632,-0.27499601115304834,45.36189921839675,11.01989347776772
70,0.9532415914100987,-0.30220931224226444,45.36192278083987,11.019886241470589
71,0.9516636660629623,-0.3071420952842554,45.36196566171687,11.019881653859349
72,0.9412242642684637,-0.3377823031958441,45.36198647124277,11.019876382226077
73,0.9611230029815829,-0.2761205771753784,45.36202996071378,11.019864177972524
74,0.9511207683074528,-0.3088191770182683,45.36206347008152,11.01985312162404
75,0.9464059338837392,-0.32297957878114764,45.36209157591422,11.019841628205828
76,0.9517983018757327,-0.3067246200526975,45.36211047733812,11.019837137599872
77,0.9510101207256837,-0.30915974879877306,45.36215532122226,11.019822906636918
78,0.9569709548766292,-0.2901837202920117,45.36219195288379,11.019805895433297
79,0.9603591206093699,-0.2787657788581619,45.36222231786709,11.019796747145593
80,0.1493411018591386,0.9887857378095106,45.362254523071876,11.019786289759278
81,0.13893873030102633,0.9903009791080379,45.36225845524079,11.019792996582204
82,0.12218725846509598,0.9925070648961567,45.362259241137465,11.01979919911244
83,0.14115489606920037,0.9899875228080873,45.36225496011711,11.019801908136486
84,0.13991580807740062,0.9901634040147353,45.36226707136913,11.01981833853702
85,0.11024375927370171,0.9939045796962614,45.36226654115634,11.01981590177631
86,0.15835207880199118,0.987382711586084,45.36226204705549,11.01982000809773
87,0.09940865592254416,0.9950466919334354,45.36225625671389,11.019830594522812
88,0.11993250549970291,0.9927820476441764,45.362267575436626,11.0198400719455
89,0.1406463040878017,0.9900599058372386,45.362271251962085,11.019836375021633
90,-0.9582486886069431,0.2859360956281555,45.362268108414,11.019852283295348
91,-0.9511961412613434,0.30858694212414495,45.36223872054741,11.019865613814634
92,-0.9546860246909772,0.2976148421361727,45.36220619086707,11.019874666911543
93,-0.9464818641972836,0.3227569995300406,45.362182592867285,11.019884138922395
94,-0.9580601208805678,0.28656727792668846,45.362131987223975,11.01989753694758
95,-0.9599246851549543,0.28025809324649625,45.3621046620573,11.019900887501182
96,-0.9499719938601847,0.3123350938996531,45.36207809634842,11.01991184459359
97,-0.9482912416669733,0.3174015138239105,45.36203836543877,11.019924388267608
98,-0.9593405185352378,0.28225125242687765,45.36199984323245,11.019934720029994
99,-0.9555214173038974,0.2949217202471721,45.361975584525496,11.019956114173723
100,-0.9494835440127393,0.313816824993512,45.36194328012089,11.019956711102829
101,-0.9462115005449312,0.3235487540333136,45.361907157941204,11.019961104651864
102,-0.9505076238298247,0.31070123437376385,45.361880798128865,11.0199801553657
103,-0.9484063736115244,0.3170573299784088,45.36185184011629,11.019983115108582
104,-0.95359310950752,0.30109829209043865,45.361812215514874,11.019988650550959
105,-0.9542393068383892,0.29904405241467424,45.361784630694196,11.020003503600952
106,-0.950203566297442,0.3116298807810681,45.36174728218985,11.020031105037354
107,-0.9441143773936753,0.3296180249903709,45.361722640630475,11.020027893442492
108,-0.9515597178014137,0.3074639872532944,45.36169143211127,11.020044331101735
109,-0.957498598496046,0.2884379203192736,45.36165841603706,11.020046972750539
110,-0.9515201594415679,0.30758638815183814,45.36161621487614,11.020058247543512
111,-0.9581016344000675,0.28642845207821,45.361579167608156,11.02006825097053
112,-0.9625626107129386,0.27105944081970607,45.361554509844254,11.020068074581863
113,-0.9538699449981749,0.30022013261801556,45.3615208086377,11.020088862612031
114,-0.9583744417026853,0.28551432449365194,45.36150548510012,11.020101506204536
115,-0.95526259652898,0.29575897564184084,45.36145623710249,11.020101603787657
116,-0.9568291286256626,0.29065102548151334,45.36142559602017,11.020121830300466
117,-0.9580097944926498,0.2867354768007455,45.36140518344008,11.020131260223145
118,-0.9568688322253812,0.2905202883029603,45.36136102957351,11.02014574515284
119,-0.9653899737867793,0.26081065643865414,45.36133316709365,11.020152169227806
120,-0.956668972834719,0.29117774024702464,45.36129828829664,11.020163050615
121,-0.9615597516635234,0.2745957828896562,45.361268022049096,11.020169411416088
122,-0.945445996129622,0.32577886426603364,45.36123727460199,11.020175334143099
123,-0.9487869640598127,0.31591659790230026,45.36120319158139,11.020195084892025
124,-0.9609573855822114,0.27669640961711284,45.36117720752882,11.020207868402345
125,-0.9489425765567401,0.3154488649493852,45.36113894543833,11.020212412195058
126,-0.9516310353155424,0.30724318157490327,45.36110646784293,11.020225706287277
127,-0.9580364789146862,0.2866463065674314,45.36107004221737,11.020228708071318
128,-0.9420197535783265,0.3355574226093488,45.361035636361045,11.020238675953033
129,-0.9527512404261824,0.30375166479604815,45.36100301539437,11.020254640091796
130,-0.9501859669676425,0.3116835385094412,45.36097625181765,11.0202666906809
131,-0.9516487059454366,0.3071884445619268,45.36093793254476,11.02027299445148
132,-0.957906595062319,0.28708005004896175,45.360914555483035,11.020283176225098
133,-0.9480946474436548,0.31798826941994573,45.36087850309545,11.020292613520848
134,-0.9555261983725196,0.2949062295438337,45.36084528206361,11.020304841786245
135,-0.9596138998979493,0.2813203922979074,45.36081264230881,11.020315846183271
136,-0.950282520202283,0.3113890360915068,45.36078179140793,11.020322919760549
137,-0.9550002500684098,0.29660499383738403,45.360738993580206,11.020329471029495
138,-0.9544949147064907,0.2982271915829424,45.3607127236077,11.020348349100207
139,-0.9530846375133156,0.30270393743080354,45.36068449730716,11.020353735764134
140,-0.9560194077340143,0.29330341292917916,45.36065215908546,11.020362942246322
141,-0.9553846549519031,0.2953644546698759,45.36062032778062,11.020380543210948
142,-0.9487838496233493,0.31592595128272966,45.36058849102732,11.020383635640465
143,-0.959118023608435,0.2830063900152246,45.360555687515244,11.02039908463267
144,-0.9556697767539727,0.2944406184598383,45.36051829553193,11.020399277122765
145,-0.9492158877119278,0.3146254892968099,45.36049750409281,11.020422491431919
146,-0.9618123711660412,0.2737096320408864,45.36046361401686,11.020424018297112
147,-0.9515177873282612,0.30759372620053527,45.3604152617871,11.020427806860775
148,-0.9539947507067925,0.2998233073393142,45.360394711225055,11.02044284699491
149,-0.9531383685153187,0.3025347095193482,45.36036238387877,11.02045846800039
150,-0.9574003567995918,0.288763842611942,45.360339803621045,11.020465445347543
151,-0.9524014657105256,0.30484659767240707,45.3603025829257,11.020476033793612
152,-0.941801537595683,0.33616939745076047,45.36026503671076,11.020490087848263
153,-0.9519201589056439,0.3063462274438087,45.3602342003232,11.020490952785103
154,-0.9572033952192336,0.28941606759261246,45.360196538382425,11.020505194689001
155,-0.9522177947485181,0.3054198280470166,45.360168038997315,11.020525099054213
156,-0.9525448004179614,0.304398428374238,45.36013199148974,11.020529629343311
157,-0.9500401589602797,0.3121276923996434,45.360093367681124,11.02054618636519
158,-0.9478708850780047,0.31865464883073663,45.360072148631,11.020554323506618
159,-0.9595460475179151,0.2815517407027475,45.360042109983404,11.020560608276968
160,-0.9553378858070494,0.29551569153213686,45.36000453167228,11.020559399447583
161,-0.9490108697922965,0.3152433488847445,45.35997085389932,11.020576925449117
162,-0.9544371695777358,0.2984119456865631,45.359937789417955,11.02059439836477
163,-0.9470287707158095,0.3211487310211621,45.359911550022154,11.020605059783758
164,-0.9567794625242537,0.29081447710146785,45.35988132434034,11.020611365778885
165,-0.9562808757732736,0.2924498018982075,45.35984074127681,11.020616727838224
166,-0.9502094542150121,0.31161192711513586,45.359814990124754,11.020633496083738
167,-0.9572276248593697,0.2893359193154036,45.35978003882813,11.020642450666323
168,-0.9514009228417619,0.30795500323236136,45.35974133894119,11.020665303189238
169,-0.9447341803763714,0.32783735056973895,45.35971643897924,11.020666883313684
170,0.14330206818003216,0.9896789970769944,45.35968337189894,11.020671944399147
171,0.13309631038852987,0.9911031087434647,45.3596898320039,11.02068651270494
172,0.1082128271985457,0.9941277503569135,45.35968545914788,11.020685185385997
173,0.12180585173185196,0.9925539453772163,45.35969343796645,11.020701272729381
174,0.10742353734997474,0.9942133491475653,45.35968596430133,11.020698623682284
175,0.10395147007453497,0.9945823705804075,45.35968213820195,11.020699654231635
176,0.14957038991510913,0.9887510801312139,45.35968790429551,11.020705070501759
177,0.13003850664585226,0.9915089443819035,45.35969423703072,11.02072062666994
178,0.13542745989316274,0.9907872643039402,45.35969670715238,11.020715833155455
179,0.11893015358576238,0.9929026229032064,45.359688077768396,11.020727172906609
180,0.9568636841964122,-0.2905372435094489,45.35969553433285,11.020735514133868
181,0.9573201237111214,-0.289029722931264,45.35972254018104,11.020720281951867
182,0.9486838398377088,-0.3162261406506117,45.359760018696385,11.020720544558559
183,0.9491134135080362,-0.31493448255013834,45.35979379644044,11.020707609796164
184,0.9535565899178157,-0.3012139270092051,45.35981574996519,11.020691789013668
185,0.9507536142492223,-0.30994768105607906,45.35985719751521,11.020685833796206
186,0.9506672091728122,-0.3102126003301228,45.35988984576189,11.020666105179222
187,0.9492532498626657,-0.31451274636358956,45.35992237462852,11.020668012446386
188,0.9472456422644826,-0.3205084916362559,45.35995559193185,11.020655546053073
189,0.9558218087636482,-0.29394671267389255,45.359977791912385,11.020641393100677
190,0.951281668562189,-0.3083231860524563,45.36002284313204,11.020639799432095
191,0.9576645416117615,-0.2878864806473806,45.360053080394025,11.020621005356016
192,0.9521563097587835,-0.3056114555878682,45.360090893847484,11.020608040428849
193,0.9666358217370853,-0.2561546176329247,45.36012239076184,11.020599581079688
194,0.9531566078167891,-0.3024772404251129,45.36015229030127,11.020597285200907
195,0.953520240739753,-0.3013289738800496,45.36018334714412,11.020584880682568
196,0.9476169093770602,-0.3194091311510496,45.3602148146398,11.02057245462824
197,0.9429685688650663,-0.3328817780122077,45.36024641628351,11.020560417984097
198,0.9470959303810308,-0.3209506171604747,45.36027853928976,11.020560246236897
199,0.9446277548722347,-0.3281438780855758,45.36031448877536,11.0205358663654
200,0.9482035761497755,-0.3176633094595236,45.3603330658177,11.020544088010206
201,0.9629595669932419,-0.26964582758905803,45.36036632124832,11.020522831282383
202,0.9587666938951115,-0.2841943466669201,45.36040451109079,11.020514331444835
203,0.9510434923794324,-0.3090570749921968,45.36043943976581,11.020496227741948
204,0.9544887404750666,-0.2982469518810225,45.360479244265335,11.020485255892137
205,0.9572295749848275,-0.2893294675182021,45.360495409535396,11.020484008771076
206,0.9483066393091019,-0.3173555070300135,45.36054454578286,11.020465854433349
207,0.9574641926303125,-0.28855210938543496,45.36055915147235,11.020464021656563
208,0.9607677292172101,-0.2773542328770299,45.36060104286626,11.020456117333948
209,0.9445535324343836,-0.3283574643063989,45.36063113344557,11.02045150471882
210,0.9510070931745611,-0.30916906173107245,45.36067351269215,11.020431695282575
211,0.9640615302174804,-0.2656790657065966,45.360692547794635,11.020422765297392
212,0.9555911552505054,-0.2946956803331267,45.360726105472146,11.020405679479357
213,0.9647089705341562,-0.2633184425195635,45.36075628514998,11.020395022133533
214,0.955243258444761,-0.29582142788485677,45.36078659452778,11.02038483676421
215,0.94382572492249,-0.33044364266019144,45.360818520051126,11.020378021065824
216,0.9513382240209385,-0.3081486386740768,45.360855496353174,11.020383533241478
217,0.9535691584311118,-0.3011741358234158,45.36088156828918,11.020345507424889
218,0.9555494072419011,-0.2948310199413412,45.36092500417929,11.020345197384449
219,0.9623809359937857,-0.2717037615413612,45.360940965911475,11.020337458600148
220,0.9705079035281996,-0.24106930370600663,45.36097587464754,11.020327745085677
221,0.9490923173809516,-0.3149980525153372,45.361016309219075,11.020319740240533
222,0.9463269618140163,-0.32321089298452377,45.36105925190336,11.02030867844967
223,0.9541852759698098,-0.29921640851132775,45.361078046984055,11.020297484626335
224,0.9573219795849545,-0.2890235758611122,45.3611068659211,11.020280779871886
225,0.949078938383611,-0.3150383607064984,45.361141791404386,11.020271054558615
226,0.9623791348246871,-0.27171014124262427,45.361170111916984,11.020272909903131
227,0.9490738524413505,-0.31505368211168994,45.36120800605698,11.020259463585012
228,0.953869450664055,-0.30022170322922015,45.36124561174681,11.020242641698832
229,0.9633094709577655,-0.2683931131066331,45.361269516175156,11.020235109689846
230,0.9570062345551513,-0.2900673491149439,45.36130552226492,11.020233246978497
231,0.9445148008728688,-0.32846885839008394,45.36133280155107,11.020222435547163
232,0.9393586228203261,-0.3429364047940962,45.361373868975086,11.020202730114525
233,0.9598496075531084,-0.2805151170260592,45.36140468526578,11.020198021217544
234,0.95518425544543,-0.29601188852672744,45.361433090072666,11.020191425713218
235,0.9534632916249397,-0.30150912345024516,45.36146214055319,11.02017917940027
236,0.9617093927205274,-0.2740712388287294,45.36149543599508,11.020164222092722
237,0.9573674483766008,-0.2888729284458419,45.361525838284436,11.02015276084014
238,0.9598325626469764,-0.28057343367207505,45.36157056564511,11.020146375689624
239,0.9497977460490251,-0.31286457389770367,45.36159064480639,11.020138402210309
240,0.9557224512504395,-0.29426959777702355,45.36163708417842,11.02012673221339
241,0.9487333332103823,-0.3160776209343485,45.36164957239262,11.020118347360214
242,0.9554253207237009,-0.2952328852279388,45.36168881832794,11.02011221544107
243,0.952897884931796,-0.30329131357905686,45.36172777952722,11.020097050507177
244,0.9642687246529923,-0.26492607771997767,45.361749887955455,11.020085030301098
245,0.9457307552005095,-0.3249512866075065,45.36179054289207,11.020074116366139
246,0.9489069213063284,-0.31555610388161665,45.36182646619011,11.02004844377682
247,0.955698577886305,-0.29434712199390395,45.36184218048332,11.02006442748923
248,0.9570484699780805,-0.28992796711013435,45.36188947066836,11.020037746648962
249,0.9576290680603168,-0.2880044583091192,45.36191950585469,11.020035262524333
250,0.9655961834556711,-0.26004616993111435,45.3619489890522,11.020026911804825
251,0.9535785218322284,-0.30114448807883315,45.361980665919134,11.020021562220402
252,0.9492896735049572,-0.31440279225358625,45.36201277585295,11.020000615607072
253,0.9520067896824812,-0.30607690601947724,45.362043014798445,11.019988351651051
254,0.9585364716543934,-0.2849698800019861,45.36208218072462,11.0199815542382
255,0.9497450825797323,-0.3130244049840483,45.36211289798897,11.019971870304854
256,0.9481363232521718,-0.31786398432325297,45.36213850590777,11.019973382867757
257,0.9531875597139323,-0.3023796884822107,45.362175178941015,11.01995212347907
258,0.9551485131831038,-0.29612719862266307,45.36220470867826,11.019947242298567
259,0.9633339781822545,-0.2683051368862542,45.36223450246764,11.019928893292654
260,0.12201931387766123,0.9925277260816571,45.362272069153846,11.019921548757445
261,0.16585133453992204,0.9861507667853465,45.362268647327326,11.019923967459862
262,0.10152588621629124,0.9948328977411215,45.36228177164824,11.019928880802867
263,0.13764870172640128,0.9904811128502331,45.36228162524257,11.019953080758192
264,0.13361262238859656,0.9910336357250658,45.362272002742564,11.019950987772916
265,0.09705627284810696,0.9952788955367404,45.36228200187534,11.019958567834623
266,0.12621853122987406,0.992002460871027,45.36228890411096,11.019956544879232
267,0.13382367709367,0.9910051581344717,45.36228271503991,11.019972021763934
268,0.1179036122072688,0.9930250441094011,45.3622871309527,11.019970403422345
269,0.14158449569661954,0.9899261743071217,45.36228806804395,11.019977977648576
270,-0.9527085105633202,0.30388565925397,45.36229578358957,11.019989031413564
271,-0.9504870130841905,0.3107642803770953,45.362261239250245,11.020000725004818
272,-0.9581409014458769,0.286297071197877,45.362230289382595,11.020005914873085
273,-0.9547085856940668,0.29754246151101654,45.36219724878545,11.020019266244311
274,-0.9504875458656855,0.3107626508353704,45.362163996575326,11.020029882069979
275,-0.956740285812006,0.2909433372743927,45.36213565000911,11.020037733057313
276,-0.9572108717676728,0.28939133879536166,45.36211167900337,11.020048692330803
277,-0.9552372062744686,0.29584097036912976,45.362056526248644,11.020058996534026
278,-0.9506057312024787,0.31040094040611554,45.36202554387017,11.020068710020498
279,-0.9445096918130215,0.3284835491638376,45.36200039158174,11.020080986222284
280,-0.9527351137336916,0.303802243340713,45.361970771086895,11.02008583541434
281,-0.9504261137287209,0.3109504821390706,45.36193555712044,11.020096032555607
282,-0.9532512985306238,0.30217869191867164,45.36189550184289,11.020114739260586
283,-0.962685433309174,0.2706229046003458,45.3618796506845,11.020124369495054
284,-0.9624204359936247,0.27156381272518865,45.361835030463425,11.020133944058522
285,-0.9496392162515965,0.31334543072630483,45.361809712100644,11.020140463354002
286,-0.95546004540255,0.2951204866480079,45.361776059255604,11.020158942934962
287,-0.9541213367109975,0.2994202311682017,45.361745203675085,11.020156455628502
288,-0.9486693561569804,0.31626958862448373,45.36170490324276,11.020174428436759
289,-0.9448616948164753,0.32746965915720794,45.3616811834297,11.020192674825536
290,-0.951613398647245,0.3072978026524751,45.361658273193626,11.020188014965015
291,-0.9561282817671698,0.29294830398034316,45.36161550057742,11.020201119920136
292,-0.9465976706640176,0.3224171985075489,45.36157806001612,11.020215676706458
293,-0.9502284262455497,0.31155406907133465,45.36154597355699,11.02022459575023
294,-0.947353651835331,0.3201890978066906,45.36151126273613,11.02023328299248
295,-0.9585782859674686,0.284829193854264,45.361480426085286,11.020244836059582
296,-0.9551084276222349,0.29625646235142644,45.361451589146945,11.020242486689645
297,-0.9588644364898482,0.28386439092462085,45.36142169122728,11.020267755818145
298,-0.9538258903180965,0.3003600688488577,45.36139273277919,11.02026628719392
299,-0.9471917625247751,0.32066768625043895,45.36135495729179,11.020289306241205
300,-0.9447432562409402,0.327811195335463,45.36132786657783,11.020288263397655
301,-0.9579101569255355,0.2870681648300556,45.361282417867066,11.020305349190798
302,-0.9551209418511601,0.29621611441201645,45.36125888032591,11.020306860648665
303,-0.9663078099601593,0.2573892313403973,45.361228378130455,11.020315885188888
304,-0.949756052379209,0.3129911196329079,45.36119642141674,11.020337350280819
305,-0.9475778233948945,0.31952506726420415,45.36116080459203,11.020338155458218
306,-0.9462432508753847,0.32345588597640906,45.36113173158564,11.020354302991025
307,-0.959016400853095,0.2833505653687242,45.3610931809069,11.02036324052985
308,-0.9488992430264345,0.3155791922542733,45.36106220480057,11.020376033399346
309,-0.936642680678921,0.3502862953793722,45.36102679030122,11.020389255545545
310,-0.9576677801064292,0.28787570746074415,45.36099735895079,11.020389855802451
311,-0.950383488458379,0.3110807368926629,45.3609593346763,11.020401523579945
312,-0.9590533212623813,0.28322557613251603,45.36092910856817,11.020408957702658
313,-0.9601542347136879,0.2794706524151907,45.36089865933701,11.02041698705405
314,-0.9475708716447128,0.31954568250952664,45.36087137705588,11.020427822004905
315,-0.9389376811128451,0.34408724327767976,45.36082886439551,11.020444610519933
316,-0.9614905121314916,0.27483812523214807,45.3608110046293,11.02044733091476
317,-0.945080921716743,0.32683642913089045,45.36076130177741,11.020465395177473
318,-0.9618161982013899,0.27369618352732805,45.36074470898708,11.020468848766962
319,-0.9488548087028408,0.31571276819523053,45.360700708521094,11.020476945199137
320,-0.9565146865008367,0.29168416910796874,45.360674871645564,11.020489921301476
321,-0.9672285741963061,0.2539072375064972,45.360634193475136,11.020505707958675
322,-0.9539538522306976,0.2999534094058815,45.36061192725178,11.020514978254473
323,-0.9601292670169652,0.2795564175930597,45.36057625659628,11.02051680713721
324,-0.9540926346916635,0.299511676612315,45.360538463428796,11.020539807851742
325,-0.95574310499165,0.29420251062987157,45.3605187952796,11.020541695513543
326,-0.9559057263075565,0.2936737005801213,45.36048188496605,11.020547663984795
327,-0.959742839968264,0.2808801899914821,45.36044375461673,11.020567893586902
328,-0.9558680871089786,0.29379618793752593,45.36041860370095,11.020577773718474
329,-0.9564991638965151,0.29173506725326565,45.36038154891675,11.020587846832948
330,-0.9579987546977803,0.2867723591936682,45.3603428760865,11.020597377090859
331,-0.9594972758521643,0.28171790435163285,45.36031384514897,11.02060362071237
332,-0.9530608178776298,0.30277892500374515,45.360276245207515,11.020610038820438
333,-0.9551507385375685,0.2961200207198719,45.36025469084925,11.020624607859931
334,-0.9586440844989541,0.28460765846189406,45.360215345963255,11.02062957511758
335,-0.9560227245679943,0.29329260152548825,45.360181250879286,11.020651330886011
336,-0.9495635061045343,0.3135747883272251,45.3601538464376,11.020653659378935
337,-0.9498840361644557,0.31260249173658694,45.36012443391634,11.020667137937536
338,-0.9517413879409572,0.30690117380065585,45.36008470608872,11.020674811527178
339,-0.9507105060800073,0.3100798826578344,45.360053958181815,11.020675376247507
340,-0.9492163098220233,0.3146242158001519,45.36002458320173,11.02069522862189
341,-0.9562405694360441,0.2925815670281197,45.35998879515579,11.020705326193726
342,-0.9537618615726822,0.3005633234601519,45.3599517543513,11.020709580737831
343,-0.9529706315370708,0.30306265924365605,45.35992515651216,11.020735092953995
344,-0.9593298249642207,0.2822875961393234,45.35989171168345,11.020738596107428
345,-0.9469940751014738,0.3212510260259165,45.35986032585417,11.020746705294874
346,-0.9532309846056393,0.30224276664258415,45.35982060755172,11.020760317765985
347,-0.9493109032383497,0.31433868516743,45.35979784305433,11.020764948418105
348,-0.9590200604678384,0.2833381788962859,45.359759597372246,11.020778318322273
349,-0.9515051606064985,0.30763278326472554,45.35973296617486,11.02078524520025
350,0.12050467469578266,0.9927127597530232,45.35969776555788,11.020796235896034
351,0.11381444979991573,0.9935020236601144,45.35968804039405,11.020804079667473
352,0.13602656081616576,0.9907051906357037,45.359706322308085,11.02081441937683
353,0.13746097964321813,0.9905071827480741,45.35970684570766,11.020817462386976
354,0.0955460733921903,0.9954250086567717,45.3597080703851,11.020827319266816
355,0.13874536009367047,0.9903280896008543,45.35970546738815,11.020841324947549
356,0.15776263618707564,0.9874770633403616,45.359706248365036,11.02084783601642
357,0.12037581875049141,0.9927283929958631,45.35971658462077,11.020857375430545
358,0.11095865051035936,0.9938250237727565,45.359707995304284,11.020858132354961
359,0.11922546688154623,0.9928672056457889,45.35971985278897,11.020871860477552
360,0.9606501476044131,-0.27776121742896237,45.35971594717543,11.020874574429149
361,0.9559838059110156,-0.29341943159219996,45.35975131123444,11.020861521568271
362,0.9522794860391215,-0.3052274241759192,45.359780964213385,11.020849611334354
363,0.9521935775819036,-0.30549532044169725,45.359815379650335,11.020849071477675
364,0.957110585422854,-0.2897228456154635,45.35985071648694,11.020823867711336
365,0.9593391698811784,-0.28225583631112305,45.359878894090066,11.020822853575766
366,0.9504915894871652,-0.31075028288669704,45.359915875148914,11.020810514998017
367,0.9439805928890925,-0.33000097007244905,45.35994653491808,11.020801277836453
368,0.9544630874824681,-0.29832903752976253,45.35997672498292,11.020795467463607
369,0.9533545416086511,-0.3018528084914216,45.36001022631098,11.02077741755843
370,0.9539966750398743,-0.2998171843188189,45.360038525506425,11.020775604323397
371,0.954251631505821,-0.2990047219835813,45.360073251388954,11.02077200461334
372,0.9483645313901666,-0.3171824642080796,45.360105818392185,11.020753597658425
373,0.955843122283876,-0.2938773988972464,45.36014634124703,11.020740611008671
374,0.9574995759085265,-0.28843467568063297,45.36017406050686,11.020736685150984
375,0.9531176073143838,-0.3026001100913616,45.36020339514537,11.020724400593794
376,0.9518696436767397,-0.3065031507941096,45.36022281174303,11.020716011936324
377,0.9504489896968229,-0.3108805525990468,45.36027494393621,11.020704655314372
378,0.9567028916215292,-0.291066276237912,45.36030459244542,11.020687705956316
379,0.961015663978703,-0.27649393047148924,45.36033317555541,11.020676426884808
380,0.9506595276052126,-0.31023614001826744,45.360362907071575,11.020679805261206
381,0.954643414537285,-0.29775149215510843,45.36040909185114,11.020658450052922
382,0.9540349600368461,-0.2996953370132634,45.360429977652274,11.020652567803825
383,0.9539188651826456,-0.30006465744678035,45.36045750300768,11.020650277508539
384,0.9582792221652227,-0.28583374952306767,45.36049657782046,11.020637284696457
385,0.9572375141824054,-0.28930319984730424,45.3605312573808,11.020623320149467
386,0.9489533373684227,-0.31541649211373285,45.36055745281457,11.020618315508907
387,0.9568573665673257,-0.29055804935647983,45.360595847347554,11.020604471335602
388,0.9572633271935969,-0.28921777678808885,45.360636693066695,11.020588949420603
389,0.9496380327091435,-0.31334901760227,45.36066598950125,11.020576854200964
390,0.950558521241726,-0.310545484099742,45.36069069353342,11.020579868360173
391,0.9475967389258945,-0.3194689662189587,45.36072924954371,11.02056259220798
392,0.9598420020886268,-0.28054113963284694,45.36075640686458,11.020554071513805
393,0.9521057920903854,-0.30576880264006656,45.36079033230094,11.020535356259542
394,0.9538272777766538,-0.3003556627885982,45.360823164861394,11.020532245551072
395,0.9441324763273052,-0.32956618021889084,45.360853752156316,11.02052919522179
396,0.9547636900134284,-0.2973655935577314,45.36088338136971,11.020522227833615
397,0.954626787395448,-0.29780479644734753,45.36092054327078,11.020512792781908
398,0.9545901297458221,-0.29792227877729177,45.360963187701365,11.020493892729533
399,0.9494017751494812,-0.3140641166115828,45.36097374206974,11.020484125509435
400,0.9533859311239251,-0.3017536517342689,45.361027402175765,11.020467184058
401,0.9575166416989804,-0.28837801731322427,45.36104723937968,11.020456268727285
402,0.9520429051105628,-0.305964551588317,45.3610874671964,11.020459228442201
403,0.9552688100115065,-0.2957389061642045,45.361110781348536,11.02044330722027
404,0.9501248654171898,-0.31186974863870187,45.36115199767584,11.020429822996208
405,0.9501786850801922,-0.31170573690465975,45.36117927975954,11.020422663066563
406,0.9508269602197729,-0.3097226044692676,45.361213323901644,11.020416475794645
407,0.9491988401249638,-0.31467691670254966,45.36124790661989,11.020395494789629
408,0.9499862276158159,-0.31229179838777604,45.36127453527191,11.020383049069352
409,0.9576384945150531,-0.2879731130208907,45.3613052623971,11.020384358016548
410,0.9582930757010032,-0.28578730038878797,45.361336216149944,11.02036892571029
411,0.9536804872784594,-0.3008214224158912,45.36136872379426,11.020352611567912
412,0.9579924195312687,-0.2867935217549828,45.36140479712081,11.020339007290596
413,0.9537117814541368,-0.30072219391919963,45.36144196943549,11.020348390429515
414,0.9436846286808791,-0.3308463715857125,45.36146719004234,11.02033579791644
415,0.9522128451961689,-0.30543525900494345,45.36150299013136,11.020324894819698
416,0.9399781136025318,-0.34123473731176,45.36153192274755,11.02030462289291
417,0.9587242292223682,-0.2843375675178642,45.36156207227441,11.02030232376595
418,0.9534474020987087,-0.30155936634636843,45.36160239586363,11.020289792946032
419,0.9532507169269304,-0.3021805266364681,45.36162865540132,11.020281145220219
420,0.95523476309966,-0.2958488589904251,45.36166514436441,11.020263803777773
421,0.9571299374737468,-0.2896589076681428,45.36169495968592,11.020257274309696
422,0.948922176512393,-0.3155102263366165,45.36173385515146,11.020257741005047
423,0.9600499153660569,-0.27982880481756534,45.361755501819346,11.020245170777573
424,0.9563705189279621,-0.2921565171709517,45.36179519205952,11.02023513984318
425,0.9551612549148514,-0.29608609746066483,45.36182648437904,11.020220510345554
426,0.9467578899352285,-0.3219464207681053,45.36186374910268,11.020200372182268
427,0.9577720680787335,-0.2875285474664837,45.36190195859121,11.020197845090921
428,0.9478534083179828,-0.3187066305240345,45.36193091799977,11.02019680307918
429,0.9441039332856873,-0.329647938192391,45.36195901526406,11.020177830799666
430,0.9592740679052832,-0.282477012594742,45.36199157829567,11.020170456857185
431,0.9526356323491674,-0.3041140443628049,45.36203428307229,11.020157574474693
432,0.9526269496657517,-0.3041412414825149,45.3620613742912,11.020152979378443
433,0.9492294569569781,-0.3145845483255024,45.36209481319999,11.02014187612403
434,0.9573051548577068,-0.28907929791471043,45.36212004025838,11.020132537181922
435,0.9569159190069051,-0.2903651562277579,45.36215264268924,11.020114224987765
436,0.951311374860454,-0.3082315169821424,45.36218678640794,11.020109314226907
437,0.9447394250088196,-0.32782223663748783,45.36221452848828,11.020102423425483
438,0.951023488033951,-0.30911862643285914,45.362248670323225,11.020094884442077
439,0.9500038763480303,-0.3122381061365131,45.36228200028843,11.020087181422031
440,0.1371020129740778,0.9905569332645427,45.36231746100183,11.020070686381267
441,0.12715419850133108,0.9918829617467396,45.36231544318025,11.020077018065733
442,0.10358659737512528,0.9946204385815947,45.36232224341476,11.020085832083982
443,0.12338859654843985,0.9923584303273724,45.362306118415574,11.020080789247983
444,0.15338726347450982,0.9881661537432869,45.3623100446731,11.020090121002436
445,0.10901202614551807,0.9940404308455713,45.36230390044269,11.020102968272045
446,0.13739184245682656,0.9905167750352937,45.36230470288722,11.020101918701712
447,0.13532266123135955,0.9908015832432157,45.36231064468921,11.020111121358356
448,0.12536087618844,0.9921112088477111,45.36230829587346,11.020114516761552
449,0.10651154094553032,0.9943114661138172,45.36231388778764,11.020120934298683
450,-0.9578973344927598,0.28711094819192423,45.36230235200789,11.020123108168953
451,-0.9551431389505417,0.29614453247646855,45.362272723103985,11.02013759296908
452,-0.9543314615385822,0.29874983099180785,45.362238875112105,11.020143199054257
453,-0.9576849357974765,0.28781862995050084,45.36220421456911,11.020147135107688
454,-0.9533791949435961,0.3017749337647188,45.36218237507928,11.020156297609809
455,-0.9561252236003129,0.29295828507699123,45.36213768241959,11.02018005804246
456,-0.9471913208246074,0.3206689909463271,45.36210359961718,11.02018569106912
457,-0.9550582472529334,0.2964181916720949,45.362070844746896,11.020191816655698
458,-0.9546481951333653,0.2977361642941754,45.36203343496772,11.020199056949139
459,-0.9553676882434587,0.295419329530668,45.36201172092959,11.02021202854064
460,-0.9478453041080523,0.31873073193577334,45.361975626712415,11.020222411972227
461,-0.9483620975116153,0.31718974132744204,45.361943473298865,11.020234679238385
462,-0.957534229796727,0.28831961217993624,45.36190726943844,11.02024226937587
463,-0.9552718599485054,0.2957290543563875,45.36188524440958,11.02024567663023
464,-0.9567499511030031,0.290911551961075,45.36184088993321,11.020269622998043
465,-0.9500297024040003,0.31215951779525564,45.36181680244551,11.020277864052899
466,-0.9549167246245877,0.29687379310449324,45.36179022321862,11.020290901064111
467,-0.9512164402984337,0.30852436484980633,45.361753010300006,11.020299208540663
468,-0.9543756801394478,0.29860854167013756,45.36171456959764,11.020299677216745
469,-0.9513023932398418,0.30825923605976413,45.361689449026244,11.020308017327219
470,-0.9532871241446322,0.30206565336041863,45.361652097564225,11.020322036827336
471,-0.9514004109746644,0.30795658459795866,45.36162514831682,11.02032926290182
472,-0.955663185541545,0.29446201079355994,45.3615946454566,11.020343554659918
473,-0.947008166554063,0.32120948379509623,45.361562941200376,11.020351017923815
474,-0.9518408986817838,0.30659240629319934,45.36153341399971,11.020363745698189
475,-0.947408316675483,0.3200273136688925,45.361490365349304,11.020373427519589
476,-0.9506304439965865,0.31032524703422526,45.36146159291027,11.020393203389549
477,-0.9487602234199255,0.3159968962761709,45.36143422211151,11.020397323763405
478,-0.9444111201875782,0.32876684149415625,45.36139345113366,11.020408035364722
479,-0.9526168656141706,0.30417282480102203,45.361361216118766,11.020407837064464
480,-0.9537062524713746,0.3007397279991564,45.3613328660792,11.020422704331375
481,-0.9448058839411361,0.32763064824617455,45.361297109605026,11.02044309574869
482,-0.9532257851588425,0.30225916447364864,45.3612653682199,11.020444124139795
483,-0.9602621244869982,0.2790997174411265,45.361230601710645,11.020451186169854
484,-0.9473779883485598,0.32011708356886565,45.361197370342,11.020461839452825
485,-0.951355451061851,0.30809544906554825,45.36117360734224,11.020474013327641
486,-0.9586751646767453,0.28450295012884386,45.36113914829775,11.02048385644873
487,-0.9591167740165992,0.28301062488887546,45.36110103602019,11.020492168357006
488,-0.9504332046327968,0.3109288078184977,45.36106951119167,11.020514687347376
489,-0.9563589851745827,0.2921942700941313,45.36103420262119,11.020519256675751
490,-0.9592000730704663,0.28272817302421815,45.36100842503332,11.020529866400365
491,-0.9576875422695112,0.2878099570580961,45.360967640325676,11.020530614267809
492,-0.9561939077453853,0.2927340273876778,45.36094562191092,11.020550461561434
493,-0.956855760964123,0.2905633368299745,45.360915083544064,11.020558804763986
494,-0.9563284468061684,0.29229420423487984,45.36087343768238,11.02056463173696
495,-0.9559590618733915,0.29350003751642906,45.360844119252164,11.020582262176328
496,-0.9574769302983419,0.28850984029399096,45.36080839474086,11.020582574457386
497,-0.9442461210237366,0.32924043331830743,45.36077994450811,11.020600885912641
498,-0.954270649882046,0.29894401946467747,45.36075783570324,11.020611084340413
499,-0.9473170867975442,0.32029726358714644,45.36072227911365,11.020619401454706
500,-0.9437007692521091,0.3308003296748321,45.36068931049291,11.020629700851716
501,-0.9564240346887366,0.2919812765738898,45.360653371891296,11.020630001920207
502,-0.9542798709459882,0.2989145829619361,45.360613475306174,11.020639868127951
503,-0.9447472422758921,0.3277997074618841,45.360586587028365,11.020662015127398
504,-0.9563087970062014,0.29235848673939974,45.36055611568735,11.020662074161212
505,-0.9514896814542575,0.30768065601541417,45.36052805589579,11.02067919876086
506,-0.9495714546626008,0.31355071757205766,45.360491138883965,11.020678022942338
507,-0.9407524772468755,0.3390940526666121,45.3604653012261,11.020695175459263
508,-0.9508973180773878,0.3095065273515749,45.360426820857704,11.02069881642667
509,-0.959970086989826,0.280102538518925,45.36039649215735,11.020713260033368
510,-0.9494983203873076,0.31377211409187045,45.3603493897819,11.02073043385515
511,-0.9514455007328958,0.3078172495737189,45.36033665486134,11.020744635309077
512,-0.9502618168880123,0.31145221040264565,45.36029649884663,11.02074988287048
513,-0.9498475753811692,0.31271326089968454,45.3602639759942,11.020756611972688
514,-0.9494829994239172,0.3138184726955402,45.36023678764263,11.020771788940992
515,-0.9590517269460469,0.28323097472170133,45.36019198047984,11.020777499383174
516,-0.9456091933521255,0.32530486231832245,45.36016946284906,11.02079092602049
517,-0.9490960661450422,0.3149867572264041,45.36013545883525,11.020795879369226
518,-0.9474300448694952,0.3199629823566879,45.36010916125208,11.02080363140662
519,-0.9434173906739375,0.33160764010194216,45.360069595691165,11.020805224689694
520,-0.9538095388275911,0.30041198984311185,45.360036122150916,11.020824096487148
521,-0.9563696239451899,0.29215944686923273,45.36001180951321,11.020839938263318
522,-0.9490408866236619,0.3151529716131098,45.35997846795798,11.020847751798664
523,-0.958726932400229,0.28432845283306907,45.35993876631782,11.020855020349298
524,-0.9547639563512453,0.2973647384148249,45.35990752210961,11.020870179091741
525,-0.9432996658483255,0.3319423751352597,45.359874732581645,11.020872707732735
526,-0.9575388031457114,0.288304423258261,45.359845210761755,11.020886745442834
527,-0.9575975784531997,0.28810914206350363,45.35981607676774,11.020898994964291
528,-0.9502037547227532,0.31162930624506713,45.35977813024094,11.020903359348866
529,-0.9473767906684382,0.3201206280494438,45.3597511475774,11.02091688095418
530,0.15200585919039344,0.988379592450082,45.3597146961166,11.020928016238788
531,0.13749854010727522,0.9905019694419431,45.359715495082675,11.020934476744499
532,0.10858951108143919,0.9940866753372636,45.359716665359706,11.020936144450207
533,0.11109649281943819,0.9938096242657446,45.35970946103608,11.020955369769556
534,0.13536117103051426,0.9907963228521026,45.359709647640756,11.020960796947362
535,0.12440303655321737,0.992231769545976,45.35971288993075,11.02097130590959
536,0.1343599596047981,0.9909325916806839,45.359721483438214,11.020975820492298
537,0.15336767781659003,0.9881691937118595,45.35971432325425,11.020984693206067
538,0.12013330819278979,0.9927577691776862,45.359722651429344,11.020992384641783
539,0.1340042544733269,0.9909807565150031,45.35971917214086,11.021002917314032
540,0.9633767965382607,-0.2681513525822286,45.35972218636618,11.021011878409809
541,0.9573189305864697,-0.28903367475223035,45.35975268071866,11.020994275299042
542,0.9562252579193199,-0.2926316047817291,45.35978568906647,11.02099472536654
543,0.9552509594659551,-0.29579655920813586,45.35982113021784,11.020979058069978
544,0.9539567441676962,-0.29994421190776227,45.359855906366164,11.02096701814952
545,0.9562758339211197,-0.29246628772982913,45.35988514089236,11.020969290778398
546,0.9532966444404466,-0.30203560667342627,45.35992765015143,11.020946968496247
547,0.9503483393112173,-0.3111881006214912,45.359954636015964,11.0209382861512
548,0.9564407363967465,-0.29192656227354374,45.35998417058637,11.020931522710859
549,0.9519627987250336,-0.3062136996340973,45.36002172790443,11.02092084403467
550,0.9468187622606051,-0.32176735606847345,45.360042796793145,11.020912019139217
551,0.9546752292566554,-0.2976494694162121,45.360085239195456,11.02089428590038
552,0.9419854202236131,-0.33565379200322315,45.36010997292909,11.020888723492433
553,0.9535230037377955,-0.30132023055688123,45.36014931791008,11.020869681361665
554,0.9571117560148371,-0.28971897849156314,45.36018879921257,11.020864133667372
555,0.9562753839155653,-0.29246775910711625,45.360212511546756,11.02085578531119
556,0.94940164086732,-0.31406452254025796,45.36023936748911,11.020847264315517
557,0.9492737084371071,-0.3144509921594496,45.360275540367944,11.020840218262428
558,0.9481019719700085,-0.31796643021957727,45.36031103516407,11.020838574023431
559,0.9495768873076715,-0.3135342646204298,45.360327295029094,11.020820763866848
560,0.961027786666926,-0.2764517919169078,45.36036742922196,11.02080479788173
561,0.9572321444994691,-0.2893209662934013,45.36040359598046,11.020796256957594
562,0.9523992663663401,-0.3048534687761601,45.36043646697452,11.020784808915366
563,0.9503950325075933,-0.3110454664271619,45.360463950138346,11.020777827848349
564,0.9590171032256982,-0.28334818813712304,45.3605027551547,11.020771111073893
565,0.9460756606716352,-0.3239457428100097,45.360537072127734,11.02075789061119
566,0.950589355253981,-0.3104510874160705,45.36057008905416,11.020750836880639
567,0.9658357570682947,-0.2591549543580328,45.360596712262826,11.020734552201287
568,0.9529247820922594,-0.3032067935822348,45.360633227932,11.020731607603276
569,0.9515570539845101,-0.3074722312865346,45.360655066112095,11.020718033850356
570,0.94722783006176,-0.32056112982782164,45.36069479221403,11.020703406070433
571,0.9533292828753448,-0.3019325726257118,45.36073819559342,11.020692764154084
572,0.951183411731008,-0.3086261771913713,45.36075895128169,11.020691145417675
573,0.9587066506345655,-0.28439683196029664,45.36079382220169,11.020676292088648
574,0.9580363515623954,-0.2866467322071094,45.360814552640626,11.020676110822622
575,0.9531673750004273,-0.30244330912552,45.36085642838164,11.020669467298022
576,0.9471539466473997,-0.32077936553066283,45.36089911173971,11.020646881038989
577,0.9561368332863948,-0.29292039197205944,45.360927025930884,11.020638990350479
578,0.9561188011462919,-0.29297924516009227,45.36095342267857,11.02062749976044
579,0.9608385923063013,-0.2771086421150471,45.360992719039416,11.020621327057192
580,0.9565678519449954,-0.29150976763281444,45.36101830405952,11.02060380256106
581,0.9584320995259688,-0.28532071533319053,45.361057143795946,11.020604826633248
582,0.9572392733558697,-0.28929737908444086,45.361085816569656,11.020587140093076
583,0.9504274244662262,-0.31094647581616974,45.36112635973584,11.020586081522756
584,0.9544490535067149,-0.2983739336137392,45.36115862783144,11.02056521384303
585,0.9414181754704534,-0.33724148453872443,45.36117003973426,11.020555775688335
586,0.9577560141673471,-0.28758201843348336,45.361215956879754,11.020543068533312
587,0.9571459189345745,-0.2896060943193167,45.36125403524946,11.020538630655185
588,0.9554954150108796,-0.29500595230128285,45.36128603399699,11.02053031220349
589,0.951525910970933,-0.3075685951961548,45.361314726282764,11.020518568473822
590,0.952673091021275,-0.3039966803173509,45.361349680224436,11.020512691617784
591,0.9553033105619616,-0.2956274426188412,45.36137941629952,11.020499995515165
592,0.9513005321055508,-0.30826497954794674,45.361408269217094,11.020492506631298
593,0.9509985110711369,-0.3091954591200861,45.36143924483703,11.020486672151014
594,0.9530409208605727,-0.3028415479507916,45.36147686274928,11.02046618380731
595,0.9515894364268841,-0.30737199690402045,45.36150459391482,11.020457173275583
596,0.9569582117098037,-0.2902257415205871,45.361535196093655,11.020440285718612
597,0.9535799636754247,-0.3011399224227428,45.36156582732125,11.020435354130335
598,0.9591516861964386,-0.2828922813837954,45.361607153338625,11.020434697282694
599,0.9511461046564788,-0.3087411336327034,45.36164043542812,11.020417881979473
600,0.9480062317858822,-0.3182517627525923,45.361666171514415,11.020405097024906
601,0.9561096048301904,-0.29300925506109393,45.36170909903267,11.020395155531226
602,0.9586776812886326,-0.284494469891861,45.36173468384857,11.020381504746185
603,0.9526205588547246,-0.3041612579657576,45.361769097455536,11.020376596745358
604,0.957483781387503,-0.28848710262313015,45.36180903421073,11.020365894974702
605,0.9614540224322957,-0.27496574831923826,45.361835314511076,11.020353529708967
606,0.9565237526475362,-0.29165443699877946,45.36186451143039,11.020355193039835
607,0.9466652722265334,-0.322218656133166,45.36189986128115,11.020337301959783
608,0.9472025587985216,-0.3206357943298493,45.36192993010884,11.020332657755285
609,0.9548947434284372,-0.2969444880322569,45.36196656542578,11.020313683252489
610,0.9475218105021503,-0.3196911300344868,45.3619929417874,11.020305639616033
611,0.9535894362539991,-0.3011099252179847,45.36203437209045,11.02030380230303
612,0.9627908081943571,-0.27024777456337473,45.36205396322277,11.0202994528769
613,0.9505037089888407,-0.3107132105309609,45.362093606865635,11.020278765710795
614,0.9529788592121646,-0.30303678637201986,45.36212863613843,11.020266968508945
615,0.9617771148742612,-0.2738334919328572,45.36215345176116,11.020253808421717
616,0.9603552757938864,-0.2787790240582108,45.362186825446194,11.020253124639883
617,0.9610535246095474,-0.2763623035718984,45.362240622562766,11.020239728993042
618,0.9550366498224117,-0.29648776955548156,45.3622580175866,11.0202358538013
619,0.9672616925569232,-0.25378104364179016,45.362294001305585,11.020208350965602
620,0.1308063623885276,0.9914079359974285,45.362320585296054,11.020206123641847
621,0.14266784176801064,0.9897706233897113,45.36232329185068,11.020215058592619
622,0.13513292185157066,0.9908274791465249,45.36231994554206,11.020213969461011
623,0.13135135268349843,0.9913358775653262,45.362320147290994,11.020222280197784
624,0.14977452307849873,0.9887201789366941,45.362332198085255,11.020225291903216
625,0.12245470898786671,0.9924741025571886,45.36232538348801,11.020230684220502
626,0.12214318003210918,0.9925124903857099,45.36232944730462,11.020236393838616
627,0.1456365544677837,0.9893381595808141,45.3623266011991,11.02023384018057
628,0.14659462937000514,0.9891966511467125,45.36233460768356,11.020244263764297
629,0.1308162521754503,0.9914066310887621,45.362331197865956,11.020247776362273
630,-0.9560386378063145,0.29324072538009893,45.362332603389106,11.020258683198637
631,-0.9568066818254809,0.2907249105496688,45.36230377375321,11.020272926262002
632,-0.9529000097203688,0.30328463771665226,45.36226668076538,11.020272695199733
633,-0.9597955752003523,0.2806999355643404,45.362236447653295,11.02029044938746
634,-0.9585387454262315,0.284962231737306,45.36220079227308,11.02030051608056
635,-0.9513737099085418,0.30803906261196473,45.362170712015484,11.020310641875824
636,-0.9563452828756034,0.2922391142909898,45.36213487498713,11.020329377714015
637,-0.9565391132356473,0.2916040549278446,45.362108210824196,11.02034336440065
638,-0.9501947519450913,0.31165675570410223,45.36207576408917,11.020344281767313
639,-0.9526102151634942,0.3041936520806464,45.36203609867702,11.020350912840232
640,-0.9568992951113467,0.2904199356370147,45.362015599852214,11.020366781420767
641,-0.9535518900139929,0.30122880514775136,45.36198735488489,11.020378283460078
642,-0.9548870859913118,0.2969691112001739,45.36194879853052,11.020377551104977
643,-0.955054568196307,0.2964300453182262,45.36191389389252,11.020385468460729
644,-0.9529791210219918,0.3030359630409434,45.36187869050417,11.020403606332597
645,-0.9573307988888268,0.2889943623998236,45.361844658952876,11.020421724155915
646,-0.9467584713996633,0.3219447108324239,45.36181398250793,11.020426637868855
647,-0.9552781433666916,0.29570875672845176,45.361777846297336,11.020441365101746
648,-0.9575670531906327,0.2882105803814426,45.36175979528334,11.020452851307498
649,-0.9539603808981904,0.2999326452331917,45.361710958803386,11.020455870935864
650,-0.9422002502960757,0.3350502773346299,45.36168981412639,11.020464789837064
651,-0.9548234463006792,0.2971736636959844,45.361656030334494,11.020477540681632
652,-0.9451880639134559,0.3265264519691058,45.36161952719553,11.020478763513301
653,-0.9486284072368385,0.31639239084291965,45.36159219261791,11.02049693129326
654,-0.9545738725291012,0.29797436447586434,45.36155999626871,11.020497579728053
655,-0.942801273957256,0.33335530267955127,45.3615150304518,11.020518445797899
656,-0.9579530179931676,0.286925104021558,45.361495751072546,11.020527032355831
657,-0.9469451052474228,0.3213953447826328,45.36145532360838,11.020541732788542
658,-0.961919847199973,0.27333168049602413,45.36143089997115,11.020548205060576
659,-0.9501927833955244,0.31166275745277316,45.36139078824119,11.02055854053648
660,-0.9504492235908412,0.31087983751856135,45.361346850134126,11.020572768337841
661,-0.9477822979073071,0.31891803927270207,45.3613310906537,11.02058081668474
662,-0.9565443173116476,0.2915869836237449,45.361302734898494,11.020595994196672
663,-0.951968130359974,0.30619712405399174,45.36126514980307,11.020604566226123
664,-0.9526564898905957,0.3040487004894601,45.36123495619495,11.020608109610814
665,-0.9482555158021843,0.3175082309968256,45.361200242145856,11.020621383440032
666,-0.9499039463821614,0.31254198541571315,45.36117140285393,11.020636324804002
667,-0.951355979036101,0.3080938187504931,45.36113448032597,11.020639980715286
668,-0.9460131518238117,0.32412824094234327,45.36109326659753,11.020647536238375
669,-0.9623683844555074,0.271748215450436,45.36107535304885,11.020661790212609
670,-0.9613686515437425,0.2752640837976618,45.36103326616247,11.020675146921846
671,-0.9547672470233943,0.297354172681953,45.361014011727505,11.020685617399785
672,-0.9489737709733886,0.3153550094806589,45.36097786446185,11.02069641243928
673,-0.9484586102863087,0.3169010327748457,45.360944690376705,11.020707187397075
674,-0.9537183702863529,0.30070129726747613,45.360905733537045,11.02070278017569
675,-0.9542792975909267,0.29891641338234937,45.36086733955797,11.020722930473623
676,-0.94690229066616,0.3215214641842423,45.36084388317314,11.020737875248573
677,-0.9420856592550895,0.33537234624504064,45.36081991205105,11.020749070326502
678,-0.949073323620843,0.31505527513642223,45.360791108294826,11.020755530075427
679,-0.9502199440292272,0.31157993832898223,45.360740555203975,11.020759431059384
680,-0.9485068005919861,0.3167567666692447,45.36072109666179,11.020783974257888
681,-0.961330975985003,0.27539563288425933,45.360677861557754,11.02078315573392
682,-0.954405533039157,0.2985131127844179,45.360655503707385,11.020791750626127
683,-0.9480344639790818,0.3181676525165547,45.36062254074414,11.020810155178442
684,-0.955154189367016,0.2961088896582448,45.36058941224679,11.020817589028722
685,-0.9546672711951162,0.2976749927502653,45.36055190189269,11.020819950434499
686,-0.9551883915197305,0.29599854172943174,45.36052127470177,11.020837531114779
687,-0.9555200887866597,0.2949260244962012,45.360484058022834,11.02085678497739
688,-0.9561586799619377,0.2928490715939608,45.360455537804505,11.020852197278979
689,-0.9558621494707914,0.2938155053925482,45.36041382897305,11.020867825477385
690,-0.9511515502026179,0.30872435690621647,45.3603929071025,11.020871857461959
691,-0.9605633242794073,0.27806132426012464,45.36036070818497,11.020888846689617
692,-0.9471458584231024,0.3208032463550899,45.360326207212594,11.02090699533843
693,-0.9569132866134796,0.29037383129784367,45.36029391603576,11.020905320886916
694,-0.9620189988451028,0.27298250101621196,45.36026706634338,11.02092226479571
695,-0.9524281881395505,0.30476309887716546,45.360237791408515,11.020931073638458
696,-0.961928381620048,0.27330164403792984,45.360190116628154,11.020937657883582
697,-0.9573768919209503,0.2888416292984462,45.36016332446187,11.020948232502725
698,-0.9581993701570722,0.28610132301440017,45.360131486479084,11.020971615642894
699,-0.9496308158312401,0.31337088828366505,45.36009589476632,11.020977143450969
700,-0.952202524664917,0.3054674320148683,45.360077781555184,11.02098916915456
701,-0.9643648269618464,0.2645760392001665,45.360043934911374,11.021003135231142
702,-0.966821180374583,0.2554541156041495,45.36000903561085,11.021007773789925
703,-0.9484936066855645,0.31679627219493867,45.35997138538455,11.021022535759396
704,-0.9507670249074455,0.3099065413130947,45.35994220550111,11.021036207363533
705,-0.9590598114622559,0.28320359820804186,45.35990635686539,11.021036466753607
706,-0.9590247737990402,0.2833222251072086,45.359870936504116,11.021045836692053
707,-0.9512245738804337,0.3084992869456707,45.35984565698849,11.02106597578516
708,-0.942028766045267,0.33553212058345727,45.359818143055115,11.021072752006454
709,-0.9555760719012015,0.29474458571765105,45.35977619939168,11.021073188726568
710,0.15150526797704414,0.9884564501156357,45.35974590781512,11.021087305578392
711,0.147030675001252,0.9891319328626875,45.35975234020754,11.0210888228854
712,0.08223942912340648,0.9966126009124389,45.35974571430023,11.02110259683018
713,0.11693933457873061,0.9931390597636787,45.35975251929916,11.021103923614396
714,0.10692311782289074,0.9942672914639363,45.35974888475292,11.021120857619199
715,0.11275205092182661,0.993623155433146,45.35975993709934,11.021118704778155
716,0.12100178071281867,0.9926522901118634,45.359759132581104,11.021115746884226
717,0.15575988262821341,0.9877949478326183,45.35974738560792,11.021128012202864
718,0.12997235288997785,0.9915176183428326,45.35974936940971,11.021129952384223
719,0.12426670205395964,0.9922488532422864,45.35975574978796,11.021140583098457
