,Sin,Cosin,Lat,Lon
0,0.957189548920726,-0.2894618583456842,45.35967195591261,11.02059436650749
1,0.9506438119723619,-0.31028429344499003,45.35970503343481,11.020597513421528
2,0.9513913739926498,-0.3079845020327773,45.3597379110508,11.020585673911627
3,0.9493400848134841,-0.3142505423485006,45.359763930605894,11.020561757961582
4,0.9513483708794577,-0.3081173108168411,45.35980075684049,11.020555526673808
5,0.9530370665161251,-0.3028536772871332,45.359838872304145,11.020544635841425
6,0.960246863576368,-0.27915221831779896,45.359861089955885,11.020531788838733
7,0.951501780137746,-0.3076432388249422,45.359886500994456,11.020530918175862
8,0.9554732772302628,-0.2950776448646381,45.35993180954101,11.020507503623877
9,0.9504084881324475,-0.31100434994674175,45.359956347045824,11.02049955814938
10,0.9582384352271398,-0.2859704552107482,45.35999295240929,11.020500467489308
11,0.9506352425398388,-0.3103105470995498,45.36002797508283,11.020483436684028
12,0.9552512648627597,-0.2957955729521621,45.36005610173693,11.020477713447326
13,0.945425063752783,-0.32583960598436484,45.36009372364577,11.020474010759228
14,0.9523280051425429,-0.3050760079410126,45.36013926617379,11.020462592062263
15,0.9392922845521324,-0.3431180615776963,45.36014894118388,11.020447233922239
16,0.9475573368066729,-0.3195858154922485,45.36019705981321,11.020437255877342
17,0.9419583016409869,-0.3357298884067778,45.3602184498225,11.020440262607693
18,0.9441333915500155,-0.32956355830137685,45.36025410904632,11.02043072408132
19,0.9361378229953742,-0.35163329813526106,45.36028410707135,11.02042812131939
20,0.9471055120987086,-0.32092234099894457,45.36031565414052,11.020418062028082
21,0.9311125798464714,-0.36473190654458565,45.36036288993948,11.020414684462656
22,0.9493539021132679,-0.31420879768445664,45.36039329487092,11.02039792498188
23,0.9322456296157725,-0.36182604392482853,45.36042024265163,11.020394704414711
24,0.9344594061846414,-0.35606968165381253,45.360458148966856,11.020388308275502
25,0.9430844276540324,-0.33255339769195863,45.36049577613508,11.020381784771653
26,0.9405565117017877,-0.3396372304317726,45.36052868206175,11.020386736025895
27,0.929285932659795,-0.3693611448983434,45.36055876082623,11.02037973021892
28,0.9313766709064044,-0.36405699676191267,45.360596619457155,11.020378549691433
29,0.9280927837978579,-0.37234900921359065,45.360622391875836,11.020373459761457
30,0.934555979684659,-0.3558161334673391,45.36065689820864,11.020381437893
31,0.9227461202655459,-0.38540835166727083,45.360700789918695,11.020373430185392
32,0.9284001072099874,-0.3715820783252117,45.36072835716958,11.020364890035713
33,0.9269530302158828,-0.37517739773818004,45.3607606082855,11.020365121113475
34,0.9140320526619412,-0.4056419686208497,45.360800930263956,11.020348625826989
35,0.9275720517494378,-0.373644334646383,45.3608289072154,11.02035522411321
36,0.9100271920332966,-0.4145485614014278,45.36086941181761,11.02035030492097
37,0.9148584786584476,-0.40377464510138655,45.36089488755816,11.02035016963455
38,0.929867338505078,-0.3678950023872065,45.36093987593385,11.020339829603868
39,0.9162351522255251,-0.400640918811682,45.36095939595967,11.020338720086386
40,0.920863850749141,-0.3898843012785509,45.360991872446704,11.02032987889707
41,0.9237343535936766,-0.38303373740556124,45.36102635768627,11.020320578275328
42,0.919417415563291,-0.3932831244268163,45.36105476403979,11.020320122660344
43,0.9234526075071327,-0.38371249873867497,45.36109172059852,11.020309478165562
44,0.9150676898463845,-0.4033002888657546,45.3611223177509,11.020302941710884
45,0.9238209338574331,-0.3828248714056861,45.36116060719467,11.020277362693937
46,0.9225132433367119,-0.38596543351494644,45.36118852349211,11.020269968856917
47,0.9157926280174891,-0.40165141910470187,45.3612234883584,11.020259700065681
48,0.9196833399168395,-0.3926608642065148,45.36125886794697,11.020250567744498
49,0.9381608127672059,-0.34619978247823263,45.36128572338606,11.0202338786089
50,0.9395151535850669,-0.34250733741633643,45.36132132629721,11.020217155583246
51,0.9397246628927455,-0.34193209552645965,45.361351673048084,11.020209402485992
52,0.9263235881739114,-0.3767288281942461,45.36138499057468,11.020196906056366
53,0.9395930609150827,-0.342293558046636,45.36141531000437,11.020181742546143
54,0.9239351868109754,-0.3825490433559701,45.361440393910726,11.020160613246343
55,0.9334055939443604,-0.35882307227013116,45.361479045085886,11.02015267138959
56,0.9475953968046767,-0.3194729471404224,45.36150552293243,11.020130579966596
57,0.9521844470255096,-0.3055237778679826,45.361524408467226,11.020113297523471
58,0.9462020587165825,-0.3235763651450781,45.361561391380214,11.020101928188286
59,0.9474940916032341,-0.31977327339376294,45.36158862680044,11.020077702889933
60,0.9495818746385692,-0.31351915947498415,45.3616181277293,11.020059422515995
61,0.9428789069917038,-0.33313565817866136,45.361659670463105,11.020045338606025
62,0.9469539600485756,-0.3213692542050666,45.36168795419677,11.020029748980432
63,0.9477832702244924,-0.3189151496598536,45.36171691603612,11.020012193640307
64,0.9512898760335953,-0.30829786206846616,45.36174076964868,11.020002918361419
65,0.9460766965632074,-0.3239427174980924,45.3617721547639,11.019979001661628
66,0.9461503130212884,-0.32372764041662855,45.36180189095487,11.01997096871351
67,0.9532892253393865,-0.30205902213281494,45.361830227581066,11.019969214802215
68,0.956337232004247,-0.29226545927025827,45.36187649447519,11.019945124264018
69,0.9586770276876851,-0.2844966723599864,45.36190372539566,11.019932812788111
70,0.9549946548456026,-0.29662300857541085,45.361940420187416,11.019913164560394
71,0.9479592152513885,-0.3183917810182476,45.36196496860061,11.019907290380518
72,0.9586711527800332,-0.284516468464309,45.36198994162799,11.019889387058592
73,0.9581385628882049,-0.2863048974546636,45.362037879992926,11.019879671737966
74,0.95605285062569,-0.29319438400230674,45.36205675645738,11.019870731159157
75,0.9539952672016787,-0.2998216639217347,45.3620917321002,11.019854613287512
76,0.9488463345050244,-0.3157382357212684,45.362120442444734,11.019850840978734
77,0.9521320332463212,-0.3056870806334907,45.362159088025535,11.01984156296004
78,0.9487049732664599,-0.3161627329390447,45.362183449100286,11.019819449742515
79,0.9494332977660144,-0.3139688091087245,45.362223921270264,11.019808941540145
80,0.12719293363123985,0.9918779953372688,45.362251015430104,11.019799442910427
81,0.14953481166894855,0.9887564614702309,45.36225845992733,11.019809722751978
82,0.14568796884864496,0.9893305897083928,45.362247718392084,11.019805546504871
83,0.09316035457880288,0.9956511177790902,45.362253337071095,11.019816121540577
84,0.16764799392674137,0.9858469202327201,45.36225161331732,11.019819839157655
85,0.14143832906655168,0.9899470688228043,45.36226842230703,11.019825033695325
86,0.11006354486782118,0.99392455251449,45.36225175362989,11.01983328969709
87,0.11372279223271078,0.9935125195621823,45.36226148306112,11.019844221036617
88,0.11174696145220055,0.9937366938008279,45.36225858546116,11.019841595831025
89,0.13584249037880833,0.9907304465936653,45.36225031974369,11.019841298725014
90,-0.9527037779714818,0.3039004959503448,45.36226209970788,11.019853986256203
91,-0.9563887392898427,0.292096866398093,45.36223869740458,11.019865825364867
92,-0.9459241235848569,0.3243879658991998,45.362203514598605,11.01987835124155
93,-0.9582120562149986,0.2860588319283715,45.362173732035,11.019883006916773
94,-0.94455905604091,0.3283415746613655,45.362135055836255,11.019889706453643
95,-0.9685906945475147,0.2486605445903375,45.36210711500841,11.019901973540607
96,-0.9475676985601872,0.31955509172183494,45.362063590890315,11.01991644790654
97,-0.9456128467166923,0.32529424237811744,45.362039938879334,11.019922982490158
98,-0.9578477075802433,0.28727646802909695,45.36200027828447,11.01993535438227
99,-0.9557856421211652,0.2940642894250028,45.36197541038294,11.019946180562165
100,-0.9621415207725881,0.2725503513213871,45.36194981199243,11.019949969301738
101,-0.9501745711060976,0.31171827733282403,45.361921530143846,11.019966513985187
102,-0.9507148357419664,0.3100666075218774,45.36187601522445,11.019980311018893
103,-0.9545670748713694,0.29799614019566995,45.36184867803537,11.019993879075333
104,-0.9548782557412799,0.2969975028724835,45.361807719882755,11.019993987177628
105,-0.9562815107036553,0.2924477257328816,45.3617780130892,11.020005004237655
106,-0.9495257526764469,0.31368908971181486,45.361748331433795,11.020013741827741
107,-0.9468229660518902,0.32175498590806817,45.36171521161933,11.020021016628068
108,-0.9562080613848364,0.29268779158457064,45.36168555308566,11.020044157610892
109,-0.9589078879798574,0.28371757501080064,45.361649096939786,11.020047599382487
110,-0.9590653616823086,0.28318480188947737,45.36160922981116,11.020060239488485
111,-0.9501586907213279,0.3117666795004432,45.361590564869275,11.02006574939815
112,-0.952041967639155,0.30596746862005797,45.36154935799433,11.020085264962361
113,-0.9537489534756268,0.3006042809810708,45.361517714296106,11.020088710980712
114,-0.956035117189389,0.29325220323242424,45.36149427501105,11.020090710551706
115,-0.950602134862064,0.31041195401544414,45.36144321005464,11.020105179928224
116,-0.9638194456814395,0.26655595308738206,45.36142939097093,11.020118303631323
117,-0.9570300816292956,0.2899886598759059,45.3613959464962,11.020120849040456
118,-0.9622959571650778,0.2720045786815855,45.36136158560675,11.020140232235205
119,-0.9550687823887892,0.29638424537480984,45.36132708830233,11.020144656440587
120,-0.9481857876106575,0.31771640211540403,45.36129548336855,11.020161385164858
121,-0.9554044093577562,0.2953005495757788,45.361261071585304,11.020163308351904
122,-0.955131592699043,0.2961817695743434,45.3612310103238,11.020176175337884
123,-0.955390655467008,0.2953450447295856,45.36119474509288,11.02018783807869
124,-0.9435242802681586,0.33130338444461027,45.36116363558811,11.020192739571243
125,-0.9610380527675598,0.2764161014353846,45.36113583403246,11.020216908543702
126,-0.9560631649059154,0.2931607489246891,45.36109916878335,11.020221798050093
127,-0.95815476652477,0.28625066530204485,45.36105807654859,11.020230169787421
128,-0.9552956760894503,0.29565211185580953,45.361035205366704,11.02023961667942
129,-0.9629068214567751,0.2698341216229154,45.360999957651295,11.020253019601865
130,-0.9517830342475816,0.30677199304771424,45.36096540027368,11.020253956017934
131,-0.9561455226262069,0.2928920271394523,45.360938822221875,11.020272416004758
132,-0.9549399600591174,0.29679904427455833,45.360906942494005,11.020269008170546
133,-0.9569799872747917,0.2901539314838581,45.36087098260186,11.020287275417498
134,-0.9551897678861868,0.2959941001532507,45.36084048945787,11.02029751474548
135,-0.9526044525540327,0.30421169762885797,45.360801696962966,11.020310085691733
136,-0.9555217054518644,0.2949207866705234,45.36077190157452,11.020315646849692
137,-0.9544222132971548,0.29845977746584257,45.360746675766045,11.020327595297665
138,-0.9546468627098454,0.2977404364849516,45.36071642072763,11.020349265920133
139,-0.9502241570378849,0.31156708969600916,45.3606740282034,11.020343237240105
140,-0.9520885670610036,0.30582243291119887,45.36063879489244,11.020348337027157
141,-0.9568232335841483,0.29067043137129417,45.3606134172069,11.020361486755117
142,-0.9488137671554344,0.3158360892240041,45.36059303624936,11.020379923263349
143,-0.9491318364522269,0.31487895616065414,45.360543333866374,11.020393003915007
144,-0.9454803256660537,0.3256792191381163,45.36051989735938,11.02039110231576
145,-0.9613585573120379,0.27529933578364674,45.36048459568683,11.020411221447224
146,-0.9551035656366094,0.2962721365708139,45.36045204230855,11.020416943756056
147,-0.9523893214352601,0.30488453620360084,45.360414438696544,11.020427212419516
148,-0.9483786197510717,0.31714033738875297,45.36038479122753,11.020435992509757
149,-0.9612971718532705,0.2755136065367803,45.36034961145062,11.020440005267153
150,-0.9538095594242091,0.3004119244487411,45.36031838412199,11.020459237895853
151,-0.95770197962659,0.2877619123847189,45.36028659222301,11.02046669292133
152,-0.950703392516865,0.3101016921219937,45.36025386951757,11.020486906372584
153,-0.937408652712688,0.3482312705938152,45.36022489344385,11.020494504956355
154,-0.9489775335378955,0.31534368685663017,45.36018942331732,11.020502140996008
155,-0.9496735078864159,0.3132414857880571,45.36015417548434,11.02051995581788
156,-0.9460105651245916,0.32413579048394353,45.36012213968536,11.020523558131297
157,-0.9548292433969223,0.2971550368983519,45.360093582917905,11.020525816064131
158,-0.9554382068168183,0.29519118034701297,45.36006610700236,11.020542571658744
159,-0.9440951136702763,0.32967319627762903,45.36003000866397,11.02054859327597
160,-0.9557839255324102,0.29406986872826024,45.36000050495317,11.02055677979939
161,-0.9587207500865521,0.2843492981413509,45.359968248571846,11.020565620669677
162,-0.9502728211904189,0.31141863352535937,45.35993613740611,11.020589627252672
163,-0.9521690416910951,0.3055717854204831,45.359905670891415,11.020592766166587
164,-0.9599156473192605,0.28028904729162213,45.35986306266817,11.020591241969717
165,-0.9607397285308609,0.2774512101657656,45.359838060677085,11.020615126618447
166,-0.9414277686737189,0.3372147036681864,45.35980356434394,11.02062402168796
167,-0.9557368213574153,0.2942229228011031,45.35978329416418,11.020626581693502
168,-0.950089374150124,0.3119778535842339,45.359737035476165,11.020646789292964
169,-0.9484260330952041,0.31699851694810005,45.359707511117044,11.020644549306775
170,0.1619413750039593,0.986800380554156,45.359675405460955,11.020662057293851
171,0.09512313358152069,0.9954655139469334,45.35967554579397,11.020672729406876
172,0.12705508396240142,0.9918956626779387,45.3596762393402,11.02067234316224
173,0.13426922896612878,0.9909448895639158,45.35968213684063,11.020682876679384
174,0.11860870753174692,0.9929410730237965,45.35968546534102,11.020693440926303
175,0.13365770652470504,0.9910275563709395,45.35968643338152,11.020693288222553
176,0.13796827958362023,0.9904366480642445,45.359687413368825,11.02071027509094
177,0.15303508779282846,0.9882207556534326,45.35969573695884,11.020713085955553
178,0.13773155519677924,0.9904695950422086,45.35969325689073,11.020719664119682
179,0.11991891620838677,0.9927836891968995,45.35969104982182,11.020732685373167
