,Sin,Cosin,Lat,Lon
0,0.9561822482607678,-0.29277210951691335,45.35965798370022,11.020599837183429
1,0.9497080077432046,-0.3131368710778614,45.35969317024945,11.02058210822733
2,0.9569535071550992,-0.29024125334548057,45.35972798443249,11.020578442919026
3,0.9512803655278884,-0.3083272063265371,45.35975483828784,11.020567840018202
4,0.9529015261488324,-0.3032798731588135,45.35978195317236,11.020563471126477
5,0.9530727575927053,-0.30274133965257627,45.35981842602668,11.020546662061165
6,0.9524477064940808,-0.3047020945024259,45.35984283115515,11.020551352864613
7,0.9529839613959118,-0.30302074074583635,45.35988246503177,11.02054310791012
8,0.9510724319491537,-0.3089680067358471,45.35991218942572,11.020514597649496
9,0.9531825939087081,-0.3023953416795087,45.359945598012644,11.020510209630293
10,0.94789610952944,-0.31857960628224746,45.35998455232881,11.020504235852785
11,0.9543689533841733,-0.2986300400435255,45.360019270730064,11.020484674298052
12,0.9535059783687501,-0.30137410176565055,45.36005279313491,11.020484631227763
13,0.9502222452936019,-0.31157292011531745,45.360081026856854,11.020473354284832
14,0.9519413759717321,-0.3062802910946855,45.36011703723045,11.020466605802827
15,0.9433441035106265,-0.3318160670789351,45.360134838516416,11.020448386553271
16,0.944324167524326,-0.32901651422001404,45.36017794973434,11.020435443786145
17,0.9557223221450359,-0.2942700170824412,45.36021295381222,11.020430030375294
18,0.9401143329680202,-0.34085926853775655,45.360241188687596,11.020420055913645
19,0.9571252220059061,-0.28967448869402534,45.36027502099164,11.020404707891933
20,0.9495263444708156,-0.3136872983655697,45.3603035402782,11.020407697764371
21,0.9470977165273615,-0.32094534635768984,45.360336872006606,11.020380523366672
22,0.9554062270490337,-0.29529466862090553,45.36037667150498,11.020368742774986
23,0.9471661938303627,-0.32074320143208607,45.360396075693444,11.020354016708941
24,0.9542419374903962,-0.29903565796502396,45.36043355148737,11.020358001787736
25,0.9401507834325776,-0.3407587187602257,45.360474147066235,11.020345611860893
26,0.9539281784252243,-0.30003504862987823,45.36049346279804,11.020340330973937
27,0.9499236676664503,-0.3124820404553186,45.360540789759746,11.020320077705383
28,0.942372308428313,-0.33456603579486754,45.36056415961586,11.020316473758735
29,0.955714528039178,-0.2942953293799467,45.36059805450706,11.020292411828875
30,0.9621153438057677,-0.27264274282201156,45.36062952007755,11.020295542994946
31,0.956260016881493,-0.2925179996407175,45.36066412252561,11.02029493313663
32,0.9564315387897827,-0.29195669474805414,45.36069702090768,11.020270426824814
33,0.9553978211422192,-0.29532186400045,45.36071915804857,11.020270024071255
34,0.9569893519828798,-0.2901230431926905,45.36076799444044,11.020246931751833
35,0.9558276603582841,-0.2939276844633875,45.36079171422269,11.020243427759146
36,0.9455164157144946,-0.32557442715055945,45.36082791501853,11.020240119544823
37,0.9610614705726763,-0.2763346698854213,45.36086136646043,11.020220539709634
38,0.9524371138559616,-0.3047352033318862,45.36089317467341,11.020217213532737
39,0.9499432653201421,-0.31242245865639406,45.360920241961864,11.020202771602396
40,0.9580037773873259,-0.2867555797392876,45.36096055878808,11.020185104465176
41,0.9639655187442877,-0.2660272141568532,45.36098851728806,11.02018977940887
42,0.9593975742293406,-0.28205725405111787,45.36102024676635,11.020173144663572
43,0.9518753663724604,-0.3064853779437028,45.36105175174964,11.020163871151947
44,0.9609499530546465,-0.27672222123326606,45.36107726488339,11.020158713026175
45,0.955220251725772,-0.29589570914927593,45.361111407130494,11.020142716159384
46,0.9563695843865786,-0.2921595763623758,45.361146162874576,11.020138294730048
47,0.9428312209687877,-0.3332705939120718,45.36118213137698,11.020121546152247
48,0.9504137058554114,-0.31098840448187687,45.36121008128249,11.020117158334552
49,0.9546705220294011,-0.2976645668669867,45.3612534982495,11.020105182553355
50,0.9631214518533795,-0.2690670343610274,45.36127736006416,11.020095158333127
51,0.9522591229810147,-0.3052909476211648,45.361309386665255,11.020082942026384
52,0.9523687977052173,-0.30494864019621204,45.361334176066755,11.020071438850671
53,0.9597014100257988,-0.2810217137420055,45.361376191452315,11.020057163380232
54,0.9528670985193939,-0.3033880230978668,45.36141062329812,11.020053586223007
55,0.9552517559416808,-0.2957939870422244,45.36144096416744,11.020045461350598
56,0.9543351429482996,-0.2987380707808239,45.36146448655727,11.020033402508409
57,0.9550700878074803,-0.2963800387600553,45.361495025049805,11.020013015480988
58,0.9544915642164349,-0.29823791482583717,45.3615360866613,11.020014085559973
59,0.9577834001431853,-0.287490797087766,45.36156814465244,11.020000216952633
60,0.9530166601914631,-0.3029178855688606,45.361600772998884,11.019992902538377
61,0.9538758329158199,-0.3002014246787495,45.36163876029381,11.019974686959152
62,0.9527954868977461,-0.30361284582060594,45.36166988779871,11.019974844597101
63,0.9454840665070054,-0.32566835888888035,45.361700996054495,11.019953798344336
64,0.9562985842042082,-0.2923918908742628,45.36172153988284,11.019951465184482
65,0.9411219734680105,-0.33806719902362203,45.36175633625596,11.019940265125994
66,0.9578141064831932,-0.2873884782342574,45.36179599663693,11.019922087549377
67,0.9651952890366866,-0.26153021626838274,45.361819892291216,11.019926611146934
68,0.9536310201032431,-0.30097820103264633,45.361860684941014,11.019908466720542
69,0.9507787163237529,-0.3098706707414509,45.361891663314395,11.01990015735156
70,0.9594039468675494,-0.28203557707312127,45.36192889992631,11.019889082838054
71,0.9551217997358059,-0.2962133482296756,45.361953211167766,11.019890390073535
72,0.9545669988333976,-0.2979963837669851,45.36199473033979,11.019877677702983
73,0.9450045242334583,-0.3270572567277713,45.36201721582294,11.01985829055906
74,0.9584175555294377,-0.28536956609452435,45.3620555665208,11.019855195094602
75,0.9555386594666071,-0.29486585130319753,45.362085189528614,11.019833263151018
76,0.9520427993544278,-0.3059648806601579,45.36212621664485,11.019835151496316
77,0.952454071332918,-0.30468219836634486,45.36214087854324,11.019808986211414
78,0.954968577153657,-0.2967069541637333,45.36218891279162,11.019808333095208
79,0.9565963749623391,-0.291416155023897,45.36222405059681,11.019801395993007
80,0.1362501774598086,0.9906744617391581,45.36224938501679,11.019788917118039
81,0.1321995518451889,0.9912231224562567,45.36224949721738,11.019792839650037
82,0.09994047892942422,0.9949934174010184,45.36225720862132,11.019795855218325
83,0.14864701714009637,0.9888903196489244,45.3622524863636,11.019802578406908
84,0.16511789040776093,0.9862738373632804,45.36227075125433,11.019819044399599
85,0.13906980251785497,0.9902825808968089,45.36226896274167,11.019813033640492
86,0.15942902092338068,0.9872093938407456,45.36226729913966,11.01983350536198
87,0.1346352412920871,0.9908952274596046,45.362265481825396,11.019832299275478
88,0.10662175707782195,0.9942996534836155,45.362279341503914,11.019842800965849
89,0.15128158785335008,0.9884907086951142,45.36226241133069,11.0198529015776
90,-0.9514137583169867,0.3079153462969107,45.36227676377032,11.019857034477559
91,-0.9478054435338567,0.31884924526739805,45.36224416559686,11.019869478550435
92,-0.9451230075716195,0.3267147082069868,45.362211654905146,11.01987698130049
93,-0.95617562510782,0.2927937396012246,45.362174228037375,11.019889081926838
94,-0.9514869072496652,0.30768923499607037,45.36215555730341,11.019898015568105
95,-0.95638344750339,0.2921141922973452,45.36210276763163,11.019905240032228
96,-0.9602151771858267,0.27926119225913115,45.36207850804638,11.019920021223726
97,-0.9572071718410458,0.28940357664698385,45.36204512200887,11.019932072062424
98,-0.9561083285266694,0.29301341969599026,45.3620165242596,11.019943285107614
99,-0.9515449075788183,0.3075098191291104,45.36197774987913,11.019939743034055
100,-0.9476349393978198,0.3193556350410781,45.3619526286851,11.0199544415567
101,-0.9573089915848284,0.28906659203519003,45.36191440805679,11.019962905264327
102,-0.9529875835619898,0.3030093489922046,45.36188458354866,11.019980132369176
103,-0.9593381242645478,0.28225939015837737,45.36185395871825,11.0199982454721
104,-0.9513043304044669,0.30825325781524004,45.36182152826373,11.019996609930299
105,-0.9588815668355757,0.28380651997963585,45.361787408424455,11.020010740740448
106,-0.9530650872722691,0.3027654858511815,45.36175559841407,11.020018079150956
107,-0.9521474829722295,0.30563895476468306,45.36172071109797,11.020025344770367
108,-0.9519952399181726,0.30611282752139135,45.36169401802317,11.020031634443194
109,-0.9541089429112696,0.29945972192723974,45.36166464883065,11.020052795484574
110,-0.9484728390883276,0.3168584439646944,45.36162381217752,11.020055896241871
111,-0.9609395672537931,0.27675828458438745,45.361593090612814,11.020066858619227
112,-0.9574270645063262,0.2886752780388356,45.36155265731203,11.02006803776191
113,-0.9515432530556228,0.3075149387661077,45.36153265743817,11.02007992922811
114,-0.95083776522893,0.30968943187402154,45.36149242243531,11.020100675084015
115,-0.9571679990074211,0.2895331098097928,45.36147071191398,11.020104841580133
116,-0.9522118984162897,0.3054382106326018,45.36143293423653,11.020107758812525
117,-0.9470399050937968,0.3211158952153139,45.36140151350753,11.0201309793526
118,-0.958376410100678,0.2855077171680954,45.361370092399646,11.020128910618121
119,-0.9513761391497861,0.3080315598383497,45.36133428263121,11.020143506433866
120,-0.9540486341317431,0.2996518041183057,45.361300390185896,11.02016235139233
121,-0.9513342592478021,0.3081608787329042,45.361273588081204,11.02017656259288
122,-0.9588910990251269,0.2837743121045035,45.36123825628173,11.020184258853227
123,-0.9596439164290247,0.2812179824633606,45.361209727690984,11.020191156635718
124,-0.9578755827815185,0.28718350912085144,45.36116854643776,11.020193871714602
125,-0.9567538573759832,0.29089870470006696,45.361141456738295,11.020205867332045
126,-0.9504715585205128,0.3108115449007443,45.36110443881612,11.020212398509251
127,-0.9547011870725987,0.29756620003315387,45.361079262246285,11.020220532597463
128,-0.9631222200303651,0.26906428466777405,45.36103614105118,11.020240563255085
129,-0.9590263699176657,0.2833168223077208,45.36101219393255,11.020249522378933
130,-0.9541088398031794,0.299460050439839,45.36097606911992,11.02025869710772
131,-0.9527648368610011,0.3037090147513404,45.36094386344059,11.020273246228715
132,-0.9600106824521416,0.2799633718502713,45.36090982843621,11.020285308713076
133,-0.9590397424108817,0.28327155253655395,45.36087956982231,11.020293019392364
134,-0.9608756312075438,0.27698018223602966,45.36085431064365,11.02029645901971
135,-0.9462279788458066,0.3235005595812469,45.360821432094724,11.02031656721218
136,-0.9503913661941132,0.31105666857292574,45.360772564912075,11.02031433918421
137,-0.9537724785498611,0.3005296310862785,45.36075001124942,11.020324480358564
138,-0.9504981625872079,0.31073017703200606,45.36071503459593,11.02033543599801
139,-0.9546340368072049,0.29778155713405097,45.360667248126354,11.020338847044899
140,-0.9587542885792776,0.28423619426604246,45.36066125311726,11.02035963985837
141,-0.9555420801666061,0.29485476599654165,45.360612885085374,11.020366869256085
142,-0.9534684274644428,0.30149288188692375,45.360591471969855,11.02037514672495
143,-0.9579391692057225,0.2869713367245066,45.36054733803617,11.02039253629138
144,-0.9512270817708846,0.30849155402643846,45.36052164494627,11.020400054482929
145,-0.953338445768229,0.3019036399585429,45.36048636075399,11.0204038607542
146,-0.9501873731888258,0.3116792515271412,45.36044602294637,11.020420427012008
147,-0.9623943383738687,0.2716562855262576,45.36043130977087,11.020423103104378
148,-0.9549305878020758,0.2968291974856617,45.36038525409803,11.020443135999828
149,-0.963694779778132,0.26700631346164394,45.36036407539807,11.02043999717766
150,-0.950393490657596,0.3110501774885683,45.36032982728741,11.020450272106299
151,-0.9540421225394602,0.29967253531213317,45.360287092335234,11.020465614761845
152,-0.9562788764589882,0.2924563393710847,45.360264669594365,11.020480423746776
153,-0.9521811875943982,0.30553393590781625,45.36023823853978,11.020486404206032
154,-0.9503906848852393,0.3110587502118626,45.36019864960012,11.020499503497632
155,-0.9567733309372052,0.2908346492550796,45.36016720923449,11.020521857157666
156,-0.9510289572091818,0.3091017996544443,45.360141535453074,11.020516963889529
157,-0.9602501596145055,0.279140880131013,45.36010561989452,11.020522754909486
158,-0.9507590413651931,0.30993103307403574,45.36006863428305,11.020533433244852
159,-0.9488579814242405,0.31570323262126365,45.36002498828794,11.02054324866875
160,-0.9575729128037775,0.28819111135579645,45.36000296148554,11.020552429220253
161,-0.9555037305725878,0.2949790176637445,45.35996447359328,11.020572071993024
162,-0.9508284599560515,0.3097180003448354,45.35993062791858,11.020570000839646
163,-0.9562234474736594,0.29263752066607873,45.359905885509825,11.020584138872543
164,-0.9567435494243156,0.29093260497057066,45.359872348431175,11.0205931660212
165,-0.9546276092975449,0.29780216179009517,45.359834153127764,11.020617644317449
166,-0.9425699683679093,0.33400876445224975,45.35981417322735,11.020614916942234
167,-0.9572440113520685,0.28928170134075365,45.35978235752918,11.02063165668796
168,-0.9476547947306605,0.3192967115771624,45.3597377109513,11.02063579771376
169,-0.9540519532485308,0.29964123631880735,45.359706685647964,11.020646181471797
170,0.12388211714343439,0.9922969419745585,45.359676487509525,11.02065824300539
171,0.15193630477292244,0.9883902869271579,45.35968539502395,11.020661504859222
172,0.15332813575640958,0.9881753299822172,45.3596797183427,11.020674258093251
173,0.10579468677191793,0.9943879948243702,45.35968766810116,11.02067771373518
174,0.10926235612677938,0.9940129463611753,45.359682383731254,11.020694271349885
175,0.14890035950260871,0.9888522048010986,45.359678725494874,11.020692219819402
176,0.16272107070710698,0.9866721102513908,45.359679075384825,11.02070989114988
177,0.14259394433039985,0.9897812723224757,45.359685960685894,11.020713523231098
178,0.18015260276173017,0.9836386733542832,45.359695673482406,11.020716102346853
179,0.17846640987484153,0.9839460048937569,45.35969540756967,11.020735664861698
180,0.9453853689078524,-0.3259547579879205,45.35969408222399,11.020739028938669
181,0.9586702317912823,-0.284519571694548,45.35973686969529,11.020725570371411
182,0.9470536068313756,-0.3210754830062274,45.35976794720352,11.02072498580657
183,0.9569757127330467,-0.2901680293193534,45.359789715109486,11.020709622881702
184,0.9541663071996834,-0.2992768922000482,45.35984598531509,11.020693408468222
185,0.9444330722984163,-0.3287037753798612,45.359859559386365,11.020693960259914
186,0.963855798407363,-0.2664244731185645,45.359881503118245,11.020679565099618
187,0.9485679084090106,-0.31657372464649486,45.35992492212294,11.020667150731894
188,0.9367926731612204,-0.3498849632542886,45.359949299292865,11.020658553221311
189,0.957060600031557,-0.2898879229413258,45.35998272762182,11.020647905698585
190,0.9547815787692384,-0.2973081513226985,45.360018616157475,11.020634640420948
191,0.9508647013467598,-0.3096067178417438,45.36005092488171,11.020621704691347
192,0.9588291675491507,-0.2839834985646222,45.36007466613204,11.020609857679087
193,0.9488214226134483,-0.3158130902761824,45.3601057361662,11.020614017468406
194,0.9542199272298568,-0.29910588505986757,45.36015116234221,11.020594197758903
195,0.9549095452727129,-0.2968968850410202,45.36017989943412,11.020590040084983
196,0.953176693352692,-0.30241394023627327,45.360203977476836,11.02058705609642
197,0.9567366820424357,-0.29095518767403244,45.360245721962514,11.020572032353487
198,0.9656961809648392,-0.25967457724991955,45.36026841041847,11.020557158112503
199,0.956984668800344,-0.29013849051977886,45.360304396316,11.020548221359807
200,0.9581815210519626,-0.28616109573900367,45.36033952715197,11.020533329536281
201,0.9477964056627344,-0.31887610981821984,45.36037226167187,11.0205152781143
202,0.9494581675211916,-0.3138935936385144,45.36040791032963,11.02051748337365
203,0.9543455154626376,-0.2987049331972148,45.360433528738,11.020506149460399
204,0.9497064826373605,-0.3131414965100809,45.360463841004915,11.020492367794523
205,0.9552258661007649,-0.2958775840310374,45.36050631959473,11.020489130248595
206,0.9412218155403369,-0.33778912645458564,45.360528163173456,11.020468855825326
207,0.9426066268615445,-0.3339052964490095,45.36056382119069,11.020467207824803
208,0.9623972264554689,-0.2716460537368819,45.36059646770244,11.020454325003106
209,0.9635571813166134,-0.2675024454714068,45.3606231583993,11.020455124741531
210,0.9429548775622865,-0.33292055941544574,45.36066579626185,11.020436390167607
211,0.9503666022894086,-0.3111323211318378,45.36069406874784,11.020423406795466
212,0.9499746688649412,-0.3123269577141003,45.36072480005336,11.020417666180078
213,0.9469155304008583,-0.32148246963973204,45.360757402793915,11.020401677352755
214,0.9562362045299236,-0.29259583241428105,45.360794604931456,11.020397615722297
215,0.9611495705831057,-0.2760280836580065,45.360818923689294,11.020374068984932
216,0.9419643358199775,-0.33571295781251687,45.36085565678535,11.020377533114447
217,0.9592277903574165,-0.2826341207392136,45.36088823637898,11.020367823195093
218,0.9682371622576923,-0.2500335929893648,45.36091519435208,11.020350409923855
219,0.953765089419178,-0.3005530805119576,45.36095122400379,11.020339640979488
220,0.9464576246499272,-0.3228280730389126,45.36098971391566,11.020325810858163
221,0.9512639223766702,-0.3083779336861706,45.361015748984364,11.020325801621606
222,0.9551432639967676,-0.29614412916956667,45.36105209444127,11.020310736393036
223,0.9582342836080052,-0.28598436621300294,45.36107769146593,11.020294190735541
224,0.947206057058127,-0.32062545980067825,45.36112339390843,11.020292637740653
225,0.9503537941908565,-0.3111714412780246,45.361135767370556,11.020285346676516
226,0.9505109148732303,-0.31069116612297626,45.36117934106526,11.020274366087781
227,0.9623497373272786,-0.27181424367776974,45.36121170317337,11.020261442927657
228,0.947746927571429,-0.3190231359618242,45.361234160036155,11.020251144773122
229,0.9492673417761537,-0.31447021136704656,45.36127846207674,11.020238966426945
230,0.9530472674851718,-0.30282157442799107,45.3613146345025,11.020234455081665
231,0.9492377683401703,-0.31455946839440907,45.361340783575166,11.020224788135708
232,0.9496910071874286,-0.31318842709673594,45.36137745581168,11.020207244647912
233,0.9491499732826798,-0.3148242814928482,45.36140342819275,11.020197721357322
234,0.9549666620592446,-0.2967131179362053,45.361438505190165,11.020194126964133
235,0.9563212232148833,-0.2923178373428301,45.361462320858124,11.02017784213749
236,0.9510411169164616,-0.30906438477166703,45.36148967722332,11.02016809012797
237,0.9640501660681932,-0.2657202990060964,45.36153501679382,11.020157264961501
238,0.9602014130750766,-0.2793085146010166,45.36156778921731,11.020145835369961
239,0.9472779258293194,-0.32041306346106185,45.36160389741809,11.020137277734863
240,0.9640449803055402,-0.26573911256661203,45.361632569479276,11.020132989159945
241,0.9505832975737016,-0.3104696351882215,45.36166975941501,11.020119513319306
242,0.9578513185247794,-0.2872644280107469,45.36170243994423,11.020103691735073
243,0.9423932293770865,-0.3345071019040195,45.36172903486999,11.020102520562927
244,0.945076518809235,-0.3268491603101002,45.36175764144401,11.020091857887387
245,0.9449465573255736,-0.32722469924892034,45.36178953433427,11.020076138593065
246,0.9543232213486992,-0.29877615231915977,45.36182043257874,11.020063060356941
247,0.9565520414725199,-0.29156164349028224,45.36185849652423,11.020052123502015
248,0.9543856957514564,-0.29857652912613314,45.36188807423656,11.020045275035747
249,0.955290831597035,-0.2956677646728593,45.36192744511184,11.020041303112048
250,0.9499856739532535,-0.3122934826146435,45.36195046941267,11.020033484950634
251,0.9612086681023972,-0.2758222187656672,45.361980960912895,11.020020759910755
252,0.9569142146554559,-0.2903707729616258,45.36202070738314,11.020000489456203
253,0.9612041328391971,-0.2758380231455538,45.36203872151118,11.020001259248012
254,0.9577097015140981,-0.2877362118777843,45.362086059953825,11.019983738342816
255,0.9538599647963268,-0.30025184022541823,45.36211681170177,11.019979436919975
256,0.9618033401873896,-0.27374136480331324,45.36215179485539,11.01997310449443
257,0.9457017164685166,-0.3250357879811105,45.36217281978565,11.019948264619986
258,0.9573476049559982,-0.28893868429999797,45.36222239294391,11.019945254438545
259,0.9527369807782164,-0.3037963881576085,45.36223705993925,11.019938714356005
260,0.1019399383926914,0.9947905553233275,45.3622775211321,11.019927064511917
261,0.12754822531935378,0.99183237001919,45.36228211138007,11.01992911141569
262,0.12272408545211762,0.9924408288910435,45.362276732138795,11.019925598515005
263,0.1472844415929826,0.9890941781572892,45.36227694032539,11.019949542293796
264,0.14954316478942795,0.988755198148036,45.362285557831385,11.019950791667899
265,0.09060846379950596,0.9958865930857256,45.36228237965463,11.019962537717632
266,0.16791750122611487,0.9858010513191684,45.36227813971088,11.019957580272845
267,0.1659418657380961,0.9861355369295641,45.362281291459134,11.019964510769292
268,0.11241630138540513,0.9936611973820986,45.3622836721357,11.019972574866529
269,0.13734875769109162,0.9905227502489349,45.36228068441195,11.019984037256775
270,-0.9546891915048109,0.2976046834710274,45.362281272426046,11.019985454978267
271,-0.9523270707171465,0.305078924836343,45.36224705246443,11.019994807384075
272,-0.9563683063466234,0.29216375992872756,45.36222339258666,11.020012644972649
273,-0.950958349745888,0.30931895682058896,45.36218771507735,11.020012147233741
274,-0.9523718512831632,0.30493910356574566,45.36214470545931,11.020031041275109
275,-0.9489943534212508,0.3152930655351972,45.362125717605785,11.020040660967199
276,-0.948314312147318,0.3173325784985828,45.36209596089672,11.020058276397922
277,-0.9486053798237413,0.3164614247731556,45.36205836877436,11.020055571876288
278,-0.9548250868756091,0.29716839245280713,45.36203081895277,11.020071352820006
279,-0.9634554518518726,0.2678686101373283,45.36198879232175,11.020075112636732
280,-0.9514075244364971,0.3079346074178998,45.36195814689323,11.02009598411691
281,-0.9583486500847029,0.2856008838936387,45.36193181807763,11.020101525933613
282,-0.9501109548339854,0.3119121246512428,45.361892613508246,11.020108061197275
283,-0.9525923092030205,0.304249720537681,45.36186691425651,11.020122998872509
284,-0.9525216082537176,0.30447099337991357,45.36182736877322,11.020130785132459
285,-0.954599225454431,0.2978931331229381,45.36180655102744,11.020145002567771
286,-0.9537942387636457,0.3004605633045337,45.36176504790396,11.020148414971533
287,-0.9556407152840527,0.29453492711626594,45.361737900441526,11.020163841509277
288,-0.9535453958947677,0.30124936177175676,45.361693350642646,11.020161483349174
289,-0.9573436138259436,0.2889519078785993,45.36167000756916,11.020179363363907
290,-0.9577707465016048,0.287532949669701,45.36163420291363,11.02019173899485
291,-0.9628439637232392,0.2700583298506483,45.36161379467138,11.020201651851425
292,-0.956218037776051,0.2926551968301926,45.36156940946698,11.020216029506772
293,-0.960609087932108,0.27790318490842025,45.36154437863523,11.020223908061432
294,-0.9480149315793991,0.31822584669147674,45.36151323894244,11.020234391191057
295,-0.9621678686470336,0.2724573224254115,45.361469615720004,11.020239942671568
296,-0.9452230067846631,0.3264252861604947,45.361439256255096,11.020256005906024
297,-0.9568116526199331,0.29070855063226575,45.36141394499741,11.020263606362045
298,-0.9466095867157273,0.3223822115717304,45.36137918062655,11.020269065324374
299,-0.9467349121085136,0.32201398447099316,45.36134604144499,11.02027927664162
300,-0.9534774597362399,0.3014643159230077,45.36130785865969,11.02029369428541
301,-0.9622845580990531,0.2720449029923371,45.36127724929907,11.02028723513915
302,-0.9540065684699502,0.29978570232115825,45.36125006779177,11.020317453365987
303,-0.9490108741377952,0.31524333580302344,45.361214473717894,11.02031902792885
304,-0.9513321699519602,0.30816732859681073,45.36118895627879,11.02032652672927
305,-0.9615427535559361,0.2746552986637403,45.36115306901334,11.020345134054171
306,-0.9508367470672134,0.30969255791290806,45.361118665615706,11.020359188799429
307,-0.9618138830297229,0.27370431931426753,45.36108745258868,11.020365974877139
308,-0.9608246226016868,0.27715707568511777,45.361053591660664,11.020370137967051
309,-0.9620440708086325,0.27289412932849044,45.36102829704191,11.020384752557947
310,-0.9467013738939374,0.3221125714208175,45.36099234689271,11.020392347846824
311,-0.9475804298095659,0.319517337623357,45.36096870261391,11.020406597889163
312,-0.9492437696424818,0.314541357844928,45.3609216641374,11.020413665387268
313,-0.9597301848758499,0.2809234277132596,45.360892748192406,11.020421307088368
314,-0.9625200554109581,0.2712105140507761,45.36085920916975,11.020445540385246
315,-0.9525009982944472,0.3045354630385128,45.360834299603646,11.020447660258549
316,-0.9595756914641097,0.2814506925754059,45.36080643417524,11.020453966923222
317,-0.9478138099746591,0.31882437425849475,45.36076339805628,11.020465645938646
318,-0.9436977718761422,0.3308088804068062,45.36073143422552,11.020474759669138
319,-0.949013164542107,0.3152364406691836,45.36070409297528,11.020488258329697
320,-0.9527502296197209,0.30375483528590813,45.36066621408679,11.020485785795314
321,-0.9516518298136591,0.3071787668643689,45.36063329819107,11.020501510745957
322,-0.9527882407711203,0.30363558462122586,45.36059993312224,11.02052639089833
323,-0.9537448527823039,0.3006172912379814,45.36057611199619,11.020531892751151
324,-0.9597979273482257,0.28069189275440437,45.36054346079335,11.02054132821874
325,-0.9483473137574215,0.3172339396866022,45.3605054227599,11.020546574829897
326,-0.9403040104714802,0.34033566943717586,45.36048460059697,11.020560815743654
327,-0.9487536886999812,0.3160165156731197,45.3604489174709,11.020566296155764
328,-0.9536507322531833,0.30091573716402287,45.36040342270218,11.020582500944613
329,-0.9485934093325028,0.31649730452397035,45.36037456379151,11.020590121557625
330,-0.9447371001291276,0.3278289365501568,45.360347910833966,11.020600647587084
331,-0.9564259845755643,0.2919748893803412,45.36031072045634,11.020604998944956
332,-0.9509123227651609,0.3094604246319171,45.3602802465805,11.020615838693688
333,-0.9512231307602321,0.30850373661708275,45.36025114421813,11.020635411366987
334,-0.9576535388954294,0.28792307903511377,45.36021866547734,11.020637190240247
335,-0.9535885195106144,0.3011128284506568,45.3601852026092,11.020659095804437
336,-0.9545187407392377,0.2981509241601975,45.36015450963273,11.020650264583958
337,-0.9513844493085113,0.30800589217406316,45.360116695726084,11.02067769993684
338,-0.9616925946167376,0.27413017611953483,45.36008708187286,11.020678616191594
339,-0.9468777778697364,0.3215936469777818,45.36005689513583,11.020684520740378
340,-0.9610993498457444,0.27620289594080555,45.36001654622136,11.020696592690866
341,-0.9544542992842879,0.29835715271757607,45.35999594984166,11.020711689757555
342,-0.9605716420556907,0.2780325888784154,45.359957776080606,11.020716366867024
343,-0.949144588478143,0.31484051544020913,45.35992937426302,11.020725297154074
344,-0.9564885224374206,0.29176995466545225,45.35989376343907,11.020747990317762
345,-0.9644458500090005,0.26428053730915674,45.35985825671121,11.020751959722025
346,-0.956183703226209,0.29276735761456213,45.35983611673046,11.020764413080531
347,-0.9357374118959713,0.3526974567220885,45.359790179567305,11.02077392219599
348,-0.9550086318208807,0.29657800516493066,45.359767879074276,11.020780522720289
349,-0.9538333018199456,0.30033653180933645,45.35972947007277,11.02079501322031
350,0.11721589974658338,0.9931064559485046,45.359700361636584,11.020805180537979
351,0.11529233675917497,0.9933316047949995,45.35971332220374,11.020809632265292
352,0.11211735618193809,0.9936949725357236,45.359704161140016,11.020808305119719
353,0.14114248892927758,0.9899892917697892,45.35970303826035,11.020830559580471
354,0.09525319337867744,0.9954530773226653,45.359703433519535,11.020832330184845
355,0.118577936748762,0.9929447481690039,45.35970979643948,11.020840731401647
356,0.12589680463646172,0.9920433430966252,45.35970382118965,11.020842547137354
357,0.1312750362316901,0.9913459864559742,45.35970695577995,11.020854004330463
358,0.1417746235694825,0.989898962577359,45.35971643234256,11.020858540581552
359,0.15438364101413685,0.9880109773616982,45.3597274293643,11.020866672161821
360,0.9562466444331482,-0.29256171145647913,45.35972303630394,11.020874209626216
361,0.9489470696691946,-0.31543534831443476,45.3597611383055,11.020863305475102
362,0.9589715844541852,-0.2835022049463276,45.359783665175314,11.02085517699472
363,0.9581331615554811,-0.2863229727557645,45.35982520718212,11.020842201497224
364,0.9592490388398618,-0.28256199582534314,45.359847844616674,11.020828804907527
365,0.961020231225238,-0.2764780555049353,45.35988551848752,11.020823332104134
366,0.9493658964619102,-0.3141725555090285,45.359924612962274,11.020815134379307
367,0.9570319728095594,-0.2899824184674698,45.359945775323084,11.020802107008032
368,0.9549535731289155,-0.2967552411808714,45.3599733162958,11.020791341837977
369,0.9399443965318104,-0.3413276013281827,45.36002037620319,11.020781522013996
370,0.9594153481732371,-0.2819967902115664,45.36003583974187,11.020770501745933
371,0.9509339296492252,-0.3093940229575912,45.360069961417004,11.020764598922698
372,0.9491321775486476,-0.3148779280003006,45.36010875628552,11.02075138856911
373,0.9452799526082868,-0.32626034266652004,45.360130669979675,11.020739831691804
374,0.9508371097066548,-0.3096914445132364,45.36017203796565,11.020734126749227
375,0.9579938193630904,-0.28678884577702546,45.36021177605024,11.020720303562914
376,0.9578456019995912,-0.28728348843962603,45.36023790400841,11.02071294330683
377,0.9578857388376575,-0.2871496323024549,45.3602777933954,11.020702775875348
378,0.9529980387245088,-0.30297646474147066,45.36030380325193,11.020690326296524
379,0.9545323622109271,-0.2981073120405259,45.360333472557805,11.020688869240361
380,0.9540917489829182,-0.2995144980175689,45.36036979777731,11.02067465333014
381,0.9469434170628898,-0.3214003187323529,45.36039747598411,11.02066574815245
382,0.9479855523267211,-0.31831335595573357,45.36043106965959,11.020657087196462
383,0.9566796027677383,-0.2911428131487403,45.360464729333586,11.020638257450813
384,0.9576652380273996,-0.2878841639860106,45.3605014111311,11.020634685663692
385,0.9482709258340708,-0.3174622043925768,45.36053559653874,11.02061673972486
386,0.9634616680109722,-0.2678462511843596,45.36054958387118,11.02060324243213
387,0.9505623241592167,-0.31053384338752565,45.36058769859465,11.020594610305524
388,0.9456498997343946,-0.32518651130132903,45.36062969523869,11.020600387679414
389,0.9496753385208422,-0.3132359356863829,45.360653957244374,11.02058334701554
390,0.9604220673874518,-0.27854883319664586,45.36068857972617,11.020577655280922
391,0.9689249572299928,-0.24735486099298035,45.36072067519228,11.020570060447266
392,0.9661253637267385,-0.25807320969809555,45.360745034713716,11.020558246520565
393,0.9528778854061708,-0.3033541420581964,45.36078951364648,11.020552166412322
394,0.9585231743804625,-0.2850146034427032,45.36082054143262,11.020532189875473
395,0.9630630547930317,-0.26927597830611283,45.36085231234179,11.02051846640189
396,0.9544575001411071,-0.2983469128789313,45.360879493514496,11.020512138027485
397,0.9578058979029161,-0.28741583453663205,45.36091633671608,11.020501381639848
398,0.9536924887985548,-0.30078337189615106,45.36094102740917,11.020486047405393
399,0.946904691115737,-0.3215143946124507,45.360983048606556,11.020479409401883
400,0.9529571254349416,-0.30310512546437235,45.36101278942572,11.020472273232095
401,0.9579156296014499,-0.2870499025696714,45.36104918023851,11.020465817402894
402,0.9574666114962542,-0.288544083061637,45.36108253321495,11.02045172360911
403,0.9541933100574328,-0.299190787026673,45.36110479201461,11.020432848232538
404,0.960296607050309,-0.27898105040963705,45.36114164582911,11.020423787393176
405,0.956408240051974,-0.2920330090258389,45.361161063652844,11.02041481307017
406,0.945013653226963,-0.3270308780751896,45.361202250558115,11.02041892480742
407,0.9582531583886505,-0.285921115761281,45.361234044284366,11.020405783502211
408,0.9501611763837419,-0.3117591039457609,45.36127026232068,11.020385378911106
409,0.9521031793970356,-0.30577693794996424,45.361306788741324,11.020375694324182
410,0.950179620869379,-0.3117028843057489,45.36133862804565,11.020367068472659
411,0.9542320025039435,-0.29906735929772404,45.36137092700449,11.020362788365162
412,0.950801616955474,-0.3098003957306318,45.36138730607102,11.02034747310785
413,0.9565058210035202,-0.2917132399915742,45.361440269777155,11.02033874992979
414,0.9549716682225745,-0.29669700519586156,45.36146368887501,11.020326122696257
415,0.963986934137487,-0.2659496020155101,45.36149297144001,11.02031647797066
416,0.9476091863820638,-0.31943204266999103,45.361529924580296,11.020311175972097
417,0.9502881647996116,-0.3113718096452956,45.36156557056469,11.020294459320704
418,0.9496499245350307,-0.31331297584142664,45.36159035120168,11.020292611198148
419,0.9605646580098417,-0.2780567168446678,45.36162770929398,11.02028436710585
420,0.9404575798479148,-0.33991107735200826,45.361650151634215,11.020257563363783
421,0.9508581661107853,-0.30962678815056405,45.361694450286016,11.020263006906347
422,0.9486798635488674,-0.31623806933527543,45.36172140775009,11.020250708435745
423,0.9573044039133617,-0.2890817847047498,45.36175657735296,11.020237973399638
424,0.9476463669424553,-0.3193217236906461,45.361792865495865,11.020228909812875
425,0.9517729816585272,-0.30680318020652386,45.361811021157976,11.020218879106478
426,0.9581655092673983,-0.28621470411274685,45.36185408133526,11.020202874169977
427,0.9556552727525854,-0.29448769016748644,45.361879140345295,11.020195675849495
428,0.9529346493888703,-0.30317578068525014,45.36191383884814,11.020187733878952
429,0.9493150690179616,-0.3143261041266265,45.36195241953125,11.020170227976024
430,0.9511724133128184,-0.3086600721711005,45.361970912599006,11.020171536014745
431,0.9506215450959964,-0.31035250603032116,45.362016920452426,11.020151976985437
432,0.9588117561061292,-0.2840422791640016,45.362044450315345,11.020149775420165
433,0.9535288538472443,-0.3013017173544827,45.36207496348308,11.020142671845841
434,0.9511543058686887,-0.30871586682166685,45.362108170583404,11.020119637592884
435,0.9495542934716615,-0.3136026845381489,45.36214030472389,11.020126068077222
436,0.9442633363791458,-0.32919105633374085,45.3621840924516,11.02010196451869
437,0.9607532586983121,-0.2774043545090349,45.362209243463326,11.020099353064435
438,0.9458963250070851,-0.3244690159908815,45.36223489092315,11.0200891088816
439,0.9475468009850714,-0.31961705202156765,45.36227414310326,11.020082347448028
440,0.13539145569277258,0.990792184933547,45.3623019026147,11.020067221955832
441,0.13812617300394212,0.9904146406083085,45.36230517453024,11.020075988725669
442,0.1113710581618201,0.9937788926134005,45.362305453695996,11.020086853815446
443,0.14802118239081255,0.9889841907551535,45.362298123498306,11.020091122538863
444,0.1255316389663879,0.9920896167274469,45.3623054768643,11.020085706060376
445,0.14939119559686498,0.9887781706116591,45.362306185675976,11.020083569370502
446,0.14007576715523615,0.9901407876942915,45.36231372577144,11.020095987834138
447,0.1234618963429546,0.9923493135743087,45.3622972983473,11.020093151671771
448,0.13850263801595264,0.9903620647332075,45.36230183020664,11.02009669179168
449,0.10194444491428645,0.994790093512756,45.36230525117075,11.020110570133399
450,-0.958368348114222,0.28553477779916303,45.36230258445245,11.020111106305576
451,-0.9511408410027707,0.30875734902434626,45.36227094552208,11.02012010410834
452,-0.9571056073518738,0.28973929035531387,45.36223739590958,11.020127030668842
453,-0.955267492777023,0.2957431609412129,45.36220378055432,11.020135450697378
454,-0.9555690951186,0.29476720383078564,45.36217822943376,11.020157619862644
455,-0.9608411400166752,0.27709980810432905,45.36213891351281,11.020155235055624
456,-0.9523254810155294,0.305083887166367,45.36210283232509,11.020174105366138
457,-0.9488459963063766,0.31573925206309034,45.362079368860456,11.020181652417111
458,-0.9509672312742327,0.3092916504573316,45.36203637041308,11.02019651061852
459,-0.9471151279632507,0.32089396127561404,45.36200602390459,11.02020147675978
460,-0.9537733517750852,0.3005268597708358,45.36197952188161,11.020215663246244
461,-0.9570381241739856,0.2899621162799355,45.361940435234736,11.020222105523128
462,-0.9517858648169379,0.30676321085598507,45.361917577419284,11.020232832867972
463,-0.946054906156244,0.3240063495329998,45.361874439057345,11.02024359039374
464,-0.9598871210377808,0.2803867237687987,45.36185272281174,11.020255198584303
465,-0.9487537517963611,0.31601632624332676,45.36183094089387,11.02027313064323
466,-0.9497318435394928,0.31306457060337634,45.36178966332666,11.020280127382165
467,-0.9616827745305013,0.2741646242156654,45.36175533585145,11.020284602454009
468,-0.9581128490403837,0.28639093649017405,45.361723161904656,11.020293458707783
469,-0.9559477337279259,0.2935369318849719,45.36168130636697,11.020307843786947
470,-0.954463959568786,0.29832624739414854,45.361652304101504,11.020308950967483
471,-0.9514620257067554,0.3077661671431696,45.361625463713665,11.020330849376005
472,-0.95846548265135,0.28520855275730195,45.361595739509376,11.020339509490647
473,-0.953002510309373,0.30296239922477736,45.361549791812365,11.020337063019289
474,-0.9537069468081656,0.30073752610847687,45.361526979385744,11.020361770731247
475,-0.9514194826971999,0.30789765823109566,45.36148453865037,11.02036554631738
476,-0.9521755404233918,0.30555153447400923,45.361451089767,11.020375251691405
477,-0.9558759508542265,0.2937706019644041,45.36143684724697,11.02038231406685
478,-0.9530603673894728,0.3027803430070109,45.36139272899765,11.020403492689898
479,-0.9434204649521712,0.3315988937095975,45.36136779780304,11.020404875663557
480,-0.958258655266507,0.2859026925491009,45.361326065810864,11.020427470240085
481,-0.9453971307987691,0.3259206423003232,45.36129989961615,11.02043210129911
482,-0.9517487256937344,0.3068784175212598,45.361267870860516,11.020436785473887
483,-0.9547543357808139,0.2973956259055212,45.36123020149741,11.020444728834121
484,-0.9577162461032127,0.28771442777513,45.36120397377414,11.020456701716816
485,-0.9512667540176197,0.3083691986901112,45.3611666927417,11.020468874535256
486,-0.9527001498715532,0.3039118695193068,45.36113857869594,11.020474755044113
487,-0.950537566411856,0.3106096180735979,45.361106791177455,11.020487642552478
488,-0.9558215760884091,0.29394746925916787,45.36108015608036,11.020497737841035
489,-0.9537263157889603,0.3006760957768617,45.361037738656144,11.02050434713336
490,-0.9452439336252472,0.32636468244077727,45.361000155830354,11.02051628585519
491,-0.9559578415682198,0.29350401214332705,45.36097002689044,11.020528272773221
492,-0.9407480542255363,0.3391063232540311,45.360933927918914,11.020542435035544
493,-0.9505844562290073,0.31046608764211653,45.36090690085539,11.020548308799532
494,-0.9560262306734527,0.29328117270685844,45.36087406526416,11.020562386153369
495,-0.9508019634751287,0.3097993322327213,45.36084611836219,11.020569695845095
496,-0.9577493845225347,0.2876040967140524,45.36080176470159,11.020579654438492
497,-0.9552163268353263,0.2959083793122915,45.36077834816984,11.020592102903075
498,-0.9561343521459761,0.2929284906703247,45.3607508048461,11.020598491733784
499,-0.9517684658611151,0.30681718888025056,45.360716534914296,11.020609490100654
500,-0.9613052497117089,0.27548542044309504,45.36067849010892,11.020610516504899
501,-0.9468720962117166,0.321610375167888,45.36064624628047,11.020627605942462
502,-0.9639468159624254,0.26609497551795663,45.360622136859504,11.020641367873727
503,-0.958521195835075,0.28502125733863726,45.360576656462435,11.020653726360615
504,-0.9544491348546826,0.29837367339486864,45.36055244400299,11.020655786800098
505,-0.9482476475552135,0.3175317289752374,45.36051859370779,11.02068130231607
506,-0.9613728366858437,0.2752494666345676,45.360496752685194,11.02068631990251
507,-0.9500705804425406,0.31203508164559646,45.36044957568375,11.020684659328339
508,-0.9438780208450244,0.33029423513842887,45.36042628166598,11.020693445708886
509,-0.9521545400519627,0.3056169691925426,45.36038984288531,11.020710337160327
510,-0.954176786949863,0.2992434782013399,45.36035014464219,11.020723303471888
511,-0.9570922789751198,0.28978331478228925,45.36032459253578,11.020731918244081
512,-0.9513404491005623,0.30814176916662983,45.36029235806174,11.02075528178431
513,-0.9548612281566978,0.29705224281779563,45.36025858226797,11.020760048487311
514,-0.953968675718071,0.299906261603038,45.360228110890205,11.020764368033163
515,-0.9525759827346727,0.30430083325070345,45.360194973488895,11.020773420595102
516,-0.9489705801312591,0.31536461127612503,45.36016188298478,11.020781040537756
517,-0.9474148196269798,0.3200080616971663,45.360133098962656,11.020792041630814
518,-0.9441563102078577,0.329497893611907,45.36010440694325,11.020807065487245
519,-0.9497188104995008,0.3131041056636166,45.36006456951566,11.020814089858327
520,-0.9546643957059665,0.2976842145149148,45.3600350790146,11.02082973435408
521,-0.9477610989647964,0.3189810328045249,45.359989978599415,11.02083446078454
522,-0.9459986911365504,0.3241704433904076,45.35996536464266,11.020850766454213
523,-0.9615077097020912,0.2747779543257412,45.35992950069759,11.020862052087287
524,-0.9520485278612447,0.3059470552190964,45.35989741582173,11.02086364140495
525,-0.9447956469661464,0.32766016766433625,45.35986545245115,11.0208776464477
526,-0.9483579030767607,0.3172022819461572,45.35983698268592,11.02087043721575
527,-0.9457479749904149,0.3249011662052472,45.3598076236549,11.020897318796235
528,-0.9498921649898994,0.31257779014319254,45.35978777795195,11.020907562500238
529,-0.9449887683415381,0.3271027785090532,45.35973754781755,11.020918468446917
530,0.12741447851924204,0.9918495604998117,45.35971042018277,11.020928096630225
531,0.11562880309782789,0.9932924946329574,45.35971940231283,11.020932184166654
532,0.1346742292973695,0.9908899292873854,45.35971115084927,11.020948846042709
533,0.12979614673286152,0.9915407002706956,45.35971224253057,11.020958764500103
534,0.1352965400806704,0.9908051504923657,45.35971461138237,11.020963424782012
535,0.11879455827074553,0.9929188551564818,45.35971382381214,11.020970136185573
536,0.13016116488740473,0.9914928497751024,45.35971405314554,11.020979321813268
537,0.15215189066684717,0.9883571227883693,45.35971883464192,11.02097918363514
538,0.1439448963826488,0.9895857046286535,45.359727972790154,11.020980226443756
539,0.14605519444196227,0.9892764427481939,45.35973260082473,11.020991488194314
540,0.9611008805014627,-0.27619756968393666,45.35972416363308,11.02100734518112
541,0.9497581498617641,-0.3129847548542241,45.35975478820085,11.020998503375928
542,0.958184637570218,-0.2861506601852074,45.35979105923486,11.0209951767745
543,0.9505497193031386,-0.31057242493937615,45.35981675783515,11.020969367050036
544,0.9659560572868716,-0.25870619511484844,45.35986061336753,11.020968166034727
545,0.9500421355096331,-0.3121216762038417,45.35987994534118,11.020956656147078
546,0.9598870012992577,-0.2803871336861213,45.359922420874625,11.020948440987029
547,0.9590957760433926,-0.28308177683440267,45.359960261580895,11.020937716668982
548,0.9576037480876124,-0.2880886350562212,45.359985673672384,11.020920688333936
549,0.9605356164072295,-0.27815702330371517,45.36002297769694,11.020913310932272
550,0.9583242954320551,-0.2856825944727036,45.360056087080544,11.020903658815422
551,0.9488178352895632,-0.3158238677434424,45.36009363082384,11.020895840554457
552,0.9530783294883826,-0.3027237979737207,45.360114243476914,11.02088044854534
553,0.9570623412757249,-0.2898821741877689,45.3601437091076,11.02087412477795
554,0.9609190486757395,-0.27682951773991094,45.360183039541575,11.020871582061698
555,0.9517342739908174,-0.3069232342315773,45.36021062246367,11.020851558478286
556,0.9555932619589248,-0.2946888489554732,45.36024297914976,11.020841570101515
557,0.9543819258069701,-0.29858857930768057,45.36028417229785,11.020833374376252
558,0.9445612211596117,-0.32833534607389286,45.360312622139155,11.020814765578258
559,0.9526818138122354,-0.30396934324275077,45.3603457142482,11.020821916342838
560,0.9572551018336404,-0.2892449999800631,45.36037313125726,11.020812048618977
561,0.9608354314382608,-0.2771196017838709,45.360410085151074,11.020789370603582
562,0.9471193677492491,-0.32088144732013185,45.36044183316693,11.020779820946995
563,0.9574067998875668,-0.28874247960604726,45.36047348228453,11.020775217958917
564,0.9541837985162496,-0.2992211199917233,45.36050151615395,11.020755514394407
565,0.9602497234735959,-0.2791423804600129,45.36054080750978,11.020748783025098
566,0.954727959015323,-0.29748029224544564,45.36057392133619,11.020739482646855
567,0.9560491877617424,-0.2932063276604252,45.360602075203495,11.020730801439205
568,0.9564806264017071,-0.2917958384182306,45.36064537141625,11.020728912831327
569,0.9512432259270039,-0.3084417694281805,45.360673176533965,11.020712526850213
570,0.951130924826113,-0.30878789458044353,45.36070117534092,11.020701814297224
571,0.9484842882677925,-0.31682417033606985,45.36073393649295,11.020695886494723
572,0.9546354946189637,-0.29777688361188565,45.36077049349338,11.020673258195963
573,0.952183673663964,-0.3055261880883499,45.36080661056548,11.020676936196327
574,0.9602021618416785,-0.27930594049279905,45.36082816354787,11.02066517715776
575,0.9509577499898727,-0.3093208006814263,45.36086139505555,11.02065331298911
576,0.9441944281913404,-0.32938864851786825,45.360894120942,11.020638537884533
577,0.9497972900091636,-0.31286595834518155,45.3609289922288,11.020632633885176
578,0.9584224194527312,-0.28535323003318686,45.3609518639322,11.02061959191874
579,0.9593829564305583,-0.2821069706876481,45.36099070973348,11.020610347733975
580,0.958341749553914,-0.285624037962394,45.361027473526846,11.02060246729944
581,0.9550588402620769,-0.29641628099221673,45.36105770618925,11.020585232096186
582,0.9641338530905824,-0.26541649030289594,45.36109040065613,11.02058557012167
583,0.9525911791307549,-0.30425325872088566,45.36113203258131,11.020564967713272
584,0.956089145986538,-0.2930760053752819,45.361159385534,11.020551869175485
585,0.9585299540079988,-0.28499180210915503,45.36118979109495,11.020556982175615
586,0.9603524819075379,-0.278788648431087,45.361221590326394,11.020544017032758
587,0.9453435861169761,-0.32607591782818834,45.36125371156727,11.020526392030582
588,0.9433253973701853,-0.3318692433419854,45.36128814351209,11.020527724330588
589,0.9569144704875726,-0.2903699298678988,45.36132643492786,11.020513431070363
590,0.950198782415016,-0.31164446713686594,45.3613519571731,11.020503740072089
591,0.9511691883819878,-0.30867000999894784,45.36138833635397,11.02048132855081
592,0.947662739026601,-0.31927313238135197,45.36142456750907,11.020476232368399
593,0.9461050341786225,-0.3238599455040212,45.36145583708441,11.020469778696244
594,0.9597945226915013,-0.28070353437638274,45.361483070147415,11.020449981957404
595,0.9481392668976086,-0.3178552037750291,45.361524023606904,11.020445270230457
596,0.9535264011373522,-0.3013094793298899,45.361552539521725,11.020436076710222
597,0.9545305462726118,-0.29811312656860534,45.361577459593626,11.020422856242144
598,0.950707210230225,-0.31008998761047213,45.36161598487397,11.020415460946957
599,0.951196949375734,-0.30858445116093824,45.3616497805342,11.020400276519482
600,0.9467675809561048,-0.3219179206731516,45.36168289682374,11.02039719527971
601,0.9542582427982246,-0.29898362171136506,45.36170535913706,11.02038269691934
602,0.956410664558057,-0.2920250686492784,45.36173976038783,11.020372113596254
603,0.9424566822461046,-0.33432828490820965,45.36177955307253,11.020363150361812
604,0.948587846331937,-0.31651397724482466,45.361807159426405,11.020353441991993
605,0.960847693878085,-0.2770770816382434,45.36184269279182,11.020345238084225
606,0.9570276497077704,-0.2899966856617864,45.361879769923405,11.02033674370186
607,0.9562045620293025,-0.2926992236996021,45.36191285754223,11.020317033957188
608,0.951113192448852,-0.3088425086508545,45.361941757177895,11.020314123577824
609,0.958757544350631,-0.28422521202516104,45.36197406386392,11.020291419187377
610,0.9458078799486008,-0.32472673777675465,45.36200979434315,11.02029751241741
611,0.9573919879624854,-0.28879158814833966,45.36203998588873,11.020277140834272
612,0.9544886656637785,-0.29824719130174465,45.36206976563544,11.020269484373909
613,0.9564133699875722,-0.292016207956023,45.36210684715017,11.020264843656191
614,0.947097813364704,-0.32094506059417144,45.36214453051919,11.020252956757169
615,0.9571545094923122,-0.2895777010726677,45.36216580468323,11.020245836374274
616,0.9570884077995766,-0.2897961001388242,45.362202142656585,11.020243795234416
617,0.9596659540747846,-0.28114276905112345,45.362236845875245,11.02021641300007
618,0.9495890053372505,-0.3134975613024941,45.36226257101349,11.020206684124842
619,0.9413802790283812,-0.3373472547041805,45.36229830555608,11.020193993300964
620,0.12346496991331539,0.9923489311750702,45.36233117190448,11.020190578733342
621,0.1428426901373695,0.9897454045734789,45.36232727665172,11.020191535806088
622,0.13873289984938422,0.99032983520612,45.36232606114323,11.020202799785249
623,0.11111513804570756,0.993807539766671,45.36233528120148,11.020202371278968
624,0.12636498409091462,0.991983815793233,45.362328693661325,11.020213513695508
625,0.12314088158521917,0.9923891994990751,45.36233146788465,11.02021994119892
626,0.11496165810606641,0.993369929666438,45.362330132102485,11.020224331887048
627,0.11764340682126878,0.9930559041823805,45.36232927372749,11.020237647872557
628,0.16020043800803124,0.9870845048231863,45.36232769231632,11.020233804565295
629,0.13878873645771708,0.990322011586368,45.36231882470768,11.020239565934702
630,-0.9542178873975077,0.29911239253938865,45.36232592312051,11.020247274468867
631,-0.9535920847244453,0.30110153760963454,45.362292440197585,11.020260541673526
632,-0.9580287267247559,0.2866722148554739,45.362258843478884,11.02026194947393
633,-0.9551310650690179,0.296183471078525,45.36222579936193,11.020280506814805
634,-0.9538350444847492,0.3003309972559884,45.36219537181024,11.020288989925328
635,-0.959255246882032,0.2825409197431263,45.36217192601732,11.020294635268055
636,-0.9493758624091044,0.31414243883144655,45.36214184417185,11.020314303443078
637,-0.9594602207795765,0.2818440787769123,45.36210289288094,11.02031524922208
638,-0.9523485783495349,0.30501177897848447,45.3620621872985,11.020332247811762
639,-0.9598711195250552,0.2804414981804889,45.36203536417753,11.020339952978437
640,-0.9415817429891017,0.3367845324084899,45.36199780343453,11.02034803388985
641,-0.9522554083909808,0.30530253387439554,45.36197355506724,11.020356590881944
642,-0.9582446514096136,0.28594962501263776,45.36193843448853,11.020370385575289
643,-0.9612914150046835,0.27553369202021993,45.36189472863706,11.020385146786623
644,-0.9538876627352915,0.300163833400033,45.361869789661206,11.020387918807181
645,-0.9586216529438448,0.284683203767294,45.361844257927125,11.020395966553007
646,-0.9501154745846192,0.3118983567684251,45.36181030222779,11.020412994479148
647,-0.9506683607980143,0.3102090710756481,45.361772584410424,11.020422811405844
648,-0.95764086717496,0.2879652227550937,45.36175224617076,11.020429944066262
649,-0.9576447166492993,0.28795242085053424,45.36170828812177,11.020454671864018
650,-0.9493355640738027,0.3142641990183973,45.361674191367676,11.020454540274477
651,-0.9542790049883288,0.298917347503428,45.36163146447301,11.020468265941584
652,-0.958834881169704,0.2839642066392872,45.36161699124621,11.020474792865745
653,-0.9600319837324608,0.27989031817966864,45.36158569985432,11.020489226111282
654,-0.9530381970571052,0.3028501196138815,45.36155151955712,11.020491433734577
655,-0.9550205495032532,0.2965396264017749,45.361514508885094,11.020510958761877
656,-0.9473474995888121,0.3202073000773491,45.361478558497595,11.020514516395206
657,-0.9505539620380908,0.3105594391637255,45.36144459344808,11.020527238165664
658,-0.9631389765275304,0.2690042971654934,45.36141835010407,11.020540788440119
659,-0.9498721104900554,0.3126387271487141,45.36138607109652,11.020542821606101
660,-0.9554854661381631,0.29503817379914954,45.36135457624273,11.020556326455903
661,-0.9525664016247758,0.30433082409711026,45.36132983183483,11.020572865854431
662,-0.951467337047003,0.3077497466005208,45.36129136013128,11.02058325048087
663,-0.9581814585385215,0.28616130505886267,45.361251368461474,11.02059402873993
664,-0.9574722852253856,0.2885252554375055,45.361220331976526,11.020600712548914
665,-0.9562610198952735,0.2925147207045338,45.36118873879519,11.02062020626268
666,-0.9606948733256832,0.277606484732885,45.361162001770566,11.020627213992764
667,-0.9500177631935925,0.31219585137641265,45.361134347956,11.020633580213556
668,-0.9503427920727299,0.3112050410186314,45.36109444898075,11.02065170991313
669,-0.9426693254396109,0.33372824704425147,45.36106244024721,11.020647848108487
670,-0.9567337172779755,0.2909649364158278,45.36102362652272,11.020663618978283
671,-0.9540290276383468,0.2997142212565671,45.36100064440884,11.02067127156863
672,-0.9513311509584703,0.30817047427687183,45.36097078599369,11.020673012605071
673,-0.9576397245293888,0.2879690226452772,45.36094080984024,11.020691988290805
674,-0.9527985475515879,0.3036032407330076,45.360893536344804,11.020712902542398
675,-0.9447960527661627,0.32765899755306327,45.360868831274345,11.020713985408118
676,-0.9580681352253836,0.28654048276946154,45.36083085495531,11.02072087296371
677,-0.94648619607213,0.3227442960687446,45.360807400179496,11.020743768234823
678,-0.9464007461565369,0.32299477963947065,45.360775286678255,11.020749036229262
679,-0.9520832438954455,0.3058390045326554,45.36073731781589,11.02076337400699
680,-0.9577833903656986,0.2874908296617266,45.36070878337979,11.020766818061439
681,-0.9512350968153468,0.3084668387147924,45.36067537244344,11.020780368277432
682,-0.9458562904691992,0.324585701748931,45.3606517863649,11.020788176549232
683,-0.954878708579736,0.2969960469452341,45.36062022579796,11.02079912605055
684,-0.9556519705319967,0.29449840613883094,45.360576519531904,11.020817127818844
685,-0.9515328031330718,0.30754727207653604,45.3605495969129,11.02081328610387
686,-0.9593131178788633,0.28234436751161535,45.3605116451281,11.020829081876867
687,-0.9576254436465486,0.2880165093892207,45.36048245761153,11.02084258048484
688,-0.9531325028879296,0.3025531886108471,45.360452366368335,11.020857557883197
689,-0.9481628182338,0.31778494319104866,45.36042173219346,11.02085885596791
690,-0.957568628629434,0.2882053460030625,45.36038099206615,11.020872717051661
691,-0.9585659680308721,0.2848706459659137,45.36035132417307,11.020876947305446
692,-0.9524624316822309,0.30465606219796737,45.36031920255248,11.020892121362898
693,-0.9541816951363175,0.2992278273603305,45.36028080825442,11.020909068932747
694,-0.9472407242015778,0.3205230263398721,45.36026138325472,11.020907129080799
695,-0.9541616071527744,0.2992918766616205,45.36021832727445,11.020925081760394
696,-0.9553933758309615,0.29533624467430203,45.36018565868286,11.020934878676536
697,-0.9519834791547943,0.30614940048338035,45.36014488113495,11.02093832836562
698,-0.9537297758763646,0.3006651203695221,45.360122638575355,11.020957735865071
699,-0.9570197711613718,0.290022684640763,45.36008396614931,11.020967529235117
700,-0.9503321497579257,0.31123753812237914,45.36006313114504,11.02097698149524
701,-0.9476773528322399,0.3192297525746594,45.360038803372944,11.020979523410865
702,-0.951189391370526,0.30860774738196095,45.3599984433531,11.020999876177447
703,-0.9553157015910134,0.2955873987396447,45.35996283046627,11.021008730470053
704,-0.9586555930236463,0.28456889142083147,45.35993710989163,11.021012661375297
705,-0.9527448364696359,0.3037717507939912,45.35990076421031,11.021026249985145
706,-0.9625184570200013,0.2712161866405396,45.359863442510715,11.021044269237548
707,-0.9505426789763728,0.3105939720027101,45.359828919305656,11.021042377698778
708,-0.946990596209062,0.3212612810339976,45.35980599130318,11.021063541064633
709,-0.949033574794573,0.3151749893513661,45.359770439157465,11.021074565933489
710,0.10502615705278771,0.9944694597295198,45.35973789034716,11.021081277214824
711,0.1278331532281235,0.9917956870927375,45.35973014596192,11.021093238518588
712,0.14062724630344373,0.9900626129680439,45.35974348259415,11.021101558657236
713,0.13151034355863386,0.9913147984051737,45.35974410190952,11.021106202206134
714,0.13965981060981397,0.990199544183106,45.35973798597753,11.021099678777173
715,0.1448694482700559,0.9894507784412166,45.359743769550164,11.021125481967212
716,0.1325998841446692,0.9911696478024438,45.35975557871679,11.021131745801231
717,0.10561198021309509,0.9944074163216347,45.35974219232094,11.021130701103917
718,0.11729063879968961,0.9930976316807733,45.35975166430225,11.021148802443445
719,0.15094072574482745,0.9885428151130454,45.35974242576838,11.021143631786522
