,Sin,Cosin,Lat,Lon
0,0.9537169507482269,0.30070579950427306,45.3596665575,11.020597651
1,0.955040636077442,0.2964749288570535,45.35970793923385,11.020595136031172
2,0.955040636077442,0.2964749288570535,45.35972921467676,11.020572682595498
3,0.955040636077442,0.2964749288570535,45.35975381019126,11.0205789779957
4,0.955040636077442,0.2964749288570535,45.359793673931904,11.020553267459494
5,0.955040636077442,0.2964749288570535,45.35981772795416,11.020550959753848
6,0.955040636077442,0.2964749288570535,45.359850533914,11.020545532445755
7,0.955040636077442,0.2964749288570535,45.359893122233935,11.020521697670054
8,0.955040636077442,0.2964749288570535,45.359908938580745,11.0205195485394
9,0.955040636077442,0.2964749288570535,45.359940489037456,11.02050612030317
10,0.955040636077442,0.2964749288570535,45.35997961791969,11.020504401904413
11,0.955040636077442,0.2964749288570535,45.360004258232365,11.020494364066135
12,0.955040636077442,0.2964749288570535,45.36003455886191,11.020478821300292
13,0.955040636077442,0.2964749288570535,45.36006728769639,11.020479279072847
14,0.955040636077442,0.2964749288570535,45.36009394956624,11.020461768240155
15,0.955040636077442,0.2964749288570535,45.36012067490102,11.020459122139455
16,0.955040636077442,0.2964749288570535,45.36015718415672,11.020446786789037
17,0.955040636077442,0.2964749288570535,45.36018361644694,11.02042900085529
18,0.955040636077442,0.2964749288570535,45.360213021283826,11.020428264542115
19,0.955040636077442,0.2964749288570535,45.36025457627176,11.02041504036242
20,0.955040636077442,0.2964749288570535,45.36028477783834,11.020395787158433
21,0.955040636077442,0.2964749288570535,45.360306344924076,11.020398846015372
22,0.955040636077442,0.2964749288570535,45.36034651892268,11.02038994142843
23,0.955040636077442,0.2964749288570535,45.3603738894034,11.020381757555915
24,0.955040636077442,0.2964749288570535,45.360402552831005,11.020367113185344
25,0.955040636077442,0.2964749288570535,45.36043612716929,11.020357966503207
26,0.955040636077442,0.2964749288570535,45.360463811068975,11.020345262536015
27,0.955040636077442,0.2964749288570535,45.36049011769195,11.020339604565418
28,0.955040636077442,0.2964749288570535,45.360532221880156,11.020339869470934
29,0.955040636077442,0.2964749288570535,45.360566668047355,11.020313662759616
30,0.955040636077442,0.2964749288570535,45.360591348003034,11.020310242924028
31,0.955040636077442,0.2964749288570535,45.36062422515431,11.020298082835865
32,0.955040636077442,0.2964749288570535,45.360652324557655,11.02028056180168
33,0.955040636077442,0.2964749288570535,45.36067884182745,11.020282394474231
34,0.955040636077442,0.2964749288570535,45.360712445211576,11.020271716510251
35,0.955040636077442,0.2964749288570535,45.36074676261275,11.02025986797689
36,0.955040636077442,0.2964749288570535,45.36077908155309,11.02024151788941
37,0.955040636077442,0.2964749288570535,45.360801695127314,11.020236653028418
38,0.955040636077442,0.2964749288570535,45.360841014282336,11.020237213182764
39,0.955040636077442,0.2964749288570535,45.360872303973686,11.020220963398156
40,0.955040636077442,0.2964749288570535,45.36089823682365,11.020219987386055
41,0.955040636077442,0.2964749288570535,45.36093027934352,11.020198322233966
42,0.955040636077442,0.2964749288570535,45.36095579149052,11.020197726731848
43,0.955040636077442,0.2964749288570535,45.36099294920189,11.0201877585562
44,0.955040636077442,0.2964749288570535,45.36101272099135,11.020173265855561
45,0.955040636077442,0.2964749288570535,45.361045602255885,11.020169459635978
46,0.955040636077442,0.2964749288570535,45.361077481274464,11.020161385176436
47,0.955040636077442,0.2964749288570535,45.36111073782059,11.020149618851589
48,0.955040636077442,0.2964749288570535,45.361148709908996,11.020141567593866
49,0.955040636077442,0.2964749288570535,45.36117558551799,11.020128328341274
50,0.955040636077442,0.2964749288570535,45.36120398351557,11.020121575744588
51,0.955040636077442,0.2964749288570535,45.36123112275173,11.020109383765453
52,0.955040636077442,0.2964749288570535,45.36126359236955,11.020104455711301
53,0.955040636077442,0.2964749288570535,45.361305473215346,11.020093120112902
54,0.955040636077442,0.2964749288570535,45.361329291604896,11.020090219710818
55,0.955040636077442,0.2964749288570535,45.36135382062243,11.020076811036256
56,0.955040636077442,0.2964749288570535,45.361391779575904,11.020067052411147
57,0.955040636077442,0.2964749288570535,45.36143028019253,11.020050956043251
58,0.955040636077442,0.2964749288570535,45.361448253002834,11.020055874266234
59,0.955040636077442,0.2964749288570535,45.36149053640886,11.020033520486137
60,0.955040636077442,0.2964749288570535,45.36150996982335,11.020023888619527
61,0.955040636077442,0.2964749288570535,45.361554145707636,11.020009284998917
62,0.955040636077442,0.2964749288570535,45.361574737079266,11.020000488402967
63,0.955040636077442,0.2964749288570535,45.36160773393389,11.01999308616002
64,0.955040636077442,0.2964749288570535,45.36163596579321,11.019981609332234
65,0.955040636077442,0.2964749288570535,45.36166701062574,11.019973453436291
66,0.955040636077442,0.2964749288570535,45.36170669321105,11.019961477672563
67,0.955040636077442,0.2964749288570535,45.36172656452954,11.019950382117182
68,0.955040636077442,0.2964749288570535,45.36176543482609,11.019949937295143
69,0.955040636077442,0.2964749288570535,45.36179271219905,11.019944426318709
70,0.955040636077442,0.2964749288570535,45.36182115926302,11.019921417361491
71,0.955040636077442,0.2964749288570535,45.36185085457849,11.019925021109929
72,0.955040636077442,0.2964749288570535,45.361889352425585,11.019898477983519
73,0.955040636077442,0.2964749288570535,45.36191943340963,11.019890281117538
74,0.955040636077442,0.2964749288570535,45.36194107948998,11.019884930136913
75,0.955040636077442,0.2964749288570535,45.361982069813386,11.019877406790753
76,0.955040636077442,0.2964749288570535,45.36200874231039,11.019869700570954
77,0.955040636077442,0.2964749288570535,45.36203059197957,11.019870495412736
78,0.955040636077442,0.2964749288570535,45.36206842319602,11.019843842113868
79,0.955040636077442,0.2964749288570535,45.36210012985194,11.019838935354878
80,0.955040636077442,0.2964749288570535,45.36213377463235,11.019828553972
81,0.955040636077442,0.2964749288570535,45.36216136345038,11.019828389409083
82,0.955040636077442,0.2964749288570535,45.362201558683765,11.019820051012239
83,0.955040636077442,0.2964749288570535,45.3622150856384,11.019809408435117
84,0.955040636077442,0.2964749288570535,45.36225589,11.01979384
85,0.1871863868101744,0.9823244151465196,45.362263230622844,11.019801159722753
86,0.1871863868101744,0.9823244151465196,45.36225766587366,11.019805344696941
87,0.1871863868101744,0.9823244151465196,45.362256951093116,11.019804633624927
88,0.1871863868101744,0.9823244151465196,45.36225593952223,11.019803731263009
89,0.1871863868101744,0.9823244151465196,45.36226314137349,11.019813406823351
90,0.1871863868101744,0.9823244151465196,45.36226085356187,11.019806564438957
91,0.1871863868101744,0.9823244151465196,45.36226026367995,11.01981370343
92,0.1871863868101744,0.9823244151465196,45.362261548596294,11.01981624572609
93,0.1871863868101744,0.9823244151465196,45.36225899384696,11.019816000749909
94,0.1871863868101744,0.9823244151465196,45.362264002605535,11.019827363572409
95,0.1871863868101744,0.9823244151465196,45.36226471728782,11.01983029653447
96,0.1871863868101744,0.9823244151465196,45.36226404051697,11.019829810675636
97,0.1871863868101744,0.9823244151465196,45.36226758604221,11.019828091218832
98,0.1871863868101744,0.9823244151465196,45.362263227652655,11.019829999504346
99,0.1871863868101744,0.9823244151465196,45.36226506276784,11.01983742908989
100,0.1871863868101744,0.9823244151465196,45.36226082657688,11.019823848931507
101,0.1871863868101744,0.9823244151465196,45.36225576717683,11.01984260844973
102,0.1871863868101744,0.9823244151465196,45.3622683567367,11.01983339248422
103,0.1871863868101744,0.9823244151465196,45.362267584112296,11.019851198637424
104,0.1871863868101744,0.9823244151465196,45.36226803019625,11.019850600478273
105,0.1871863868101744,0.9823244151465196,45.36225678444788,11.019850627837432
106,0.1871863868101744,0.9823244151465196,45.36226747,11.01985461
107,-0.954287848765298,0.29888911271389534,45.36223043888348,11.019866338387576
108,-0.954287848765298,0.29888911271389534,45.36219752647685,11.01986817897426
109,-0.954287848765298,0.29888911271389534,45.362161916593465,11.019891556970762
110,-0.954287848765298,0.29888911271389534,45.36212872411531,11.019891098733343
111,-0.954287848765298,0.29888911271389534,45.36210618995574,11.019901206982464
112,-0.954287848765298,0.29888911271389534,45.36206921033815,11.019922452158168
113,-0.954287848765298,0.29888911271389534,45.36203369807716,11.019924549676535
114,-0.954287848765298,0.29888911271389534,45.36199675679503,11.019924131955905
115,-0.954287848765298,0.29888911271389534,45.36196713624048,11.019943929744388
116,-0.954287848765298,0.29888911271389534,45.36194091688298,11.019956984221317
117,-0.954287848765298,0.29888911271389534,45.36190848444699,11.019975739541247
118,-0.954287848765298,0.29888911271389534,45.36187525470795,11.019982949260232
119,-0.954287848765298,0.29888911271389534,45.36184743629514,11.01998815651144
120,-0.954287848765298,0.29888911271389534,45.361808163038944,11.019994909049542
121,-0.954287848765298,0.29888911271389534,45.36177686334137,11.020001776422163
122,-0.954287848765298,0.29888911271389534,45.36174579282098,11.02002008406943
123,-0.954287848765298,0.29888911271389534,45.36171518501411,11.020035088686999
124,-0.954287848765298,0.29888911271389534,45.36166625603771,11.020036610757591
125,-0.954287848765298,0.29888911271389534,45.36165577770181,11.020061562205424
126,-0.954287848765298,0.29888911271389534,45.361613571628794,11.020052874437722
127,-0.954287848765298,0.29888911271389534,45.36157322736068,11.02007020342153
128,-0.954287848765298,0.29888911271389534,45.36155254910997,11.020069800216174
129,-0.954287848765298,0.29888911271389534,45.361519457678796,11.020082904035576
130,-0.954287848765298,0.29888911271389534,45.36148931267437,11.020095215844151
131,-0.954287848765298,0.29888911271389534,45.361452296224144,11.02011815891082
132,-0.954287848765298,0.29888911271389534,45.36141386289063,11.020123331811662
133,-0.954287848765298,0.29888911271389534,45.36138449339056,11.020129478420579
134,-0.954287848765298,0.29888911271389534,45.361348554212505,11.020140553457058
135,-0.954287848765298,0.29888911271389534,45.36131297563222,11.020160366806238
136,-0.954287848765298,0.29888911271389534,45.36128776415676,11.020154717580057
137,-0.954287848765298,0.29888911271389534,45.36125411455349,11.020164578954484
138,-0.954287848765298,0.29888911271389534,45.3612225937358,11.020187800286305
139,-0.954287848765298,0.29888911271389534,45.36118973410754,11.020190882360383
140,-0.954287848765298,0.29888911271389534,45.3611476730809,11.020207507268067
141,-0.954287848765298,0.29888911271389534,45.361118735427056,11.020216097698576
142,-0.954287848765298,0.29888911271389534,45.361083061588985,11.020222360667178
143,-0.954287848765298,0.29888911271389534,45.36105779658087,11.020236426186077
144,-0.954287848765298,0.29888911271389534,45.36102529471832,11.020241638150747
145,-0.954287848765298,0.29888911271389534,45.360981463300206,11.020252300132311
146,-0.954287848765298,0.29888911271389534,45.36095457586876,11.020258753927507
147,-0.954287848765298,0.29888911271389534,45.36091767093373,11.020273246552373
148,-0.954287848765298,0.29888911271389534,45.360896016787734,11.020291595154013
149,-0.954287848765298,0.29888911271389534,45.36085865660664,11.02030019920294
150,-0.954287848765298,0.29888911271389534,45.36082322913119,11.020301067854255
151,-0.954287848765298,0.29888911271389534,45.360793612983116,11.020311040432613
152,-0.954287848765298,0.29888911271389534,45.3607623135542,11.020325676078283
153,-0.954287848765298,0.29888911271389534,45.360725220845815,11.020348808031
154,-0.954287848765298,0.29888911271389534,45.36069992558037,11.020343760343344
155,-0.954287848765298,0.29888911271389534,45.36066130057899,11.020347592376789
156,-0.954287848765298,0.29888911271389534,45.360642316324316,11.020362499677379
157,-0.954287848765298,0.29888911271389534,45.360595116830126,11.020370856545714
158,-0.954287848765298,0.29888911271389534,45.36055875165895,11.020388898864516
159,-0.954287848765298,0.29888911271389534,45.360524594210226,11.020398950107067
160,-0.954287848765298,0.29888911271389534,45.3605042425392,11.02039786158822
161,-0.954287848765298,0.29888911271389534,45.36046866494836,11.020415749608214
162,-0.954287848765298,0.29888911271389534,45.36043400282159,11.020426825300095
163,-0.954287848765298,0.29888911271389534,45.36039414215623,11.020440859966117
164,-0.954287848765298,0.29888911271389534,45.360364587941774,11.020455072123909
165,-0.954287848765298,0.29888911271389534,45.36033378393179,11.02045616769737
166,-0.954287848765298,0.29888911271389534,45.36029813664428,11.020469179359209
167,-0.954287848765298,0.29888911271389534,45.36027077546047,11.02047940077731
168,-0.954287848765298,0.29888911271389534,45.360226345499626,11.020494045474129
169,-0.954287848765298,0.29888911271389534,45.360205616633586,11.020508641888943
170,-0.954287848765298,0.29888911271389534,45.36016611225834,11.020517410469047
171,-0.954287848765298,0.29888911271389534,45.36013821645454,11.020528312970018
172,-0.954287848765298,0.29888911271389534,45.36010328710363,11.020529220042473
173,-0.954287848765298,0.29888911271389534,45.36007446426966,11.020532777019113
174,-0.954287848765298,0.29888911271389534,45.36004646096576,11.020549722357028
175,-0.954287848765298,0.29888911271389534,45.360007126396695,11.020561417451995
176,-0.954287848765298,0.29888911271389534,45.35997574345435,11.02057122070057
177,-0.954287848765298,0.29888911271389534,45.35994440367286,11.020588960220413
178,-0.954287848765298,0.29888911271389534,45.3599137554922,11.02059415102611
179,-0.954287848765298,0.29888911271389534,45.359883032123854,11.020605325882023
180,-0.954287848765298,0.29888911271389534,45.35984775809564,11.020614136440768
181,-0.954287848765298,0.29888911271389534,45.35981586983819,11.020621443812693
182,-0.954287848765298,0.29888911271389534,45.35977846982903,11.020628866315846
183,-0.954287848765298,0.29888911271389534,45.359748380324795,11.020636904165146
184,-0.954287848765298,0.29888911271389534,45.359709902744385,11.020658537546646
185,-0.954287848765298,0.29888911271389534,45.35967972,11.02066511
186,0.18092866714612515,0.9834962213474573,45.359677146891556,11.020671238485633
187,0.18092866714612515,0.9834962213474573,45.35968022886353,11.020673545184675
188,0.18092866714612515,0.9834962213474573,45.359688127274154,11.020675082963333
189,0.18092866714612515,0.9834962213474573,45.359691305381666,11.020689869108507
190,0.18092866714612515,0.9834962213474573,45.35969354961523,11.02070052491545
191,0.18092866714612515,0.9834962213474573,45.35967774479253,11.02068689962612
192,0.18092866714612515,0.9834962213474573,45.35968969167819,11.020699535608772
193,0.18092866714612515,0.9834962213474573,45.359697689086765,11.020705697081423
194,0.18092866714612515,0.9834962213474573,45.35969090450464,11.02071483193102
195,0.18092866714612515,0.9834962213474573,45.35968994783083,11.020721689400661
196,0.18092866714612515,0.9834962213474573,45.35968840379972,11.020720265511956
197,0.18092866714612515,0.9834962213474573,45.35969321602462,11.020736387178284
198,0.18092866714612515,0.9834962213474573,45.35968979940488,11.020738408160351
199,0.18092866714612515,0.9834962213474573,45.35969351,11.02074007
200,0.9528471844721362,0.30345056111914304,45.35973027793991,11.020724300995683
201,0.9528471844721362,0.30345056111914304,45.359764476585234,11.020710944276368
202,0.9528471844721362,0.30345056111914304,45.35979382797096,11.020706241857013
203,0.9528471844721362,0.30345056111914304,45.35983545891223,11.020693498269399
204,0.9528471844721362,0.30345056111914304,45.35985832452894,11.020685603113956
205,0.9528471844721362,0.30345056111914304,45.359901027638294,11.020664474116733
206,0.9528471844721362,0.30345056111914304,45.359927947769414,11.020663000116961
207,0.9528471844721362,0.30345056111914304,45.359965824227594,11.020664812985324
208,0.9528471844721362,0.30345056111914304,45.36000096689116,11.020635913340904
209,0.9528471844721362,0.30345056111914304,45.36002636962042,11.020627244232978
210,0.9528471844721362,0.30345056111914304,45.360062094394436,11.020624105518237
211,0.9528471844721362,0.30345056111914304,45.360106460498656,11.020602278688825
212,0.9528471844721362,0.30345056111914304,45.36013962082087,11.02060165150879
213,0.9528471844721362,0.30345056111914304,45.36017127392882,11.020587889448084
214,0.9528471844721362,0.30345056111914304,45.3602051291198,11.020585718317134
215,0.9528471844721362,0.30345056111914304,45.360231456711574,11.020561419930308
216,0.9528471844721362,0.30345056111914304,45.36026445312911,11.020545066865614
217,0.9528471844721362,0.30345056111914304,45.36030047277411,11.02055207737451
218,0.9528471844721362,0.30345056111914304,45.360338495981395,11.020532400843814
219,0.9528471844721362,0.30345056111914304,45.36037183885552,11.020532137785038
220,0.9528471844721362,0.30345056111914304,45.36040913679148,11.020515421253231
221,0.9528471844721362,0.30345056111914304,45.360444173227734,11.020494995907752
222,0.9528471844721362,0.30345056111914304,45.36047934357475,11.020502272339344
223,0.9528471844721362,0.30345056111914304,45.36050570102093,11.02047693087689
224,0.9528471844721362,0.30345056111914304,45.36054429378248,11.020475541747757
225,0.9528471844721362,0.30345056111914304,45.36056936606316,11.02045356413468
226,0.9528471844721362,0.30345056111914304,45.36060466127403,11.020452049550121
227,0.9528471844721362,0.30345056111914304,45.36063491257855,11.02044111579619
228,0.9528471844721362,0.30345056111914304,45.360673116324314,11.02042948546376
229,0.9528471844721362,0.30345056111914304,45.360710258889476,11.020413119638832
230,0.9528471844721362,0.30345056111914304,45.36074015401511,11.020411369678612
231,0.9528471844721362,0.30345056111914304,45.36077429750253,11.020387866842011
232,0.9528471844721362,0.30345056111914304,45.36080801323823,11.020387803298174
233,0.9528471844721362,0.30345056111914304,45.3608517334234,11.020368799325883
234,0.9528471844721362,0.30345056111914304,45.36088485070086,11.020362757361202
235,0.9528471844721362,0.30345056111914304,45.36092045595746,11.020349477172326
236,0.9528471844721362,0.30345056111914304,45.36094188059567,11.0203428307628
237,0.9528471844721362,0.30345056111914304,45.36097676341068,11.020326384761026
238,0.9528471844721362,0.30345056111914304,45.36101069103679,11.020325577027247
239,0.9528471844721362,0.30345056111914304,45.361043083138995,11.02030610411557
240,0.9528471844721362,0.30345056111914304,45.36107891946105,11.020298599255971
241,0.9528471844721362,0.30345056111914304,45.361118954578274,11.020289472479407
242,0.9528471844721362,0.30345056111914304,45.36114579578995,11.02027193077239
243,0.9528471844721362,0.30345056111914304,45.36118953409331,11.020277395073217
244,0.9528471844721362,0.30345056111914304,45.36122031101456,11.020243098110543
245,0.9528471844721362,0.30345056111914304,45.36125618358773,11.020241629397477
246,0.9528471844721362,0.30345056111914304,45.36129072110614,11.02022490453856
247,0.9528471844721362,0.30345056111914304,45.36132086592773,11.020218034924612
248,0.9528471844721362,0.30345056111914304,45.36135525120731,11.0202070670435
249,0.9528471844721362,0.30345056111914304,45.36138940534433,11.020195814606389
250,0.9528471844721362,0.30345056111914304,45.36141762301533,11.020200321985943
251,0.9528471844721362,0.30345056111914304,45.3614571935514,11.020178615803973
252,0.9528471844721362,0.30345056111914304,45.36148602457599,11.020165723484533
253,0.9528471844721362,0.30345056111914304,45.36153322908712,11.020159150069862
254,0.9528471844721362,0.30345056111914304,45.361564618202834,11.020149977044674
255,0.9528471844721362,0.30345056111914304,45.36158636544724,11.02012874311781
256,0.9528471844721362,0.30345056111914304,45.36163030871612,11.020120633387137
257,0.9528471844721362,0.30345056111914304,45.36165545409878,11.020112479489446
258,0.9528471844721362,0.30345056111914304,45.36170942442708,11.020113555867539
259,0.9528471844721362,0.30345056111914304,45.36172961587947,11.020093035065665
260,0.9528471844721362,0.30345056111914304,45.36176398543889,11.020084520671894
261,0.9528471844721362,0.30345056111914304,45.36180293491551,11.020076380476825
262,0.9528471844721362,0.30345056111914304,45.36182510152208,11.020048929869652
263,0.9528471844721362,0.30345056111914304,45.361861518404496,11.020045447443607
264,0.9528471844721362,0.30345056111914304,45.361900258448635,11.020039659268289
265,0.9528471844721362,0.30345056111914304,45.361939614204886,11.020022881837495
266,0.9528471844721362,0.30345056111914304,45.36196425042017,11.020017746141853
267,0.9528471844721362,0.30345056111914304,45.36199849297923,11.020015105630257
268,0.9528471844721362,0.30345056111914304,45.362036486320136,11.019999819250126
269,0.9528471844721362,0.30345056111914304,45.36206772792935,11.01997848670756
270,0.9528471844721362,0.30345056111914304,45.36210361777823,11.019970183635728
271,0.9528471844721362,0.30345056111914304,45.362125786214555,11.019960593690906
272,0.9528471844721362,0.30345056111914304,45.362163641204916,11.019948810207191
273,0.9528471844721362,0.30345056111914304,45.36220061893911,11.019938441791123
274,0.9528471844721362,0.30345056111914304,45.36223866417459,11.019930071138106
275,0.9528471844721362,0.30345056111914304,45.36227073,11.01991931
276,0.2108778085845649,0.9775124295100148,45.36227795881927,11.01993136551925
277,0.2108778085845649,0.9775124295100148,45.362269244462496,11.019929838541072
278,0.2108778085845649,0.9775124295100148,45.36226817208667,11.019933729710527
279,0.2108778085845649,0.9775124295100148,45.36228054908736,11.019935680689583
280,0.2108778085845649,0.9775124295100148,45.36227970595835,11.01994844826342
281,0.2108778085845649,0.9775124295100148,45.36228148423368,11.019951092420449
282,0.2108778085845649,0.9775124295100148,45.36227797453157,11.019953534357194
283,0.2108778085845649,0.9775124295100148,45.36228056664596,11.019953789373107
284,0.2108778085845649,0.9775124295100148,45.36228015752973,11.019970899832844
285,0.2108778085845649,0.9775124295100148,45.36228160846744,11.01997651320326
286,0.2108778085845649,0.9775124295100148,45.36228582942961,11.019962519378344
287,0.2108778085845649,0.9775124295100148,45.36228841972806,11.019986040117512
288,0.2108778085845649,0.9775124295100148,45.3622992468234,11.019987626618896
289,0.2108778085845649,0.9775124295100148,45.36228557,11.0199881
290,-0.9544055299292257,0.29851312272748404,45.36225519662242,11.01999878629902
291,-0.9544055299292257,0.29851312272748404,45.3622250021338,11.020007604173284
292,-0.9544055299292257,0.29851312272748404,45.36219554296897,11.020007262695927
293,-0.9544055299292257,0.29851312272748404,45.36215880832055,11.020030189947763
294,-0.9544055299292257,0.29851312272748404,45.36213373015734,11.020041059003615
295,-0.9544055299292257,0.29851312272748404,45.36208590519309,11.02004591740925
296,-0.9544055299292257,0.29851312272748404,45.3620609857234,11.020062585589708
297,-0.9544055299292257,0.29851312272748404,45.3620317568185,11.020068406481519
298,-0.9544055299292257,0.29851312272748404,45.36199322067363,11.020085458210822
299,-0.9544055299292257,0.29851312272748404,45.36196794094756,11.020084253957053
300,-0.9544055299292257,0.29851312272748404,45.36193485450212,11.020094722792443
301,-0.9544055299292257,0.29851312272748404,45.361887579626185,11.020100263783224
302,-0.9544055299292257,0.29851312272748404,45.36186910502641,11.020116866231403
303,-0.9544055299292257,0.29851312272748404,45.36183222276767,11.020130526449591
304,-0.9544055299292257,0.29851312272748404,45.36180644456441,11.020142381797548
305,-0.9544055299292257,0.29851312272748404,45.36177952559657,11.020151196141445
306,-0.9544055299292257,0.29851312272748404,45.36174373301205,11.020160848407984
307,-0.9544055299292257,0.29851312272748404,45.361704991792806,11.020165052697966
308,-0.9544055299292257,0.29851312272748404,45.361671972509306,11.020181959753359
309,-0.9544055299292257,0.29851312272748404,45.361632933919054,11.020198918833204
310,-0.9544055299292257,0.29851312272748404,45.361613158175814,11.020198655837387
311,-0.9544055299292257,0.29851312272748404,45.36156469304992,11.020202380739333
312,-0.9544055299292257,0.29851312272748404,45.36154786500367,11.020225687065393
313,-0.9544055299292257,0.29851312272748404,45.36151184827428,11.02023221132443
314,-0.9544055299292257,0.29851312272748404,45.36147758022693,11.020245256216906
315,-0.9544055299292257,0.29851312272748404,45.36143778782504,11.020254749383675
316,-0.9544055299292257,0.29851312272748404,45.36141569785173,11.020267453088863
317,-0.9544055299292257,0.29851312272748404,45.36138230228191,11.02026539210516
318,-0.9544055299292257,0.29851312272748404,45.361341182425335,11.02027984233462
319,-0.9544055299292257,0.29851312272748404,45.36131964242175,11.020292780560142
320,-0.9544055299292257,0.29851312272748404,45.36128460264405,11.020306235626453
321,-0.9544055299292257,0.29851312272748404,45.36125181949043,11.020313564579533
322,-0.9544055299292257,0.29851312272748404,45.361211284884405,11.020320261619293
323,-0.9544055299292257,0.29851312272748404,45.36118071007488,11.020322877811735
324,-0.9544055299292257,0.29851312272748404,45.36115112076432,11.020342565411262
325,-0.9544055299292257,0.29851312272748404,45.36112516782917,11.020357558647305
326,-0.9544055299292257,0.29851312272748404,45.361093097128574,11.020348807162897
327,-0.9544055299292257,0.29851312272748404,45.361060305117526,11.020370505610272
328,-0.9544055299292257,0.29851312272748404,45.36101952602004,11.02038233656898
329,-0.9544055299292257,0.29851312272748404,45.36100319234094,11.020395606721658
330,-0.9544055299292257,0.29851312272748404,45.36096298424505,11.02039760174675
331,-0.9544055299292257,0.29851312272748404,45.36093063555168,11.02041126840456
332,-0.9544055299292257,0.29851312272748404,45.360896212130484,11.020412954992493
333,-0.9544055299292257,0.29851312272748404,45.36086616962371,11.020427988751448
334,-0.9544055299292257,0.29851312272748404,45.36083010285653,11.020447942106948
335,-0.9544055299292257,0.29851312272748404,45.36080100919618,11.02045778507954
336,-0.9544055299292257,0.29851312272748404,45.36077137743361,11.02046640780217
337,-0.9544055299292257,0.29851312272748404,45.360732920806385,11.020479071577618
338,-0.9544055299292257,0.29851312272748404,45.36069559095591,11.020485975908661
339,-0.9544055299292257,0.29851312272748404,45.36066553217678,11.020490695288414
340,-0.9544055299292257,0.29851312272748404,45.36064194151743,11.02050729730793
341,-0.9544055299292257,0.29851312272748404,45.3606038384168,11.0205130529067
342,-0.9544055299292257,0.29851312272748404,45.3605703016885,11.020517733718426
343,-0.9544055299292257,0.29851312272748404,45.36054269628148,11.020525614660768
344,-0.9544055299292257,0.29851312272748404,45.3605128301288,11.02053667708767
345,-0.9544055299292257,0.29851312272748404,45.36046951930665,11.020555411744995
346,-0.9544055299292257,0.29851312272748404,45.3604407328159,11.020561247933772
347,-0.9544055299292257,0.29851312272748404,45.360406704441836,11.020580089812244
348,-0.9544055299292257,0.29851312272748404,45.36037995184115,11.020590702556616
349,-0.9544055299292257,0.29851312272748404,45.360345099974786,11.020594165047589
350,-0.9544055299292257,0.29851312272748404,45.36031508083771,11.020610335907023
351,-0.9544055299292257,0.29851312272748404,45.360288207260595,11.020608144685404
352,-0.9544055299292257,0.29851312272748404,45.36024839294638,11.02062611577663
353,-0.9544055299292257,0.29851312272748404,45.36022257228686,11.020635198770385
354,-0.9544055299292257,0.29851312272748404,45.36018055630004,11.020650818374223
355,-0.9544055299292257,0.29851312272748404,45.360150523936845,11.020655818937001
356,-0.9544055299292257,0.29851312272748404,45.3601155389037,11.020668482403151
357,-0.9544055299292257,0.29851312272748404,45.360087831004314,11.020670041117562
358,-0.9544055299292257,0.29851312272748404,45.36005142064257,11.020690563136643
359,-0.9544055299292257,0.29851312272748404,45.36001716012392,11.020700331871968
360,-0.9544055299292257,0.29851312272748404,45.359992123513386,11.020705870410644
361,-0.9544055299292257,0.29851312272748404,45.35996019677406,11.020720659750816
362,-0.9544055299292257,0.29851312272748404,45.35993012243277,11.02072530423493
363,-0.9544055299292257,0.29851312272748404,45.35988194771585,11.020731189775484
364,-0.9544055299292257,0.29851312272748404,45.35985683683208,11.020747097788941
365,-0.9544055299292257,0.29851312272748404,45.35983390146983,11.020754871447398
366,-0.9544055299292257,0.29851312272748404,45.35979907866235,11.020760629332669
367,-0.9544055299292257,0.29851312272748404,45.359757553466515,11.020778036690409
368,-0.9544055299292257,0.29851312272748404,45.35974030781383,11.020786294850884
369,-0.9544055299292257,0.29851312272748404,45.35970006,11.02079678
370,0.18563850809759755,0.9826181070544641,45.35969758957647,11.020800311724976
371,0.18563850809759755,0.9826181070544641,45.35970882047427,11.02079554522037
372,0.18563850809759755,0.9826181070544641,45.359705425259875,11.020815291478824
373,0.18563850809759755,0.9826181070544641,45.35970847647531,11.02082923412552
374,0.18563850809759755,0.9826181070544641,45.359700482371245,11.02082013004298
375,0.18563850809759755,0.9826181070544641,45.359708683627176,11.020832620374577
376,0.18563850809759755,0.9826181070544641,45.359710242390726,11.020835706977632
377,0.18563850809759755,0.9826181070544641,45.35971041971311,11.020842473587493
378,0.18563850809759755,0.9826181070544641,45.35970242326925,11.020851411448302
379,0.18563850809759755,0.9826181070544641,45.359710681220506,11.02085240054071
380,0.18563850809759755,0.9826181070544641,45.35971209878854,11.02086334367691
381,0.18563850809759755,0.9826181070544641,45.359722929791786,11.020868086192419
382,0.18563850809759755,0.9826181070544641,45.35971856088581,11.020867091854589
383,0.18563850809759755,0.9826181070544641,45.359711126152966,11.020881179856685
384,0.18563850809759755,0.9826181070544641,45.35971575,11.02087983
385,0.9539872079080639,0.29984730638739515,45.35975174898414,11.020878864918629
386,0.9539872079080639,0.29984730638739515,45.35977277650996,11.020865835923075
387,0.9539872079080639,0.29984730638739515,45.359796691393974,11.020853328932864
388,0.9539872079080639,0.29984730638739515,45.35983566083022,11.020846842403426
389,0.9539872079080639,0.29984730638739515,45.35985878420827,11.020831335189477
390,0.9539872079080639,0.29984730638739515,45.35989054219917,11.020817596018448
391,0.9539872079080639,0.29984730638739515,45.35992054170867,11.020806082078668
392,0.9539872079080639,0.29984730638739515,45.3599435946417,11.020796844522264
393,0.9539872079080639,0.29984730638739515,45.359981359515366,11.020792077513443
394,0.9539872079080639,0.29984730638739515,45.36000272641455,11.020789399066485
395,0.9539872079080639,0.29984730638739515,45.360036325775376,11.020785969487797
396,0.9539872079080639,0.29984730638739515,45.360065929166666,11.020782128718961
397,0.9539872079080639,0.29984730638739515,45.36009401896508,11.020766041333204
398,0.9539872079080639,0.29984730638739515,45.36012463719385,11.020754212010178
399,0.9539872079080639,0.29984730638739515,45.360151842279706,11.020746639126502
400,0.9539872079080639,0.29984730638739515,45.36018101662706,11.020736393511898
401,0.9539872079080639,0.29984730638739515,45.36020665102697,11.020723243943728
402,0.9539872079080639,0.29984730638739515,45.36024246867088,11.020715191839138
403,0.9539872079080639,0.29984730638739515,45.36026983676013,11.020704116093714
404,0.9539872079080639,0.29984730638739515,45.36029289965283,11.020690702830743
405,0.9539872079080639,0.29984730638739515,45.36032464690175,11.020681646703833
406,0.9539872079080639,0.29984730638739515,45.36035904997814,11.020673223914475
407,0.9539872079080639,0.29984730638739515,45.360386188286235,11.020668233646596
408,0.9539872079080639,0.29984730638739515,45.36041038683474,11.020660278839621
409,0.9539872079080639,0.29984730638739515,45.360444835117086,11.020651546800487
410,0.9539872079080639,0.29984730638739515,45.36046524660467,11.02065378524571
411,0.9539872079080639,0.29984730638739515,45.36049659505193,11.020631771846503
412,0.9539872079080639,0.29984730638739515,45.36053476523155,11.020627858464245
413,0.9539872079080639,0.29984730638739515,45.3605607492871,11.020614593639737
414,0.9539872079080639,0.29984730638739515,45.3605865150609,11.020601244651507
415,0.9539872079080639,0.29984730638739515,45.36062614147795,11.0206029535464
416,0.9539872079080639,0.29984730638739515,45.36065552806355,11.02058990370568
417,0.9539872079080639,0.29984730638739515,45.36067496596262,11.020581831369674
418,0.9539872079080639,0.29984730638739515,45.360702725131524,11.020566118639284
419,0.9539872079080639,0.29984730638739515,45.36073251694012,11.020555117304518
420,0.9539872079080639,0.29984730638739515,45.36076003555453,11.020541026144803
421,0.9539872079080639,0.29984730638739515,45.3607930835749,11.020537774997239
422,0.9539872079080639,0.29984730638739515,45.36081707833046,11.020538462797745
423,0.9539872079080639,0.29984730638739515,45.3608490878988,11.020518703677457
424,0.9539872079080639,0.29984730638739515,45.36087759732332,11.02051324037992
425,0.9539872079080639,0.29984730638739515,45.3609081677768,11.020508817535292
426,0.9539872079080639,0.29984730638739515,45.36093287094693,11.020497378546764
427,0.9539872079080639,0.29984730638739515,45.36097172269589,11.020484423662099
428,0.9539872079080639,0.29984730638739515,45.360992576567156,11.020472657921621
429,0.9539872079080639,0.29984730638739515,45.361019917297156,11.020475871110655
430,0.9539872079080639,0.29984730638739515,45.361057755344405,11.020459188536593
431,0.9539872079080639,0.29984730638739515,45.361082616824255,11.020441877923396
432,0.9539872079080639,0.29984730638739515,45.36111441921772,11.020443320541174
433,0.9539872079080639,0.29984730638739515,45.36114082903167,11.020429188158507
434,0.9539872079080639,0.29984730638739515,45.36116532281138,11.02041458116684
435,0.9539872079080639,0.29984730638739515,45.36120209433153,11.020412873193228
436,0.9539872079080639,0.29984730638739515,45.36123000608088,11.020401882282647
437,0.9539872079080639,0.29984730638739515,45.36126516328325,11.020396862312458
438,0.9539872079080639,0.29984730638739515,45.36128913057168,11.02039166893589
439,0.9539872079080639,0.29984730638739515,45.361317212225586,11.02037150757309
440,0.9539872079080639,0.29984730638739515,45.36134675191486,11.020368808384418
441,0.9539872079080639,0.29984730638739515,45.36137710245608,11.020357417728608
442,0.9539872079080639,0.29984730638739515,45.36139190714574,11.020354444436094
443,0.9539872079080639,0.29984730638739515,45.36143735001074,11.020345206983729
444,0.9539872079080639,0.29984730638739515,45.3614551847071,11.020330100409407
445,0.9539872079080639,0.29984730638739515,45.36148562399881,11.020323436160844
446,0.9539872079080639,0.29984730638739515,45.3615106239237,11.020319592874342
447,0.9539872079080639,0.29984730638739515,45.36154761951619,11.020309853694728
448,0.9539872079080639,0.29984730638739515,45.36157656418421,11.020285257119228
449,0.9539872079080639,0.29984730638739515,45.36160734855254,11.020279960371765
450,0.9539872079080639,0.29984730638739515,45.36163727140952,11.020268309874746
451,0.9539872079080639,0.29984730638739515,45.36165839397021,11.020268521797034
452,0.9539872079080639,0.29984730638739515,45.361690632939826,11.020249239243128
453,0.9539872079080639,0.29984730638739515,45.361727269104954,11.020255558838025
454,0.9539872079080639,0.29984730638739515,45.361748740364895,11.020242262481187
455,0.9539872079080639,0.29984730638739515,45.361782943735456,11.0202287938574
456,0.9539872079080639,0.29984730638739515,45.36181527484268,11.020223113240753
457,0.9539872079080639,0.29984730638739515,45.36183688879604,11.020223516117257
458,0.9539872079080639,0.29984730638739515,45.361871327631796,11.020209858891034
459,0.9539872079080639,0.29984730638739515,45.361899186403605,11.020193153379006
460,0.9539872079080639,0.29984730638739515,45.361918109425474,11.020178680526783
461,0.9539872079080639,0.29984730638739515,45.36195342461654,11.020175220189538
462,0.9539872079080639,0.29984730638739515,45.36198865619264,11.020176648181804
463,0.9539872079080639,0.29984730638739515,45.36201366409196,11.020162691493244
464,0.9539872079080639,0.29984730638739515,45.36203936309401,11.020139942505589
465,0.9539872079080639,0.29984730638739515,45.36208073179881,11.02014017799284
466,0.9539872079080639,0.29984730638739515,45.36209450244119,11.02012426626567
467,0.9539872079080639,0.29984730638739515,45.36212825598855,11.020128529641063
468,0.9539872079080639,0.29984730638739515,45.362153234984646,11.020113943934637
469,0.9539872079080639,0.29984730638739515,45.36218984280284,11.020101398699515
470,0.9539872079080639,0.29984730638739515,45.36221363075671,11.020094533587407
471,0.9539872079080639,0.29984730638739515,45.362241538784296,11.02008909908949
472,0.9539872079080639,0.29984730638739515,45.36226369317895,11.02006760533295
473,0.9539872079080639,0.29984730638739515,45.36230304,11.02006662
474,0.05017981546841942,0.9987401995111418,45.36230986215193,11.020070991091524
475,0.05017981546841942,0.9987401995111418,45.36230145184562,11.02007421454613
476,0.05017981546841942,0.9987401995111418,45.36231253431549,11.020076277838887
477,0.05017981546841942,0.9987401995111418,45.36230382303762,11.020080832026585
478,0.05017981546841942,0.9987401995111418,45.362310222406855,11.020078077367854
479,0.05017981546841942,0.9987401995111418,45.36229981551472,11.020088547338242
480,0.05017981546841942,0.9987401995111418,45.36229799946285,11.020082930285918
481,0.05017981546841942,0.9987401995111418,45.3622987971244,11.020088043767403
482,0.05017981546841942,0.9987401995111418,45.362305993681986,11.020098156149912
483,0.05017981546841942,0.9987401995111418,45.36230052442623,11.020102659380058
484,0.05017981546841942,0.9987401995111418,45.3623109611582,11.020103914425158
485,0.05017981546841942,0.9987401995111418,45.362305717237305,11.020108524587531
486,0.05017981546841942,0.9987401995111418,45.36230540580042,11.020112418218309
487,0.05017981546841942,0.9987401995111418,45.36229620821071,11.020110938366775
488,0.05017981546841942,0.9987401995111418,45.36230405656117,11.020116971127129
489,0.05017981546841942,0.9987401995111418,45.36230583,11.02012215
490,-0.9547295369557065,0.2974752279843521,45.36227728640861,11.020133262738677
491,-0.9547295369557065,0.2974752279843521,45.36223642949827,11.020137307160958
492,-0.9547295369557065,0.2974752279843521,45.362205424460264,11.020152533634844
493,-0.9547295369557065,0.2974752279843521,45.36217787247223,11.020155435647268
494,-0.9547295369557065,0.2974752279843521,45.362134917426545,11.020166358779957
495,-0.9547295369557065,0.2974752279843521,45.3621065956072,11.020184498029494
496,-0.9547295369557065,0.2974752279843521,45.362078284922895,11.020196790298568
497,-0.9547295369557065,0.2974752279843521,45.362045931669144,11.020191512945892
498,-0.9547295369557065,0.2974752279843521,45.36201967503915,11.020209103564037
499,-0.9547295369557065,0.2974752279843521,45.36199055627962,11.020220153352627
500,-0.9547295369557065,0.2974752279843521,45.36195484680156,11.020235749851606
501,-0.9547295369557065,0.2974752279843521,45.36191625320482,11.020247552450012
502,-0.9547295369557065,0.2974752279843521,45.36189750715381,11.020254795580865
503,-0.9547295369557065,0.2974752279843521,45.3618684103236,11.020255702257028
504,-0.9547295369557065,0.2974752279843521,45.36182573044416,11.02026943127542
505,-0.9547295369557065,0.2974752279843521,45.36179769074566,11.020290584235772
506,-0.9547295369557065,0.2974752279843521,45.36176338130138,11.020282042047329
507,-0.9547295369557065,0.2974752279843521,45.361729212615735,11.020306172276905
508,-0.9547295369557065,0.2974752279843521,45.36169993089769,11.020311962256411
509,-0.9547295369557065,0.2974752279843521,45.36166397395155,11.020325092735751
510,-0.9547295369557065,0.2974752279843521,45.361627207578216,11.020327055655947
511,-0.9547295369557065,0.2974752279843521,45.36159504436807,11.02033413173314
512,-0.9547295369557065,0.2974752279843521,45.36157393979743,11.020343900174863
513,-0.9547295369557065,0.2974752279843521,45.36153314506697,11.020365029071247
514,-0.9547295369557065,0.2974752279843521,45.36150516712531,11.020369623269897
515,-0.9547295369557065,0.2974752279843521,45.36146755449739,11.02038499385262
516,-0.9547295369557065,0.2974752279843521,45.361446710688455,11.020386230014784
517,-0.9547295369557065,0.2974752279843521,45.36141065419292,11.02040154692818
518,-0.9547295369557065,0.2974752279843521,45.3613810436657,11.020407329664836
519,-0.9547295369557065,0.2974752279843521,45.361344872482626,11.020422090779627
520,-0.9547295369557065,0.2974752279843521,45.3613167542919,11.020431635223648
521,-0.9547295369557065,0.2974752279843521,45.36128823423962,11.02044181832425
522,-0.9547295369557065,0.2974752279843521,45.36124645998164,11.02045110218742
523,-0.9547295369557065,0.2974752279843521,45.36121669577017,11.020457416277504
524,-0.9547295369557065,0.2974752279843521,45.36118901032632,11.020470160220786
525,-0.9547295369557065,0.2974752279843521,45.36115316452123,11.020475283928587
526,-0.9547295369557065,0.2974752279843521,45.361124528725455,11.020488859913279
527,-0.9547295369557065,0.2974752279843521,45.361089350536,11.02049747883355
528,-0.9547295369557065,0.2974752279843521,45.36105802520204,11.020512999858484
529,-0.9547295369557065,0.2974752279843521,45.361030129297454,11.020522471922954
530,-0.9547295369557065,0.2974752279843521,45.36099004597772,11.020542893815605
531,-0.9547295369557065,0.2974752279843521,45.36095992259917,11.020548352834252
532,-0.9547295369557065,0.2974752279843521,45.36092984745629,11.020551154624291
533,-0.9547295369557065,0.2974752279843521,45.36089090811478,11.02056115902299
534,-0.9547295369557065,0.2974752279843521,45.360861929868705,11.020570306501948
535,-0.9547295369557065,0.2974752279843521,45.360836577578034,11.020585064061855
536,-0.9547295369557065,0.2974752279843521,45.36080311760275,11.020587685342992
537,-0.9547295369557065,0.2974752279843521,45.360758056872946,11.02059579414394
538,-0.9547295369557065,0.2974752279843521,45.360734689651565,11.020606330210864
539,-0.9547295369557065,0.2974752279843521,45.36071048801296,11.020620035810682
540,-0.9547295369557065,0.2974752279843521,45.360664459693176,11.020629716015367
541,-0.9547295369557065,0.2974752279843521,45.36063053470621,11.020633466456362
542,-0.9547295369557065,0.2974752279843521,45.36060690093825,11.020654167324858
543,-0.9547295369557065,0.2974752279843521,45.36057672191652,11.020662828551913
544,-0.9547295369557065,0.2974752279843521,45.3605468268633,11.020675341006479
545,-0.9547295369557065,0.2974752279843521,45.36051476451548,11.020679151089427
546,-0.9547295369557065,0.2974752279843521,45.36047559601172,11.020699045741175
547,-0.9547295369557065,0.2974752279843521,45.36044853199686,11.020695765083884
548,-0.9547295369557065,0.2974752279843521,45.36042059536417,11.020699497927609
549,-0.9547295369557065,0.2974752279843521,45.3603863179172,11.02071541384387
550,-0.9547295369557065,0.2974752279843521,45.360349732607375,11.020726904242187
551,-0.9547295369557065,0.2974752279843521,45.360314682170426,11.02074662118051
552,-0.9547295369557065,0.2974752279843521,45.36029219581694,11.020743514235852
553,-0.9547295369557065,0.2974752279843521,45.360264710004614,11.020763688290955
554,-0.9547295369557065,0.2974752279843521,45.36022177990607,11.020766896696088
555,-0.9547295369557065,0.2974752279843521,45.36019682824034,11.020787143010805
556,-0.9547295369557065,0.2974752279843521,45.3601607881662,11.02079770887517
557,-0.9547295369557065,0.2974752279843521,45.36012947340741,11.020802871990158
558,-0.9547295369557065,0.2974752279843521,45.36010702023122,11.020809117238242
559,-0.9547295369557065,0.2974752279843521,45.36005845215009,11.020811440181484
560,-0.9547295369557065,0.2974752279843521,45.360030119078225,11.020830446532424
561,-0.9547295369557065,0.2974752279843521,45.35999988156102,11.020841035027262
562,-0.9547295369557065,0.2974752279843521,45.359968817898825,11.020849499432346
563,-0.9547295369557065,0.2974752279843521,45.359941974077806,11.020859472015747
564,-0.9547295369557065,0.2974752279843521,45.35989679910892,11.020861596502286
565,-0.9547295369557065,0.2974752279843521,45.35986599404109,11.020883043773688
566,-0.9547295369557065,0.2974752279843521,45.35984563713257,11.020896197140544
567,-0.9547295369557065,0.2974752279843521,45.359801798507604,11.02089883638122
568,-0.9547295369557065,0.2974752279843521,45.35977655587778,11.02089957993159
569,-0.9547295369557065,0.2974752279843521,45.35974057402104,11.020929054221517
570,-0.9547295369557065,0.2974752279843521,45.35971167,11.02093044
571,0.158371280329442,0.9873796319384015,45.359714523090155,11.020941334868215
572,0.158371280329442,0.9873796319384015,45.35971240110621,11.020944987823512
573,0.158371280329442,0.9873796319384015,45.35971050751697,11.020948788014017
574,0.158371280329442,0.9873796319384015,45.3597178221518,11.020951480362482
575,0.158371280329442,0.9873796319384015,45.35970922084522,11.02096305149893
576,0.158371280329442,0.9873796319384015,45.359725576266065,11.02095712002825
577,0.158371280329442,0.9873796319384015,45.35971612480905,11.020966807761834
578,0.158371280329442,0.9873796319384015,45.35972223182812,11.020974255543145
579,0.158371280329442,0.9873796319384015,45.35971772820351,11.020986725529163
580,0.158371280329442,0.9873796319384015,45.35971940069464,11.02097739071649
581,0.158371280329442,0.9873796319384015,45.35972295149845,11.020996950739297
582,0.158371280329442,0.9873796319384015,45.359710100628604,11.020997082303493
583,0.158371280329442,0.9873796319384015,45.35971519744381,11.021003875599028
