,Sin,Cosin,Lat,Lon
0,0.9525482030858387,-0.3043877803032505,45.35967628455826,11.020603841468526
1,0.9605870959751698,-0.27797919175001207,45.35970342341264,11.02059162616215
2,0.954241658903651,-0.29903654695171994,45.3597429763664,11.020580795641607
3,0.9528589426856019,-0.3034136373732678,45.359777631598185,11.020575091943963
4,0.9640928095539579,-0.2655655372339488,45.35980141636835,11.020558560265847
5,0.9600659925249388,-0.27977364064025767,45.35984032779289,11.020558370136369
6,0.9545569842411881,-0.2980284614535469,45.35986897088412,11.02054569158369
7,0.9484532735057,-0.3169170048708683,45.35990619148515,11.020530765518336
8,0.961298936379193,-0.27550744983798964,45.35994080028541,11.02052653314683
9,0.94587157909669,-0.32454114663187816,45.35997149511887,11.020512431775272
10,0.9603641689138249,-0.27874838666162416,45.360003754836804,11.020504490359158
11,0.9545088480348501,-0.2981825934275564,45.360026901753976,11.02048629845822
12,0.9547361053629938,-0.29745414624157174,45.36005803939548,11.020480856456153
13,0.9571612491925928,-0.2895554230956056,45.36010217589241,11.020471217068454
14,0.9509974719727616,-0.30919865507698535,45.360122967723775,11.020460762559722
15,0.9559461065349514,-0.29354223103442456,45.360163026961686,11.020450547982383
16,0.9614216797003079,-0.27507881380113325,45.36018661730568,11.020434741128408
17,0.959826523916232,-0.28059409114748457,45.36022994677281,11.020422690940034
18,0.9576484396576932,-0.2879400389337778,45.360265967579316,11.020418590554584
19,0.9548178280937527,-0.29719171447792575,45.36028837901727,11.020395093028075
20,0.9692095589374427,-0.2462373466074711,45.36031307161801,11.020387759328342
21,0.9472729007940697,-0.32042791922862884,45.36034888531717,11.020372868895619
22,0.9490235004831838,-0.3152053228145812,45.36038426187659,11.020360115857818
23,0.9672195179047268,-0.253941733837012,45.360419280561004,11.020352747290385
24,0.962548144098725,-0.271110808143276,45.3604420876053,11.020329649686152
25,0.9613455793624843,-0.2753446513738907,45.36047804991747,11.020322661236
26,0.9594127314857872,-0.2820056926074025,45.360505750939645,11.020311145125243
27,0.9601572469015741,-0.27946030348224693,45.36053464360578,11.0202927838534
28,0.9693213970389764,-0.24579672341674375,45.3605713991068,11.020281590672772
29,0.9684536029178065,-0.24919393852082306,45.36059312387611,11.020275325751083
30,0.9703624605525702,-0.24165408159259721,45.36063096864233,11.02026367867214
31,0.9680287876921932,-0.2508391241397215,45.360654059276584,11.020240095031493
32,0.9710064475634507,-0.23905329696577649,45.36069815515376,11.020226715487931
33,0.9747049948540426,-0.2234953534339825,45.36072634273774,11.020213941010558
34,0.9706292556552502,-0.2405802320768168,45.36075938889896,11.020202330057375
35,0.9654914049437934,-0.2604349188946444,45.3607802388069,11.020189881544589
36,0.9628702239683955,-0.26996468619997654,45.360810219426504,11.020172526669983
37,0.9628468429038527,-0.2700480644442458,45.36085241643767,11.020161081403117
38,0.9649973762718705,-0.2622595351715662,45.36087659769898,11.020140516867436
39,0.9648887488106976,-0.2626589088885554,45.36091146786299,11.020143195955926
40,0.973207920354722,-0.22992682261719052,45.360946192263796,11.02013075797753
41,0.969564644316787,-0.24483545595126183,45.36097232986141,11.020118594003074
42,0.9673706813191952,-0.25336527963404154,45.36100917272361,11.020101790806123
43,0.9723061774685707,-0.23371071275501323,45.36103922238362,11.020085934145602
44,0.9726419700143863,-0.23230927266584436,45.36106519343809,11.020082154650853
45,0.9634169375244361,-0.26800709783704746,45.36110068625313,11.020062643185637
46,0.9701548214931939,-0.24248633432321337,45.36113771123875,11.020055448185893
47,0.9618498196612402,-0.27357800426503553,45.3611670118754,11.02004898920699
48,0.977054085246431,-0.21299134842349804,45.36120083385697,11.020040289941548
49,0.9590924892676118,-0.2830929123635135,45.36122994857534,11.02003603989598
50,0.9682669496645955,-0.249918214996866,45.36125341383157,11.02003553036251
51,0.9614533105346006,-0.27496823755127936,45.36129965729855,11.020021959923374
52,0.9683336741808932,-0.24965955909464319,45.36133814120775,11.020009196655574
53,0.9691601785816422,-0.24643162997391296,45.361356997619595,11.020007108627253
54,0.956292563012554,-0.29241158309287324,45.361396222423046,11.020002069144812
55,0.9453949408431489,-0.32592699462943997,45.361424110137754,11.019996493132421
56,0.9542390225754424,-0.29904495948646975,45.36147318070457,11.019974269822905
57,0.951367752344371,-0.30805746184635674,45.36149369795375,11.019979783126763
58,0.9603900382047431,-0.2786592444493668,45.361529108792716,11.019965873995975
59,0.9625448552587936,-0.27112248452466636,45.36157169536608,11.019965864930287
60,0.9640195706843602,-0.26583127607101054,45.36160324909876,11.019963174365724
61,0.9566653699404367,-0.2911895773490654,45.36163330485091,11.019958669873589
62,0.9575369237816584,-0.2883106650728661,45.36167276714651,11.019944890230576
63,0.9548684403505094,-0.2970290585491352,45.36169789029355,11.019935457100274
64,0.961803414795043,-0.2737411026656288,45.36173050032603,11.019938268136245
65,0.9538269174574902,-0.3003568070371342,45.36176933033064,11.019917906918186
66,0.9617112624341874,-0.27406467796350836,45.36179817566855,11.019923455851046
67,0.955644788876901,-0.2945217097132628,45.36182571071975,11.0199113676016
68,0.9565038388987942,-0.2917197390850841,45.36187496111779,11.019905007369506
69,0.9490831333717954,-0.31502572267860113,45.361893989664104,11.019893934430739
70,0.9581124307222764,-0.2863923359579497,45.36192739497484,11.01987973828903
71,0.9550241278317978,-0.29652810197199514,45.36195855544915,11.019879057785815
72,0.950822287867288,-0.30973694790066,45.361982322050174,11.019862643589628
73,0.9528197738465836,-0.303536618164836,45.3620283984478,11.01986007850262
74,0.9577907133085163,-0.2874664319533041,45.362062459905054,11.019853417967385
75,0.9605835192808495,-0.2779915511054568,45.36209713283928,11.019840035874697
76,0.9547839493998712,-0.2973005381232669,45.36212233720921,11.019831989249964
77,0.9571329943116331,-0.28964880666083775,45.362165740240265,11.019816749267772
78,0.9561735448922278,-0.29280053286876156,45.362197279906646,11.019816895912054
79,0.9551509212491589,-0.2961194313733617,45.362225470329065,11.019804879356226
80,0.13346949105780787,0.9910529223794105,45.36225717852331,11.019794739566786
81,0.13107315765461444,0.9913726985056874,45.36225033161454,11.019797974319701
82,0.1319900939725715,0.9912510353553795,45.36225331660853,11.019814229032182
83,0.12744464914662243,0.9918456842694302,45.36225996800019,11.019816138783098
84,0.12007159139453545,0.9927652355617534,45.36225951054734,11.019814182371906
85,0.11346034905967534,0.993542525104616,45.3622554809515,11.019827537266687
86,0.14192622482489076,0.9898772382002501,45.36225734975242,11.019830629048714
87,0.12549158985369036,0.9920946834229045,45.36226525281395,11.019836181302129
88,0.11249696032738213,0.9936520688435663,45.36226769863819,11.019845277724412
89,0.11028120321352625,0.993900425705602,45.362255861100564,11.019854876303903
90,-0.9496275171195471,0.31338088443516204,45.36226132535608,11.019860310701876
91,-0.9546563993651822,0.29770985732942346,45.3622298947038,11.019865222282581
92,-0.9476924805375774,0.3191848403864657,45.36219924194817,11.019884602564753
93,-0.9455325774032364,0.3255274874249373,45.36216936556362,11.019889842797925
94,-0.949409837568775,0.3140397432294713,45.36212651660734,11.019903511636656
95,-0.9556958254676985,0.2943560585135192,45.36208746482439,11.019912700369652
96,-0.9582432614999098,0.2859542826922085,45.36206855635788,11.019918671778367
97,-0.9575591946951879,0.2882366885993234,45.36203362568912,11.019936346359842
98,-0.9642306418930342,0.2650646510467726,45.362004773966724,11.019940377273752
99,-0.9532463635330958,0.3021942593943985,45.36197513794135,11.019954886820114
100,-0.9546236603938235,0.297814820007833,45.361936661974624,11.019957907840418
101,-0.9504977246035804,0.31073151678485444,45.361896508750796,11.01996885195288
102,-0.9649233178260139,0.2625318851409049,45.36187815207834,11.019974217801353
103,-0.9577567557875186,0.2875795485485145,45.36184809198702,11.019996452226215
104,-0.942194489464583,0.3350664770199697,45.36181123879007,11.020008304299807
105,-0.9555170409757757,0.29493589880666915,45.36177187696426,11.020015899485124
106,-0.9608913929278065,0.27692549719601467,45.36174739486583,11.020035894254727
107,-0.9578627536283947,0.2872262961698131,45.361713566019944,11.020037424641808
108,-0.959635625814756,0.28124627227240107,45.36167314712644,11.020054279074486
109,-0.9630325671750942,0.2693849931977424,45.36164622451566,11.020069314967898
110,-0.9696050655770868,0.24467532938008532,45.361617406847756,11.020082949171234
111,-0.9629138773231152,0.2698089413984731,45.36158971044481,11.020094158078631
112,-0.9575832457366766,0.2881567758780134,45.361550221292724,11.020104827211995
113,-0.9642111643280384,0.2651354947666728,45.36152145010005,11.020114135651138
114,-0.9635268739695413,0.26761159006755236,45.3614912083028,11.020130882387217
115,-0.9578953773404949,0.28711747781998714,45.36146559271407,11.02014724874125
116,-0.9743448642173071,0.2250601821143785,45.36143593104742,11.020162783660158
117,-0.9756743782158389,0.21922478804445455,45.36140833350312,11.020171885736568
118,-0.9718761431263624,0.23549259525901517,45.36137433815245,11.020186566923918
119,-0.9758526986334575,0.21842964672818227,45.361341204685985,11.020203707585035
120,-0.9721576420932775,0.23432780227629613,45.361318974946094,11.020211411662968
121,-0.9670919111549371,0.2544272693299429,45.3612842437277,11.020232226220662
122,-0.977064277487755,0.21294458823208265,45.36125409055617,11.020249269688648
123,-0.9648040644125471,0.2629698030060289,45.36121740105819,11.02027114847232
124,-0.97000887269151,0.24306951042807867,45.36119276687198,11.020272319560286
125,-0.9695223160025017,0.24500301788579099,45.36115952907575,11.020283230020183
126,-0.9708412138430454,0.23972346047844798,45.361117855682345,11.020299536221026
127,-0.9668399813561468,0.25538294863057276,45.36108527516177,11.020321753796425
128,-0.9626842266519214,0.27062719699910426,45.36106425552884,11.020342095286873
129,-0.969730402055765,0.2441781057522651,45.361032143748886,11.020349301274782
130,-0.9805519157629901,0.19625987998959446,45.36100530533078,11.020358166278973
131,-0.9772341951271014,0.21216344613124627,45.36097118381091,11.020376186228289
132,-0.974771414393067,0.22320548757174308,45.360948067218445,11.020386379942206
133,-0.9667105504622578,0.25587245186803215,45.36090582623735,11.0203939049575
134,-0.9716456487786957,0.2364418178102752,45.36087153195325,11.020401847479615
135,-0.9770974711362459,0.21279222706469572,45.36083809585649,11.020411917303003
136,-0.9699211305303062,0.24341939230639129,45.36080659453105,11.020418627925627
137,-0.9689416596509183,0.24728942596262413,45.36078165329696,11.02043582004215
138,-0.972513153373786,0.2328479471994009,45.36074180557266,11.020436904194328
139,-0.9618472441417988,0.2735870591545349,45.36070828512089,11.020450741732832
140,-0.9604312428400782,0.27851719475943104,45.36068138161324,11.02045212869925
141,-0.9686077456471939,0.2485941171312406,45.36063818127594,11.020459859259084
142,-0.9673813985094502,0.25332435693770233,45.3606006895248,11.020466478883206
143,-0.9688428975949874,0.2476760783356937,45.360575516049586,11.020481555085064
144,-0.9732138145363324,0.22990187297114667,45.360541971368676,11.020474487333026
145,-0.9653335703239031,0.26101934412166866,45.36050826525516,11.020497907554777
146,-0.9580466566260579,0.28661228816579437,45.36046406959379,11.02049277019634
147,-0.9510593090632548,0.30900839898637766,45.360439255225074,11.020502890859973
148,-0.9576539408503519,0.2879217420998118,45.360404722204485,11.020501927442664
149,-0.9618331203248277,0.27363670924458505,45.36036197297601,11.020509850536648
150,-0.9615221685906897,0.2747273544965214,45.360339966974976,11.02051372794963
151,-0.9566108585757759,0.2913686071884152,45.36030276692244,11.02051349964012
152,-0.9575884425680035,0.288139505552754,45.36026976820262,11.020527818245844
153,-0.9520188167449668,0.3060394951040034,45.360226094816,11.020523264530842
154,-0.9535455570920317,0.3012488515331583,45.360203921889784,11.020535126555952
155,-0.9567489140580671,0.2909149625727584,45.36016476008686,11.0205502582059
156,-0.9522890694367631,0.30519752330460337,45.36012612966313,11.02054864960451
157,-0.9572349845642169,0.2893115696378965,45.3600925737619,11.02054735955102
158,-0.9432843511785759,0.33198589250390304,45.36006296629679,11.020566401078023
159,-0.9603806912956564,0.27869145624951824,45.36002646755848,11.020565446631622
160,-0.9587261438665442,0.2843311116757827,45.35999419629317,11.020577591508479
161,-0.9615258290162458,0.27471454299803844,45.359967769920644,11.020576977355562
162,-0.9545720886400465,0.2979800791821146,45.359935008526826,11.020587834704335
163,-0.952137317557585,0.3056706209537425,45.35990890509908,11.020596751553303
164,-0.9557515929819446,0.2941749352213329,45.35987760675775,11.020608964158098
165,-0.9654422399722512,0.26061711624020806,45.35984203667243,11.020616853565123
166,-0.9480532979561624,0.3181115279810587,45.35979500426297,11.020629671641286
167,-0.9539392028628595,0.29999999540228706,45.35977283505486,11.020639599276222
168,-0.9608905098070472,0.276928561478864,45.359737387399505,11.020644915895316
169,-0.9583693542394365,0.2855314008207951,45.35970025671278,11.020657584287143
170,0.1341163557322769,0.9909655912921969,45.359671799432654,11.020663082474226
171,0.14597391424324,0.9892884394151724,45.35967782935633,11.020673184418765
172,0.12403401055971329,0.9922779672170863,45.35967573855301,11.0206807841289
173,0.15217670125159158,0.9883533030228532,45.35968057161197,11.020687462199017
174,0.10999568476772952,0.9939320647471226,45.35967798533383,11.020691325647489
175,0.13932352018400387,0.9902469170482368,45.35969081417553,11.02069721719376
176,0.12655220178082738,0.9919599489013782,45.35967654087719,11.020712214971901
177,0.14032667431329174,0.9901052592912388,45.35969380637165,11.02071817025132
178,0.15480294640010184,0.9879453668021563,45.359684093881306,11.020727034215538
179,0.13066721397219375,0.9914262853045328,45.35968715679715,11.02072604112451
180,0.9659099758733662,-0.2588781924154932,45.3596920197976,11.020737270217174
181,0.9510483200640191,-0.3090422186423841,45.359720547236996,11.020734070514163
182,0.9652448193927562,-0.2613473524553969,45.35975885599048,11.020718955870516
183,0.9540967857408962,-0.2994984531494119,45.359786087294495,11.020706588063153
184,0.9563666487946109,-0.29216918570130807,45.35982425814398,11.020693360346021
185,0.9521869888769998,-0.3055158559115257,45.359856352490326,11.020676118426952
186,0.9609807368865072,-0.27661529844364297,45.359888803509094,11.020673364363942
187,0.9535111033057103,-0.3013578866940883,45.35991664153354,11.020667589624734
188,0.9540998957536071,-0.2994885455621903,45.35995469351281,11.020661428703152
189,0.9506450760703872,-0.31028042049592464,45.35998926983775,11.020644361856647
190,0.9571647444103317,-0.28954386896963363,45.360017408291924,11.020633706181982
191,0.9541590210156056,-0.29930012130726097,45.36004969483392,11.020626180586122
192,0.9648398732231097,-0.262838389583435,45.36007952025358,11.020600612315167
193,0.9586353089974228,-0.28463721531699904,45.36011286168773,11.020607497692632
194,0.9594336863026511,-0.28193439234635076,45.36013755182297,11.020591879119502
195,0.9508167310797352,-0.30975400546053716,45.3601762365387,11.020570722286491
196,0.9536884930599611,-0.300796040873248,45.36021457247228,11.020560272560589
197,0.9505924261832716,-0.3104416841904472,45.36023449616849,11.0205628757904
198,0.9558638280220495,-0.29381004455095444,45.36027111135666,11.02054007527678
199,0.9530328859200248,-0.3028668327086164,45.36030540049261,11.020528456343856
200,0.9531679116278892,-0.302441617908198,45.360337901522946,11.020529726896719
201,0.9613619523481861,-0.2752874798774618,45.36037338081509,11.020510637223879
202,0.9594579798430865,-0.2818517073133023,45.36039990142455,11.020497955521972
203,0.954529628180469,-0.2981160661984782,45.36042742882394,11.020480777226284
204,0.9557665701320759,-0.2941262712135177,45.360452309281875,11.020475568537178
205,0.9634844372967187,-0.26776433497952107,45.360486731601284,11.020454403998997
206,0.9671179114859367,-0.2543284201246096,45.360525151632785,11.020441897957463
207,0.9698392740607975,-0.24374532300995103,45.36054936394396,11.020426554465311
208,0.9606918768947543,-0.2776168540784839,45.36058199766472,11.020411203842855
209,0.97607748017094,-0.21742298108329847,45.36060792549064,11.020391853399165
210,0.9739162976871035,-0.22690756950671587,45.36064726613189,11.020390677075422
211,0.9701592430867347,-0.24246864344358818,45.360664825573814,11.02036974617829
212,0.9643789436758768,-0.2645245791880218,45.36071188477803,11.020356503946305
213,0.9619184943068856,-0.273336441606995,45.360739110106955,11.0203463786561
214,0.970103592531947,-0.2426912024705677,45.36076553478381,11.02032903321399
215,0.9677094308608313,-0.25206835863115795,45.36080392086244,11.02031580747163
216,0.971728395430589,-0.23610151527233536,45.36083184161775,11.020304633664898
217,0.9672039842426398,-0.25400089146529287,45.360846591428576,11.020286965289213
218,0.9638115298332215,-0.2665845737482669,45.36088824837732,11.02026988703135
219,0.9769017183421331,-0.21368910290463458,45.36092333023909,11.020272309881136
220,0.9824030610122956,-0.18677319324162098,45.360954334281615,11.02024534450605
221,0.9683589342944627,-0.2495615642924453,45.360985583415335,11.020233952073816
222,0.9733865673076851,-0.2291693491393675,45.36102040037066,11.020218960859784
223,0.9766958290247509,-0.21462818446246612,45.361062504663664,11.02021432605702
224,0.9660913390206227,-0.2582005512568478,45.36108082957662,11.02020739583327
225,0.972044596782881,-0.23479629866164023,45.361121692931,11.020201245481632
226,0.9712801708561478,-0.23793870996887467,45.3611503712448,11.020189227723682
227,0.9764463581213054,-0.21576030615393388,45.36117031204138,11.020179017175755
228,0.9695615663794367,-0.2448476444645797,45.36121284147034,11.020163168475568
229,0.9658137917733642,-0.25923680221055945,45.36124968365383,11.020158579213069
230,0.9683521560694187,-0.24958786395918417,45.36128205273183,11.02016118557207
231,0.9703719297453451,-0.24161605485210402,45.36131359880253,11.020136755007057
232,0.9643686064015801,-0.2645622629686147,45.36134097857048,11.020139819604708
233,0.9576357026343705,-0.28798239710089135,45.36138077856603,11.02013079968224
234,0.9596881572155948,-0.28106696871054754,45.36142226280377,11.020122927811752
235,0.9669525334590326,-0.2549564630229216,45.36144184905239,11.020118435450788
236,0.9522911182344631,-0.30519113049326274,45.36147824737603,11.020111381522806
237,0.9592258561176721,-0.28264068524421426,45.36151602387706,11.020115472585937
238,0.9546084640647152,-0.29786352636065605,45.3615448817415,11.020093775283712
239,0.9641605691141943,-0.265319424402724,45.36158920763036,11.02009369670976
240,0.9593174545375593,-0.2823296325566586,45.361613170633696,11.02008237080059
241,0.9637556526476754,-0.26678651013432686,45.36165339821211,11.020082161698141
242,0.9553289129129863,-0.2955446973851704,45.36168960942193,11.020071224756617
243,0.95651235463521,-0.2916918158437194,45.36171930088741,11.020061832559756
244,0.950766997851664,-0.3099066243179289,45.36174946320423,11.020055834765092
245,0.958580672215736,-0.2848211629328617,45.36179740302097,11.02005391994084
246,0.9527991273326956,-0.3036014211990021,45.36182133368767,11.020036335195067
247,0.9451471791811955,-0.32664477599653907,45.36184997956112,11.020046374201915
248,0.9519262860800424,-0.3063271876113142,45.36188899020152,11.020025438047789
249,0.9503540958742629,-0.3111705199002828,45.36190886126085,11.02002604979016
250,0.959022563475099,-0.28332970678283936,45.36194721564755,11.020019178865034
251,0.9525499516247669,-0.3043823083880768,45.36197795592028,11.020008142660917
252,0.9474266933204645,-0.31997290632778674,45.362007888096606,11.019999923860572
253,0.9514611625097129,-0.3077688357122366,45.362038531953154,11.019989615502634
254,0.962651530668992,-0.2707434773002793,45.362079627393655,11.019980446963594
255,0.9511395032737607,-0.30876146992807185,45.36211007936482,11.019968250369562
256,0.95498099911733,-0.29666697039755907,45.36215341980931,11.019964367507006
257,0.9490690676417718,-0.31506809556916093,45.36217435063798,11.019940539424928
258,0.9600415462600638,-0.2798575163446316,45.362199792138085,11.01993909655729
259,0.9497936728744865,-0.3128769390153148,45.362233685518696,11.019928360855282
260,0.12153875698600454,0.9925866866678683,45.362274690296225,11.019922103062145
261,0.12007675348338877,0.9927646112109806,45.362279042160075,11.019936339380275
262,0.1347495158258703,0.9908796940015945,45.36228286819424,11.019930733076546
263,0.16069827406772275,0.9870035788747957,45.36227714512028,11.019947455438174
264,0.13462460377018443,0.9908966727463165,45.36227481256523,11.019956317922246
265,0.13633318438664097,0.9906630420253892,45.362271723111604,11.019954774938672
266,0.11917551624785729,0.9928732025425284,45.36227311679234,11.019960928882377
267,0.1239260882249382,0.9922914514684004,45.362280312163186,11.01996836447025
268,0.13559047637194438,0.9907649684547941,45.362272601887774,11.019979763752886
269,0.15214964030357622,0.9883574692162206,45.36228548038752,11.019980932120982
270,-0.9583332277414348,0.28565262926618257,45.36228353783532,11.019991437010011
271,-0.966247702215913,0.25761478599348353,45.36225301927111,11.019999931830881
272,-0.9520963940654478,0.30579806475445787,45.36223218053073,11.020020477513512
273,-0.9585525399453734,0.2849158264545396,45.362185562936595,11.020038706022406
274,-0.9482653858917478,0.31747875191825764,45.36215939414109,11.020028708366526
275,-0.9612286594491443,0.275752541699258,45.362127133202236,11.020041216682511
276,-0.9548639921571295,0.29704335791555636,45.362083784976406,11.020049190043911
277,-0.9635687619931246,0.26746072779202024,45.362058195982776,11.020058812579657
278,-0.9531442356611034,0.3025162244012889,45.3620294619495,11.020067760833713
279,-0.9603866729018956,0.2786708425946772,45.36199477367266,11.020093141407937
280,-0.9577512625104768,0.2875978427589258,45.361960452407985,11.02009301034897
281,-0.9577026688978382,0.2877596184073743,45.36193433278344,11.020098805496481
282,-0.9582249719941572,0.2860155643436151,45.361893825982,11.020117184589482
283,-0.9479282043410495,0.31848409601541094,45.3618726346241,11.02012750713294
284,-0.9599175370386829,0.28028257542271334,45.361825420536654,11.020134649111162
285,-0.9627969594200967,0.27022585910940616,45.36181039305046,11.02015404779307
286,-0.9452863018571064,0.32624194629341524,45.36176896789207,11.020166740997912
287,-0.9539507984778004,0.29996312120586927,45.36174437432078,11.020169354817167
288,-0.959021895141645,0.28333196896737145,45.36170304472163,11.02018654836035
289,-0.9587311930287927,0.28431408602738606,45.36167618431259,11.020202015964086
290,-0.9612632547775791,0.2756319194404289,45.361635665162176,11.02020627060997
291,-0.9613293352274714,0.275401360256459,45.3616065890131,11.020224130606573
292,-0.9630868039123819,0.26919102535157674,45.36157859407914,11.020236309846707
293,-0.9623609708373251,0.2717744686482546,45.3615490026375,11.020249227973492
294,-0.9592519291278991,0.2825521836128754,45.361524647313814,11.020266754163261
295,-0.968001655663053,0.2509438077211473,45.36150048059616,11.020275648008788
296,-0.9771212337073447,0.21268308498382443,45.361448528731955,11.020296244428717
297,-0.9753083486106306,0.22084751556312435,45.36143520857337,11.020309461646553
298,-0.9739856763378363,0.22660958119357522,45.361406399188645,11.02032807940764
299,-0.9647114562792494,0.2633093354280664,45.361367480633234,11.02034577556416
300,-0.9750991336691485,0.2217694287264953,45.36134256350565,11.020354585493584
301,-0.9792438248200833,0.20268579514049323,45.36130839983521,11.020376621434188
302,-0.9757158577827779,0.21904009877467162,45.36128141920736,11.020387584254127
303,-0.973869558291862,0.22710808755395223,45.36125604535717,11.02041178985694
304,-0.974559834724357,0.22412748279056263,45.36122603460405,11.020422447838774
305,-0.9852221761861689,0.17128124109484233,45.361193763215596,11.020438032011082
306,-0.977281565095954,0.21194514036326173,45.361160027888054,11.020451026506555
307,-0.9801141709188871,0.19843440216853186,45.36112986946112,11.020465874767691
308,-0.9779481070908771,0.20884803048477724,45.36109462790125,11.020483394882527
309,-0.9767311548284509,0.2144673662529586,45.36105972036203,11.020501998018121
310,-0.9773835620678872,0.211474283541731,45.36103645596666,11.02049834737794
311,-0.9826929844980539,0.1852417291495293,45.36100492272387,11.020519712791684
312,-0.9729608782880073,0.23096997493403656,45.360972098531924,11.02053268637156
313,-0.9751529910328087,0.221532489896554,45.360938068521875,11.020543674847533
314,-0.9727876544504435,0.23169846643602238,45.36090172260229,11.020561718330907
315,-0.9757750885068759,0.21877608792872816,45.36086688863435,11.020565746383141
316,-0.9733859389417675,0.22917201807911386,45.360844062352115,11.020562565087033
317,-0.9709050773847291,0.23946467528333534,45.36080742633489,11.020576729191058
318,-0.9748334624208648,0.22293434133068957,45.36078967005691,11.020586473608441
319,-0.9717011083778355,0.2362137929446247,45.360739882869076,11.020595125200433
320,-0.967840736829427,0.2515637257902498,45.360703411638994,11.020604037215872
321,-0.960348646856601,0.2788018588185799,45.36066356548013,11.020602612452247
322,-0.972442208442689,0.23314405683848313,45.36065132238531,11.020611910428691
323,-0.9662664077424094,0.257544616073759,45.3606009255448,11.020622096470051
324,-0.9673594189277297,0.2534082765258571,45.36056710416967,11.020621942457066
325,-0.9674172672356722,0.253187343787686,45.360536149470654,11.02062144104716
326,-0.9655869739638308,0.260080363948093,45.36050735769662,11.020624342448563
327,-0.969977028026713,0.24319655651440678,45.36046289041932,11.020637635248216
328,-0.9656199556147171,0.25995788374010054,45.36042984672603,11.02063578625073
329,-0.9636702955996946,0.26709466744732524,45.36040039324095,11.020648919987021
330,-0.9601167239936821,0.27959949268129874,45.360379945561704,11.020649004110698
331,-0.9683660356362018,0.24953400775490753,45.360331149356156,11.020645616547199
332,-0.9565871559684661,0.2914464153771006,45.360299656348374,11.020657368666416
333,-0.9573769609113617,0.2888414006269272,45.36027228298972,11.020658526340416
334,-0.9677614842089814,0.25186843724776103,45.36023142610969,11.020658803983313
335,-0.9579454272545128,0.28695044589993035,45.36018982130123,11.020670905911993
336,-0.9487560445519665,0.3160094427799696,45.36016040469372,11.020677933364404
337,-0.96066834735679,0.2776982650049763,45.360129771290275,11.02067558693177
338,-0.9438783274226876,0.33029335903367746,45.36009268274861,11.020681685426599
339,-0.9530894137894894,0.3026888985780739,45.360060989271226,11.020703458481561
340,-0.9589633421801034,0.2835300836856045,45.36002964074366,11.020706372604621
341,-0.9499155336128334,0.3125067663284205,45.359997033360905,11.020709585798537
342,-0.9543727065729787,0.2986180452493907,45.35996784824464,11.020722274869941
343,-0.9579432269812393,0.28695779111355346,45.359938080978566,11.020732110446843
344,-0.9630607198656198,0.26928432901287486,45.35989751922829,11.020732763470535
345,-0.9520113758480911,0.306062641065231,45.35985377423009,11.020739657206283
346,-0.9565069281800512,0.2917096096181308,45.35982383179684,11.02075280814269
347,-0.9634838272374976,0.26776653011865387,45.35979649611505,11.020768955807462
348,-0.9508216647705546,0.3097388606599939,45.3597680098005,11.020774044095514
349,-0.9528369538223361,0.3034826839056411,45.35974383691608,11.02077378704473
350,0.12396079285615078,0.9922871166323155,45.35970029172879,11.020786695987494
351,0.1294565471183384,0.9915850958985807,45.359697851917105,11.020798732238713
352,0.14052685229506412,0.9900768676138441,45.35969234560904,11.02080181472399
353,0.12307917627254929,0.9923968542715513,45.359694163433154,11.020818767456198
354,0.1338668621031649,0.9909993255450037,45.359709310663106,11.020824147751433
355,0.13690465726919102,0.9905842290375945,45.359708525844546,11.020835332378324
356,0.13028439618819895,0.9914766644303216,45.35971374342826,11.020840709104519
357,0.11536681754921427,0.9933229572543697,45.35971493108795,11.020849525617463
358,0.11769055970591678,0.9930503170313718,45.3597142403462,11.02086546062463
359,0.13210084426768534,0.9912362820961331,45.35971553120312,11.020884442790166
360,0.9591481470133785,-0.28290428077496904,45.359713597940925,11.020880162460552
361,0.94787017711169,-0.31865675474129457,45.35974026185243,11.020875941681966
362,0.952738477556024,-0.30379169406721684,45.3597792398579,11.020853838740491
363,0.9540927822716065,-0.29951120649689367,45.35980369208891,11.020847550369792
364,0.9643339179686872,-0.2646886749658198,45.35984653675566,11.020835961735994
365,0.9503976227571502,-0.31103755184472126,45.359875335127704,11.020830911198857
366,0.9603414123861831,-0.27882677715045767,45.359914915920136,11.020816523554192
367,0.9505023256652954,-0.31071744222824843,45.359942600987644,11.02080785390228
368,0.9582919562438865,-0.2857910540906854,45.359973105175,11.020788301065927
369,0.9548178409708664,-0.2971916731063192,45.35999982824863,11.020784372332912
370,0.9564614583749744,-0.291858662100711,45.360033224352634,11.020771301060687
371,0.9592682811363422,-0.2824966633532643,45.36006726777913,11.020764602260762
372,0.9553511644201476,-0.29547276125062394,45.36010192863987,11.020749014058712
373,0.9566166867368819,-0.2913494716943046,45.360131829654385,11.020752263277624
374,0.9551696784828516,-0.2960589220188542,45.360163757119416,11.020732115707938
375,0.9552987515505099,-0.295642174403513,45.360202329246796,11.020728621775794
376,0.9601185882640095,-0.2795930908837435,45.36022546695739,11.020702939934736
377,0.959103409005268,-0.2830559146784847,45.360257958205274,11.020691210093457
378,0.9594221884925002,-0.28197351689167804,45.36029601232957,11.020687706967541
379,0.9653315395513982,-0.261026854456256,45.36031756483889,11.02066898152271
380,0.9655730892178964,-0.26013190765111494,45.36035335861251,11.020653422975231
381,0.9593370976986733,-0.2822628792085247,45.36038618508236,11.020649787385851
382,0.9559781932191491,-0.29343771756447934,45.36042212981462,11.020630747353584
383,0.9570911331190098,-0.2897870992728451,45.36044562114419,11.020609784365378
384,0.9683075972500875,-0.249760679667081,45.36048271548686,11.020598428650757
385,0.9662352382239647,-0.2576615307225317,45.360503389250454,11.02058139026442
386,0.9641968521667305,-0.2651875379269698,45.36053578850197,11.020563866978419
387,0.9718627268563351,-0.2355479572133213,45.3605770626209,11.020552112225293
388,0.9734227915972884,-0.22901543353875073,45.36060084743153,11.020536849402424
389,0.9737482923071039,-0.22762746589328545,45.36062379161714,11.020522164013283
390,0.975186484313112,-0.22138500584509505,45.36066555089046,11.020510492699673
391,0.970776500197374,-0.23998538843966682,45.3606940236232,11.02049050191443
392,0.9755907208586302,-0.21959677906230388,45.360726034214636,11.020464919721654
393,0.9778306645945236,-0.20939720957699573,45.36074271172672,11.020451308289116
394,0.9749006251980911,-0.2226404522731016,45.36077289772871,11.020435105339896
395,0.9765518674420491,-0.21528225703816467,45.360803227510054,11.020423331909374
396,0.9736701686293765,-0.2279614062100019,45.360830732044334,11.020419482655617
397,0.9772995579971017,-0.21186215787315527,45.360873618374455,11.020380635273735
398,0.9832280970306362,-0.18238012284652605,45.3609016052098,11.020377556799202
399,0.9794122859554126,-0.2018701912606045,45.36092816255118,11.020358493013175
400,0.9720162992093583,-0.23491341824455936,45.36096708532553,11.020342049845274
401,0.9756186011454157,-0.2194728800992558,45.360992677788886,11.020335804779796
402,0.9731515438695012,-0.2301653159457487,45.36102772312723,11.020323291250092
403,0.9773695011620888,-0.2115392592361281,45.361060592261424,11.02031347999284
404,0.9701951559288244,-0.24232490464713718,45.36108772761443,11.02029482279312
405,0.9771135079041826,-0.2127185762249806,45.361121692730435,11.02029059119228
406,0.9742485901502334,-0.22547657215392175,45.36116748594492,11.020274315965708
407,0.9715658027275984,-0.23676970027914748,45.36118586087273,11.020279729858393
408,0.9816224274536507,-0.19083346121684802,45.36122758583459,11.020264276714963
409,0.9738511070398396,-0.22718719443947294,45.36126286504931,11.02025680383741
410,0.9726523630009228,-0.23226575457591914,45.36128974312554,11.020260071197939
411,0.9650441586343621,-0.262087336370333,45.36131842002073,11.020244103985409
412,0.96672180726129,-0.25582991882394307,45.36136179648891,11.020241856444821
413,0.9815791140568785,-0.19105612486207704,45.36140384366146,11.020234675098314
414,0.9664330858000637,-0.2569184514023207,45.36142647131361,11.020229915694268
415,0.9656553624675754,-0.2598263284149926,45.36146138368999,11.020235019639443
416,0.9640803953573577,-0.2656106008569705,45.36150074137612,11.020223971614074
417,0.9684674346494647,-0.24914017745736008,45.361540427119394,11.020215656918856
418,0.9671219482696994,-0.25431306921788527,45.36156371146858,11.02021380186792
419,0.9562292808892694,-0.29261845869662906,45.36160071293649,11.020210893855737
420,0.9648880509610162,-0.2626614724558049,45.36164484969645,11.020205426291156
421,0.9587171570680374,-0.28436141219121164,45.36167185161125,11.020201184972787
422,0.9532397975414305,-0.3022149704815638,45.36170282136871,11.020196992369042
423,0.9649041327345542,-0.26260238885390536,45.361734303039796,11.020186776458303
424,0.9591642440852548,-0.2828497001383629,45.361777282890806,11.020181166837062
425,0.9554903669136878,-0.2950223020979028,45.36180562461626,11.02017456545207
426,0.9619703536356647,-0.2731538737160322,45.361846076958464,11.020172247231637
427,0.9576991037830987,-0.2877714833214879,45.36186956951496,11.02016313235262
428,0.9606957119567089,-0.2776035825200968,45.36190367450483,11.02016076049389
429,0.9618079649043108,-0.27372511511848546,45.36193547752822,11.020154564360542
430,0.9472193042917858,-0.32058632156875505,45.36197111952214,11.020141358969008
431,0.9507061815976383,-0.31009314128506354,45.36201373883633,11.020135451884157
432,0.9459892249362112,-0.3241980664726216,45.362042818018196,11.020128290958937
433,0.9618585821821485,-0.27354719498204894,45.36207125372807,11.020129006031645
434,0.9546854909512543,-0.2976165542559124,45.36209944952586,11.02010779373909
435,0.9554345497415218,-0.29520301685486816,45.36214027986759,11.020109662638395
436,0.9600246047624597,-0.27991562702122086,45.3621710605663,11.020088160121068
437,0.9463880882355684,-0.32303186599130745,45.3622158801433,11.02008242162687
438,0.958239695635839,-0.28596623176125996,45.362236929191766,11.020082335527931
439,0.950892102955517,-0.3095225493188413,45.362282035738325,11.020072950890537
440,0.09953116590064177,0.9950344451396941,45.362304980735715,11.020062388385911
441,0.13225464712722199,0.9912157728331678,45.36230841576349,11.020070694664144
442,0.11667510749592822,0.9931701361251322,45.36229781415157,11.020068850664874
443,0.1536239703900647,0.9881293820758457,45.36230681825903,11.020081452433478
444,0.10450926383495428,0.9945239131225935,45.362312689004135,11.020084215765252
445,0.12173000613706728,0.9925632501789846,45.36231153630507,11.020096638451257
446,0.14707908204178957,0.9891247361307595,45.36231212879501,11.020097390341395
447,0.14438237068403406,0.9895219709716698,45.362307962701564,11.020093623865556
448,0.12815100873964,0.9917546667190493,45.362310599053735,11.020104454167939
449,0.14440947572818522,0.9895180156621256,45.36231265070087,11.020117065800394
450,-0.9509849884294824,0.3092370478803878,45.36230862287565,11.020120858590829
451,-0.9563735523148738,0.29214658723426734,45.362279961325264,11.020128327004496
452,-0.9552759848761103,0.2957157295765267,45.36223980390565,11.020143531665267
453,-0.9581859491492676,0.2861462682841018,45.36220544987982,11.020156934377278
454,-0.9571367174875394,0.2896365032884811,45.362170599755785,11.020160782088341
455,-0.9550506342912526,0.29644271949210693,45.36214374597305,11.020162704632186
456,-0.9562141395864686,0.29266793342440084,45.3621197875889,11.020184441519895
457,-0.9619277905490884,0.27330372439714234,45.36208879903492,11.020203755348287
458,-0.9434424075871932,0.3315364588790808,45.36204975306049,11.020214277709423
459,-0.9501884141152712,0.31167607813418385,45.36202562821289,11.020216410210878
460,-0.9471448990008688,0.32080607895835433,45.36198550121737,11.020222152247841
461,-0.962274115805187,0.27208183704787364,45.36195008823932,11.02023051339917
462,-0.9658398493009578,0.25913970267464453,45.36191414335642,11.020248743442254
463,-0.9559439778605499,0.2935491631603615,45.36188177694724,11.020256953831545
464,-0.9491888647901738,0.314707004940057,45.361851571789245,11.020276753485144
465,-0.963306375316255,0.26840422365353805,45.36182322992545,11.020280770045487
466,-0.9671721705143334,0.25412200334208224,45.361797263439705,11.020299347275964
467,-0.9565922260786687,0.29142977371205103,45.36176615480452,11.020307489747777
468,-0.9710299707087284,0.2389577284487906,45.36173023820127,11.020333641896114
469,-0.9671273753544988,0.2542924297731224,45.36169475896117,11.020331451440605
470,-0.9675735835303139,0.25258931183703487,45.36166498545968,11.02035459492786
471,-0.954875372136647,0.29700677380642326,45.36163123527854,11.020372247587513
472,-0.9738664051941167,0.2271216080303424,45.36161668218151,11.02037378733561
473,-0.9716403993959651,0.23646338883989904,45.361573062488304,11.020398003620775
474,-0.9708678777496031,0.23961545015708313,45.36154719171876,11.020417054109277
475,-0.9739938514267981,0.22657444115078917,45.36151172943205,11.020436033807524
476,-0.9774519814867365,0.2111578174912131,45.36148050883675,11.020439154015834
477,-0.9750173770684382,0.2221285988219055,45.36145151393062,11.020471370279978
478,-0.9758430414995944,0.2184727863071754,45.36142436906468,11.020486183498358
479,-0.9793967904160165,0.20194535627937948,45.36139950664085,11.020494405755434
480,-0.9748372376938506,0.22291783240786997,45.36136657143528,11.020519366991076
481,-0.9840947882254535,0.17764416057810556,45.36133833493754,11.020530578067378
482,-0.9791551794784404,0.203113599989127,45.361318258027644,11.020546285293984
483,-0.9839953093138544,0.1781943636828392,45.36127868624475,11.020563426523587
484,-0.981098652705118,0.19350822633728604,45.36124803296707,11.020590269837175
485,-0.9811366995282355,0.1933152266088758,45.36122533616349,11.020607124554072
486,-0.9904402191964528,0.13794264097110331,45.361196420031106,11.020633047562152
487,-0.9824966443671762,0.18628028292666512,45.361161049367695,11.020637760454242
488,-0.9823457623528203,0.1870743253026886,45.361126299649975,11.020665809873545
489,-0.9801593537454055,0.19821110278031603,45.36110542317087,11.02067968785155
490,-0.9868881344730596,0.16140573111350281,45.36106751165137,11.020694447237533
491,-0.9843716048013722,0.17610378661678786,45.361042198827086,11.020706004904628
492,-0.9840350654235666,0.1779746892589987,45.36100602750204,11.020716844398684
493,-0.9825296808087799,0.18610595457909754,45.360976669975734,11.020727180655365
494,-0.985692938534376,0.1685509742584328,45.36094603222641,11.020731031453431
495,-0.9794815407870717,0.20153389605072367,45.36090488917038,11.020746911884038
496,-0.9812605672936304,0.1926854926417208,45.36087938961508,11.020753213263202
497,-0.9829471624919802,0.1838882153618458,45.360840725216335,11.020767742125134
498,-0.9796552689108281,0.20068770289993632,45.360807322304,11.020774696015156
499,-0.9752740573276131,0.22099889842199605,45.360779598492364,11.020770711199386
500,-0.9778722585822468,0.209202882138979,45.36074390140974,11.020783359204197
501,-0.9701416225624117,0.24253913534102345,45.36071284625763,11.02079652792601
502,-0.9735887979283672,0.22830867821525536,45.3606681945745,11.020788026497122
503,-0.977403842913424,0.21138052856890777,45.36064173776332,11.020794873997627
504,-0.9730659804499988,0.23052678302289006,45.36060491926745,11.020797938997132
505,-0.9711529305268225,0.23845751304826754,45.36057023844533,11.020812420064031
506,-0.9688141048560611,0.2477886805968927,45.36052079619819,11.020795587033351
507,-0.9662235723055648,0.2577052741429112,45.36048498721045,11.020799398455585
508,-0.9647747974517339,0.26307715636665563,45.360449877401024,11.02080191501351
509,-0.9631026362605303,0.2691343754112742,45.360422480069396,11.020805853538123
510,-0.9646555956858115,0.263513911799837,45.3603906724948,11.020810269261018
511,-0.9585817535221427,0.2848175237137175,45.360352461672456,11.020810535289877
512,-0.9610478598106419,0.2763820022240683,45.36032023918382,11.020814032338889
513,-0.9613676632740151,0.275267535338005,45.3602888634034,11.020818826935853
514,-0.9602785379834301,0.2790432394601344,45.360256744218425,11.02081514677199
515,-0.966507750786358,0.25663742453098154,45.360210987478446,11.020824253041726
516,-0.9612080048966265,0.27582452995092144,45.360177133911705,11.020823331123497
517,-0.9629694686517576,0.26961046427123664,45.360139941707594,11.02083048020087
518,-0.9555493585411665,0.29483117778071766,45.36011264174721,11.020841593909402
519,-0.9569298386570385,0.29031927922171175,45.36007782487984,11.020847250342145
520,-0.9515578737185646,0.30746969438337224,45.36004402817757,11.020846098709429
521,-0.9584190443403237,0.28536456585529446,45.3600043315031,11.02086835623294
522,-0.9658870686831351,0.2589636471605629,45.35997923441607,11.020861978881314
523,-0.9518338707758522,0.30661422413818024,45.35994424488277,11.020871464632219
524,-0.9585180320042036,0.28503189702696163,45.359910242934994,11.02088321316937
525,-0.9630187411475922,0.26943441539362906,45.35988152583893,11.020888778279971
526,-0.9545180779856943,0.2981530459319441,45.35984312824396,11.020901641088708
527,-0.9498153172552396,0.3128112259931357,45.35981534238534,11.02090832919261
528,-0.9549882574769816,0.29664360448369403,45.359782412548604,11.02092675484258
529,-0.9573981713935036,0.28877108825569014,45.35973992723971,11.020920542778814
530,0.12738146865337824,0.9918538004382039,45.3597126617703,11.02093038748938
531,0.10214167511711146,0.9947698619300197,45.3597136804026,11.020944722758129
532,0.1315338892313329,0.9913116744917713,45.35971243976751,11.020938509715851
533,0.15153957519380862,0.98845119108132,45.359716575822645,11.020955164812033
534,0.17364959571924954,0.9848075029702714,45.35971458137354,11.020960940514726
535,0.14134296189819953,0.9899606896851229,45.35971139350095,11.02096901089591
536,0.16200763076063648,0.9867895052012488,45.35972303649966,11.020983124872123
537,0.14824944324649772,0.9889500000389825,45.35972579672008,11.020983352355218
538,0.0911295054069257,0.9958390498691488,45.35972512741002,11.020989881465132
539,0.1362164473462164,0.9906791001491732,45.35971839596056,11.020996387401317
540,0.9601884338526991,-0.2793531304558815,45.35972408560015,11.021004041811427
541,0.9591633457814229,-0.28285274633523805,45.35975027626694,11.021001554226752
542,0.9553303496647543,-0.29554005313902604,45.35978769960927,11.020984892175937
543,0.9582615369237372,-0.2858930339349966,45.35982515503259,11.020977076307895
544,0.9531187608050871,-0.30259647684891383,45.35985397379765,11.020962711762467
545,0.9578869915820609,-0.28714545331219987,45.359886276274395,11.020956970897586
546,0.9614782140450931,-0.2748811450730262,45.359918001120164,11.020933790714146
547,0.9595791249873787,-0.28143898608482915,45.359946380110856,11.020932212170628
548,0.956325741373283,-0.29230305572614307,45.359979490574844,11.020916145922726
549,0.9586895519584957,-0.2844544655399503,45.36001456427474,11.020910370884367
550,0.9619334478165441,-0.27328381212903213,45.36004239000752,11.020898170736572
551,0.9564547940630215,-0.2918805010853984,45.36008905411038,11.020882758707195
552,0.9561266477844198,-0.2929536369402642,45.36011988048349,11.020869184967204
553,0.9583824172429142,-0.28548755195214526,45.360140815628746,11.020860234213663
554,0.9551536519008589,-0.29611062334953975,45.36016974547337,11.020848132491402
555,0.9645651831712803,-0.2638446653122904,45.36021456952316,11.020836859350592
556,0.9690124788204637,-0.24701177277656275,45.36023828737402,11.020828805816356
557,0.9625618790621344,-0.2710620389806971,45.36026396114891,11.020809518875183
558,0.9631566488052947,-0.2689410155817706,45.36029767122015,11.020797610265943
559,0.9668120753432475,-0.25548857307222683,45.36032617936972,11.02078210938556
560,0.9748437069006388,-0.22288954016781815,45.36035907602457,11.020763922884601
561,0.972716373522666,-0.23199753593715877,45.360386504294205,11.020741495936791
562,0.9738503613672637,-0.22719039078457975,45.36042066923683,11.020722864534752
563,0.9774576105299241,-0.21113175890218713,45.36045076994803,11.020704366783274
564,0.9807805890544953,-0.19511390553704083,45.36047747093719,11.020688006436973
565,0.9781944864599754,-0.20769098839214212,45.36050519264446,11.020669585648696
566,0.9823932794512206,-0.18682463565888746,45.36054676563876,11.020656577797855
567,0.9806612293728418,-0.19571293571183937,45.36056170392288,11.02062632326226
568,0.9850930359304728,-0.17202241296204468,45.36058302801557,11.02061137364087
569,0.9841312242429711,-0.17744219754621773,45.36061323840054,11.020598821821723
570,0.9920438789987697,-0.12589258175553678,45.3606432179236,11.020561877073842
571,0.9855163096956399,-0.1695806690748906,45.36066633191683,11.020548332278814
572,0.9937617794263398,-0.11152365556864902,45.360694857227216,11.02051867966795
573,0.9925845681959493,-0.1215560569418939,45.360717257212606,11.020500228615019
574,0.9900923520400603,-0.14041771409541356,45.36074727918097,11.02047811495934
575,0.9931352010660246,-0.11697210096235343,45.360776951198915,11.020450138819884
576,0.9948074666981654,-0.10177477193085974,45.360795532895466,11.02043438789251
577,0.9950872108489518,-0.0990022363628909,45.36083832714039,11.02042562914236
578,0.9928889588590946,-0.11904417405191776,45.360864720812835,11.020396773383293
579,0.9925104898393609,-0.12215943499718744,45.360887807504014,11.02037994368937
580,0.993638597772148,-0.11261588261608271,45.36091475848698,11.020359699331582
581,0.9915156399604771,-0.12998744444662952,45.36095149116261,11.020352315805695
582,0.9935305393188137,-0.11356525631048947,45.36098083955999,11.020336429533389
583,0.9964340553175508,-0.08437519424226589,45.361009986917296,11.020320442828849
584,0.9865544388617857,-0.16343298064377076,45.361051106471564,11.020307640491355
585,0.9894320894722656,-0.14499703556468552,45.36107954843294,11.020296998159722
586,0.9866808057980581,-0.16266833579309392,45.36111277638754,11.020292290612588
587,0.9912162707136009,-0.1322509155833013,45.36115070371245,11.020281495292686
588,0.9899335408434387,-0.14153298100856945,45.36118577324705,11.02027184696538
589,0.9851978186310341,-0.17142128853981978,45.36122642422644,11.020272389320695
590,0.9837524454095959,-0.1795302931280402,45.36126051136086,11.020270506261376
591,0.9824458371884235,-0.18654805544721656,45.36129722856465,11.020266821695435
592,0.9766024125969147,-0.21505284864396818,45.36132981065772,11.020275588353337
593,0.9785801047620739,-0.2058664095083228,45.361372579016745,11.020269148613906
594,0.9747529808834451,-0.22328597416505608,45.36139907190009,11.020264285766196
595,0.9830892377889354,-0.18312714310983516,45.36143507337285,11.020264215640637
596,0.9779989297470401,-0.20860990727586307,45.361483982249894,11.02026567378933
597,0.9784126820891207,-0.206660648230797,45.36150876620172,11.020274049317315
598,0.9735863561310629,-0.22831909065042988,45.361554352593494,11.020271789211758
599,0.9773914107744283,-0.211438005439828,45.3615913136133,11.020283746520562
600,0.969646792780374,-0.24450991237725794,45.361629664130255,11.020280309570367
601,0.9745778729256063,-0.2240490339273992,45.36166548504657,11.020279530736461
602,0.9623972605485196,-0.27164593295078976,45.36170623031185,11.020279089471861
603,0.9654411520998235,-0.26062114617230414,45.3617319367535,11.020288638702386
604,0.9555722403995132,-0.2947570073430909,45.361768855156484,11.020284709896398
605,0.9700724050877543,-0.24281583327135006,45.361812866192395,11.020287888714293
606,0.9643074648577415,-0.26478503209138454,45.3618519581383,11.020273500258604
607,0.9566188031228929,-0.2913425226631426,45.36187803469601,11.020273881892214
608,0.9687020534344857,-0.24822637182984997,45.36191142910698,11.020278052256423
609,0.9643147158652954,-0.2647586235906863,45.361947894514905,11.02027212619799
610,0.9546891312587257,-0.29760487673500874,45.36198420963046,11.020276665247193
611,0.967517035391754,-0.2528058271218276,45.36201319842047,11.02025895829412
612,0.9568020726565503,-0.29074007938385377,45.362055202298095,11.020262001757386
613,0.9639552544260831,-0.26606440473003024,45.36208614688477,11.0202531123501
614,0.9518953788868553,-0.3064232165712158,45.36212165065973,11.02024888013918
615,0.966797819466314,-0.2555425136355603,45.36215352936398,11.020239599110552
616,0.9600936078602758,-0.27967885895404926,45.362179463186244,11.020230133208338
617,0.9495121886390321,-0.31373014459231535,45.362230571423034,11.020226847747342
618,0.9506531926867858,-0.3102555514965377,45.362259414475936,11.020220670178132
619,0.9523580388816282,-0.30498223846240474,45.36228371261845,11.020210524186492
620,0.1216868217903653,0.9925685454428625,45.36232076724793,11.020205695432548
621,0.13187186653289404,0.9912667707621045,45.36231917286634,11.02020143507504
622,0.10680383861960256,0.9942801114656362,45.36232125201113,11.020219873807617
623,0.11595542635871837,0.9932544181114765,45.36233709024195,11.020217923728623
624,0.12132693278880234,0.9926126008569816,45.36233018176288,11.020222294106452
625,0.12812635717043952,0.9917578517956048,45.362324864663,11.020228263626903
626,0.1328885947974621,0.9911309809368063,45.36233519617339,11.020235489900761
627,0.14424334875533473,0.9895422458590876,45.36233359736237,11.020244078998124
628,0.10022236979688244,0.9949650630008557,45.36233114084848,11.020252351987091
629,0.13774669211088178,0.9904674900331206,45.36233627114431,11.020266500960805
630,-0.9563144378690738,0.2923400347594517,45.362334333463636,11.020260801164646
631,-0.9577931509498364,0.28745831000961475,45.362303660078055,11.020269025848473
632,-0.9530112104526831,0.3029350305783598,45.362267128265735,11.020277218564338
633,-0.9592372108557908,0.28260214668258093,45.362237725539075,11.020281580366433
634,-0.9577077475138748,0.2877427155496735,45.36221413287388,11.020302628002094
635,-0.9547713479923532,0.29734100466108726,45.362173702784965,11.020313812638934
636,-0.9563556090264705,0.29220532008094685,45.36214230280479,11.020328057180164
637,-0.9693458871276324,0.24570012435638575,45.36211171795159,11.020334659253274
638,-0.9563249800950302,0.29230554638295886,45.362078731908646,11.020341545784373
639,-0.9564803934119633,0.2917966021366524,45.36204340262129,11.020364528384262
640,-0.9606403757169235,0.27779501173067905,45.362010568415556,11.02037728849374
641,-0.9462450275189072,0.32345068850713965,45.36197542215939,11.020386826143685
642,-0.9559887824083859,0.2934032172784269,45.361939405423854,11.020388331765961
643,-0.9657610781675854,0.25943311256773494,45.36191503832348,11.020400585555493
644,-0.9641983822006444,0.2651819748053404,45.36188223522614,11.020424274188047
645,-0.9665973986397183,0.2562995687529138,45.36185233020458,11.020439064707999
646,-0.9646097848373298,0.26368155604076715,45.36182925878477,11.020444581249075
647,-0.9694888420972938,0.24513544225356007,45.36179072184435,11.020454694504233
648,-0.9716971559909159,0.2362300510925009,45.361761817571185,11.020476337555637
649,-0.9633985921178168,0.26807303614016925,45.361729561218866,11.020491384500803
650,-0.9728175737977028,0.23157281384124279,45.36170446994916,11.020508364416012
651,-0.976192010872882,0.2169081785179134,45.36167072855793,11.020521136305048
652,-0.9769412006767512,0.213508525404181,45.3616412762951,11.02054599510012
653,-0.9836327091518615,0.18018516444638108,45.3616119626368,11.020566142428569
654,-0.984415999801356,0.17585545011485093,45.36158743626551,11.020587522025568
655,-0.979090836476284,0.2034235333686109,45.36155609642819,11.02059994383238
656,-0.9864337167533854,0.16416005132827488,45.36153270284228,11.0206230172119
657,-0.980926046453895,0.19438130411212615,45.36149734613849,11.020652398626614
658,-0.983727576326288,0.1796665121139915,45.36147137451166,11.020684009875417
659,-0.9872072424761098,0.15944234193812953,45.36144725266311,11.020689037785894
660,-0.9900874998256346,0.14045192305206805,45.36142303110508,11.02072263608059
661,-0.9870439738547904,0.1604499725052762,45.361396018071055,11.020724472217347
662,-0.9933506561050923,0.11512807657379917,45.36136376646891,11.020755133840519
663,-0.9907624066615459,0.1356091941802676,45.36134004154238,11.020786296115944
664,-0.9920405733151738,0.12591862807583842,45.361310586674264,11.02081458591615
665,-0.99191047889567,0.1269393629138045,45.361281168667716,11.020827740757019
666,-0.9938659248358114,0.11059169702223272,45.361263806672675,11.020835472750607
667,-0.9951251434839512,0.0986202251368634,45.361236729240495,11.020868194787083
668,-0.995880621932378,0.09067406938910356,45.36120799004489,11.020891865780085
669,-0.9915539728023214,0.12969471469544636,45.3611798510181,11.020907983252805
670,-0.992089180904058,0.12553508327601198,45.36115101368499,11.020917067451133
671,-0.9970630556559361,0.07658500536036812,45.36111694383276,11.020938775726242
672,-0.9911000710573514,0.1331189285943702,45.36108422647586,11.02095261774243
673,-0.9946814293414766,0.10299929185774576,45.361049937880715,11.020960314891761
674,-0.9903875344268005,0.13832039492425896,45.3610183256778,11.020988012472483
675,-0.9938308337571254,0.11090659977484194,45.360989257747306,11.020995850211746
676,-0.994490015965481,0.10483133188592676,45.3609481017941,11.020991804629388
677,-0.9909741503368027,0.13405309904754892,45.36091706728063,11.020997661689949
678,-0.988898081930595,0.1485953685482499,45.36088741893243,11.021000076218137
679,-0.9846427965692395,0.1745811076958424,45.360845766148486,11.021012476919283
680,-0.9862361157316193,0.16534304952615356,45.36081341024607,11.021013659904176
681,-0.9862936841086292,0.164999299051322,45.36077598562298,11.021025946591646
682,-0.9797374792851994,0.2002859747558063,45.36073787903205,11.021015556574945
683,-0.9818941773479684,0.1894302628677806,45.36070411440845,11.021024187371754
684,-0.9777154959935052,0.20993429661247406,45.360662416212655,11.0210061209119
685,-0.9737682431640035,0.227542102928865,45.360620857729245,11.02101278637112
686,-0.9814254972459158,0.19184366905271305,45.36058752895893,11.02101425434281
687,-0.9754088605606632,0.22040316408742558,45.360553871041986,11.021015173265436
688,-0.980773675836985,0.19514865304482265,45.360522908062634,11.021001059069029
689,-0.9717946180922375,0.23582879435506193,45.36046949588079,11.021003395934045
690,-0.9688823569255512,0.2475216726640087,45.36042900672232,11.021006336117772
691,-0.9706112666375828,0.2406527977734463,45.36039975457278,11.021006458756364
692,-0.96556210320874,0.26017268274573824,45.36035050822342,11.021011278841954
693,-0.9644774307787578,0.2641652617556033,45.360327709006924,11.021004738906326
694,-0.9593479129526881,0.28222611841096795,45.36029275595647,11.021016224627779
695,-0.9618069589739936,0.27372864970477334,45.360255792767674,11.021013749799526
696,-0.9562697155617237,0.2924862921565729,45.36022269637491,11.021012143270555
697,-0.9622070711349269,0.27231884300934045,45.3601879584094,11.021012538256388
698,-0.9607546263101311,0.27739961792273665,45.360150701460704,11.02101867656977
699,-0.9546765163757155,0.29764534110368385,45.360123677845685,11.021014539710846
700,-0.9524470059364661,0.30470428431950425,45.3600833656023,11.021023135480965
701,-0.9635230739880405,0.2676252714013329,45.36004218485402,11.021018337823747
702,-0.9560414230771163,0.2932316445417897,45.360014668496724,11.02103678443007
703,-0.9665042693364846,0.2566505354647599,45.35997492570638,11.021041313022687
704,-0.9647221658309548,0.26327009468306806,45.359947368505175,11.021043818439265
705,-0.9559226959246604,0.29361845891586796,45.3599122130761,11.021053820667415
706,-0.95654226841062,0.29159370491124376,45.359890460690366,11.02106607994474
707,-0.9584682246933224,0.28519933775033735,45.35985104914632,11.021065201364127
708,-0.9619494121031801,0.2732276130890622,45.35981311112763,11.021085481037515
709,-0.952948776379592,0.3031313734944612,45.35978321250828,11.021079405437613
710,0.14317084873421101,0.9896979883139733,45.359746354911664,11.021091669056391
711,0.13748488730373964,0.9905038645876542,45.35974667562877,11.021107819187327
712,0.14547130980960532,0.9893624704941449,45.35974307532693,11.021106868360823
713,0.13213702032306243,0.9912314602857107,45.35975764698964,11.021099853943875
714,0.13578366498785174,0.9907385105679838,45.359750500975046,11.021121055930516
715,0.1486203217583546,0.9888943320499127,45.359745949753716,11.021114961934062
716,0.15684943999072112,0.9876225256516769,45.35974836211816,11.02112106921901
717,0.11403769376617352,0.9934764236762201,45.359746137353625,11.021129389164253
718,0.15879537940384078,0.9873115149130948,45.359750322532875,11.021138423904176
719,0.18117517919785034,0.9834508398708228,45.35974570071079,11.021144945836218
