,Choice,Sin,Cosin,Lat,Lon
0,1,0.9537169507482269,0.30070579950427306,45.3596665575,11.020597651
1,1,0.9541338386472799,0.2993803900528666,45.35970001307447,11.020586809854386
2,1,0.9539071842503863,0.30010178912412294,45.35973202975338,11.020576675053647
3,1,0.9536318785782131,0.30097548099369864,45.35976619235238,11.020564804074075
4,1,0.953299520708666,0.3020265283325748,45.35979827325635,11.020555217266773
5,1,0.9529007223407082,0.30328239870219403,45.35983229671198,11.020544999257412
6,1,0.9524250862160412,0.30477279266097,45.35986468809702,11.020534055353892
7,1,0.9518612050132853,0.3065293564907876,45.35989851530302,11.02052261586309
8,1,0.9511966855074296,0.308585264521299,45.35993089569767,11.020512171907578
9,1,0.9504182035153208,0.3109746588175798,45.35996457546073,11.020501493003952
10,1,0.9495115960330694,0.31373193812350875,45.359996575477474,11.020488250382275
11,1,0.9484619979883964,0.3168908934820613,45.3600294506884,11.020476717231166
12,1,0.947254032097953,0.3204836948647624,45.360061770835735,11.020463997359123
13,1,0.9458720612790339,0.3245397413133739,45.36009445201321,11.020450560633533
14,1,0.944300513672342,0.3290843962848301,45.36012546467663,11.020436714032417
15,1,0.9425242902558838,0.33413763971998506,45.360157299685035,11.020423905018479
16,1,0.9405292638682237,0.3397126783143326,45.36018987079686,11.020408794803963
17,1,0.9383028757802392,0.3458145649080343,45.360220642009374,11.020393702404368
18,1,0.9358348313583513,0.35243888607315466,45.36025145383508,11.020377378630881
19,1,0.9331178895648983,0.3595705830208448,45.36028309585426,11.020360779190154
20,1,0.9301487319708558,0.3671829740238632,45.36031346771444,11.02034225398341
21,1,0.9269288858475953,0.37523704585413165,45.360343283671455,11.020323968098678
22,1,0.9234656633747141,0.3836810766351388,45.36037127831152,11.020303821320896
23,1,0.9197730660817808,0.39245064264251145,45.360401918567575,11.020284151753266
24,1,0.9158725917501758,0.40146904697724306,45.3604297126896,11.020262013751505
25,1,0.9117938718348674,0.41064818918921525,45.36045922600928,11.020240212858084
26,1,0.9075750628210275,0.4198898728778867,45.36048715626343,11.02021848916529
27,1,0.9032629164553434,0.42908752458745214,45.36051515203613,11.020194877362583
28,1,0.8989124627083738,0.4381282738965457,45.36054083703763,11.02017076637983
29,1,0.8945862561599266,0.44689532363828366,45.36056867614513,11.020146670829208
30,1,0.8903531608834376,0.4552705227717598,45.360595399208684,11.020122939518554
31,1,0.886286679475727,0.4631370442794334,45.36062110372585,11.020098326327474
32,1,0.8824628663326443,0.4703820676258541,45.36064739876516,11.020074176279829
33,1,0.8789579005675912,0.47689936991970594,45.36067442059172,11.020050585989075
34,1,0.8758454266596908,0.48259174112214576,45.360701528346745,11.020026623327382
35,1,0.8731937975568639,0.48737315468562953,45.360729405619736,11.02000407773707
36,1,0.8710633725338427,0.49117064349365186,45.36075656040228,11.019983094861724
37,1,0.8695040284120297,0.49392584926813893,45.36078468284841,11.01996302387335
38,1,0.8685530366603883,0.49559622931174346,45.36081369504841,11.019943243672495
39,1,0.8682334404955409,0.4961559158221094,45.360843594074474,11.019924845859782
40,1,0.8685530366603883,0.49559622931174346,45.36087375710066,11.019907816630113
41,1,0.8695040284120297,0.49392584926813893,45.36090582567455,11.019893514843313
42,1,0.8710633725338427,0.49117064349365186,45.360938134857626,11.01988089876917
43,1,0.8731937975568639,0.48737315468562953,45.360971720855815,11.019868492371847
44,1,0.8758454266596909,0.4825917411221456,45.3610067964557,11.019859276749704
45,1,0.8789579005675913,0.4768993699197057,45.361041376444255,11.019851411176978
46,1,0.8824628663326443,0.4703820676258541,45.36107789615544,11.01984630157009
47,1,0.886286679475727,0.4631370442794334,45.36111374301405,11.019840409628491
48,1,0.8903531608834376,0.4552705227717598,45.361151355802356,11.019836694133959
49,1,0.8945862561599267,0.44689532363828344,45.36118989514928,11.019836926886704
50,1,0.8989124627083738,0.4381282738965457,45.36122870556731,11.019835208723512
51,1,0.9032629164553435,0.429087524587452,45.361267595358605,11.019836802808914
52,1,0.9075750628210275,0.4198898728778867,45.361306990596766,11.019839535103861
53,1,0.9117938718348674,0.41064818918921525,45.36134708989936,11.019840982878938
54,1,0.9158725917501758,0.40146904697724306,45.36138545009006,11.019843700707597
55,1,0.9197730660817808,0.39245064264251145,45.36142478158862,11.019847251429178
56,1,0.9234656633747143,0.3836810766351384,45.36146362259078,11.01985111478784
57,1,0.9269288858475953,0.37523704585413165,45.361502638519624,11.01985350530352
58,1,0.9301487319708558,0.3671829740238632,45.36154198980459,11.019857406887485
59,1,0.9331178895648983,0.3595705830208448,45.36158167770858,11.019860420066808
60,1,0.9358348313583513,0.35243888607315466,45.361617385333936,11.019862207984799
61,1,0.9383028757802392,0.3458145649080343,45.36165570093718,11.019864036429778
62,1,0.9405292638682237,0.3397126783143326,45.361693735583344,11.019864890665342
63,1,0.9425242902558838,0.33413763971998506,45.36173030953162,11.019865301535072
64,1,0.944300513672342,0.3290843962848301,45.361767536013666,11.019865711805233
65,1,0.9458720612790339,0.3245397413133739,45.361804865268425,11.019864545334796
66,1,0.947254032097953,0.3204836948647624,45.36184001235736,11.019862786286946
67,1,0.9484619979883964,0.3168908934820613,45.36187606406873,11.019859635931148
68,1,0.9495115960330694,0.31373193812350875,45.361910885934094,11.01985616375798
69,1,0.9504182035153208,0.3109746588175798,45.36194621808248,11.01985120366313
70,1,0.9511966855074296,0.308585264521299,45.36198045399229,11.019846896010977
71,1,0.9518612050132853,0.3065293564907876,45.36201596496668,11.019840684855922
72,1,0.9524250862160412,0.30477279266097,45.36205064570736,11.019835015026642
73,1,0.9529007223407082,0.30328239870219403,45.362084592206976,11.019828383461315
74,1,0.953299520708666,0.3020265283325748,45.36211807247991,11.019820781933282
75,1,0.9536318785782131,0.30097548099369864,45.36215276296794,11.019813529400981
76,1,0.9539071842503863,0.30010178912412294,45.36218664584927,11.019805231249425
77,1,0.9541338386472799,0.2993803900528666,45.36222060744979,11.019797050534478
78,1,0.9541338386472799,0.2993803900528666,45.36225589,11.01979384
79,1,0.1871863868101744,0.9823244151465196,45.36225729170376,11.019798337512087
80,1,0.1871863868101744,0.9823244151465196,45.36225738723582,11.019802530017447
81,1,0.1871863868101744,0.9823244151465196,45.362258024775606,11.019806387747414
82,1,0.1871863868101744,0.9823244151465196,45.36225924430053,11.019810675869953
83,1,0.1871863868101744,0.9823244151465196,45.36226006986818,11.019814452403388
84,1,0.1871863868101744,0.9823244151465196,45.36226088316372,11.01982021029845
85,1,0.1871863868101744,0.9823244151465196,45.362262473548604,11.019825177350814
86,1,0.1871863868101744,0.9823244151465196,45.36226239704617,11.019828736616276
87,1,0.1871863868101744,0.9823244151465196,45.36226367305661,11.019832842290603
88,1,0.1871863868101744,0.9823244151465196,45.362264398098844,11.019837188926935
89,1,0.1871863868101744,0.9823244151465196,45.36226478590268,11.019840375991485
90,1,0.1871863868101744,0.9823244151465196,45.36226585411339,11.019845627983733
91,1,0.1871863868101744,0.9823244151465196,45.36226678987963,11.019849642430477
92,1,0.1871863868101744,0.9823244151465196,45.36226747,11.01985461
93,1,-0.954287848765298,0.29888911271389534,45.3622351073474,11.019865510725847
94,1,-0.954287848765298,0.29888911271389534,45.362203261404616,11.019874675286426
95,1,-0.954287848765298,0.29888911271389534,45.36217054795277,11.019884645265513
96,1,-0.954287848765298,0.29888911271389534,45.3621380891338,11.019895037813122
97,1,-0.954287848765298,0.29888911271389534,45.36210535188516,11.019905326025741
98,1,-0.954287848765298,0.29888911271389534,45.362073541285426,11.01991485709844
99,1,-0.954287848765298,0.29888911271389534,45.3620418813252,11.019926749057584
100,1,-0.954287848765298,0.29888911271389534,45.362009135725174,11.019936754643398
101,1,-0.954287848765298,0.29888911271389534,45.3619759161435,11.019946351246077
102,1,-0.954287848765298,0.29888911271389534,45.36194392405276,11.019955917035645
103,1,-0.954287848765298,0.29888911271389534,45.36191333549067,11.019966604826248
104,1,-0.954287848765298,0.29888911271389534,45.36187898641136,11.01997750422339
105,1,-0.954287848765298,0.29888911271389534,45.361847902336976,11.019985874494523
106,1,-0.954287848765298,0.29888911271389534,45.36181471122703,11.019995716318862
107,1,-0.954287848765298,0.29888911271389534,45.36178289772209,11.020005817692509
108,1,-0.954287848765298,0.29888911271389534,45.361749493340405,11.0200165293654
109,1,-0.954287848765298,0.29888911271389534,45.36171831562931,11.020026583518183
110,1,-0.954287848765298,0.29888911271389534,45.361684410659585,11.020037125890536
111,1,-0.954287848765298,0.29888911271389534,45.361652438000846,11.020047783764792
112,1,-0.954287848765298,0.29888911271389534,45.36162094715432,11.02005656329329
113,1,-0.954287848765298,0.29888911271389534,45.36158847807333,11.020066711631031
114,1,-0.954287848765298,0.29888911271389534,45.36155575590025,11.020076913617556
115,1,-0.954287848765298,0.29888911271389534,45.36152348417288,11.020087885770977
116,1,-0.954287848765298,0.29888911271389534,45.36149121189067,11.020097261536641
117,1,-0.954287848765298,0.29888911271389534,45.36145976026411,11.020108398092903
118,1,-0.954287848765298,0.29888911271389534,45.36142545652351,11.020118664394008
119,1,-0.954287848765298,0.29888911271389534,45.36139404788461,11.020128448254788
120,1,-0.954287848765298,0.29888911271389534,45.36136214234267,11.020137680320731
121,1,-0.954287848765298,0.29888911271389534,45.361329303362155,11.020148286075047
122,1,-0.954287848765298,0.29888911271389534,45.36129654700432,11.020157679838306
123,1,-0.954287848765298,0.29888911271389534,45.36126450143717,11.020168421112347
124,1,-0.954287848765298,0.29888911271389534,45.36123199596502,11.020178719510335
125,1,-0.954287848765298,0.29888911271389534,45.361199560792606,11.020189512626384
126,1,-0.954287848765298,0.29888911271389534,45.361167830073285,11.020199892566827
127,1,-0.954287848765298,0.29888911271389534,45.36113556063245,11.020208596386674
128,1,-0.954287848765298,0.29888911271389534,45.36110363217459,11.020219695414887
129,1,-0.954287848765298,0.29888911271389534,45.36107107456039,11.020228893525832
130,1,-0.954287848765298,0.29888911271389534,45.36103858944077,11.020239419919866
131,1,-0.954287848765298,0.29888911271389534,45.361006844243576,11.020249387963737
132,1,-0.954287848765298,0.29888911271389534,45.360974414891025,11.020259577023436
133,1,-0.954287848765298,0.29888911271389534,45.36094128404083,11.02027097656054
134,1,-0.954287848765298,0.29888911271389534,45.360908483029355,11.020278920123292
135,1,-0.954287848765298,0.29888911271389534,45.360876725227776,11.020289631179716
136,1,-0.954287848765298,0.29888911271389534,45.360844047639375,11.020300550511372
137,1,-0.954287848765298,0.29888911271389534,45.36081257378422,11.020310173375345
138,1,-0.954287848765298,0.29888911271389534,45.360778823983175,11.02032039626418
139,1,-0.954287848765298,0.29888911271389534,45.360747119143,11.020330288416035
140,1,-0.954287848765298,0.29888911271389534,45.360714474261194,11.020340364138683
141,1,-0.954287848765298,0.29888911271389534,45.360683743731016,11.020350536666639
142,1,-0.954287848765298,0.29888911271389534,45.36065063644385,11.020361176026856
143,1,-0.954287848765298,0.29888911271389534,45.36061739619603,11.020371488353769
144,1,-0.954287848765298,0.29888911271389534,45.36058490328483,11.020381785530272
145,1,-0.954287848765298,0.29888911271389534,45.36055292391043,11.020392049592715
146,1,-0.954287848765298,0.29888911271389534,45.360519374067806,11.020401467166671
147,1,-0.954287848765298,0.29888911271389534,45.36048813147681,11.0204114330744
148,1,-0.954287848765298,0.29888911271389534,45.36045625768215,11.020422783812432
149,1,-0.954287848765298,0.29888911271389534,45.360423240720706,11.020432313814004
150,1,-0.954287848765298,0.29888911271389534,45.36038981641364,11.020441557228809
151,1,-0.954287848765298,0.29888911271389534,45.36035895262056,11.020452690647002
152,1,-0.954287848765298,0.29888911271389534,45.36032729164382,11.020461928614301
153,1,-0.954287848765298,0.29888911271389534,45.3602938068917,11.020473163823253
154,1,-0.954287848765298,0.29888911271389534,45.36026247996175,11.020483018739121
155,1,-0.954287848765298,0.29888911271389534,45.36022992347396,11.020492610309054
156,1,-0.954287848765298,0.29888911271389534,45.36019714558948,11.020503813307515
157,1,-0.954287848765298,0.29888911271389534,45.36016456432027,11.020513712671452
158,1,-0.954287848765298,0.29888911271389534,45.36013309724065,11.020522556571903
159,1,-0.954287848765298,0.29888911271389534,45.360100138050974,11.020532386149897
160,1,-0.954287848765298,0.29888911271389534,45.360067168033055,11.020543427213026
161,1,-0.954287848765298,0.29888911271389534,45.36003500790083,11.020554539936047
162,1,-0.954287848765298,0.29888911271389534,45.36000271867781,11.02056405935288
163,1,-0.954287848765298,0.29888911271389534,45.359971873252,11.02057405530209
164,1,-0.954287848765298,0.29888911271389534,45.35993920323951,11.02058311365399
165,1,-0.954287848765298,0.29888911271389534,45.359905755014985,11.020593625155762
166,1,-0.954287848765298,0.29888911271389534,45.3598738814273,11.020605490465385
167,1,-0.954287848765298,0.29888911271389534,45.359841271469215,11.020613677163627
168,1,-0.954287848765298,0.29888911271389534,45.3598102566341,11.020624793280712
169,1,-0.954287848765298,0.29888911271389534,45.35977694457823,11.020635113514645
170,1,-0.954287848765298,0.29888911271389534,45.359745215774254,11.02064455017946
171,1,-0.954287848765298,0.29888911271389534,45.35971205566701,11.020654171351397
172,1,-0.954287848765298,0.29888911271389534,45.35967972,11.02066511
173,1,0.18092866714612515,0.9834962213474573,45.359680865267435,11.020674135249111
174,1,0.18092866714612515,0.9834962213474573,45.35968301854779,11.020681924061728
175,1,0.18092866714612515,0.9834962213474573,45.359684381388526,11.020690063371315
176,1,0.18092866714612515,0.9834962213474573,45.35968704631143,11.020698444173256
177,1,0.18092866714612515,0.9834962213474573,45.35968751282068,11.020707048659117
178,1,0.18092866714612515,0.9834962213474573,45.35968851030002,11.020715497126366
179,1,0.18092866714612515,0.9834962213474573,45.359689642707096,11.020723213982555
180,1,0.18092866714612515,0.9834962213474573,45.359691792562856,11.020731553395688
181,1,0.18092866714612515,0.9834962213474573,45.35969351,11.02074007
182,1,0.9519340343683654,0.30630310839292435,45.359723478392844,11.020729987075319
183,1,0.9517232329605796,0.3069574691110519,45.35975500227723,11.020720771792998
184,1,0.951470521018809,0.30773990256740547,45.35978573677037,11.020710613698084
185,1,0.9511691671757223,0.30867007534622276,45.35981597975287,11.020700106623405
186,1,0.9508116976352816,0.3097694556277518,45.359846937326616,11.020689946732492
187,1,0.9503898788628388,0.3110612128746989,45.35987686786644,11.020679550409728
188,1,0.9498947131006116,0.31257004658717175,45.35990747395611,11.020669993325455
189,1,0.9493164495062317,0.3143219348007426,45.359938263034316,11.020659080317564
190,1,0.9486446140743262,0.3163437942931276,45.359968871393264,11.020647899962551
191,1,0.9478680619391633,0.3186630464231686,45.35999831074147,11.02063756499666
192,1,0.946975056167285,0.32130708519571655,45.36002899390748,11.020627191825614
193,1,0.9459533777088835,0.32430264753953875,45.360059515824126,11.02061431507598
194,1,0.9447904717324624,0.3276750898734156,45.36008963493785,11.020602950248202
195,1,0.9434736360304554,0.33144757973995187,45.360119657692735,11.020590858348248
196,1,0.9419902574260945,0.3356402164734138,45.360148280952245,11.020578073655779
197,1,0.9403281019685292,0.3402691003430422,45.36017760991091,11.020565275623506
198,1,0.9384756639799047,0.3453453751210186,45.36020812727633,11.020550289119203
199,1,0.9364225775094166,0.350874274250223,45.36023639904986,11.020537223342924
200,1,0.9341600912650638,0.35685420536634793,45.36026443890766,11.02052223767213
201,1,0.9316816044933596,0.3632759114621821,45.360294117181304,11.020506150975615
202,1,0.9289832565093058,0.3701217490574761,45.36032161568042,11.020490120504
203,1,0.9260645567212734,0.3773651239643529,45.36034876777349,11.020472786970734
204,1,0.9229290352884763,0.3849701232842396,45.36037698827869,11.020455702375333
205,1,0.9195848874151942,0.3928913779119933,45.360404085972675,11.020435881111204
206,1,0.9160455773288024,0.4010741829840723,45.360430886502485,11.020417094556493
207,1,0.9123303619619596,0.4094548945150854,45.36045582490983,11.020397341434503
208,1,0.9084646901082153,0.41796160927360815,45.36048352240011,11.02037623084217
209,1,0.9044804311933862,0.4265151223441276,45.36050896907882,11.02035475498696
210,1,0.9004158895455868,0.4350301436151633,45.360534398339034,11.020333651347894
211,1,0.8963155656764097,0.4434167415943805,45.36055883966491,11.020311491399433
212,1,0.8922296357974108,0.45158197152324375,45.36058305756958,11.020288649664504
213,1,0.8882131343751569,0.45943163574514484,45.36060902058715,11.020267872519492
214,1,0.8843248413181113,0.46687211849466576,45.360632615606015,11.020244076538741
215,1,0.8806258943126309,0.4738122352431172,45.36065795566639,11.020221296768538
216,1,0.8771781664659705,0.48016503858090104,45.36068321734316,11.020199012308941
217,1,0.8740424681446891,0.4858495280223499,45.36070666446663,11.020177218281134
218,1,0.8712766480472092,0.49079221934299205,45.36073211435562,11.020155937948477
219,1,0.8689336805842991,0.49492853902985146,45.36075611814823,11.020134384264887
220,1,0.8670598333263794,0.4982040198874667,45.36078252070859,11.02011424366291
221,1,0.8656930088094462,0.5005752835472883,45.360809090648,11.02009543803106
222,1,0.8648613490841133,0.502010803529573,45.360834992685945,11.020077425393174
223,1,0.8645821792976891,0.5024914479280803,45.36086310325326,11.02005980530375
224,1,0.8648613490841133,0.502010803529573,45.360891550358446,11.020045898564502
225,1,0.8656930088094462,0.5005752835472883,45.36091949549392,11.02003046539113
226,1,0.8670598333263794,0.4982040198874667,45.36095041884114,11.020017176770505
227,1,0.868933680584299,0.4949285390298517,45.360980549938404,11.020006773634014
228,1,0.8712766480472091,0.4907922193429923,45.361012000350435,11.019997874506796
229,1,0.8740424681446891,0.4858495280223499,45.361044494374674,11.01998932405889
230,1,0.8771781664659705,0.48016503858090104,45.36107696722823,11.0199832126741
231,1,0.8806258943126309,0.4738122352431172,45.36111094967938,11.019977668989643
232,1,0.8843248413181113,0.46687211849466576,45.361145539464026,11.019973718030547
233,1,0.8882131343751569,0.45943163574514484,45.36117954197817,11.019971090475808
234,1,0.8922296357974107,0.451581971523244,45.361216486232145,11.01996960468458
235,1,0.8963155656764097,0.4434167415943805,45.361251771545355,11.019969338374375
236,1,0.9004158895455868,0.4350301436151633,45.36128826677171,11.019969903219927
237,1,0.9044804311933862,0.4265151223441276,45.36132507190877,11.01997079980471
238,1,0.9084646901082153,0.41796160927360815,45.3613602219526,11.019972568046454
239,1,0.9123303619619596,0.4094548945150854,45.361395711634394,11.019975551446892
240,1,0.9160455773288024,0.4010741829840723,45.361433714588415,11.019977922343971
241,1,0.9195848874151942,0.3928913779119933,45.36147027389657,11.019980710688099
242,1,0.9229290352884763,0.3849701232842396,45.361506987971765,11.019984515788558
243,1,0.9260645567212734,0.3773651239643529,45.361541951084476,11.019986673401117
244,1,0.9289832565093058,0.3701217490574761,45.36157793769772,11.019989605382362
245,1,0.9316816044933596,0.3632759114621821,45.361613773406006,11.019991735995907
246,1,0.9341600912650638,0.35685420536634793,45.36164950303266,11.019993438450294
247,1,0.9364225775094166,0.350874274250223,45.361684712328326,11.019994390696898
248,1,0.9384756639799047,0.3453453751210186,45.361718921725426,11.019995590260768
249,1,0.9403281019685292,0.3402691003430422,45.36175292078186,11.019995041678776
250,1,0.9419902574260945,0.3356402164734138,45.36178598951072,11.019994312027109
251,1,0.9434736360304554,0.33144757973995187,45.361819658166624,11.019991951910322
252,1,0.9447904717324624,0.3276750898734158,45.361852680001086,11.019990888524474
253,1,0.9459533777088835,0.32430264753953875,45.36188747170388,11.019987833645757
254,1,0.946975056167285,0.32130708519571655,45.36191958551016,11.019984622920985
255,1,0.9478680619391633,0.3186630464231686,45.361952275124395,11.019980766461632
256,1,0.9486446140743262,0.3163437942931276,45.36198372224844,11.019975788638927
257,1,0.9493164495062317,0.3143219348007426,45.362015994625224,11.01997132341577
258,1,0.9498947131006116,0.31257004658717175,45.362048453976826,11.019965368235189
259,1,0.9503898788628388,0.3110612128746989,45.3620806285633,11.019958615307432
260,1,0.9508116976352816,0.3097694556277518,45.36211134438912,11.019951265694477
261,1,0.9511691671757223,0.30867007534622276,45.36214416690391,11.019945135355574
262,1,0.951470521018809,0.30773990256740547,45.362175647994334,11.019937697540286
263,1,0.9517232329605796,0.3069574691110519,45.36220634383667,11.01992937378671
264,1,0.9519340343683654,0.30630310839292435,45.36223816500957,11.01992217520697
265,1,0.9519340343683654,0.30630310839292435,45.36227073,11.01991931
266,1,0.2108778085845649,0.9775124295100148,45.362271348571504,11.019923041734703
267,1,0.2108778085845649,0.9775124295100148,45.36227156460503,11.019927137335205
268,1,0.2108778085845649,0.9775124295100148,45.362273305083455,11.019931288348086
269,1,0.2108778085845649,0.9775124295100148,45.3622745289069,11.019934462074326
270,1,0.2108778085845649,0.9775124295100148,45.36227507326065,11.019938335057143
271,1,0.2108778085845649,0.9775124295100148,45.36227567177101,11.019941493177228
272,1,0.2108778085845649,0.9775124295100148,45.36227743499536,11.019945944140868
273,1,0.2108778085845649,0.9775124295100148,45.36227668961969,11.019949637432651
274,1,0.2108778085845649,0.9775124295100148,45.36227807988175,11.019954203485025
275,1,0.2108778085845649,0.9775124295100148,45.36227892979221,11.019958430215413
276,1,0.2108778085845649,0.9775124295100148,45.362280206882346,11.019961310027709
277,1,0.2108778085845649,0.9775124295100148,45.36227947121442,11.019964345777746
278,1,0.2108778085845649,0.9775124295100148,45.362281303031345,11.019968782830048
279,1,0.2108778085845649,0.9775124295100148,45.36228271527692,11.019972606610688
280,1,0.2108778085845649,0.9775124295100148,45.36228366806778,11.019976487136816
281,1,0.2108778085845649,0.9775124295100148,45.36228382680026,11.019981206635606
282,1,0.2108778085845649,0.9775124295100148,45.362284269821814,11.019983930194284
283,1,0.2108778085845649,0.9775124295100148,45.36228557,11.0199881
284,1,-0.9544055299292257,0.29851312272748404,45.36225415491825,11.01999839573278
285,1,-0.9544055299292257,0.29851312272748404,45.36222244985377,11.020007542615794
286,1,-0.9544055299292257,0.29851312272748404,45.36219088716969,11.020017102042587
287,1,-0.9544055299292257,0.29851312272748404,45.362158936792255,11.020027843775521
288,1,-0.9544055299292257,0.29851312272748404,45.3621288915609,11.020037121197129
289,1,-0.9544055299292257,0.29851312272748404,45.362096020779965,11.02004693701547
290,1,-0.9544055299292257,0.29851312272748404,45.36206491292918,11.020056467728471
291,1,-0.9544055299292257,0.29851312272748404,45.362034200371056,11.020066734009838
292,1,-0.9544055299292257,0.29851312272748404,45.36200155595003,11.020077365174789
293,1,-0.9544055299292257,0.29851312272748404,45.36197063609527,11.020086972945924
294,1,-0.9544055299292257,0.29851312272748404,45.361938136511725,11.020096562368549
295,1,-0.9544055299292257,0.29851312272748404,45.36190725573303,11.02010657136
296,1,-0.9544055299292257,0.29851312272748404,45.361875777253886,11.020116329031442
297,1,-0.9544055299292257,0.29851312272748404,45.36184465312617,11.020125868076672
298,1,-0.9544055299292257,0.29851312272748404,45.361812705441835,11.020136046764613
299,1,-0.9544055299292257,0.29851312272748404,45.36178073253627,11.020144953819688
300,1,-0.9544055299292257,0.29851312272748404,45.36174972004476,11.020156424508805
301,1,-0.9544055299292257,0.29851312272748404,45.361717190225654,11.020165911221792
302,1,-0.9544055299292257,0.29851312272748404,45.36168590573736,11.020175322897716
303,1,-0.9544055299292257,0.29851312272748404,45.36165471830386,11.020185701780402
304,1,-0.9544055299292257,0.29851312272748404,45.36162395403666,11.02019571759269
305,1,-0.9544055299292257,0.29851312272748404,45.361592563609385,11.02020580710572
306,1,-0.9544055299292257,0.29851312272748404,45.36156091191851,11.020215179473915
307,1,-0.9544055299292257,0.29851312272748404,45.36152846209881,11.020224971115477
308,1,-0.9544055299292257,0.29851312272748404,45.36149760910958,11.020234381196927
309,1,-0.9544055299292257,0.29851312272748404,45.36146545351277,11.020244538310223
310,1,-0.9544055299292257,0.29851312272748404,45.36143371927801,11.020254487547483
311,1,-0.9544055299292257,0.29851312272748404,45.36140325280226,11.020264553197762
312,1,-0.9544055299292257,0.29851312272748404,45.361371004603704,11.020274151700116
313,1,-0.9544055299292257,0.29851312272748404,45.361339872841555,11.02028473380616
314,1,-0.9544055299292257,0.29851312272748404,45.361308487378565,11.020294012093029
315,1,-0.9544055299292257,0.29851312272748404,45.361276229954555,11.020303430400851
316,1,-0.9544055299292257,0.29851312272748404,45.36124510160673,11.020313126653722
317,1,-0.9544055299292257,0.29851312272748404,45.36121290123569,11.02032412507298
318,1,-0.9544055299292257,0.29851312272748404,45.36118273065682,11.020333025473699
319,1,-0.9544055299292257,0.29851312272748404,45.36115052447829,11.020343363032168
320,1,-0.9544055299292257,0.29851312272748404,45.361119097499426,11.020352898625434
321,1,-0.9544055299292257,0.29851312272748404,45.36108742058279,11.02036364677
322,1,-0.9544055299292257,0.29851312272748404,45.36105579440497,11.020372677928808
323,1,-0.9544055299292257,0.29851312272748404,45.36102414872842,11.02038336206579
324,1,-0.9544055299292257,0.29851312272748404,45.360992353452275,11.02039303577258
325,1,-0.9544055299292257,0.29851312272748404,45.360961457583485,11.020402293173658
326,1,-0.9544055299292257,0.29851312272748404,45.360929255854586,11.020412982802009
327,1,-0.9544055299292257,0.29851312272748404,45.36089897757648,11.020423221011544
328,1,-0.9544055299292257,0.29851312272748404,45.36086674458369,11.020432370463551
329,1,-0.9544055299292257,0.29851312272748404,45.36083544718709,11.020441790660207
330,1,-0.9544055299292257,0.29851312272748404,45.360802637327566,11.020450879566795
331,1,-0.9544055299292257,0.29851312272748404,45.36077171415422,11.020461412795276
332,1,-0.9544055299292257,0.29851312272748404,45.36074048021949,11.020471528352461
333,1,-0.9544055299292257,0.29851312272748404,45.36070904332373,11.020482065642053
334,1,-0.9544055299292257,0.29851312272748404,45.36067757094515,11.020492141751104
335,1,-0.9544055299292257,0.29851312272748404,45.360646042808874,11.020500984175316
336,1,-0.9544055299292257,0.29851312272748404,45.360613970488394,11.02051043679736
337,1,-0.9544055299292257,0.29851312272748404,45.36058324810574,11.020519930779301
338,1,-0.9544055299292257,0.29851312272748404,45.360551495312826,11.0205306181129
339,1,-0.9544055299292257,0.29851312272748404,45.36052044590347,11.020539751739326
340,1,-0.9544055299292257,0.29851312272748404,45.360487752329654,11.020550181632625
341,1,-0.9544055299292257,0.29851312272748404,45.36045609554047,11.020559631947203
342,1,-0.9544055299292257,0.29851312272748404,45.360425241196936,11.020569866691027
343,1,-0.9544055299292257,0.29851312272748404,45.36039441542275,11.020578948621086
344,1,-0.9544055299292257,0.29851312272748404,45.360362164413296,11.020590100922353
345,1,-0.9544055299292257,0.29851312272748404,45.36033149585239,11.020599322408746
346,1,-0.9544055299292257,0.29851312272748404,45.36029827335283,11.020609797354831
347,1,-0.9544055299292257,0.29851312272748404,45.36026721499418,11.020618711915205
348,1,-0.9544055299292257,0.29851312272748404,45.36023494637821,11.020629696886022
349,1,-0.9544055299292257,0.29851312272748404,45.36020404180285,11.020639368133718
350,1,-0.9544055299292257,0.29851312272748404,45.360172767083036,11.020649120652074
351,1,-0.9544055299292257,0.29851312272748404,45.36014193819158,11.02065840836535
352,1,-0.9544055299292257,0.29851312272748404,45.3601105067273,11.02066776093053
353,1,-0.9544055299292257,0.29851312272748404,45.36007879501883,11.020678275124355
354,1,-0.9544055299292257,0.29851312272748404,45.36004749287973,11.020688783008815
355,1,-0.9544055299292257,0.29851312272748404,45.36001454326999,11.020698310945376
356,1,-0.9544055299292257,0.29851312272748404,45.359982873827356,11.020707585768431
357,1,-0.9544055299292257,0.29851312272748404,45.35995197693014,11.020717950026759
358,1,-0.9544055299292257,0.29851312272748404,45.35992074472495,11.02072733308886
359,1,-0.9544055299292257,0.29851312272748404,45.359889396833154,11.020738340148636
360,1,-0.9544055299292257,0.29851312272748404,45.35985706728063,11.020746896383665
361,1,-0.9544055299292257,0.29851312272748404,45.359827133276454,11.020757084428755
362,1,-0.9544055299292257,0.29851312272748404,45.35979523704696,11.020767611507994
363,1,-0.9544055299292257,0.29851312272748404,45.359762968152474,11.020777023253345
364,1,-0.9544055299292257,0.29851312272748404,45.35973194499219,11.02078647998646
365,1,-0.9544055299292257,0.29851312272748404,45.35970006,11.02079678
366,1,0.18563850809759755,0.9826181070544641,45.35970085457765,11.020801693106252
367,1,0.18563850809759755,0.9826181070544641,45.35970156511907,11.02080754422643
368,1,0.18563850809759755,0.9826181070544641,45.359703396799716,11.020813042576311
369,1,0.18563850809759755,0.9826181070544641,45.35970392036842,11.020816320089487
370,1,0.18563850809759755,0.9826181070544641,45.35970505121983,11.020822997392486
371,1,0.18563850809759755,0.9826181070544641,45.359706908707125,11.020827356570125
372,1,0.18563850809759755,0.9826181070544641,45.35970649357738,11.020833350258519
373,1,0.18563850809759755,0.9826181070544641,45.359707969751234,11.020838388181257
374,1,0.18563850809759755,0.9826181070544641,45.359708558251974,11.02084307678062
375,1,0.18563850809759755,0.9826181070544641,45.35970932331366,11.020848762506528
376,1,0.18563850809759755,0.9826181070544641,45.35971100593952,11.020853368326597
377,1,0.18563850809759755,0.9826181070544641,45.3597118701028,11.02085824195293
378,1,0.18563850809759755,0.9826181070544641,45.35971309510798,11.020864254142255
379,1,0.18563850809759755,0.9826181070544641,45.35971439980558,11.020869198781742
380,1,0.18563850809759755,0.9826181070544641,45.359715153782496,11.020875109665598
381,1,0.18563850809759755,0.9826181070544641,45.35971575,11.02087983
382,1,0.9530934290729863,0.30267625519339375,45.359745462573194,11.020870386034568
383,1,0.9528970743131615,0.3032938604149731,45.3597743827809,11.02086113376888
384,1,0.9526634975228765,0.30402674304652916,45.35980398894694,11.020851140516436
385,1,0.9523869804428112,0.3048918488300801,45.35983299664396,11.020841524908388
386,1,0.9520611966760895,0.30590762949572314,45.35986213028559,11.020833080698333
387,1,0.9516791962372356,0.3070939716914826,45.3598908595645,11.020821911373972
388,1,0.9512333992409182,0.30847207356350415,45.35992052849,11.020812755691997
389,1,0.950715600676072,0.31006426209922305,45.35995108176905,11.020803733458964
390,1,0.9501169884523005,0.3118937451349914,45.35997987678573,11.020792474078396
391,1,0.9494281771974249,0.31398429314788223,45.36000858613031,11.020782338056206
392,1,0.9486392606288574,0.31635984763167213,45.360037166551855,11.020772605151654
393,1,0.9477398857071243,0.3190440550141109,45.36006624931868,11.020761499832696
394,1,0.9467193521813773,0.3220597276985643,45.360094152600645,11.020751561235462
395,1,0.9455667415080644,0.32542823687231137,45.360124250109656,11.020739555908065
396,1,0.9442710793958166,0.3291688451488986,45.36015209311382,11.020728836831873
397,1,0.942821536309098,0.33329799080065287,45.360180184503264,11.02071540376946
398,1,0.9412076700363922,0.3378285391506556,45.36020877820927,11.020703547707795
399,1,0.9394197137680314,0.34276902045545193,45.36023679198641,11.020690441545225
400,1,0.9374489119050365,0.3481228771110324,45.36026525445314,11.020675338593518
401,1,0.9352879039196509,0.35388774601783796,45.36029250137167,11.020661474554778
402,1,0.9329311539332036,0.36005480419078034,45.36032020776548,11.020646133065132
403,1,0.9303754202496777,0.36660820693928226,45.36034573733893,11.020632304120937
404,1,0.9276202549482618,0.3735246479279804,45.360373333208635,11.020614092902731
405,1,0.9246685189601688,0.3807730689584126,45.36040026447839,11.020597780052604
406,1,0.9215268931097352,0.3883145442492703,45.360426731193684,11.020580228278783
407,1,0.9182063607713569,0.3961023592949438,45.3604505848808,11.020562715426575
408,1,0.914722633557356,0.40408229812489316,45.36047617368796,11.020543358766277
409,1,0.9110964883395251,0.4121931451824323,45.36050166995799,11.020524903196645
410,1,0.9073539824581196,0.42036739944647267,45.36052686850742,11.020503991878728
411,1,0.903526514671179,0.42853218932321974,45.36055017632485,11.02048326584881
412,1,0.8996507026073093,0.4366103678317486,45.360575456231786,11.020463122863402
413,1,0.8957680533842927,0.4445217593505575,45.36059840108187,11.020441778046791
414,1,0.8919244125861813,0.4521845223277723,45.360623120386336,11.020419871212162
415,1,0.888169187631263,0.4595165874507932,45.3606461078059,11.020398400330286
416,1,0.8845543541284127,0.4664371282310905,45.360669907578284,11.020376741676348
417,1,0.8811332672969366,0.4728680209769162,45.36069336546934,11.020355693065333
418,1,0.8779593139375148,0.47873525363228503,45.36071717729204,11.020333994985101
419,1,0.8750844527347272,0.4839702476206187,45.36074042004516,11.020313466955484
420,1,0.8725577008145764,0.48851106307757275,45.360765037387786,11.020292489566385
421,1,0.8704236315684342,0.49230346495552796,45.360788942171716,11.020273563329116
422,1,0.8687209520975445,0.49530183462888133,45.36081366399522,11.02025504425518
423,1,0.8674812278201223,0.4974699180650957,45.36083860773876,11.020236211108742
424,1,0.8667278167253287,0.49878140674502386,45.36086413846032,11.020218871925312
425,1,0.8664750666892687,0.49922035095319117,45.36089121693428,11.02020235584154
426,1,0.8667278167253287,0.49878140674502386,45.36091833959789,11.020187356665959
427,1,0.8674812278201223,0.4974699180650957,45.360945737535815,11.02017446833146
428,1,0.8687209520975445,0.49530183462888133,45.360973957698135,11.020163195678203
429,1,0.8704236315684342,0.49230346495552796,45.36100391128807,11.020151751356762
430,1,0.8725577008145764,0.48851106307757275,45.36103331131368,11.020142377081276
431,1,0.8750844527347272,0.4839702476206187,45.36106467324345,11.020133801046827
432,1,0.8779593139375147,0.4787352536322852,45.361096071470605,11.020127928439148
433,1,0.8811332672969366,0.4728680209769162,45.36112754323048,11.020122354262634
434,1,0.8845543541284127,0.4664371282310905,45.36115947471467,11.02011758138044
435,1,0.888169187631263,0.4595165874507932,45.3611942019081,11.020114734533069
436,1,0.8919244125861812,0.45218452232777245,45.361228161155644,11.02011351102719
437,1,0.8957680533842926,0.4445217593505577,45.3612615885048,11.020113444652125
438,1,0.8996507026073092,0.43661036783174884,45.36129601936498,11.020113249319518
439,1,0.903526514671179,0.42853218932321974,45.36133061568169,11.020113896747475
440,1,0.9073539824581196,0.42036739944647267,45.36136516329663,11.02011550671921
441,1,0.9110964883395251,0.4121931451824323,45.36140090269593,11.020117398024283
442,1,0.914722633557356,0.40408229812489316,45.361435516922946,11.020120344387282
443,1,0.9182063607713569,0.396102359294944,45.36147020523022,11.020123098669234
444,1,0.9215268931097351,0.38831454424927075,45.36150526377587,11.020125204700957
445,1,0.9246685189601688,0.3807730689584126,45.36153990145064,11.020129262281724
446,1,0.9276202549482618,0.3735246479279804,45.36157372805811,11.020131062685952
447,1,0.9303754202496777,0.36660820693928226,45.361609099806,11.020133504053359
448,1,0.9329311539332036,0.36005480419078034,45.36164257862172,11.020137003153705
449,1,0.9352879039196509,0.35388774601783796,45.361675881701935,11.020137350071211
450,1,0.9374489119050365,0.3481228771110324,45.361709737700075,11.020138801167871
451,1,0.9394197137680314,0.34276902045545193,45.36174206352563,11.020140629898686
452,1,0.9412076700363922,0.3378285391506556,45.36177481746167,11.020140743778063
453,1,0.942821536309098,0.3332979908006531,45.36180763163817,11.020139774784658
454,1,0.9442710793958166,0.3291688451488986,45.36184009278596,11.020139208855339
455,1,0.9455667415080644,0.32542823687231137,45.36187214583058,11.020138090475331
456,1,0.9467193521813773,0.3220597276985643,45.36190341574694,11.020135727637605
457,1,0.9477398857071243,0.3190440550141109,45.36193606093483,11.020132219282258
458,1,0.9486392606288574,0.31635984763167213,45.361966270223334,11.02012829350028
459,1,0.9494281771974249,0.31398429314788223,45.36199818827671,11.020125701620193
460,1,0.9501169884523005,0.3118937451349914,45.36202926836671,11.020119776781947
461,1,0.950715600676072,0.31006426209922305,45.36205924606013,11.020115327437468
462,1,0.9512333992409182,0.30847207356350415,45.36209045934171,11.020109202204534
463,1,0.9516791962372356,0.3070939716914826,45.362120229690746,11.020103455476937
464,1,0.9520611966760895,0.30590762949572314,45.36215114827528,11.020096980046665
465,1,0.9523869804428112,0.3048918488300801,45.36218197425927,11.020090358530283
466,1,0.9526634975228765,0.30402674304652916,45.362210248776016,11.020082884266515
467,1,0.9528970743131615,0.3032938604149731,45.362240851885396,11.020075971883875
468,1,0.9530934290729863,0.30267625519339375,45.36227106962112,11.02006754413759
469,1,0.9530934290729863,0.30267625519339375,45.36230304,11.02006662
470,1,0.05017981546841942,0.9987401995111418,45.362302964451615,11.020071505849943
471,1,0.05017981546841942,0.9987401995111418,45.36230376781818,11.020077179750745
472,1,0.05017981546841942,0.9987401995111418,45.36230334088709,11.020082070409856
473,1,0.05017981546841942,0.9987401995111418,45.362303067749835,11.020086316342347
474,1,0.05017981546841942,0.9987401995111418,45.36230470380614,11.020092292736543
475,1,0.05017981546841942,0.9987401995111418,45.36230447920702,11.020097092081993
476,1,0.05017981546841942,0.9987401995111418,45.362304842919954,11.020102416392472
477,1,0.05017981546841942,0.9987401995111418,45.362305554208476,11.02010606077562
478,1,0.05017981546841942,0.9987401995111418,45.362305515111025,11.020111793067366
479,1,0.05017981546841942,0.9987401995111418,45.362306185885195,11.020116516693797
480,1,0.05017981546841942,0.9987401995111418,45.36230583,11.02012215
481,1,-0.9547295369557065,0.2974752279843521,45.362272492218494,11.020132914546895
482,1,-0.9547295369557065,0.2974752279843521,45.36223843031923,11.020143122350133
483,1,-0.9547295369557065,0.2974752279843521,45.36220404280803,11.02015357612918
484,1,-0.9547295369557065,0.2974752279843521,45.36217005127032,11.020164129876985
485,1,-0.9547295369557065,0.2974752279843521,45.36213741061912,11.0201737413505
486,1,-0.9547295369557065,0.2974752279843521,45.36210271673241,11.020185112356515
487,1,-0.9547295369557065,0.2974752279843521,45.36207007904964,11.020195670058648
488,1,-0.9547295369557065,0.2974752279843521,45.3620355355412,11.020205842871357
489,1,-0.9547295369557065,0.2974752279843521,45.36200291866747,11.020216332187992
490,1,-0.9547295369557065,0.2974752279843521,45.36196848336236,11.020227505603609
491,1,-0.9547295369557065,0.2974752279843521,45.361935492425054,11.020237726404014
492,1,-0.9547295369557065,0.2974752279843521,45.36190226776522,11.020249385507766
493,1,-0.9547295369557065,0.2974752279843521,45.36186734349714,11.02025960124671
494,1,-0.9547295369557065,0.2974752279843521,45.36183435207103,11.020268527429968
495,1,-0.9547295369557065,0.2974752279843521,45.361800102084445,11.02027886008956
496,1,-0.9547295369557065,0.2974752279843521,45.36176709032733,11.020290042981259
497,1,-0.9547295369557065,0.2974752279843521,45.36173333488518,11.020300377143895
498,1,-0.9547295369557065,0.2974752279843521,45.36169927047822,11.020311192969983
499,1,-0.9547295369557065,0.2974752279843521,45.361666262596714,11.020321288787246
500,1,-0.9547295369557065,0.2974752279843521,45.361632138233574,11.020331659209248
501,1,-0.9547295369557065,0.2974752279843521,45.361598478428874,11.020342104604822
502,1,-0.9547295369557065,0.2974752279843521,45.36156428748022,11.020352844990372
503,1,-0.9547295369557065,0.2974752279843521,45.36153119304167,11.020363686137872
504,1,-0.9547295369557065,0.2974752279843521,45.36149750388077,11.020374621575295
505,1,-0.9547295369557065,0.2974752279843521,45.36146422009989,11.020384571350275
506,1,-0.9547295369557065,0.2974752279843521,45.36142990927691,11.020395507716104
507,1,-0.9547295369557065,0.2974752279843521,45.361396035708694,11.020405190818375
508,1,-0.9547295369557065,0.2974752279843521,45.36136336952398,11.020416180707223
509,1,-0.9547295369557065,0.2974752279843521,45.36132892946891,11.020426628528792
510,1,-0.9547295369557065,0.2974752279843521,45.361295488953594,11.020436859766072
511,1,-0.9547295369557065,0.2974752279843521,45.36126149198715,11.020446746250013
512,1,-0.9547295369557065,0.2974752279843521,45.36122669845498,11.020458194943823
513,1,-0.9547295369557065,0.2974752279843521,45.36119267893886,11.020468671821957
514,1,-0.9547295369557065,0.2974752279843521,45.36115958031471,11.02047978232279
515,1,-0.9547295369557065,0.2974752279843521,45.361127119525236,11.020488985339924
516,1,-0.9547295369557065,0.2974752279843521,45.36109356859433,11.020499748859047
517,1,-0.9547295369557065,0.2974752279843521,45.36105920858451,11.020510224594853
518,1,-0.9547295369557065,0.2974752279843521,45.36102616963847,11.02052141739531
519,1,-0.9547295369557065,0.2974752279843521,45.360992084630524,11.020531010633617
520,1,-0.9547295369557065,0.2974752279843521,45.360958457072556,11.020542930515141
521,1,-0.9547295369557065,0.2974752279843521,45.360925188549956,11.020551610446022
522,1,-0.9547295369557065,0.2974752279843521,45.36089054946065,11.020563625891423
523,1,-0.9547295369557065,0.2974752279843521,45.360857045114045,11.020572903601419
524,1,-0.9547295369557065,0.2974752279843521,45.36082369133155,11.020584222768576
525,1,-0.9547295369557065,0.2974752279843521,45.36078973674777,11.020594628936443
526,1,-0.9547295369557065,0.2974752279843521,45.360755052301855,11.020605629260341
527,1,-0.9547295369557065,0.2974752279843521,45.360722178017596,11.02061655704309
528,1,-0.9547295369557065,0.2974752279843521,45.36068924980626,11.020625395047594
529,1,-0.9547295369557065,0.2974752279843521,45.36065486424064,11.020637550681158
530,1,-0.9547295369557065,0.2974752279843521,45.360622114470395,11.020647298586757
531,1,-0.9547295369557065,0.2974752279843521,45.36058739930505,11.02065741836856
532,1,-0.9547295369557065,0.2974752279843521,45.360554310063954,11.020667526942274
533,1,-0.9547295369557065,0.2974752279843521,45.360520148870144,11.02067814291837
534,1,-0.9547295369557065,0.2974752279843521,45.360486457578965,11.02068850322002
535,1,-0.9547295369557065,0.2974752279843521,45.360452849300934,11.020700117577102
536,1,-0.9547295369557065,0.2974752279843521,45.360418968221225,11.020709476190845
537,1,-0.9547295369557065,0.2974752279843521,45.360385341369735,11.02072042997237
538,1,-0.9547295369557065,0.2974752279843521,45.36035076658322,11.020731214894184
539,1,-0.9547295369557065,0.2974752279843521,45.360318033344626,11.020741198236811
540,1,-0.9547295369557065,0.2974752279843521,45.36028516522308,11.0207516278058
541,1,-0.9547295369557065,0.2974752279843521,45.360251321449034,11.020762103280456
542,1,-0.9547295369557065,0.2974752279843521,45.36021718325728,11.020773460654086
543,1,-0.9547295369557065,0.2974752279843521,45.36018298121967,11.020783101948316
544,1,-0.9547295369557065,0.2974752279843521,45.36015009118097,11.02079427150812
545,1,-0.9547295369557065,0.2974752279843521,45.36011571363958,11.02080390634966
546,1,-0.9547295369557065,0.2974752279843521,45.36008260893505,11.020814390293186
547,1,-0.9547295369557065,0.2974752279843521,45.36004754028993,11.020825013476866
548,1,-0.9547295369557065,0.2974752279843521,45.360015438198715,11.02083504516518
549,1,-0.9547295369557065,0.2974752279843521,45.35998167265621,11.020846450604832
550,1,-0.9547295369557065,0.2974752279843521,45.35994742387939,11.020856572393782
551,1,-0.9547295369557065,0.2974752279843521,45.35991341162792,11.020866480725326
552,1,-0.9547295369557065,0.2974752279843521,45.359879881884474,11.020877900591932
553,1,-0.9547295369557065,0.2974752279843521,45.35984646489617,11.02088893100288
554,1,-0.9547295369557065,0.2974752279843521,45.35981258339784,11.02089933511943
555,1,-0.9547295369557065,0.2974752279843521,45.359778715595844,11.020909473163632
556,1,-0.9547295369557065,0.2974752279843521,45.35974515626545,11.020920088561498
557,1,-0.9547295369557065,0.2974752279843521,45.35971167,11.02093044
558,1,0.158371280329442,0.9873796319384015,45.35971252932857,11.020937461815066
559,1,0.158371280329442,0.9873796319384015,45.35971427616475,11.0209442232846
560,1,0.158371280329442,0.9873796319384015,45.35971404574388,11.02095257602981
561,1,0.158371280329442,0.9873796319384015,45.35971599104121,11.02095891173573
562,1,0.158371280329442,0.9873796319384015,45.3597171580789,11.020966132392319
563,1,0.158371280329442,0.9873796319384015,45.35971815854464,11.020972762755292
564,1,0.158371280329442,0.9873796319384015,45.35972039504268,11.020979866218388
565,1,0.158371280329442,0.9873796319384015,45.359721240486444,11.020986779646304
566,1,0.158371280329442,0.9873796319384015,45.35972113124655,11.020994284420052
567,1,0.158371280329442,0.9873796319384015,45.359722834448895,11.021001784136265
568,1,0.158371280329442,0.9873796319384015,45.35972416,11.02100831
569,1,0.954254113718882,0.2989968000674774,45.359753420623775,11.020999996289591
570,1,0.9540601432502421,0.2996151582636091,45.35978286888093,11.02099030677618
571,1,0.9538293957887356,0.3003489366208838,45.35981268484697,11.02098019466609
572,1,0.9535562184972604,0.30121510281724756,45.35984264963535,11.020969577219507
573,1,0.953234356216052,0.3022321328538195,45.35987232928817,11.020961792709567
574,1,0.9528569357375543,0.30341994004487977,45.35990116469833,11.020951615220488
575,1,0.9524164590190334,0.3047997516233336,45.35993061563112,11.0209420244289
576,1,0.9519048072519436,0.30639392606682037,45.35995998455241,11.020933057219976
577,1,0.9513132579513968,0.30822570503755736,45.3599889264281,11.020922808201448
578,1,0.9506325175257554,0.31031889504611937,45.360018318913305,11.02091243902464
579,1,0.9498527721366636,0.3126974756282744,45.36004805377784,11.020901759333174
580,1,0.9489637600537878,0.31538513297962717,45.360076188240406,11.020890984356978
581,1,0.9479548691201903,0.3184047206172089,45.36010496535221,11.020879914936586
582,1,0.9468152633273896,0.3217776516949023,45.360134873001684,11.02086833453117
583,1,0.9455340427842528,0.325523231023635,45.36016384988123,11.020856607991517
584,1,0.9441004414575969,0.3296579385356444,45.36019130569617,11.020845350676735
585,1,0.9425040668503075,0.3341946797461489,45.36021984018189,11.020832300931092
586,1,0.9407351851366421,0.3391420225302781,45.360248304714744,11.020819858017646
587,1,0.938785054064158,0.34450344303904407,45.36027636175502,11.0208066693918
588,1,0.9366463040426266,0.3502766065886894,45.360303752939764,11.020791606053901
589,1,0.9343133651939485,0.3564527116181885,45.360331388528095,11.020776727472546
590,1,0.9317829347146263,0.363015926061927,45.36035752668424,11.02076187624949
591,1,0.9290544747672342,0.3699429454861635,45.360385456097916,11.02074543313135
592,1,0.9261307264336902,0.37720270088561825,45.36041166712856,11.02072868101713
593,1,0.9230182203060846,0.38475624099290234,45.3604382338828,11.020712085330223
594,1,0.9197277594442729,0.39255680927429826,45.360463728535684,11.0206925277154
595,1,0.9162748461688728,0.40055012954461583,45.36048872911461,11.020674648702006
596,1,0.912680021016636,0.40867490654195154,45.36051501628543,11.020653763073321
597,1,0.9089690807030469,0.41686353921380287,45.3605402891001,11.020633730343206
598,1,0.9051731426010023,0.42504303536680316,45.360564032163715,11.020613562940854
599,1,0.9013285264199267,0.4331361073169536,45.360588518076334,11.020592768786809
600,1,0.8974764296370001,0.44106241989770884,45.360612148432686,11.020571787392585
601,1,0.8936623817359289,0.4487399552859838,45.36063683767035,11.02055025651624
602,1,0.889935473129405,0.4560864541574787,45.36066037845817,11.020528156823273
603,1,0.8863473671966263,0.46302089009418224,45.360683717845134,11.020505941634502
604,1,0.8829511173448206,0.4694649341319679,45.36070653504407,11.02048614854586
605,1,0.8797998244257689,0.47534436879002384,45.360731531172576,11.020464438340271
606,1,0.8769451821491032,0.48059041553642756,45.360754781963784,11.020443204230535
607,1,0.874435968301092,0.48514094585113265,45.360779826280236,11.020423094622206
608,1,0.8723165466929881,0.488941553118182,45.36080333899488,11.020403821983772
609,1,0.8706254481332513,0.4919464697126868,45.3608286788895,11.020384726943544
610,1,0.8693940979307168,0.494119320086996,45.360853545103616,11.02036642768293
611,1,0.8686457523977953,0.4954337057985338,45.36088002413366,11.020349841726796
612,1,0.8683946977669911,0.4958736218939017,45.360905401224585,11.020332841141371
613,1,0.8686457523977953,0.4954337057985338,45.360932997566046,11.02031842992417
614,1,0.8693940979307168,0.494119320086996,45.36096146517252,11.020306250501765
615,1,0.8706254481332513,0.4919464697126868,45.360990822845615,11.02029369906278
616,1,0.8723165466929881,0.488941553118182,45.36101865348317,11.02028151015694
617,1,0.874435968301092,0.48514094585113265,45.36105005751596,11.020272207360655
618,1,0.8769451821491032,0.48059041553642756,45.361079721702275,11.020266595538416
619,1,0.8797998244257689,0.47534436879002384,45.361112718439195,11.020258859791795
620,1,0.8829511173448205,0.4694649341319681,45.3611439122843,11.020252786380702
621,1,0.8863473671966262,0.4630208900941824,45.3611770347722,11.020249248371917
622,1,0.889935473129405,0.4560864541574787,45.36121091804165,11.02024659897846
623,1,0.8936623817359289,0.4487399552859838,45.361244728065714,11.020245107234604
624,1,0.8974764296370001,0.44106241989770884,45.361278581876,11.020245080163917
625,1,0.9013285264199266,0.4331361073169538,45.36131371621855,11.02024437420231
626,1,0.9051731426010023,0.42504303536680316,45.361348131157,11.020245533243093
627,1,0.9089690807030469,0.41686353921380287,45.36138315103123,11.020247008272158
628,1,0.912680021016636,0.40867490654195154,45.36141883744166,11.020250140607558
629,1,0.9162748461688728,0.40055012954461583,45.361452819489095,11.020252888322677
630,1,0.9197277594442728,0.3925568092742985,45.361487333436955,11.02025568340127
631,1,0.9230182203060845,0.38475624099290257,45.361523152077424,11.020258784131059
632,1,0.9261307264336902,0.37720270088561825,45.361557929173564,11.020261927234806
633,1,0.9290544747672341,0.36994294548616374,45.361592571206856,11.020264360458016
634,1,0.9317829347146263,0.363015926061927,45.36162693317422,11.020266908417538
635,1,0.9343133651939485,0.3564527116181885,45.36166051026737,11.020269862201213
636,1,0.9366463040426266,0.3502766065886894,45.36169427997556,11.020271383528307
637,1,0.9387850540641579,0.3445034430390443,45.36172768886697,11.020274143748695
638,1,0.9407351851366421,0.3391420225302781,45.36176182803969,11.02027362800752
639,1,0.9425040668503075,0.3341946797461489,45.36179443221847,11.020274342947243
640,1,0.9441004414575968,0.3296579385356446,45.361826940652215,11.020274055414843
641,1,0.9455340427842528,0.325523231023635,45.36185902366994,11.020272773427056
642,1,0.9468152633273896,0.3217776516949023,45.361890947340484,11.020271855196587
643,1,0.9479548691201902,0.31840472061720915,45.36192285927757,11.02026977508708
644,1,0.9489637600537878,0.31538513297962717,45.361955364818925,11.020267452500827
645,1,0.9498527721366636,0.3126974756282744,45.361986494701625,11.020263311812702
646,1,0.9506325175257554,0.31031889504611937,45.36201732721746,11.020259763558228
647,1,0.9513132579513968,0.30822570503755736,45.36204775254667,11.020255690198038
648,1,0.9519048072519436,0.30639392606682037,45.36207980312513,11.020249516774133
649,1,0.9524164590190334,0.3047997516233336,45.362110863354054,11.020244545865765
650,1,0.9528569357375543,0.30341994004487977,45.36214130721494,11.020239298968455
651,1,0.953234356216052,0.3022321328538195,45.36217188390587,11.020232533049935
652,1,0.9535562184972604,0.30121510281724756,45.36220256185436,11.020225604340737
653,1,0.9538293957887356,0.3003489366208838,45.36223284491404,11.020218541331978
654,1,0.9540601432502421,0.2996151582636091,45.36226123093639,11.020211447677221
655,1,0.954254113718882,0.2989968000674774,45.3622915548596,11.020203825733317
656,1,0.954254113718882,0.2989968000674774,45.36232427,11.02020208
657,1,0.096011835949402,0.9953801923675321,45.36232477291126,11.020205160906078
658,1,0.096011835949402,0.9953801923675321,45.3623247563415,11.020210585059726
659,1,0.096011835949402,0.9953801923675321,45.36232481520832,11.020213825804609
660,1,0.096011835949402,0.9953801923675321,45.36232669129402,11.020217785041504
661,1,0.096011835949402,0.9953801923675321,45.36232593950643,11.020222720102804
662,1,0.096011835949402,0.9953801923675321,45.362325987565875,11.020226146365005
663,1,0.096011835949402,0.9953801923675321,45.36232641677135,11.02022990625636
664,1,0.096011835949402,0.9953801923675321,45.36232764461359,11.020233647547471
665,1,0.096011835949402,0.9953801923675321,45.36232796906368,11.020238218520626
666,1,0.096011835949402,0.9953801923675321,45.36232787357213,11.020241387449488
667,1,0.096011835949402,0.9953801923675321,45.36232816647097,11.020246436854872
668,1,0.096011835949402,0.9953801923675321,45.36232918769366,11.020249871657336
669,1,0.096011835949402,0.9953801923675321,45.36232928,11.02025402
670,1,-0.9517694449728636,0.30681415159025344,45.36229572117067,11.020264431495175
671,1,-0.9517694449728636,0.30681415159025344,45.362262207935956,11.020275581276852
672,1,-0.9517694449728636,0.30681415159025344,45.36222942524494,11.020285997675243
673,1,-0.9517694449728636,0.30681415159025344,45.36219465357228,11.020296246116427
674,1,-0.9517694449728636,0.30681415159025344,45.3621624917122,11.02030675508594
675,1,-0.9517694449728636,0.30681415159025344,45.36212933098747,11.020318747629313
676,1,-0.9517694449728636,0.30681415159025344,45.36209508581621,11.020330871941061
677,1,-0.9517694449728636,0.30681415159025344,45.362060227375444,11.020341265782942
678,1,-0.9517694449728636,0.30681415159025344,45.36202824043499,11.020351440625742
679,1,-0.9517694449728636,0.30681415159025344,45.361993813865205,11.020362267708975
680,1,-0.9517694449728636,0.30681415159025344,45.3619610030961,11.02037293064815
681,1,-0.9517694449728636,0.30681415159025344,45.36192665097676,11.020383916536355
682,1,-0.9517694449728636,0.30681415159025344,45.361893327572055,11.020394042077308
683,1,-0.9517694449728636,0.30681415159025344,45.36186050671693,11.0204049805046
684,1,-0.9517694449728636,0.30681415159025344,45.361826617493456,11.020415969449083
685,1,-0.9517694449728636,0.30681415159025344,45.36179332273783,11.020426748238792
686,1,-0.9517694449728636,0.30681415159025344,45.36176028431145,11.020438101677199
687,1,-0.9517694449728636,0.30681415159025344,45.36172659294007,11.020448873003547
688,1,-0.9517694449728636,0.30681415159025344,45.361693205184395,11.020459163611946
689,1,-0.9517694449728636,0.30681415159025344,45.361658776947806,11.020469956501568
690,1,-0.9517694449728636,0.30681415159025344,45.36162524115601,11.020481278652637
691,1,-0.9517694449728636,0.30681415159025344,45.36159265360058,11.020490784161908
692,1,-0.9517694449728636,0.30681415159025344,45.36155798373684,11.02050299552689
693,1,-0.9517694449728636,0.30681415159025344,45.36152425737408,11.020514585584904
694,1,-0.9517694449728636,0.30681415159025344,45.36149162223675,11.020524500714933
695,1,-0.9517694449728636,0.30681415159025344,45.361458576004786,11.020535275576535
696,1,-0.9517694449728636,0.30681415159025344,45.36142508564405,11.020545880338613
697,1,-0.9517694449728636,0.30681415159025344,45.36139107557838,11.02055775758837
698,1,-0.9517694449728636,0.30681415159025344,45.36135777642436,11.020568220516214
699,1,-0.9517694449728636,0.30681415159025344,45.36132361186065,11.020577922457269
700,1,-0.9517694449728636,0.30681415159025344,45.36128994151708,11.020588525690055
701,1,-0.9517694449728636,0.30681415159025344,45.36125768648498,11.020599024383829
702,1,-0.9517694449728636,0.30681415159025344,45.361223494631204,11.020610727267604
703,1,-0.9517694449728636,0.30681415159025344,45.36119133790158,11.020621095849659
704,1,-0.9517694449728636,0.30681415159025344,45.361156847590735,11.02063218146193
705,1,-0.9517694449728636,0.30681415159025344,45.36112345168086,11.020643020263462
706,1,-0.9517694449728636,0.30681415159025344,45.36108948836193,11.020654659351445
707,1,-0.9517694449728636,0.30681415159025344,45.361056171945826,11.020664986324716
708,1,-0.9517694449728636,0.30681415159025344,45.36102278666675,11.020674772769134
709,1,-0.9517694449728636,0.30681415159025344,45.36098845836568,11.020686088052264
710,1,-0.9517694449728636,0.30681415159025344,45.36095525498323,11.020696578585992
711,1,-0.9517694449728636,0.30681415159025344,45.36092173129899,11.020707693729483
712,1,-0.9517694449728636,0.30681415159025344,45.36088847353799,11.020718240789007
713,1,-0.9517694449728636,0.30681415159025344,45.36085486393169,11.020729646636061
714,1,-0.9517694449728636,0.30681415159025344,45.360821697492966,11.020740708532873
715,1,-0.9517694449728636,0.30681415159025344,45.360788446967945,11.020750440578094
716,1,-0.9517694449728636,0.30681415159025344,45.36075457567989,11.02076191398198
717,1,-0.9517694449728636,0.30681415159025344,45.360720737381655,11.020772468342672
718,1,-0.9517694449728636,0.30681415159025344,45.360687224182215,11.020783348804073
719,1,-0.9517694449728636,0.30681415159025344,45.360654290888085,11.020794360200563
720,1,-0.9517694449728636,0.30681415159025344,45.36062052212197,11.020805051630592
721,1,-0.9517694449728636,0.30681415159025344,45.36058634684301,11.02081555081008
722,1,-0.9517694449728636,0.30681415159025344,45.36055331706836,11.020825381385045
723,1,-0.9517694449728636,0.30681415159025344,45.36052108516573,11.020837215260672
724,1,-0.9517694449728636,0.30681415159025344,45.3604866838844,11.020847917897592
725,1,-0.9517694449728636,0.30681415159025344,45.360452865570736,11.020858709197174
726,1,-0.9517694449728636,0.30681415159025344,45.360419622103095,11.020870588568341
727,1,-0.9517694449728636,0.30681415159025344,45.360386531564416,11.02088079580082
728,1,-0.9517694449728636,0.30681415159025344,45.36035177133089,11.020891428115734
729,1,-0.9517694449728636,0.30681415159025344,45.36031864393828,11.02090206792926
730,1,-0.9517694449728636,0.30681415159025344,45.36028614772653,11.020913077178669
731,1,-0.9517694449728636,0.30681415159025344,45.36025190784228,11.020923573575931
732,1,-0.9517694449728636,0.30681415159025344,45.36021852006271,11.020934257386724
733,1,-0.9517694449728636,0.30681415159025344,45.36018507425629,11.020945130690112
734,1,-0.9517694449728636,0.30681415159025344,45.36015138650096,11.020955971384215
735,1,-0.9517694449728636,0.30681415159025344,45.36011768882289,11.020967419139922
736,1,-0.9517694449728636,0.30681415159025344,45.36008425648853,11.020977501837821
737,1,-0.9517694449728636,0.30681415159025344,45.36005064486084,11.020988760893765
738,1,-0.9517694449728636,0.30681415159025344,45.36001801490222,11.020999264252533
739,1,-0.9517694449728636,0.30681415159025344,45.359984365933336,11.021009977429845
740,1,-0.9517694449728636,0.30681415159025344,45.359950845338965,11.021020495206331
741,1,-0.9517694449728636,0.30681415159025344,45.35991720041452,11.021031510996481
742,1,-0.9517694449728636,0.30681415159025344,45.35988332575802,11.021042428928942
743,1,-0.9517694449728636,0.30681415159025344,45.35984953797012,11.021053602382736
744,1,-0.9517694449728636,0.30681415159025344,45.359816534632884,11.021064932888578
745,1,-0.9517694449728636,0.30681415159025344,45.35978276730996,11.021075192546272
746,1,-0.9517694449728636,0.30681415159025344,45.35974926,11.02108572
747,1,0.08350296661483732,0.9965075286050383,45.35975003433713,11.021089366646768
748,1,0.08350296661483732,0.9965075286050383,45.35974947995755,11.021094356073803
749,1,0.08350296661483732,0.9965075286050383,45.359750877489816,11.02109609606669
750,1,0.08350296661483732,0.9965075286050383,45.35975055343079,11.021101331132224
751,1,0.08350296661483732,0.9965075286050383,45.35975163304867,11.02110503146466
752,1,0.08350296661483732,0.9965075286050383,45.35975055666521,11.021108493344522
753,1,0.08350296661483732,0.9965075286050383,45.35975143349361,11.021111804354613
754,1,0.08350296661483732,0.9965075286050383,45.35975177129848,11.021115977254043
755,1,0.08350296661483732,0.9965075286050383,45.35975163302808,11.021121069451496
756,1,0.08350296661483732,0.9965075286050383,45.35975161252919,11.021123596502202
757,1,0.08350296661483732,0.9965075286050383,45.35975310121852,11.021127123396926
758,1,0.08350296661483732,0.9965075286050383,45.35975336340901,11.021132018829505
759,1,0.08350296661483732,0.9965075286050383,45.35975335446346,11.021134163774457
760,1,0.08350296661483732,0.9965075286050383,45.35975329559514,11.021140197131103
761,1,0.08350296661483732,0.9965075286050383,45.35975457420876,11.021142840324623
762,1,0.08350296661483732,0.9965075286050383,45.35975457660162,11.021147086814064
763,1,0.08350296661483732,0.9965075286050383,45.35975508897041,11.021149802451468
