,Sin,Cosin,Lat,Lon
0,0.9534157644351733,-0.301659377653827,45.359672623883775,11.020596893160903
1,0.9542029299165093,-0.2991601051924355,45.35971496415551,11.020585018956984
2,0.958554458569181,-0.2849093714800276,45.359742979715776,11.020578992544266
3,0.9481938424587739,-0.3176923623936619,45.35976706778434,11.020560693187445
4,0.9523204520445727,-0.3050995847549135,45.35980499803088,11.020563416543446
5,0.952807186865388,-0.3035761266266925,45.35983590602284,11.020542541670002
6,0.9425263387359412,-0.3341318613796385,45.35986504040606,11.020536029280128
7,0.9557895866287242,-0.2940514684406332,45.35990164354354,11.020529711956659
8,0.9442397159729895,-0.32925880212873304,45.35993381775635,11.020523634207647
9,0.9545069070187058,-0.2981888067208153,45.359972316798924,11.02051544465303
10,0.9492938978150219,-0.3143900373280978,45.359998282546044,11.02049215941962
11,0.9466140894135674,-0.3223689900156691,45.36004107765056,11.020487040977462
12,0.9404309313267868,-0.339984798783464,45.360064572777645,11.020489378916821
13,0.9413792075404439,-0.3373502447168607,45.36009227508589,11.020473684447465
14,0.945021432730049,-0.327008396957701,45.360125467369194,11.020463889030204
15,0.9451085006151394,-0.32675667103366557,45.360168983743584,11.020472850238416
16,0.9373643273793555,-0.34835056732643416,45.36019036805565,11.020450795412813
17,0.9407819101525964,-0.3390123855106653,45.36023765180984,11.020452921549305
18,0.9453103404486066,-0.32617228613255833,45.360263634547636,11.020437414082531
19,0.9365455198253152,-0.35054598741838455,45.360301542867276,11.020436834833756
20,0.9232507015010908,-0.3841980507209058,45.36033372998519,11.02043258339578
21,0.9236743418998486,-0.3831784311725823,45.360367764229665,11.0204269181999
22,0.9073210548719012,-0.4204384656357461,45.36040002832751,11.02043370712112
23,0.9258043194751692,-0.378003124380102,45.360430659986896,11.02042973537138
24,0.9262479381419902,-0.37691478756837304,45.360457930498264,11.020424770949678
25,0.9202478026430001,-0.39133614927671817,45.36049696124806,11.020426797316315
26,0.9110162403108049,-0.41237047650136865,45.36054217129391,11.020429415685975
27,0.8858145439768508,-0.4640394311683911,45.360564662484016,11.020433740585815
28,0.8962854595289925,-0.4434775924856888,45.36060695076856,11.020429515843047
29,0.8974922936735993,-0.44103013819522796,45.36063528936717,11.02043607800487
30,0.9032356173943998,-0.4291449865373675,45.360681190779395,11.020452220435798
31,0.8976892013895266,-0.4406292065996466,45.36070638038007,11.02044202481003
32,0.8999255465982747,-0.4360435879356517,45.36074342237492,11.020451210836692
33,0.8750847683159123,-0.48396967700620047,45.36076465619921,11.020451052409202
34,0.8940971973586007,-0.44787297493317835,45.36081744097092,11.0204534187511
35,0.8780524331644128,-0.47856444144342175,45.36084880924959,11.02045880731468
36,0.8790916533053588,-0.4766527720352111,45.360881184754135,11.02045045828809
37,0.9010518708182887,-0.43371133959681285,45.36090789599578,11.020461137635348
38,0.882109456793964,-0.47104448434798357,45.3609576659148,11.020455789485222
39,0.8654328826273331,-0.5010248752979684,45.360981812679675,11.020455622807626
40,0.8812547182006103,-0.4726416418907277,45.361006535381534,11.020453683045863
41,0.8789726478259833,-0.47687218871913667,45.361054116937765,11.020438580836577
42,0.8659217219090688,-0.5001795392916761,45.361083984804814,11.02042857012167
43,0.8810413942374642,-0.473039175587081,45.36110386593467,11.020434720255098
44,0.8789613429448143,-0.47689302533026046,45.36114548541648,11.020425545307036
45,0.8619657188205343,-0.5069665665289966,45.36117871209247,11.020413610712891
46,0.8824204667799862,-0.47046160290484,45.36121372259863,11.020399931151085
47,0.9075844902886968,-0.4198694951855949,45.361235719527855,11.020380629583885
48,0.8965077738413738,-0.4430280029997925,45.3612820745536,11.020362631312416
49,0.9090326698523314,-0.4167248554395841,45.36130845916791,11.020351026526873
50,0.9057165237767836,-0.4238839210888978,45.36134369921263,11.02033854855743
51,0.9087629854005221,-0.4173126362404214,45.36137162999021,11.020303789348537
52,0.9062400609298508,-0.4227634704723911,45.36140648974631,11.020304051859334
53,0.9112923595734406,-0.4117599244500016,45.36143259979072,11.020276223241904
54,0.9191558858203865,-0.39389396740968324,45.3614596867255,11.020251066918775
55,0.9188457104558638,-0.3946169793316791,45.36148620591537,11.020232896764442
56,0.9268224462430161,-0.375499871025426,45.36153094997439,11.020202371491589
57,0.9299980905269277,-0.3675643503065392,45.361558706959904,11.020179869010663
58,0.9275699842102985,-0.37364946727127374,45.3615929428658,11.020157634828905
59,0.9328217240533339,-0.36033821769854757,45.36162120155889,11.020132933703843
60,0.9354605624556647,-0.3534310910066225,45.361652148241284,11.020112605669668
61,0.9464995052585563,-0.3227052626551171,45.361673081551075,11.02009558286315
62,0.9296391696252561,-0.3684711851671231,45.36169810001274,11.020070286624103
63,0.9370838262720299,-0.34910442927492635,45.36173085378694,11.020046521283334
64,0.9392047844371303,-0.3433575001225452,45.36175323813938,11.0200382929033
65,0.9439956111754519,-0.32995800654247637,45.361786579289166,11.020010932897746
66,0.9480110381629947,-0.3182374451900987,45.36182121348567,11.019998118219322
67,0.948827182532676,-0.3157957847836225,45.3618466904638,11.019977605594448
68,0.9445244622476562,-0.32844107571340075,45.36187517345227,11.019958693384213
69,0.9405217525324052,-0.3397334734955818,45.36191335569482,11.019940210738365
70,0.9521253881318462,-0.3057077775830721,45.36194714204515,11.019931447032839
71,0.9510141907075896,-0.30914722879687645,45.36197084468684,11.019922718264006
72,0.9494015244513804,-0.3140648744597126,45.36199563441514,11.019903991913207
73,0.9594021790289218,-0.2820415906822196,45.3620297322944,11.019897084452353
74,0.9538126892977183,-0.3004019869019749,45.3620556997211,11.0198770536403
75,0.9423975467730823,-0.3344949384311759,45.36209966249681,11.01984866246671
76,0.9525732613113257,-0.3043093521972416,45.36212190270975,11.019842481657454
77,0.9543923695368022,-0.29855519585150087,45.36216314574479,11.019830514030534
78,0.953932768035154,-0.30002045608389594,45.3621846837728,11.019823548711836
79,0.9559298061804368,-0.29359530932191774,45.36223232264414,11.019810622624219
80,0.12843390742795485,0.9917180705335501,45.36225307446799,11.019794081881223
81,0.13757302332813165,0.9904916270480822,45.362248742537204,11.019805104804988
82,0.14555278155398124,0.989350487836287,45.362257277895274,11.019809726145802
83,0.13488639686616713,0.9908610699489928,45.362252414082036,11.01981058595949
84,0.13746298596725043,0.9905069043116093,45.36225611423832,11.019818888315104
85,0.12214304470888405,0.9925125070392028,45.36225799756625,11.019831388452882
86,0.13585988815902897,0.9907280609680015,45.36227146411962,11.019837795333626
87,0.13053040510158279,0.9914443067283288,45.362254433422706,11.019835539470117
88,0.12480325946100133,0.9921815088117244,45.362267765468765,11.019849641256185
89,0.1181178855469625,0.9929995796141682,45.362267701699075,11.019851796835532
90,-0.9660483793235457,0.2583612370429256,45.36226715511667,11.019859510885894
91,-0.9510749461334947,0.30896026740856175,45.362239828536886,11.019872635713973
92,-0.9560790036670431,0.29310909018151277,45.36220265202936,11.019881735838105
93,-0.9517106426538202,0.3069965026827708,45.36217856282953,11.019885524701678
94,-0.9503288663226716,0.31124756357900357,45.36213574965018,11.019902685312282
95,-0.9560562808506455,0.29318319843748153,45.36210564692373,11.019912753086967
96,-0.9564309893588288,0.29195849464280355,45.362075748985966,11.019924480636385
97,-0.9526400013766324,0.3041003580680724,45.36204555853808,11.019928767532496
98,-0.9628865621846872,0.2699064066748964,45.362003490854654,11.019945289978766
99,-0.9592886455147385,0.2824275032402094,45.36198465074007,11.019951896520809
100,-0.9547191333023678,0.29750861585234073,45.36194592183277,11.019960124768813
101,-0.9694049918500567,0.2454668241864703,45.361917639616436,11.019981380306632
102,-0.957921875481192,0.2870290585891884,45.36187571514035,11.019989388782182
103,-0.959989318041326,0.2800366212597019,45.361858437944534,11.020009633739974
104,-0.9595636163636345,0.28149185805479987,45.36181997422964,11.020016787661193
105,-0.9590240831880227,0.283324562763931,45.361786535342226,11.020033090344553
106,-0.963943467394945,0.2661071056296894,45.36176239401451,11.020045196606757
107,-0.9689501742252029,0.24725606133914863,45.36172361588385,11.020054639059488
108,-0.9689827651638805,0.24712830840549205,45.36169540198605,11.020077960424072
109,-0.9746550318400772,0.22371313977685398,45.361671143216064,11.020095087573178
110,-0.9748366926295546,0.22292021600355394,45.36164203122463,11.020109313840122
111,-0.974705001578174,0.22349532410878736,45.36161623174826,11.020131643593023
112,-0.977989231588736,0.20865536872190432,45.361574627768825,11.020139863617937
113,-0.975849069875813,0.21844585787446405,45.36155329948679,11.020168745990315
114,-0.9830618279545442,0.18327422737163582,45.361520598262764,11.020187419280756
115,-0.9811854000026524,0.19306789174182992,45.36149006535695,11.02020777941344
116,-0.9867384363521988,0.16231838535796744,45.36145986448097,11.020222478655631
117,-0.9881760838982114,0.15332327680947572,45.36143811750919,11.020248184751571
118,-0.9934782897656136,0.11402143554784552,45.36141668788622,11.020273818696122
119,-0.9887282318976569,0.1497213526806819,45.36138876974827,11.020293828197307
120,-0.9878320173869195,0.15552461356739886,45.36136328112583,11.020328273224782
121,-0.9928647657182865,0.1192457839723153,45.361340887809504,11.020340258200427
122,-0.9933746417009851,0.11492093467005664,45.36131578489206,11.020369782163998
123,-0.995720219729691,0.0924188510070088,45.36128304261385,11.02038489271294
124,-0.9934812817225401,0.11399536335719498,45.36125541852824,11.020411010836629
125,-0.9934560591961545,0.11421496594775446,45.36122673534259,11.020425602818763
126,-0.9943997597518688,0.1056840470715696,45.36120949760232,11.020451137706472
127,-0.9961073054786402,0.08814894197937297,45.36117818079475,11.020478301250279
128,-0.993633493763068,0.11266090747104376,45.36115316378032,11.020500470340885
129,-0.994770718865013,0.1021333289812159,45.36111428407405,11.020510890118617
130,-0.9968999090142214,0.0786801843378439,45.36110465907283,11.02053228224446
131,-0.9933137700622366,0.1154458929747873,45.36106587849448,11.020552116055992
132,-0.9949541252671045,0.10033089561033069,45.361034243025784,11.020562446510317
133,-0.9937287054603586,0.11181797683771555,45.361005909878685,11.020570454525542
134,-0.9963519030681652,0.08533982219600314,45.360970988912,11.02059190353845
135,-0.9918937316788876,0.12707015800781418,45.360933534025975,11.020596406175915
136,-0.9930392407760299,0.11778398141923223,45.36089866284023,11.020609338763048
137,-0.9903633183974715,0.13849367340333085,45.36086127973847,11.02060537663632
138,-0.9862946948622414,0.16499325709433715,45.36083414065145,11.020624554281135
139,-0.9867826267349519,0.16204952198037692,45.36079673834779,11.020621171453664
140,-0.9867162414899254,0.162453251060098,45.360757723334906,11.020631984303373
141,-0.9829385336508567,0.1839343335658233,45.36072123043942,11.020623668816285
142,-0.9887634957105306,0.1494882923519147,45.360681667167675,11.020624606964251
143,-0.9804224039976194,0.1969058397801569,45.36064340858842,11.02062776985469
144,-0.9796432110852638,0.20074655407890174,45.3606149628276,11.020627382653409
145,-0.9771070557075613,0.21274821194665944,45.36056780668844,11.020611994011652
146,-0.9794371976624184,0.20174928955311983,45.3605277711443,11.020611507356039
147,-0.9789100966175325,0.20429151411708998,45.36049310002904,11.020614916398081
148,-0.9706171488715122,0.24062907205185466,45.360458813372354,11.020615766580555
149,-0.9714618817797922,0.23719572561255195,45.36040460598872,11.020607945326045
150,-0.9659572387527795,0.25870178372231173,45.36037097415532,11.020605471744684
151,-0.9693812901814501,0.24556040854776903,45.36034335345222,11.020608033257696
152,-0.9636809205170433,0.2670563300718109,45.360299733941645,11.020595891772643
153,-0.9607790340111808,0.27731506955905283,45.36026955144145,11.020604665940951
154,-0.9623068684329491,0.271965973913596,45.36023776429859,11.020602972107335
155,-0.9621081321479913,0.27266819039760265,45.3601850500709,11.020593591596818
156,-0.9631992595057498,0.268788367470721,45.36015751446506,11.02060143766993
157,-0.9646489957558578,0.2635380712292153,45.36012188411998,11.020603891945777
158,-0.9519569648795523,0.3062318354079322,45.36009225108671,11.020606409583815
159,-0.959203896332397,0.28271520167961983,45.360051590355184,11.020615489047016
160,-0.9589170130489082,0.28368673230406827,45.36002667555415,11.02062081115916
161,-0.9553129378236555,0.2955963308749562,45.35999056137455,11.020618151007021
162,-0.9546510828255981,0.2977269051663168,45.35994032893469,11.0206204857082
163,-0.9493673449775489,0.3141681783540141,45.35991645999445,11.020622590289111
164,-0.9455196917499104,0.3255649129024112,45.359883218365354,11.020627221972175
165,-0.9626857556303013,0.27062175800647614,45.35985472469262,11.02063502216861
166,-0.9571164583219881,0.28970344355767325,45.359821205963385,11.020650732092225
167,-0.9576498206293766,0.28793544597448006,45.359780055331896,11.020653995435794
168,-0.9551486621973134,0.29612671798181667,45.35975336045179,11.020669949296014
169,-0.9642407457142663,0.2650278934459457,45.35970796113688,11.020677803514399
170,0.14793994039315758,0.9889963468266548,45.35968595724199,11.020673568048137
171,0.1365991169838488,0.9906264085109142,45.35969049709873,11.020680235157286
172,0.139311814550226,0.9902485639104575,45.35968312333016,11.02068463962165
173,0.12357741085472303,0.9923349351536723,45.35968447450593,11.020702983510327
174,0.1303368634300566,0.9914697685916676,45.35968389487023,11.020694020005315
175,0.13918473650559973,0.9902664334025801,45.35968588095441,11.020701355789956
176,0.1386434479028776,0.9903423621927935,45.35968408471882,11.020709729252566
177,0.12734692708495998,0.9918582359198405,45.35968521320563,11.020712041065815
178,0.12518903263666398,0.9921329074814,45.35968181053324,11.020715917528332
179,0.15996084311500208,0.9871233604114218,45.359681763359404,11.02072646023222
180,0.9514349271825628,-0.307849929896226,45.35968085808655,11.020737747209454
181,0.9509792707791805,-0.30925463060122166,45.35971488076501,11.020736076229827
182,0.9585100017133568,-0.2850589002565272,45.35974436215753,11.020719275224495
183,0.9561747308326366,-0.2927966600170414,45.35977947100339,11.020707179954977
184,0.9573992398283425,-0.28876754591905207,45.35981374820628,11.020692646146331
185,0.9486591732917048,-0.3163001310930795,45.359852899310184,11.020688478187362
186,0.9555195446835419,-0.29492778731031216,45.35988118190027,11.02067354040725
187,0.947910940169604,-0.3185354760568711,45.359907406859335,11.020668260666422
188,0.9501893881382832,-0.3116731086722031,45.35994278366134,11.02066213143962
189,0.9503534151450883,-0.31117259892552773,45.359978886721365,11.02063979283831
190,0.9568201411386331,-0.29068061082818397,45.36001474144426,11.02064024735345
191,0.9481863084648319,-0.31771484768552244,45.36004168274969,11.020637541570865
192,0.9514396644316606,-0.3078352886628967,45.360079652326185,11.02062616947629
193,0.9530638996435571,-0.3027692243214555,45.36009956702148,11.020622724604417
194,0.9575995756061392,-0.28810250397895215,45.360140526406326,11.020602512363773
195,0.950185326818054,-0.31168549003710116,45.3601695329723,11.020598898454688
196,0.9487233488795698,-0.3161075881574723,45.36019918261427,11.020588889375276
197,0.9392342622113619,-0.3432768571987904,45.360231603067675,11.020587166323919
198,0.9337125202290363,-0.3580236438666328,45.360269161770304,11.020582004929809
199,0.9290365513002952,-0.36998795432831866,45.36030278118387,11.020570719379874
200,0.9426706882708115,-0.33372439748246546,45.36034223386267,11.020569939396143
201,0.9305879229532853,-0.3660684603369844,45.36038346284786,11.02056692946002
202,0.9257327352399837,-0.3781784008971139,45.360403771077586,11.02056370756428
203,0.9264605886987795,-0.3763917873544944,45.36045288100823,11.020553187723653
204,0.9302996755449772,-0.36680037306539137,45.36046693500792,11.020553344566551
205,0.9165436821247916,-0.3999345930988328,45.36050823348868,11.020555920357433
206,0.9096531095656761,-0.415368776218791,45.36054240887841,11.020564185343407
207,0.9240315386186269,-0.3823162508161183,45.36058171402148,11.020561636640748
208,0.9027740320401313,-0.43011515559673547,45.360617694080865,11.020560382933
209,0.9049795789324778,-0.42545500551197546,45.36065224415243,11.020556713631622
210,0.9046019392531888,-0.4262573536015188,45.36068696587987,11.020558274188604
211,0.9137465136543307,-0.4062847631705577,45.36071647277042,11.020556533076105
212,0.9029721873765131,-0.42969899793282657,45.36075271033884,11.020568536801042
213,0.8823255214281056,-0.4706396437154668,45.36079418449043,11.020561132081724
214,0.9082973274838081,-0.4183251903552687,45.36081795682947,11.020569349211058
215,0.872214245074939,-0.4891240238307193,45.36085946257026,11.020566626555118
216,0.8872607521454522,-0.46126820582204275,45.3608965963871,11.020568080956961
217,0.8902510495398734,-0.4554701623522158,45.36093234927771,11.020558327106189
218,0.880996202702023,-0.4731233357430345,45.360950951955864,11.020555954464982
219,0.8796540711006448,-0.47561404015867936,45.3610017635009,11.020565051059567
220,0.8811365466235794,-0.47286191029123137,45.36103771310519,11.020548518189369
221,0.8800003742669741,-0.4749729900636305,45.36105800519635,11.020551571188228
222,0.8929850350729549,-0.45008635519837026,45.361096420658576,11.020539530267481
223,0.8822510709245494,-0.4707791922467323,45.361147077083956,11.020535991936601
224,0.9050498683273951,-0.4253054618042952,45.36116288774566,11.020524672797427
225,0.9011113517165502,-0.43358774406983847,45.36119987312784,11.020507546803932
226,0.9007703205122313,-0.43429578593890605,45.36122991985282,11.020503502214266
227,0.9087884591482143,-0.41725715873908564,45.3612653582195,11.020486570035278
228,0.8964709410423048,-0.443102529745345,45.36129567198041,11.020469947663482
229,0.9053477978865111,-0.42467089005728315,45.36131704677329,11.020463256394779
230,0.9009080381490606,-0.434010030757828,45.361359255419835,11.020436686967692
231,0.9213511306543474,-0.3887313906053328,45.36139063319557,11.020420577159035
232,0.9299667650379363,-0.36764359905331667,45.36142072469313,11.020399662263989
233,0.9250740356983991,-0.3797868197774602,45.3614436705692,11.020382725244744
234,0.9313825343968742,-0.36404199568244244,45.36148405081634,11.02036061266557
235,0.9257004024226103,-0.37825753786886696,45.36150822190647,11.020327971002803
236,0.9373208312077621,-0.34846758727891736,45.36153173975673,11.020317085370815
237,0.9183775097656903,-0.3957053822688913,45.36157874159427,11.020299115652325
238,0.9365430782985678,-0.35055251031912865,45.3615967238314,11.02028160550399
239,0.9270528823678112,-0.3749305979691882,45.36163283096408,11.02025378686867
240,0.940943889109615,-0.33856254599006164,45.361659462720056,11.020232013998294
241,0.9411491064782861,-0.33799165577736345,45.36168956144291,11.020199363914134
242,0.928455905609075,-0.37144263532829996,45.36171466236118,11.020198020698555
243,0.9376068754317981,-0.34769720611908955,45.36174436177828,11.020175272888126
244,0.9434907289513575,-0.33139892031030505,45.361777112607406,11.020153866463412
245,0.9432235927673271,-0.33215847730728687,45.36180378310407,11.020130176596956
246,0.9424640730444687,-0.33430744984285127,45.36183789974574,11.020115815875652
247,0.9481537480329802,-0.31781200432175594,45.361872303375236,11.020101644739189
248,0.9410470287854424,-0.33827575971992246,45.361903204966346,11.020082270330994
249,0.9538693418497562,-0.3002220489556237,45.36193570374218,11.020063519935782
250,0.9501186967485544,-0.3118885411310081,45.36196145412087,11.020043582980112
251,0.9550433084774577,-0.29646632006423884,45.361986521623294,11.020036694664503
252,0.952337618136433,-0.3050459983055431,45.36202368178281,11.02003213886288
253,0.9454069953068966,-0.3258920269426447,45.36206346574717,11.020020168158245
254,0.9566932523723715,-0.2910979575077332,45.36208198271023,11.019999729860006
255,0.9425992987399956,-0.3339259828388151,45.362126747471585,11.019986891111765
256,0.9466617109985314,-0.32222911868627446,45.36215310319268,11.019975983240526
257,0.9546688937845621,-0.2976697889275304,45.36218038423973,11.01996267244193
258,0.9429494875907793,-0.3329358254262923,45.362211931117926,11.019948823265896
259,0.9501579626496709,-0.31176889840621785,45.362247188867585,11.019931339787025
260,0.10933529849991618,0.994004925793597,45.36227811218928,11.01991888741854
261,0.13300951352362608,0.9911147609193439,45.36228440020584,11.019925792679272
262,0.1441072093790334,0.9895620810262423,45.362277437105504,11.019933161128755
263,0.1433755201299533,0.9896683587078378,45.36228396483217,11.019940868168876
264,0.16371249877865732,0.9865080930958692,45.36227437527766,11.019940677649938
265,0.15335674016480136,0.9881708912156973,45.36229031482269,11.019961078121115
266,0.13125440151021353,0.991348718708102,45.36227790191728,11.019956831859691
267,0.14729682781995856,0.989092333664647,45.362282581613215,11.019967136740046
268,0.12136742823995118,0.9926076502638997,45.362275843001754,11.019973690510362
269,0.11883003187428381,0.9929146103894114,45.36227146027146,11.019987229209503
270,-0.9519226007815008,0.30633863961535013,45.36228312522278,11.019984873251872
271,-0.9552891178714031,0.2956733015956572,45.36225136853739,11.019993192257708
272,-0.9510740860207743,0.3089629150881202,45.36221263358746,11.020010269098792
273,-0.9557385261105119,0.2942173851221344,45.36218242636113,11.020017347409256
274,-0.9577863481706368,0.28748097547134455,45.36214833990208,11.020016578842892
275,-0.9571675672225766,0.2895345372442022,45.362123313250756,11.02003715933958
276,-0.9599622844751421,0.280129277986551,45.362095423243765,11.020054493579929
277,-0.9602697259819584,0.27907356263633176,45.36206679280252,11.020060454516525
278,-0.9480821331983439,0.3180255787041001,45.36201957654701,11.020064687096838
279,-0.962681692316602,0.2706362120604767,45.36199325342326,11.020079763795607
280,-0.9475497736674977,0.3196082389780869,45.36196026019903,11.020087657169416
281,-0.9450348511844002,0.32696961639711797,45.361925102407255,11.020096211127756
282,-0.95228617209367,0.3052065635584942,45.36190222873716,11.02010764395121
283,-0.9552436724611839,0.295820090972318,45.36186713410572,11.02010635968332
284,-0.9591777141541451,0.2828040181292147,45.361830985737676,11.020124398616629
285,-0.9490498776241907,0.3151258951300394,45.361795599306326,11.02013076177257
286,-0.9559783935290496,0.2934370649826255,45.361770785660575,11.020144736374347
287,-0.9457418020881422,0.3249191342212293,45.36172821382676,11.020153743808185
288,-0.9455631623689854,0.32543863625999253,45.36169671610238,11.020163855904629
289,-0.9549481602595453,0.2967726591465422,45.36167084874545,11.02017719310693
290,-0.9555059243709807,0.2949719113609933,45.36164123415769,11.020182936176276
291,-0.9477396334849686,0.3190448042544767,45.36161935187663,11.02020419281266
292,-0.9604594547824861,0.2784198910259999,45.3615785698707,11.020201636658808
293,-0.9514613903888713,0.307768131227513,45.361544783760266,11.020211866742693
294,-0.9518128662081288,0.30667942174307494,45.3615122431231,11.020227381128699
295,-0.9466381154897044,0.32229843049897244,45.36147488746011,11.020237063960703
296,-0.9597041994437734,0.2810121875826493,45.36144069115945,11.020248708607694
297,-0.9386282858809251,0.34493034216235086,45.36141128386718,11.02025726158817
298,-0.9538101802523898,0.3004099533086472,45.361387777673094,11.020277954355594
299,-0.9514170102719925,0.3079052980464989,45.361344649418996,11.020271523838884
300,-0.958125660164541,0.28634807373939564,45.36131685779696,11.020288451241907
301,-0.9493634023483097,0.31418009211540016,45.361282879631005,11.020300232111735
302,-0.9531471502879137,0.3025070410718223,45.36124891684923,11.020304069111393
303,-0.9570039422625972,0.29007491186562057,45.36122367395196,11.020321022679349
304,-0.9506715916263742,0.3101991696871165,45.36119733212912,11.02033607812327
305,-0.9483858382624666,0.3171187502863848,45.361147890013044,11.020346389316256
306,-0.9602999046631632,0.27896969925767856,45.36112609367238,11.020351046023887
307,-0.9570903021641192,0.2897898436857217,45.36109108950065,11.020354055393387
308,-0.9506228099057298,0.3103486318431818,45.36105979414952,11.020371699921554
309,-0.9537220428967202,0.3006896487957417,45.36101758544389,11.020383090265693
310,-0.9464303743072352,0.32290795374017467,45.360995660750696,11.020387751630707
311,-0.9587644445307972,0.2842019350805898,45.36096267149629,11.020402590336063
312,-0.9508893167204023,0.3095311088517701,45.36092829336648,11.020406868377217
313,-0.9539144136951726,0.3000788085563442,45.36090263613989,11.020425297595478
314,-0.9562855701810731,0.29243445122533024,45.36086166386292,11.020431866987263
315,-0.9580094342586172,0.2867366803732724,45.360835086085736,11.020443639187071
316,-0.9488752700303176,0.3156512663128279,45.360796330634884,11.020451120247333
317,-0.9514584216585616,0.30777730886957655,45.36075693629818,11.020467585641631
318,-0.9631766183507379,0.26886948853009907,45.36072728134454,11.020477337005566
319,-0.9613304568931839,0.275397444885646,45.360696900685674,11.020476037258964
320,-0.9441023728456912,0.32965240722181216,45.36067054900742,11.020495851887107
321,-0.9521963934919772,0.30548654343664927,45.36062600230036,11.020516141952765
322,-0.9621279697418972,0.27259818385369894,45.36060034374988,11.020514018050017
323,-0.9568201989141534,0.29068042065106486,45.360561038911115,11.020519957737749
324,-0.9547013905204635,0.29756554729721896,45.360544139601885,11.020529475369344
325,-0.9563537119880496,0.2922115288052109,45.36050246248361,11.020537045859268
326,-0.9474419858719753,0.31992762213814524,45.36047699772131,11.020552964945274
327,-0.950918794970986,0.3094405360823431,45.36043979199137,11.020556071794646
328,-0.9501723603087073,0.3117250161687059,45.360413248913744,11.020578658698048
329,-0.9524074700289368,0.30482783834991156,45.36038001745206,11.020585136480118
330,-0.9604574593716395,0.2784267744621112,45.36034782462112,11.020600365306207
331,-0.9491204786112385,0.3149131897535788,45.36031131867741,11.020606542079996
332,-0.9465129881743043,0.3226657143505477,45.36028098609453,11.020612823890223
333,-0.9589259627454202,0.28365647881331557,45.360251498245546,11.020622147593096
334,-0.9566758957688659,0.2911549938689667,45.36021371621014,11.020616624015684
335,-0.9557467100006488,0.2941907991813064,45.360182815996495,11.020641482486797
336,-0.9523052822183633,0.30514693093492423,45.360153622276535,11.020653260338436
337,-0.957308764333074,0.2890673446293838,45.3601230117836,11.020656985021722
338,-0.9536441071070426,0.3009367325203279,45.36008172336984,11.020668618556451
339,-0.9456682631986039,0.3251331050184465,45.360056133607934,11.020680803546467
340,-0.9549800636141044,0.2966699817972846,45.36001420531004,11.020702805777203
341,-0.947938481748713,0.31845350495785857,45.35999595730355,11.020707203437897
342,-0.9564447924016216,0.2919132732299423,45.35996449405278,11.020713797873405
343,-0.9528071338618814,0.303576292983999,45.35992009813919,11.02072261810414
344,-0.9501164325578396,0.31189543854241303,45.359893122622665,11.020731366874186
345,-0.9537970684858008,0.3004515803717672,45.35986279148257,11.020749662419012
346,-0.9525696557011865,0.30432063853331254,45.359826533347224,11.020753741715671
347,-0.9535936095894011,0.30109670830192886,45.359794342221456,11.020756397132924
348,-0.9598159543115002,0.2806302440028588,45.35976729837203,11.020761469050685
349,-0.9555253532290442,0.2949089678807859,45.359726875849915,11.020774203023821
350,0.12741306171706748,0.9918497425033101,45.3596996558901,11.020791183264434
351,0.13254103169084874,0.9911775193769911,45.359702290389166,11.020807186701077
352,0.12143378878498486,0.9925995340223185,45.359701751072535,11.020808455577379
353,0.1526485932735342,0.9882805305031619,45.35971093462084,11.020821028766324
354,0.13781099700837848,0.9904585448687677,45.35969004939894,11.020824720296266
355,0.16343923310603287,0.986553403056171,45.359704617893144,11.020831867002627
356,0.1358969606510884,0.9907229764600176,45.35969502269739,11.02084376676746
357,0.13260256761057226,0.9911692888014053,45.3597002130518,11.020861680070055
358,0.14502173696498152,0.9894284692728725,45.35970530861852,11.020855362558896
359,0.13897352718252737,0.9902960964996517,45.3597066955842,11.020877562365179
