,Sin,Cosin,Lat,Lon
0,0.9483252220287832,-0.3172999736275739,45.359666671803915,11.020592292052957
1,0.9470994106206461,-0.3209403471083448,45.35969800576237,11.020586542731674
2,0.9370922770741019,-0.3490817443638017,45.359731442840285,11.020575434560211
3,0.9520949585724632,-0.30580253409823077,45.35975993786268,11.02055727802584
4,0.9490396230023879,-0.3151567768135178,45.35979071316666,11.020544393069322
5,0.9566619936436488,-0.29120066950087753,45.35983318402472,11.020546669582286
6,0.9531767021701758,-0.30241391244449717,45.359852092008204,11.020529918034265
7,0.9539521984305848,-0.2999586690020048,45.35988918286543,11.020524116735626
8,0.958611773526223,-0.2847164688895066,45.359923287292,11.020516131353988
9,0.950034804888693,-0.31214398840936064,45.359950227673686,11.020505847373824
10,0.9501666522227653,-0.3117424145088099,45.35998343327342,11.020492831789987
11,0.9547358596625105,-0.2974549348632276,45.36002986438237,11.020479930187301
12,0.9577851458228374,-0.28748498124445765,45.36005549617521,11.02048124010217
13,0.9543409224530585,-0.2987196072095794,45.36007665100935,11.020462474900205
14,0.9548263113287773,-0.2971644581612694,45.36011982483054,11.02045457612488
15,0.9550934188834154,-0.2963048450592546,45.360146926019674,11.020444462634877
16,0.9553189721277644,-0.29557682840972455,45.36018697488905,11.020427677474249
17,0.9487268697472746,-0.3160970208963347,45.360215430333035,11.020419053534956
18,0.9558651269442909,-0.2938058186826371,45.36025625351932,11.020412329100768
19,0.9468036080879769,-0.32181194463784063,45.360284197528145,11.0204062716761
20,0.9465969240298039,-0.32241939057276586,45.360311355766974,11.02039662324363
21,0.947813771459832,-0.3188244887568854,45.36034346919618,11.020390955747203
22,0.9584273559168223,-0.28533664929393315,45.360376388198006,11.020372914320088
23,0.9620185383511661,-0.27298412383998794,45.36041351154045,11.020358514145032
24,0.9592444567431633,-0.2825775507847599,45.36044095000047,11.02035344727473
25,0.9540690667281355,-0.29958674188372303,45.36047692819362,11.020343385032941
26,0.9616701087580883,-0.27420904784708805,45.36050199199265,11.02033685063305
27,0.9565740708082496,-0.29148936010999416,45.36052636598765,11.020315546509432
28,0.9552297780547027,-0.29586495418951453,45.36057666810676,11.020313143455958
29,0.9573451074233159,-0.2889469593067899,45.36060485385092,11.020303503217058
30,0.9549595163350557,-0.296736115363662,45.360639675106015,11.020304968462156
31,0.9592712244028456,-0.28248666876981193,45.360667103764754,11.020290757217438
32,0.9588223843906475,-0.28400639991280735,45.36071238863167,11.020276785099268
33,0.9504681953669603,-0.31082182934258956,45.36073682816636,11.020269095278154
34,0.9499039287298865,-0.3125420390659899,45.360767288059286,11.020251965716758
35,0.9584111997459583,-0.285390911210418,45.36080004113805,11.020240406288659
36,0.9417551649646618,-0.3362992852540465,45.3608321807848,11.020234507013809
37,0.9552671728723746,-0.29574419424972787,45.36086388837576,11.020222443355438
38,0.9491053626228417,-0.31495874434688126,45.36089034909929,11.020212167470593
39,0.9536885982791655,-0.30079570727043387,45.36093515729305,11.02020966643648
40,0.9514186692055971,-0.30790017195034247,45.36096405876765,11.020201068522356
41,0.9524174059589458,-0.30479679267740456,45.36098614060887,11.020185373373739
42,0.9595158805477073,-0.2816545312555045,45.36102552919957,11.020182492814396
43,0.9458757140747833,-0.3245290950338949,45.36106160909722,11.020165725360009
44,0.9498120270268676,-0.3128212162164082,45.36108897414513,11.020153997451306
45,0.9546169156854845,-0.2978364388168993,45.36112785305154,11.020144901860876
46,0.9404073448953417,-0.3400500340639505,45.36115775072054,11.020141363721958
47,0.9401686344662182,-0.34070946386316686,45.36118105744079,11.020127132721552
48,0.9414330733149128,-0.3371998939336103,45.36121952186579,11.020112595457084
49,0.9570570933819839,-0.28989949983956287,45.36125142168798,11.020098756264787
50,0.9487931282049977,-0.31589808462694846,45.36128813160392,11.020095388793406
51,0.9473777820358791,-0.3201176941451042,45.36130878432877,11.020083369026393
52,0.9437184766854756,-0.33074980992049785,45.36134641000581,11.020068973064923
53,0.9536201147920736,-0.3010127516633678,45.361382976296824,11.020070145322672
54,0.9599523075278142,-0.28016346526987534,45.361410345915615,11.020056758615196
55,0.9537683276043861,-0.30054280437024655,45.36145350872726,11.020056086276648
56,0.9564226854359523,-0.2919856961967169,45.361480468342904,11.020051547999918
57,0.9567243411853084,-0.2909957645457019,45.36150818983607,11.020027612325043
58,0.961473419988077,-0.27489791315401224,45.36154459805161,11.02001743582035
59,0.9553098428698376,-0.2956063330106551,45.36157461562152,11.020009930586431
60,0.9516350025666211,-0.3072308934499051,45.361602232305266,11.019997331293663
61,0.9523830072177228,-0.30490425966674667,45.36164423742897,11.02000039351954
62,0.9476700022355216,-0.3192515729999253,45.361679892886386,11.019982836933888
63,0.9501235648178733,-0.3118737109436712,45.36170583125353,11.01997482490334
64,0.9489179059795023,-0.3155230700146605,45.36174441361737,11.019955435035847
65,0.9524571949606099,-0.30467243355408247,45.361768418784145,11.019943835291949
66,0.9569932344462796,-0.29011023633103367,45.36179366392093,11.019942907030652
67,0.9473562553711543,-0.32018139453932076,45.36183722531906,11.01992849497317
68,0.9582459191629487,-0.2859453766151075,45.36185854941983,11.019927813801415
69,0.9480799252148326,-0.318032160959607,45.361905241237466,11.019913796153045
70,0.947660684209126,-0.31927923140143527,45.361932267191456,11.019885219274752
71,0.9464277964235565,-0.322915509316061,45.36195965927791,11.019883291574896
72,0.9463797205724275,-0.3230563797377389,45.362000679710235,11.019883171655517
73,0.9527933462136653,-0.3036195636169819,45.362027671711644,11.019859556909724
74,0.945809957813612,-0.3247206856678728,45.36206315174456,11.019858100138471
75,0.9539257747005129,-0.3000426908991892,45.36209894816612,11.01985184152576
76,0.9509398464660641,-0.30937583681195646,45.36212878346791,11.019840426727976
77,0.9485990867110591,-0.3164802879974431,45.362157036042056,11.019824881647745
78,0.9530863688062616,-0.3026984862791597,45.36218736287711,11.01981645243203
79,0.9550790176449728,-0.2963512612666153,45.36222465460196,11.019800898368377
80,0.11729585322791841,0.9930970158124203,45.362254887630066,11.019799585859735
81,0.11843010911444954,0.9929623906549229,45.36224944765177,11.019808258487082
82,0.15663818383285497,0.9876560531711152,45.36225253553082,11.019818550673598
83,0.13629324833380568,0.9906685371296595,45.36226390309089,11.019818712425193
84,0.11000559732154501,0.9939309677024507,45.36225409771775,11.01982409255775
85,0.1434389667927219,0.9896591649681401,45.36225456649865,11.019820717388841
86,0.10321705122118446,0.9946588562603781,45.362260115981954,11.019831479098015
87,0.1121270132693154,0.9936938828911561,45.3622726913004,11.0198350857569
88,0.12000312987597347,0.9927735133553727,45.36226675370792,11.019845839573993
89,0.12309035510846668,0.9923954677845277,45.362271232344504,11.019850607720928
90,-0.9573792474747586,0.28883382160797055,45.36226945223302,11.01985534402463
91,-0.9561192122351364,0.2929779035948995,45.3622493918976,11.019865767180482
92,-0.9520324060912178,0.3059972185366504,45.36220320153737,11.019877423321873
93,-0.9566376555240139,0.29128061389923976,45.362173968679656,11.019893564786958
94,-0.9570365876855835,0.28996718750771516,45.362144841425085,11.019894437669617
95,-0.9564219463620628,0.291988117081849,45.36211431939069,11.01989757576112
96,-0.955386017455383,0.2953600474856793,45.362072729248226,11.019921154627877
97,-0.9461726159321626,0.32366244894965535,45.36203706919049,11.019925045841982
98,-0.9482226576830955,0.31760634668785653,45.36200805798882,11.019932228186331
99,-0.955049603749271,0.29644603957273663,45.36198234045603,11.019946810393241
100,-0.9639304679189558,0.2661541903061888,45.36194407172608,11.019949121599952
101,-0.9520498585723173,0.3059429142706704,45.36191474766048,11.019964425561609
102,-0.9454004706905125,0.3259109541242169,45.36188323338781,11.019975229949402
103,-0.9508285113726316,0.3097178424968531,45.36184908616842,11.01997296017025
104,-0.9549159962068504,0.2968761361044004,45.36181381964249,11.020001654217811
105,-0.9525702508365406,0.3043187756633003,45.36178489375715,11.020008909070656
106,-0.9549109758176385,0.29689228393982453,45.36175483574487,11.020012425235862
107,-0.9483865521901718,0.31711661518255163,45.361718523247546,11.020030097368021
108,-0.9591880072785737,0.28276910491239843,45.361684738904046,11.020044006594619
109,-0.9609157403387222,0.27684100124310596,45.36165104945993,11.020044990708033
110,-0.9585402688098038,0.28495710742150143,45.361621026002354,11.020056222405683
111,-0.9616130903495739,0.27440893656793025,45.36159281858008,11.02007885029759
112,-0.9520717695167975,0.3058747222134479,45.36156408644359,11.020079392080097
113,-0.9534997144660688,0.30139391917078406,45.36152515780887,11.020093345316143
114,-0.9495298004978474,0.3136768368345329,45.36149891291096,11.020097410051438
115,-0.9614619245122039,0.2749381161521426,45.36146392948677,11.020101637555998
116,-0.9492034893610191,0.31466289229088623,45.36142897237736,11.020118765386519
117,-0.9504099809555059,0.3109997879422991,45.36139062863932,11.020127140706037
118,-0.946804240351845,0.3218100844469696,45.36135763276115,11.020139716821843
119,-0.9606158629628064,0.2778797650499631,45.36132846809741,11.020151754135416
120,-0.9534713572006986,0.30148361646672917,45.36129760924292,11.020168441875079
121,-0.956778153188371,0.29081878478091816,45.36126383613306,11.020170177996901
122,-0.9484034671188168,0.3170660239713604,45.36123229526861,11.02017718592268
123,-0.9579892070848028,0.2868042522506088,45.36119614015832,11.020182926439
124,-0.9473923904898587,0.3200744576530767,45.36115647454081,11.02019801911494
125,-0.9494928022112036,0.31378881202030806,45.36113943996483,11.02020616703437
126,-0.9540841245712425,0.2995387842018558,45.36109454036799,11.020216869634385
127,-0.9533495548750303,0.30186855785189287,45.361067390446124,11.0202277079122
128,-0.9534530474826692,0.30154151662086415,45.36103620684556,11.020242112571538
129,-0.9399377150744139,0.34134600009475713,45.361006429394095,11.020245190570781
130,-0.9466330532197543,0.32231329875114645,45.360973279984215,11.02026707500247
131,-0.9623499715952883,0.27181341425792,45.360940162802976,11.020275611573778
132,-0.9365917886931051,0.3504223471079577,45.36091212978313,11.020279388805614
133,-0.9460799297362912,0.323933274842481,45.36087450935151,11.020288433129517
134,-0.9497409201762353,0.31303703381995823,45.36084367525631,11.02030075289799
135,-0.9539555479171351,0.299948016493056,45.36080776272192,11.020296212569427
136,-0.9546149366097654,0.2978427820202022,45.3607867493792,11.020316732164746
137,-0.9586337274272799,0.2846425418641415,45.36075081716625,11.02033198104662
138,-0.9496556219610922,0.31329570644630783,45.3607180557744,11.020334982973775
139,-0.9487848339741427,0.31592299508053917,45.360687819621944,11.020346589925706
140,-0.9608103715607464,0.27720647521531744,45.36065299904252,11.020363997233744
141,-0.9521302560030218,0.3056926162072288,45.36061415228699,11.020366779401295
142,-0.9496063722677908,0.31344495170349457,45.36059136574245,11.020380148702133
143,-0.9398233761507709,0.3416606820232122,45.36055759414973,11.020393110047037
144,-0.9550594237893413,0.29641440084984305,45.360518875037705,11.02038999785404
145,-0.9528201249108433,0.3035355161507214,45.36048827910488,11.020419952173624
146,-0.9500654092825433,0.31205082612419616,45.360453107823496,11.020421374761268
147,-0.9472758160267838,0.32041930087120346,45.360429569686026,11.02043304584586
148,-0.9437306599267757,0.33071504579346295,45.36039383938865,11.020444965886302
149,-0.9625399611054302,0.27113985925193107,45.36036882263593,11.02045224245933
150,-0.9623475329190014,0.27182204819460737,45.36032341823323,11.02047076800457
151,-0.9478219678600343,0.3188001211447891,45.3602980819985,11.020475631373529
152,-0.9501681228968228,0.31173793197288036,45.36026314284575,11.020488133415865
153,-0.9429002054806113,0.3330753706064455,45.36023319348536,11.02049481129179
154,-0.9474289331356376,0.3199662742500646,45.36019244664096,11.020512384960742
155,-0.956279532510543,0.29245419419358215,45.3601654096325,11.020516414241746
156,-0.9493969783780454,0.3140786166656962,45.3601333704048,11.020525823105118
157,-0.9515891628793236,0.3073728437754842,45.36010420945555,11.020532206424887
158,-0.9575000556505826,0.2884330831044371,45.36007770414402,11.020550578033143
159,-0.9540772398744515,0.29956071229977466,45.36003487047959,11.020552412289886
160,-0.9489641872884637,0.31538384746835973,45.359997969084255,11.020558967409292
161,-0.9538314535979764,0.3003424014806624,45.35996309355155,11.020573519642307
162,-0.9545389689454284,0.2980861566134837,45.359938812050444,11.020583347771892
163,-0.9477232930847919,0.31909334017575114,45.35990931164485,11.020593801881796
164,-0.9478347327184856,0.31876216753635755,45.359870330185,11.020596647136312
165,-0.9532055091387528,0.30232310091610765,45.35983574810757,11.02061332311521
166,-0.9501887226774997,0.3116751374372066,45.35980628407958,11.020617583023473
167,-0.9581559221973118,0.2862467969396671,45.359769194777385,11.020641863104679
168,-0.9613564996884075,0.275306521003141,45.35974609160539,11.02064504776032
169,-0.949715720539659,0.31311347808715656,45.359719452290754,11.02065715421666
170,0.1062319433255133,0.9943413771020921,45.35967799444458,11.02066431300158
171,0.1301584619355404,0.9914932046093783,45.3596849770095,11.02067470161936
172,0.15344646989947439,0.9881569616591231,45.35967572853847,11.02067807727257
173,0.13689500486390413,0.990585563009734,45.35968720863143,11.020691844844398
174,0.11991617306156013,0.9927840205393467,45.35967957054622,11.020698020747744
175,0.13544114951557606,0.9907853930180336,45.359689612802846,11.02070620172059
176,0.12161655376298129,0.9925771576309903,45.35969098864662,11.020707641832274
177,0.12823484709298555,0.9917438298225195,45.35969374413902,11.020717320558227
178,0.1456549831917241,0.9893354465859487,45.35969359832678,11.020725709344491
179,0.12767264136031414,0.9918163623615415,45.359696088973834,11.02073315341268
