,Choice,Sin,Cosin,Lat,Lon,Msx,Mdx
0,0,0.9537169507482269,0.30070579950427306,45.3596665575,11.020597651,1.0153950229483963,1.0017579108443042
1,0,0.955040636077442,0.2964749288570535,45.3597001363696,11.020587321579733,1.25402576975425,0.7465584817673594
2,0,0.955040636077442,0.2964749288570535,45.35973316945992,11.020577598635189,0.9874765836287552,1.00762406812244
3,0,0.955040636077442,0.2964749288570535,45.359767311304395,11.020565220719403,0.9999528916874766,1.0043897286046937
4,0,0.955040636077442,0.2964749288570535,45.359803414402904,11.020556188754878,0.9891706029539803,0.9999174753549464
5,0,0.955040636077442,0.2964749288570535,45.35983616203947,11.020544418226567,1.0018197162413753,0.999090371066354
6,0,0.955040636077442,0.2964749288570535,45.35986718727521,11.020536564601825,1.003925990266535,0.9861199106681757
7,0,0.955040636077442,0.2964749288570535,45.35990158129593,11.020524025460794,1.0097865772485615,1.0090487096920586
8,0,0.955040636077442,0.2964749288570535,45.35993888783754,11.020514330712503,1.0129086489467904,1.006862982908942
9,0,0.955040636077442,0.2964749288570535,45.35996833562445,11.020503713151587,0.9948925321501947,0.9939443279978414
10,0,0.955040636077442,0.2964749288570535,45.360003461445366,11.020492474272203,1.0024585468281424,0.980870763997217
11,0,0.955040636077442,0.2964749288570535,45.360036761906905,11.020482074335911,1.0033469619736812,0.9950066772528996
12,0,0.955040636077442,0.2964749288570535,45.36006980688952,11.020473654739279,1.006863051949557,0.9918037241939857
13,0,0.955040636077442,0.2964749288570535,45.36010329548451,11.020462239851822,0.9789641964562731,0.9953626415863251
14,0,0.955040636077442,0.2964749288570535,45.360138195990906,11.020450263769067,0.989457629844273,0.9856939745539023
15,0,0.955040636077442,0.2964749288570535,45.360170425217305,11.020441179241155,1.013998413091293,0.9970597585952217
16,0,0.955040636077442,0.2964749288570535,45.36020487946038,11.020431197047937,1.0038622050865005,1.0050679231547448
17,0,0.955040636077442,0.2964749288570535,45.36023872283078,11.020421898158627,1.012060691132429,1.0027421201149878
18,0,0.955040636077442,0.2964749288570535,45.360270763629075,11.020407608052187,1.016795279776936,1.0111022739795472
19,0,0.955040636077442,0.2964749288570535,45.36030584589799,11.020400279574254,1.0088952141171503,1.0047982810573126
20,0,0.955040636077442,0.2964749288570535,45.36033865025133,11.020387340188003,1.014541853172589,0.9783565687458177
21,0,0.955040636077442,0.2964749288570535,45.36037275298225,11.020377814447508,1.0002278135104012,1.003154622385103
22,0,0.955040636077442,0.2964749288570535,45.36040641129594,11.020368830516333,1.0063563348808735,1.0008756735283606
23,0,0.955040636077442,0.2964749288570535,45.3604385809906,11.02035652469891,0.9868262881957546,1.019747364779075
24,0,0.955040636077442,0.2964749288570535,45.360472635165806,11.020347983783529,0.9970694275640483,0.9882561925283112
25,0,0.955040636077442,0.2964749288570535,45.36050674417471,11.020336269750343,1.0128675197845933,1.009124537112102
26,0,0.955040636077442,0.2964749288570535,45.36054311425471,11.02032476636398,0.9956377743995309,0.9891351504612349
27,0,0.955040636077442,0.2964749288570535,45.36057407955628,11.020314869859279,0.9964101832366326,0.9846923156611926
28,0,0.955040636077442,0.2964749288570535,45.36060928695893,11.020306284119293,1.009663944732646,0.9877044837047023
29,0,0.955040636077442,0.2964749288570535,45.36064058553964,11.020296143474301,0.9950819972563775,0.9941425095613803
30,0,0.955040636077442,0.2964749288570535,45.36067539746498,11.020284920405409,1.0032775830456817,0.9786722022675757
31,0,0.955040636077442,0.2964749288570535,45.36070817355342,11.020274464134516,1.009236821278474,1.0081339014936037
32,0,0.955040636077442,0.2964749288570535,45.360740920540685,11.020263976520084,1.0067977636235017,0.9867641495307352
33,0,0.955040636077442,0.2964749288570535,45.36077645521359,11.020254383114775,1.0033726984237896,0.9996409469462755
34,0,0.955040636077442,0.2964749288570535,45.36081046409616,11.020241531273125,0.9944482197049923,0.990124823315425
35,0,0.955040636077442,0.2964749288570535,45.360841851377884,11.02023175070832,1.027215051081172,1.012539762455929
36,0,0.955040636077442,0.2964749288570535,45.360875206966114,11.020222301429344,1.0019682739307072,0.993314043159431
37,0,0.955040636077442,0.2964749288570535,45.36091217282038,11.020210919108537,1.0066593828344748,0.9850731192982777
38,0,0.955040636077442,0.2964749288570535,45.360944713891925,11.02020117097856,1.002489119759627,0.9975357079259549
39,0,0.955040636077442,0.2964749288570535,45.36097777239678,11.020190062141856,0.9875866515188688,0.9991746191850321
40,0,0.955040636077442,0.2964749288570535,45.36101068488822,11.020181255979118,1.007962648813078,1.0174765208011194
41,0,0.955040636077442,0.2964749288570535,45.361046904426466,11.020169771812789,0.9995357099402681,0.9913552356234444
42,0,0.955040636077442,0.2964749288570535,45.36107887044682,11.020160266574349,0.9963497229498027,1.01017424903445
43,0,0.955040636077442,0.2964749288570535,45.36111402583018,11.020148073937062,0.9877823964569875,0.9894515630998177
44,0,0.955040636077442,0.2964749288570535,45.36114717187754,11.020137155616686,1.0115377990159025,0.9932262383543736
45,0,0.955040636077442,0.2964749288570535,45.361180155248995,11.020127828552207,1.0012398569587297,0.9924046972044486
46,0,0.955040636077442,0.2964749288570535,45.3612131899,11.020116531194603,1.0102030241186284,1.0016984900282084
47,0,0.955040636077442,0.2964749288570535,45.361246516363266,11.020108042313856,1.0115664535664957,1.0012737996293448
48,0,0.955040636077442,0.2964749288570535,45.36128181057228,11.020097542737663,0.9896193890577122,0.9682949642611789
49,0,0.955040636077442,0.2964749288570535,45.36131385192718,11.02008589643285,0.9858453815066205,1.003974020158501
50,0,0.955040636077442,0.2964749288570535,45.36134683893195,11.020074898123609,0.9869928429673823,1.0061949044301406
51,0,0.955040636077442,0.2964749288570535,45.361381162919294,11.020066454372907,0.9821853361900602,0.9990837318979771
52,0,0.955040636077442,0.2964749288570535,45.36141564570982,11.020055175445568,0.9877909438505581,0.9929367322614431
53,0,0.955040636077442,0.2964749288570535,45.361448971006176,11.020045354346527,1.0104896149240126,1.0036354493594897
54,0,0.955040636077442,0.2964749288570535,45.36148330126292,11.020033028749081,1.012002700138208,0.9786059117186835
55,0,0.955040636077442,0.2964749288570535,45.36151713457676,11.020025572566466,0.9966841519013786,1.0066805632941096
56,0,0.955040636077442,0.2964749288570535,45.36155027840475,11.020013337149726,1.0048972723875196,0.9960583452703032
57,0,0.955040636077442,0.2964749288570535,45.36158345994629,11.020003447988172,0.9977407454945156,0.9908415143902453
58,0,0.955040636077442,0.2964749288570535,45.36161555304966,11.01999390002797,1.0014866074993103,1.0044922051229057
59,0,0.955040636077442,0.2964749288570535,45.36164932235712,11.019981552354215,1.0183705175185724,1.0076760156254378
60,0,0.955040636077442,0.2964749288570535,45.361683327814035,11.019971838334634,0.9790299069159647,0.9941390214037646
61,0,0.955040636077442,0.2964749288570535,45.361717288876065,11.019960712816609,0.9871796829513615,1.000129576976167
62,0,0.955040636077442,0.2964749288570535,45.361752237975395,11.019948990014631,0.996404172915983,1.000099843697306
63,0,0.955040636077442,0.2964749288570535,45.361785087308746,11.019938640544273,1.0017932040710782,0.9999589766081476
64,0,0.955040636077442,0.2964749288570535,45.36181959360319,11.019928591202994,0.988608141987687,1.0013463394109068
65,0,0.955040636077442,0.2964749288570535,45.36185461362993,11.019918013673754,0.9877808703429212,1.0055199426186365
66,0,0.955040636077442,0.2964749288570535,45.36188657933297,11.019909655539116,1.013917041107042,1.0034130397874417
67,0,0.955040636077442,0.2964749288570535,45.361919723816165,11.019898495686999,1.019103309885495,0.9909793235014637
68,0,0.955040636077442,0.2964749288570535,45.36195236233446,11.019887776881976,1.009427971621284,1.002779738445611
69,0,0.955040636077442,0.2964749288570535,45.36198589100249,11.019876938241435,1.0021693713814477,0.9946933835029194
70,0,0.955040636077442,0.2964749288570535,45.36202011428446,11.019868832204331,0.9938940484040869,1.0128653711498086
71,0,0.955040636077442,0.2964749288570535,45.362054680795985,11.019855516091681,0.9949871680945762,1.0061707828533093
72,0,0.955040636077442,0.2964749288570535,45.36208703377334,11.019847816031627,1.0028356817314252,1.0038321031433608
73,0,0.955040636077442,0.2964749288570535,45.36212029790645,11.01983690653845,1.0200602221417816,0.9928645387212829
74,0,0.955040636077442,0.2964749288570535,45.36215465996591,11.019825604974587,0.9933598694698763,1.0102634744738466
75,0,0.955040636077442,0.2964749288570535,45.362190414759,11.019813585249585,0.9954027056612523,1.0019880587373378
76,0,0.955040636077442,0.2964749288570535,45.36222160733467,11.019805039881074,0.993857797894731,1.0036881162251907
77,0,0.955040636077442,0.2964749288570535,45.36225589,11.01979384,1.003308159866949,1.0220523708970282
78,0,0.1871863868101744,0.9823244151465196,45.36225636264446,11.019796714404993,0.4985523355515656,1.4984221333480516
79,0,0.1871863868101744,0.9823244151465196,45.362255679677176,11.019799940217634,0.9882701679003653,0.994450618223558
80,0,0.1871863868101744,0.9823244151465196,45.362257326177264,11.019802885741617,1.0064546984909446,0.9970585765189796
81,0,0.1871863868101744,0.9823244151465196,45.362259361010665,11.01980562946261,1.0015872443050071,1.0069740185383076
82,0,0.1871863868101744,0.9823244151465196,45.362258708792595,11.019809907346419,0.9926883679820868,0.9989366376849376
83,0,0.1871863868101744,0.9823244151465196,45.36225831707191,11.01981486432128,0.9947713901024623,1.0041107612643279
84,0,0.1871863868101744,0.9823244151465196,45.36225996594785,11.019815396782462,1.0052551155744773,0.9977298088399157
85,0,0.1871863868101744,0.9823244151465196,45.362262100759416,11.01981845393106,0.9962796821855011,1.0037597417650594
86,0,0.1871863868101744,0.9823244151465196,45.362262414626834,11.01982076397652,0.9957057144659347,0.999432810890346
87,0,0.1871863868101744,0.9823244151465196,45.36226122214397,11.019825981868195,1.0107130650649776,0.9936288735037169
88,0,0.1871863868101744,0.9823244151465196,45.36226237055968,11.019829264754117,1.0009173405530274,1.0068754797217623
89,0,0.1871863868101744,0.9823244151465196,45.362260792582646,11.019832693805045,1.0049747395463617,1.0033271157313124
90,0,0.1871863868101744,0.9823244151465196,45.362265409631576,11.019833866841363,1.0020271097955984,1.0111111931339227
91,0,0.1871863868101744,0.9823244151465196,45.36226361281025,11.019838597353539,1.0012728232275638,1.00545470678738
92,0,0.1871863868101744,0.9823244151465196,45.36226547400447,11.01984143864883,1.0059528439735275,1.0112723993165607
93,0,0.1871863868101744,0.9823244151465196,45.36226467628197,11.01984609241159,1.0108028280594168,0.9925693135392292
94,0,0.1871863868101744,0.9823244151465196,45.362265330235296,11.01984796200031,0.9925201643111893,0.9933824706988484
95,0,0.1871863868101744,0.9823244151465196,45.36226797404258,11.019852504772933,1.0028977902895853,0.9979362303576134
96,0,0.1871863868101744,0.9823244151465196,45.36226747,11.01985461,0.982940016808799,1.0069960587957774
97,0,-0.954287848765298,0.29888911271389534,45.362237319340274,11.019863356315502,1.5002426352149705,0.49880064501028976
98,0,-0.954287848765298,0.29888911271389534,45.36220710077064,11.019872627918,0.9883649047260955,0.9960257825460329
99,0,-0.954287848765298,0.29888911271389534,45.362177428488195,11.019881527569726,0.9918837593030495,1.0177532614119686
100,0,-0.954287848765298,0.29888911271389534,45.3621479148371,11.019890482370325,0.9972890275638788,0.9806154552839957
101,0,-0.954287848765298,0.29888911271389534,45.362116420485876,11.019901329135376,1.018960790274195,0.9993487424827996
102,0,-0.954287848765298,0.29888911271389534,45.36208577684787,11.019911079713976,0.9931446499995001,1.008509819927253
103,0,-0.954287848765298,0.29888911271389534,45.362058047308395,11.01991953662361,1.0009601331324152,0.9958386020310384
104,0,-0.954287848765298,0.29888911271389534,45.36202713693853,11.019930716632835,0.9997972740277102,0.9954171841560956
105,0,-0.954287848765298,0.29888911271389534,45.36199658127714,11.019939904467446,0.9979428600252689,0.9930192623817579
106,0,-0.954287848765298,0.29888911271389534,45.36196687807002,11.01994917915345,1.0061736505751413,0.9960098305866841
107,0,-0.954287848765298,0.29888911271389534,45.36193596495538,11.019959590611869,1.0004562257386818,0.9935679635502848
108,0,-0.954287848765298,0.29888911271389534,45.36190648457985,11.019966840735552,1.0025766392572761,0.9876094516647365
109,0,-0.954287848765298,0.29888911271389534,45.36187616504848,11.01997702938465,1.0126521454971047,1.0164768376206486
110,0,-0.954287848765298,0.29888911271389534,45.361846793830416,11.019986481201672,1.001317783751072,0.9877055948857174
111,0,-0.954287848765298,0.29888911271389534,45.36181560854809,11.019996042202614,1.0025399313474788,0.987802873993094
112,0,-0.954287848765298,0.29888911271389534,45.361786680578085,11.020004512719492,1.0106844411938245,0.9805668926410125
113,0,-0.954287848765298,0.29888911271389534,45.36175711007865,11.02001487865182,0.9992348918961311,1.00713777280239
114,0,-0.954287848765298,0.29888911271389534,45.36172582746008,11.020025094132633,0.986540018262511,1.0013824867900472
115,0,-0.954287848765298,0.29888911271389534,45.36169531180735,11.020034685282756,1.0145224975520835,0.996581038030708
116,0,-0.954287848765298,0.29888911271389534,45.36166548634516,11.020044445830312,1.0186300754434527,1.001184421065153
117,0,-0.954287848765298,0.29888911271389534,45.36163531833319,11.020052641501973,0.9897324458978848,0.9849439447633036
118,0,-0.954287848765298,0.29888911271389534,45.36160406272356,11.020060678276181,1.0280361589481948,1.0088893842880338
119,0,-0.954287848765298,0.29888911271389534,45.361576080207634,11.02007082733284,0.9886862922011702,1.0137024594428075
120,0,-0.954287848765298,0.29888911271389534,45.36154424719608,11.020078276249636,0.9823262304320113,0.9803499780473096
121,0,-0.954287848765298,0.29888911271389534,45.36151505456368,11.020089493237801,1.0036684443922428,0.984591340305748
122,0,-0.954287848765298,0.29888911271389534,45.36148479882559,11.020099274242254,1.0068992030100514,1.0036459075498783
123,0,-0.954287848765298,0.29888911271389534,45.36145594373405,11.020109825317238,0.9939367840384913,0.9982867575572865
124,0,-0.954287848765298,0.29888911271389534,45.361424995994085,11.020117341048461,1.0217973358188104,0.9821072753324475
125,0,-0.954287848765298,0.29888911271389534,45.361395133820054,11.020126699259814,1.0181906741235915,0.9970179341001638
126,0,-0.954287848765298,0.29888911271389534,45.36136394298444,11.0201361315076,1.0017245876608627,0.9947488881545352
127,0,-0.954287848765298,0.29888911271389534,45.36133586521729,11.020147764733059,1.0025095509333337,1.0014621064854068
128,0,-0.954287848765298,0.29888911271389534,45.36130504664881,11.020156499081901,0.9936358963659159,1.0001304919320555
129,0,-0.954287848765298,0.29888911271389534,45.3612742891868,11.020165281754792,0.9955895188239121,1.0072758032083944
130,0,-0.954287848765298,0.29888911271389534,45.36124402719652,11.020174289180826,1.001504582330678,0.9714702536991353
131,0,-0.954287848765298,0.29888911271389534,45.36121429545651,11.020185222334685,1.0027732460588545,0.9936888847609047
132,0,-0.954287848765298,0.29888911271389534,45.36118478714385,11.020193452017168,1.0049022694250254,1.0035070217326363
133,0,-0.954287848765298,0.29888911271389534,45.361154899267106,11.020202254764246,0.9908454732828184,1.000447211072746
134,0,-0.954287848765298,0.29888911271389534,45.361121989239486,11.020213687015849,0.9814910309662735,1.0055310034432887
135,0,-0.954287848765298,0.29888911271389534,45.36109447240684,11.020222276955591,1.0088495167596518,0.997265837567528
136,0,-0.954287848765298,0.29888911271389534,45.36106354807969,11.020231754375542,1.0028545705942253,0.98142534745428
137,0,-0.954287848765298,0.29888911271389534,45.361032905305464,11.020241216261425,0.9753455248845418,1.0000041347665989
138,0,-0.954287848765298,0.29888911271389534,45.36100290276286,11.020250580126092,0.986386646676213,1.017250473520822
139,0,-0.954287848765298,0.29888911271389534,45.36097379600401,11.020259814946943,0.9906309470419026,0.9919835525523047
140,0,-0.954287848765298,0.29888911271389534,45.36094340198683,11.02026844262745,0.9963029187372404,1.008076397465843
141,0,-0.954287848765298,0.29888911271389534,45.36091129517347,11.020277366197554,1.0060275888825636,0.9887529159258358
142,0,-0.954287848765298,0.29888911271389534,45.360883277994056,11.02029046982251,0.9855619793432773,1.006052124344208
143,0,-0.954287848765298,0.29888911271389534,45.36085457656987,11.020296568529618,1.0041068216696099,1.0033273573913324
144,0,-0.954287848765298,0.29888911271389534,45.36082449438056,11.020307414366314,1.0097229390963485,1.0032467426994536
145,0,-0.954287848765298,0.29888911271389534,45.36079211872685,11.020317116340674,1.0020555239732543,1.0059032917134936
146,0,-0.954287848765298,0.29888911271389534,45.36076301227831,11.020326130348764,0.9981674335230292,0.9831301891738337
147,0,-0.954287848765298,0.29888911271389534,45.360732740431935,11.020335177209224,1.0055272495192047,0.9996554216125317
148,0,-0.954287848765298,0.29888911271389534,45.36070355074501,11.020347171101799,1.0067210253414038,0.9958106881023977
149,0,-0.954287848765298,0.29888911271389534,45.36067182371941,11.020351858702654,0.9930065872381737,0.9858631818081758
150,0,-0.954287848765298,0.29888911271389534,45.36064294112003,11.020364751341868,0.9905447836146025,0.9878223086793397
151,0,-0.954287848765298,0.29888911271389534,45.36061293198956,11.020373469229916,1.017901274060172,0.9887277619283487
152,0,-0.954287848765298,0.29888911271389534,45.36058123342026,11.020381430624768,1.0000243456138933,1.0085432975145965
153,0,-0.954287848765298,0.29888911271389534,45.360552837644704,11.020393068394677,1.0126004913222217,0.9913613539002198
154,0,-0.954287848765298,0.29888911271389534,45.3605231396976,11.020402062924525,1.0145788864977054,1.0031147544957022
155,0,-0.954287848765298,0.29888911271389534,45.36049237908098,11.020412200484012,1.008045476729932,1.0146955984756396
156,0,-0.954287848765298,0.29888911271389534,45.36046344889073,11.020420318704465,1.0011360334682697,0.9961337222162018
157,0,-0.954287848765298,0.29888911271389534,45.36043200621178,11.020429953261687,0.9940603778733228,1.0007385526689816
158,0,-0.954287848765298,0.29888911271389534,45.36040291163356,11.020438607250865,1.0062824195992353,0.9883688703694553
159,0,-0.954287848765298,0.29888911271389534,45.3603708195051,11.02044995115228,1.0105261524958788,1.0031592196962713
160,0,-0.954287848765298,0.29888911271389534,45.36034238217177,11.020456908305281,0.9931897488934187,1.0117299314438477
161,0,-0.954287848765298,0.29888911271389534,45.36031145650897,11.020468896706372,1.0083098162284387,1.0066306622029826
162,0,-0.954287848765298,0.29888911271389534,45.36028160681114,11.020476932748823,1.0071656410630359,1.001644274217573
163,0,-0.954287848765298,0.29888911271389534,45.36025094900541,11.020484976767374,0.9768046335954178,1.0165261692954046
164,0,-0.954287848765298,0.29888911271389534,45.36022101445335,11.020493012343488,0.9973252367230555,0.9932687559753498
165,0,-0.954287848765298,0.29888911271389534,45.3601880312967,11.020503914502303,0.9930338648451792,0.9951994555696051
166,0,-0.954287848765298,0.29888911271389534,45.36015941685317,11.020515137678059,1.00521314832533,0.9914142592321767
167,0,-0.954287848765298,0.29888911271389534,45.36013153491229,11.020522083392981,1.0053090281897743,0.9909137019249726
168,0,-0.954287848765298,0.29888911271389534,45.36010145918922,11.020532872127818,1.0046919737232154,1.0103197677606426
169,0,-0.954287848765298,0.29888911271389534,45.360068955294594,11.020541644853768,1.0138615969154607,0.9914070682811548
170,0,-0.954287848765298,0.29888911271389534,45.36004144971088,11.02055143290233,0.9983425109392773,0.991731652595882
171,0,-0.954287848765298,0.29888911271389534,45.360010437278575,11.020562107841716,0.9972741505918967,1.0058522622036494
172,0,-0.954287848765298,0.29888911271389534,45.35997889088729,11.02057102250882,0.9929749927488636,0.9967605109483275
173,0,-0.954287848765298,0.29888911271389534,45.35995010326939,11.020581295371386,0.9863118177109395,0.9854977977775553
174,0,-0.954287848765298,0.29888911271389534,45.35991987534763,11.020589438797353,1.0042856854580011,0.9962316424135658
175,0,-0.954287848765298,0.29888911271389534,45.35989002465512,11.0205996399062,1.0032101962401152,0.9881115450961228
176,0,-0.954287848765298,0.29888911271389534,45.35986009552806,11.02060910823819,0.9959817757646305,0.9860051749563193
177,0,-0.954287848765298,0.29888911271389534,45.359828131736045,11.020618433087535,0.9801802443754241,0.9950564025961264
178,0,-0.954287848765298,0.29888911271389534,45.35980134095008,11.020627363627893,1.0247779843761862,1.0060943097921513
179,0,-0.954287848765298,0.29888911271389534,45.35976879130767,11.020638748597932,0.9962558897856972,1.0001188041999975
180,0,-0.954287848765298,0.29888911271389534,45.359741046289805,11.020648164652332,1.0110535927695508,0.9827200563353315
181,0,-0.954287848765298,0.29888911271389534,45.35970993713159,11.02065715329618,0.9940667393500914,1.0049560967398172
182,0,-0.954287848765298,0.29888911271389534,45.35967972,11.02066511,1.0036756994976517,1.0049396308839884
183,0,0.18092866714612515,0.9834962213474573,45.35968059604707,11.020668588406853,0.4996598439995142,1.50087483566664
184,0,0.18092866714612515,0.9834962213474573,45.35968085795528,11.020673726917895,0.996955155165007,1.0061300276678915
185,0,0.18092866714612515,0.9834962213474573,45.35968058059128,11.020674833830135,0.9990516030947063,1.0066135775999094
186,0,0.18092866714612515,0.9834962213474573,45.35968114526842,11.020677133914248,1.0171593772812677,0.9838806095212731
187,0,0.18092866714612515,0.9834962213474573,45.35968264645726,11.020682797026407,0.9982972839452611,0.9930092700692085
188,0,0.18092866714612515,0.9834962213474573,45.359685669697804,11.020685933760266,0.9762011098554119,0.9917624552384489
189,0,0.18092866714612515,0.9834962213474573,45.35968516276339,11.02068994515142,1.0003069218031082,0.9950215194413716
190,0,0.18092866714612515,0.9834962213474573,45.359685792804434,11.02069388045948,1.008380245478233,1.0053023052492773
191,0,0.18092866714612515,0.9834962213474573,45.35968591104376,11.02069824782871,1.00677090384495,1.0026258651604132
192,0,0.18092866714612515,0.9834962213474573,45.359687378743814,11.020702020087558,1.0055455379429683,0.9939604211551332
193,0,0.18092866714612515,0.9834962213474573,45.35968684389972,11.020705348864615,0.9942639292124497,1.0008434658928005
194,0,0.18092866714612515,0.9834962213474573,45.35969009901218,11.020709042701691,0.9897954801698119,1.0039436175594074
195,0,0.18092866714612515,0.9834962213474573,45.359686733269456,11.020709131763025,0.982421769475359,1.0004737625666549
196,0,0.18092866714612515,0.9834962213474573,45.35968896397628,11.020715615293385,1.0145697869401478,1.002393284146309
197,0,0.18092866714612515,0.9834962213474573,45.359690861493654,11.020717730119884,0.9873436728811,0.9802694599708668
198,0,0.18092866714612515,0.9834962213474573,45.35969013089044,11.02072485185487,0.9774447918350256,1.0080495187578071
199,0,0.18092866714612515,0.9834962213474573,45.35969008981134,11.020727115522698,0.9885532952623614,0.9830564840442476
200,0,0.18092866714612515,0.9834962213474573,45.359692279770314,11.020728740503396,1.0096829788585637,0.9869896320862815
201,0,0.18092866714612515,0.9834962213474573,45.359691905408866,11.020734730685103,0.988350597712013,1.009156745873072
202,0,0.18092866714612515,0.9834962213474573,45.35969358015448,11.020737431437519,1.0052070213606927,0.9943427969599477
203,0,0.18092866714612515,0.9834962213474573,45.35969351,11.02074007,0.9932432046474842,0.9817281111112478
204,0,0.9528471844721362,0.30345056111914304,45.359728781592466,11.020728752822443,1.4991915438547474,0.500168068852824
205,0,0.9528471844721362,0.30345056111914304,45.359762868854624,11.020718063998366,0.9893841682711663,0.9975409623418131
206,0,0.9528471844721362,0.30345056111914304,45.35979573929642,11.020709031591787,0.9758409279242121,0.9913276760231483
207,0,0.9528471844721362,0.30345056111914304,45.35983220981791,11.02069868638595,0.9961702130970188,0.9982662380350262
208,0,0.9528471844721362,0.30345056111914304,45.359863879156926,11.020684976557495,1.0080259482556948,1.004401346978389
209,0,0.9528471844721362,0.30345056111914304,45.35989881349915,11.020673789000345,0.9903969862545472,1.008090949684802
210,0,0.9528471844721362,0.30345056111914304,45.35993332252754,11.020663681009674,0.9978851046171979,1.0026597404263655
211,0,0.9528471844721362,0.30345056111914304,45.359969767887584,11.020652627223798,1.0140712300732517,1.0142831718968786
212,0,0.9528471844721362,0.30345056111914304,45.360001861557905,11.020641281779698,1.0162930188437331,0.9927924441515749
213,0,0.9528471844721362,0.30345056111914304,45.36003678655048,11.020631706370551,1.015301499516375,0.9922520721766606
214,0,0.9528471844721362,0.30345056111914304,45.360071148562625,11.020620655951731,1.0108379456567667,0.9949440718930442
215,0,0.9528471844721362,0.30345056111914304,45.36010447567969,11.02060982535624,1.0012960062386318,1.0098887983034321
216,0,0.9528471844721362,0.30345056111914304,45.36014153497068,11.020595950367033,0.9931798752187725,0.9979047017656667
217,0,0.9528471844721362,0.30345056111914304,45.360175753672245,11.020588199225772,1.0084494558207444,1.0065780920609928
218,0,0.9528471844721362,0.30345056111914304,45.36020963973412,11.020577137061734,0.9952299194084259,1.0058780936051708
219,0,0.9528471844721362,0.30345056111914304,45.36024234311003,11.020562483565506,1.003619277417389,1.014192135273648
220,0,0.9528471844721362,0.30345056111914304,45.36027775044134,11.02055412877236,1.006077087649423,0.9923897835747432
221,0,0.9528471844721362,0.30345056111914304,45.36031359944433,11.020542754181761,1.007123875394051,0.9852818107408486
222,0,0.9528471844721362,0.30345056111914304,45.360348028824006,11.020531928698798,0.9962555559758542,1.0150987421392703
223,0,0.9528471844721362,0.30345056111914304,45.36038038786995,11.020520576471187,1.004587215826451,1.006504747879766
224,0,0.9528471844721362,0.30345056111914304,45.36041464258954,11.020510769709439,1.0029645269196614,0.9959823273223168
225,0,0.9528471844721362,0.30345056111914304,45.360451629421284,11.020500103494362,1.0038341885483548,0.9859439253234092
226,0,0.9528471844721362,0.30345056111914304,45.360483732050945,11.020488671166271,1.0010427176421595,0.9935043582507247
227,0,0.9528471844721362,0.30345056111914304,45.360517899239504,11.020476509388402,1.0052435262244703,1.0016684790406931
228,0,0.9528471844721362,0.30345056111914304,45.36055428580053,11.02046636527983,1.0033086823084152,1.0085186657144511
229,0,0.9528471844721362,0.30345056111914304,45.36058757050693,11.020456373040302,0.9946064559063419,1.0044449131588333
230,0,0.9528471844721362,0.30345056111914304,45.360621041432815,11.02044510875943,1.0005259877631936,1.0097342561207356
231,0,0.9528471844721362,0.30345056111914304,45.36065386144507,11.020433361451461,0.9932322520476937,1.0062746711938333
232,0,0.9528471844721362,0.30345056111914304,45.36069138905579,11.020422155310735,1.007330128174095,0.9878908697152157
233,0,0.9528471844721362,0.30345056111914304,45.360725436242085,11.020413414660963,0.9968193763124507,0.9998969312037824
234,0,0.9528471844721362,0.30345056111914304,45.36075913695227,11.020401542197835,1.0006926456608707,0.9984154684236455
235,0,0.9528471844721362,0.30345056111914304,45.36079133766229,11.020390168622955,1.0063595585319416,1.0154951546073963
236,0,0.9528471844721362,0.30345056111914304,45.36082891930266,11.020378882022,0.997797982608421,0.9973194742174427
237,0,0.9528471844721362,0.30345056111914304,45.36086100740206,11.02036525454618,0.9901307389037284,0.9999495865702611
238,0,0.9528471844721362,0.30345056111914304,45.36089669247243,11.020358584458664,0.9913428708898596,1.0224362125099036
239,0,0.9528471844721362,0.30345056111914304,45.3609290175011,11.020345464803697,1.0005890449188608,0.9938550426769104
240,0,0.9528471844721362,0.30345056111914304,45.36096652974901,11.020335510651204,0.9964158491739248,1.0121975253495912
241,0,0.9528471844721362,0.30345056111914304,45.36099905984674,11.020325155227841,1.0133178019410287,0.9790026423151934
242,0,0.9528471844721362,0.30345056111914304,45.36103362851735,11.020313733335259,1.008252542476122,0.9848904309694255
243,0,0.9528471844721362,0.30345056111914304,45.361067817095694,11.020301678699836,0.9974173465699351,1.0000244545606514
244,0,0.9528471844721362,0.30345056111914304,45.361104376912955,11.020291054242277,1.004276228984822,0.9893225157016383
245,0,0.9528471844721362,0.30345056111914304,45.361135019757405,11.020281097805777,1.009167413820658,0.999257133273814
246,0,0.9528471844721362,0.30345056111914304,45.361170391684844,11.020270925627475,0.9994267126280274,1.0039618138119986
247,0,0.9528471844721362,0.30345056111914304,45.361205634447835,11.020258971265232,0.9983442894120326,1.0074557037156264
248,0,0.9528471844721362,0.30345056111914304,45.36124056183524,11.020246892060587,0.9924505677849917,0.9969677801243525
249,0,0.9528471844721362,0.30345056111914304,45.36127568257372,11.02023624342499,0.9914628595955349,1.0016385138493393
250,0,0.9528471844721362,0.30345056111914304,45.36130962710562,11.020225621995033,0.996285757877801,1.0054860192868125
251,0,0.9528471844721362,0.30345056111914304,45.36134329802591,11.020216854611428,0.9837153238275318,0.9932360294674312
252,0,0.9528471844721362,0.30345056111914304,45.36137998675789,11.020204176939341,0.9919702172159103,0.9919944849103629
253,0,0.9528471844721362,0.30345056111914304,45.361411913031766,11.02019225670022,1.0132440264760938,1.0117297566328167
254,0,0.9528471844721362,0.30345056111914304,45.36144518611779,11.020183229814993,0.9891571282188397,0.980178148639658
255,0,0.9528471844721362,0.30345056111914304,45.36148060984451,11.02017031388749,1.0024456548656966,0.9921394273482972
256,0,0.9528471844721362,0.30345056111914304,45.361514006193396,11.020160611419724,1.0168766038250325,0.9901531193807801
257,0,0.9528471844721362,0.30345056111914304,45.36154877672295,11.020150412924028,1.0174924247409207,1.0004392347220457
258,0,0.9528471844721362,0.30345056111914304,45.36158327054227,11.020139046867905,1.009337794609341,1.0134268759391492
259,0,0.9528471844721362,0.30345056111914304,45.36161894798212,11.02012734935386,1.0000116551874818,0.9898393906374642
260,0,0.9528471844721362,0.30345056111914304,45.36165310164944,11.020116987502101,0.9912886119970723,0.9922531354485744
261,0,0.9528471844721362,0.30345056111914304,45.36168574929173,11.020103764684452,0.9878993977890137,1.0149085721888056
262,0,0.9528471844721362,0.30345056111914304,45.36172089008013,11.020093342546922,0.9947918158889634,1.0105271030789964
263,0,0.9528471844721362,0.30345056111914304,45.36175806856037,11.020081800456554,0.9983899881913095,0.9993730484609527
264,0,0.9528471844721362,0.30345056111914304,45.36178925192475,11.020071326618767,0.992793096727674,1.0177679979382264
265,0,0.9528471844721362,0.30345056111914304,45.361824078599106,11.020060822981824,1.0010563109145614,1.0115031608150566
266,0,0.9528471844721362,0.30345056111914304,45.36185731150322,11.02005078693698,0.998436660048697,0.9985127323063273
267,0,0.9528471844721362,0.30345056111914304,45.36189223030207,11.02004009755957,0.9952711471665321,0.9952150076847929
268,0,0.9528471844721362,0.30345056111914304,45.361926903072465,11.020029354546423,0.9940849865948201,1.0101842565412287
269,0,0.9528471844721362,0.30345056111914304,45.361961312540174,11.02001744904006,1.0072301965739061,0.9948771643593864
270,0,0.9528471844721362,0.30345056111914304,45.36199621758935,11.020007546675728,1.0015645806640476,1.0000211470431868
271,0,0.9528471844721362,0.30345056111914304,45.362029916237574,11.019995630774439,1.0171224374362984,1.0073574438965318
272,0,0.9528471844721362,0.30345056111914304,45.362065818539286,11.019985043367937,0.9947963137921587,0.9941386817930853
273,0,0.9528471844721362,0.30345056111914304,45.36210006033403,11.019973345686724,1.0051876425795476,1.0068349683262345
274,0,0.9528471844721362,0.30345056111914304,45.3621335465919,11.019963928331489,1.0028549490717742,0.9983084836249996
275,0,0.9528471844721362,0.30345056111914304,45.36216750842102,11.019950956417562,0.989559110828888,0.9947184448999596
276,0,0.9528471844721362,0.30345056111914304,45.36220221272065,11.019941774600719,1.0089217778236748,0.9911950367801831
277,0,0.9528471844721362,0.30345056111914304,45.36223623134726,11.019928186860643,0.9980876178511503,1.006396206628382
278,0,0.9528471844721362,0.30345056111914304,45.36227073,11.01991931,1.0037077501207972,0.9874924631772438
279,0,0.2108778085845649,0.9775124295100148,45.36227227628391,11.01992533412558,0.5006074442406547,1.5010389405309457
280,0,0.2108778085845649,0.9775124295100148,45.362272574951334,11.019929498516051,0.9943316368049185,0.9860837842240706
281,0,0.2108778085845649,0.9775124295100148,45.36227256686347,11.01993475730845,0.9891175987916735,1.001554156228775
282,0,0.2108778085845649,0.9775124295100148,45.362274848817584,11.019938016861365,1.0010772093907225,1.007647119614897
283,0,0.2108778085845649,0.9775124295100148,45.362275521618635,11.019943919491293,1.002363177531578,0.9977114015682051
284,0,0.2108778085845649,0.9775124295100148,45.362276781752655,11.019948713260826,0.9872823917297763,0.9894030480146699
285,0,0.2108778085845649,0.9775124295100148,45.36227806095177,11.019954508240458,1.0065602298222627,1.0085253422956733
286,0,0.2108778085845649,0.9775124295100148,45.36228075505,11.019957868785424,0.9906412957571687,1.0037489898842273
287,0,0.2108778085845649,0.9775124295100148,45.362281650186006,11.019963506767077,1.0018071515504454,1.0040452445786363
288,0,0.2108778085845649,0.9775124295100148,45.36227962715867,11.019967496057836,1.0030216313130023,1.0078729393093688
289,0,0.2108778085845649,0.9775124295100148,45.36228304681251,11.019972905197802,1.0001323637263155,1.0142610896520705
290,0,0.2108778085845649,0.9775124295100148,45.36228200815415,11.019979025204782,0.9939660381057318,0.9935774083259773
291,0,0.2108778085845649,0.9775124295100148,45.36228462032891,11.019983845753252,0.9741194221107697,1.0028488946206766
292,0,0.2108778085845649,0.9775124295100148,45.36228557,11.0199881,0.9823981780895784,1.0016854699109332
293,0,-0.9544055299292257,0.29851312272748404,45.362256512176785,11.019998123812599,1.499300277458813,0.4981609100123286
294,0,-0.9544055299292257,0.29851312272748404,45.36222695281354,11.020007240917154,1.0033728197876288,0.9985782729079944
295,0,-0.9544055299292257,0.29851312272748404,45.36219645776898,11.0200152364595,1.0172644354569358,0.99135400110346
296,0,-0.9544055299292257,0.29851312272748404,45.36216696642201,11.020025902322898,0.9950310310296857,0.9981381910161921
297,0,-0.9544055299292257,0.29851312272748404,45.36213749583307,11.02003430714058,0.9932988308849003,1.0107461190029638
298,0,-0.9544055299292257,0.29851312272748404,45.36210733980968,11.02004332719611,0.9939698433219634,1.0036596355405367
299,0,-0.9544055299292257,0.29851312272748404,45.362080183421874,11.020054058973537,1.0050550585633595,1.0026921359237635
300,0,-0.9544055299292257,0.29851312272748404,45.362048007828164,11.020062940988222,1.0142838607972777,1.010335420491026
301,0,-0.9544055299292257,0.29851312272748404,45.362018056186756,11.020070402405953,1.0176198718416682,0.991688976673618
302,0,-0.9544055299292257,0.29851312272748404,45.36198790052614,11.020080210122494,1.003028015438194,0.9862146163484753
303,0,-0.9544055299292257,0.29851312272748404,45.361956194593844,11.020089210020107,1.0032163182297866,1.0013604563728127
304,0,-0.9544055299292257,0.29851312272748404,45.36192860423648,11.020098839413903,1.0199723190121983,0.9926381228779448
305,0,-0.9544055299292257,0.29851312272748404,45.361900463178074,11.020109492658815,0.9935155833510736,1.00383367968333
306,0,-0.9544055299292257,0.29851312272748404,45.361870199120986,11.020119073696266,1.0111687511455136,1.0019391922288792
307,0,-0.9544055299292257,0.29851312272748404,45.36184097261843,11.020128704304495,0.9992023626332985,0.9886310712421571
308,0,-0.9544055299292257,0.29851312272748404,45.36181085824168,11.020135223917235,0.9871241288100672,1.0000473698030503
309,0,-0.9544055299292257,0.29851312272748404,45.36177990877986,11.020145065219655,1.0058361562953633,1.0080742976306403
310,0,-0.9544055299292257,0.29851312272748404,45.36175069672665,11.020155232164843,1.0048182156643186,1.00489102621845
311,0,-0.9544055299292257,0.29851312272748404,45.361720375309574,11.020163825618942,0.9828562473800686,1.011383397330703
312,0,-0.9544055299292257,0.29851312272748404,45.361692703456036,11.020172276032394,0.9959996371538502,1.011448810191176
313,0,-0.9544055299292257,0.29851312272748404,45.36166185186951,11.020184514285376,0.978233072237867,0.985006137855085
314,0,-0.9544055299292257,0.29851312272748404,45.36163297058621,11.02019208010286,1.000544672874493,1.0070099426076513
315,0,-0.9544055299292257,0.29851312272748404,45.3616037834801,11.020203516871183,1.0111038163242392,1.00093928265145
316,0,-0.9544055299292257,0.29851312272748404,45.361571704793164,11.02021141620125,1.0079797604883405,0.9932193580208223
317,0,-0.9544055299292257,0.29851312272748404,45.36154100738788,11.020221009711179,1.0118797575468435,1.0125391152945595
318,0,-0.9544055299292257,0.29851312272748404,45.36151245573204,11.020230511391867,1.00043691424779,1.008750497310914
319,0,-0.9544055299292257,0.29851312272748404,45.36148319958979,11.020240707680806,0.9963870144979632,0.9863992497032342
320,0,-0.9544055299292257,0.29851312272748404,45.361452940003694,11.020249255810285,1.0140853096789155,1.0106609800887207
321,0,-0.9544055299292257,0.29851312272748404,45.361424107190565,11.02026037514106,0.9923373929554419,0.9825629707733995
322,0,-0.9544055299292257,0.29851312272748404,45.3613952048294,11.020267604355121,0.9919749072129339,1.0046515538825296
323,0,-0.9544055299292257,0.29851312272748404,45.361363191110684,11.020275461245692,1.0062855498063579,0.985285821093218
324,0,-0.9544055299292257,0.29851312272748404,45.36133492887519,11.020287360678772,0.9888634139865228,1.006440558460982
325,0,-0.9544055299292257,0.29851312272748404,45.361303968296085,11.020294628591124,1.0188526980091361,0.9965922186100298
326,0,-0.9544055299292257,0.29851312272748404,45.36127296623597,11.020304820539673,0.9866929015325677,0.982026220978485
327,0,-0.9544055299292257,0.29851312272748404,45.361245038037545,11.020314515288625,1.0056436723416513,0.9957768101283707
328,0,-0.9544055299292257,0.29851312272748404,45.361216801042424,11.020319984826612,0.9897580175440267,0.9816046022229246
329,0,-0.9544055299292257,0.29851312272748404,45.361185850016795,11.020331699271875,0.9891906028237349,1.0038938131006694
330,0,-0.9544055299292257,0.29851312272748404,45.36115517427853,11.020340221004087,0.993446588075405,1.0009871739733913
331,0,-0.9544055299292257,0.29851312272748404,45.36112574860345,11.020350326572252,0.9861720410760434,0.9987967395076964
332,0,-0.9544055299292257,0.29851312272748404,45.36109741735113,11.02035996049538,0.9922647814525052,1.0061805218568813
333,0,-0.9544055299292257,0.29851312272748404,45.36106939659413,11.020369661468925,0.9998591409930531,0.9910330194218031
334,0,-0.9544055299292257,0.29851312272748404,45.361035835768064,11.020378858484458,1.0146371432842956,1.016757567217374
335,0,-0.9544055299292257,0.29851312272748404,45.361009556267874,11.02038717772582,0.9999733409110403,0.9988776688927761
336,0,-0.9544055299292257,0.29851312272748404,45.36097963292404,11.020397701528898,1.011207371148024,1.0013567867191788
337,0,-0.9544055299292257,0.29851312272748404,45.360949243002715,11.020407077430082,1.0016665420037225,1.0104814841394036
338,0,-0.9544055299292257,0.29851312272748404,45.36091939722185,11.020416295074673,1.0038518133569883,0.9952241876535767
339,0,-0.9544055299292257,0.29851312272748404,45.36088832616537,11.020425904447789,0.9974337789927583,0.9967767885721305
340,0,-0.9544055299292257,0.29851312272748404,45.36085852368818,11.020433681915586,0.9920672296345493,1.0120986601542303
341,0,-0.9544055299292257,0.29851312272748404,45.360828600399856,11.020445962851616,1.016746281198167,1.001112455992481
342,0,-0.9544055299292257,0.29851312272748404,45.360800300700525,11.020454915257043,1.0120069177737727,0.9978037225215864
343,0,-0.9544055299292257,0.29851312272748404,45.36076837111871,11.020462085135492,0.9893723376879104,0.9897247815662784
344,0,-0.9544055299292257,0.29851312272748404,45.36073729290024,11.020472747733994,1.0118667498900575,1.0010757182716117
345,0,-0.9544055299292257,0.29851312272748404,45.360710332329774,11.020479780075842,1.015522785081408,1.0104977230654664
346,0,-0.9544055299292257,0.29851312272748404,45.36068088321597,11.020490339937982,1.0041452801509165,0.9888950667127229
347,0,-0.9544055299292257,0.29851312272748404,45.36064975586009,11.020497224631118,1.0071909328756292,1.0001244519416095
348,0,-0.9544055299292257,0.29851312272748404,45.36062299392514,11.02050828016646,1.0132720170851415,0.9980952389139116
349,0,-0.9544055299292257,0.29851312272748404,45.36059085926165,11.020517968578387,1.0007982341308794,0.9878669166739753
350,0,-0.9544055299292257,0.29851312272748404,45.36056236387198,11.020527073233138,1.0007659126280246,0.9803954835147997
351,0,-0.9544055299292257,0.29851312272748404,45.360532075782444,11.020536546694657,0.9950543892283729,0.9933192851221866
352,0,-0.9544055299292257,0.29851312272748404,45.36050074142763,11.020546558169436,0.9985287878355381,1.0019002428021984
353,0,-0.9544055299292257,0.29851312272748404,45.36047173352968,11.020555013472585,1.0085064702996347,0.9949894349077247
354,0,-0.9544055299292257,0.29851312272748404,45.36044244665322,11.020565861728704,0.995471844444369,0.9974323520826454
355,0,-0.9544055299292257,0.29851312272748404,45.3604134421278,11.020572794491319,0.9929654344912319,0.9957689404182932
356,0,-0.9544055299292257,0.29851312272748404,45.360383601286365,11.020583831303853,0.9968519326348145,0.9997988867188584
357,0,-0.9544055299292257,0.29851312272748404,45.36035454068942,11.02059197462082,1.002353861935148,1.0073155565478042
358,0,-0.9544055299292257,0.29851312272748404,45.36032513058326,11.020601625142552,0.9844805641470461,1.0082914449740041
359,0,-0.9544055299292257,0.29851312272748404,45.360296164976,11.020609573735062,0.9825057783333183,1.0131330547931923
360,0,-0.9544055299292257,0.29851312272748404,45.36026532515024,11.020621818396506,0.9941012884612108,1.005957513257416
361,0,-0.9544055299292257,0.29851312272748404,45.36023733589901,11.020629384440028,1.0128909560150396,0.9913445518662276
362,0,-0.9544055299292257,0.29851312272748404,45.360204087444124,11.020639141619053,1.0142767613318884,0.9952528189122888
363,0,-0.9544055299292257,0.29851312272748404,45.36017714838134,11.020647941518826,1.0079989171352446,1.0128677347792558
364,0,-0.9544055299292257,0.29851312272748404,45.36014646682311,11.020658381968389,1.0128066972574623,1.0016130404278263
365,0,-0.9544055299292257,0.29851312272748404,45.360116502362864,11.02066606583966,1.010325817857729,1.0042918956578626
366,0,-0.9544055299292257,0.29851312272748404,45.360085833393065,11.020674870522122,1.0100946460414704,0.9972505929360008
367,0,-0.9544055299292257,0.29851312272748404,45.36005830338181,11.020683148363743,1.0060277279827803,1.0113583931029386
368,0,-0.9544055299292257,0.29851312272748404,45.360027574405045,11.020694512952494,0.9937251970162957,0.9866981975704368
369,0,-0.9544055299292257,0.29851312272748404,45.35999767358925,11.020702166696763,0.9916034671010189,1.0156867486572274
370,0,-0.9544055299292257,0.29851312272748404,45.359968187609944,11.0207109105886,1.0059012621512997,1.0073728437743312
371,0,-0.9544055299292257,0.29851312272748404,45.35993786606169,11.020722187427788,1.0113097359055998,1.0080404908209493
372,0,-0.9544055299292257,0.29851312272748404,45.359908086537885,11.020731586018035,0.9979183054447006,0.9978058443501534
373,0,-0.9544055299292257,0.29851312272748404,45.35987824900023,11.020740881344048,1.0042483684841637,1.0224611698066246
374,0,-0.9544055299292257,0.29851312272748404,45.359847600472264,11.020750724038715,0.9864467818613005,0.9979411651767627
375,0,-0.9544055299292257,0.29851312272748404,45.35981897222224,11.020760905781042,0.9829238310563367,1.0056610980517482
376,0,-0.9544055299292257,0.29851312272748404,45.359787615863446,11.020768501877912,1.0074347348796713,0.9949440854892947
377,0,-0.9544055299292257,0.29851312272748404,45.35976069016842,11.020777413408622,1.0067492633716026,1.0282027578764417
378,0,-0.9544055299292257,0.29851312272748404,45.35972987607439,11.020788586214096,0.9978570011421223,1.003368533354915
379,0,-0.9544055299292257,0.29851312272748404,45.35970006,11.02079678,0.9917730407198154,1.0026860962373396
380,0,0.18563850809759755,0.9826181070544641,45.359700955012144,11.02080144538271,0.4990325737666394,1.4986537784785328
381,0,0.18563850809759755,0.9826181070544641,45.359701442734824,11.02080870476808,1.003460433787217,1.0014502475484963
382,0,0.18563850809759755,0.9826181070544641,45.359704304819125,11.020814643336612,1.0000473595263049,0.9728147326939114
383,0,0.18563850809759755,0.9826181070544641,45.35970443755764,11.020820090818741,0.9855390878865948,1.010960312031763
384,0,0.18563850809759755,0.9826181070544641,45.35970658762451,11.020825387301748,1.002244720498996,1.0037350523104702
385,0,0.18563850809759755,0.9826181070544641,45.35970892475069,11.02083128442041,0.9722163927327562,1.001690208528942
386,0,0.18563850809759755,0.9826181070544641,45.359707965812476,11.02083836327219,1.0036814759870796,1.0079020327728727
387,0,0.18563850809759755,0.9826181070544641,45.359708807081994,11.02084539899853,0.9900513861227435,0.9913405747633531
388,0,0.18563850809759755,0.9826181070544641,45.35971172283427,11.020851424946423,1.003497991677317,0.9920703164775584
389,0,0.18563850809759755,0.9826181070544641,45.35971076128705,11.020857630817225,1.0006617115721679,0.9834752241219182
390,0,0.18563850809759755,0.9826181070544641,45.35971227114178,11.020863059753266,1.0265454873198712,0.9913543023307384
391,0,0.18563850809759755,0.9826181070544641,45.359712602648436,11.020867315041958,0.9975472109058501,0.9966607490763445
392,0,0.18563850809759755,0.9826181070544641,45.359715273175965,11.020873565241796,0.9980316612401577,1.0089934195019576
