,Sin,Cosin,Lat,Lon
0,0.9537169507482269,0.30070579950427306,45.3596665575,11.020597651
1,0.955040636077442,0.2964749288570535,45.35969984400127,11.020588801958693
2,0.955040636077442,0.2964749288570535,45.35973501336899,11.020577401408714
3,0.955040636077442,0.2964749288570535,45.35976440428208,11.020570645643048
4,0.955040636077442,0.2964749288570535,45.359791928065015,11.020553933053169
5,0.955040636077442,0.2964749288570535,45.359820974511024,11.020564312090539
6,0.955040636077442,0.2964749288570535,45.35986664647016,11.020542845005192
7,0.955040636077442,0.2964749288570535,45.35989078587236,11.020538276161096
8,0.955040636077442,0.2964749288570535,45.35991018037955,11.020513839404082
9,0.955040636077442,0.2964749288570535,45.359949300390625,11.020509014730704
10,0.955040636077442,0.2964749288570535,45.359988357936885,11.02049914920751
11,0.955040636077442,0.2964749288570535,45.3600090788192,11.020493157971762
12,0.955040636077442,0.2964749288570535,45.36004925320926,11.020482560982204
13,0.955040636077442,0.2964749288570535,45.360074131976525,11.02047340382119
14,0.955040636077442,0.2964749288570535,45.36010909601603,11.020455969613945
15,0.955040636077442,0.2964749288570535,45.36013771013801,11.02045050358687
16,0.955040636077442,0.2964749288570535,45.36016947504979,11.020434438745655
17,0.955040636077442,0.2964749288570535,45.36019872728145,11.020429188087101
18,0.955040636077442,0.2964749288570535,45.3602368587349,11.020410545301011
19,0.955040636077442,0.2964749288570535,45.360267411765044,11.020412146422741
20,0.955040636077442,0.2964749288570535,45.36028707444722,11.02040024422415
21,0.955040636077442,0.2964749288570535,45.36031993963422,11.020403051645783
22,0.955040636077442,0.2964749288570535,45.36037117679868,11.020379744459298
23,0.955040636077442,0.2964749288570535,45.3603874465345,11.02037266600561
24,0.955040636077442,0.2964749288570535,45.36042591801108,11.02036246224042
25,0.955040636077442,0.2964749288570535,45.360455501266415,11.020348657524687
26,0.955040636077442,0.2964749288570535,45.36048867604349,11.020343591244973
27,0.955040636077442,0.2964749288570535,45.36051699518198,11.020338035863142
28,0.955040636077442,0.2964749288570535,45.36054703056687,11.020317934366705
29,0.955040636077442,0.2964749288570535,45.360580041709035,11.020309195935859
30,0.955040636077442,0.2964749288570535,45.360609458012526,11.020303234882983
31,0.955040636077442,0.2964749288570535,45.360644996024405,11.020286524327908
32,0.955040636077442,0.2964749288570535,45.36067358391723,11.02028948403549
33,0.955040636077442,0.2964749288570535,45.36070497930807,11.020268487320726
34,0.955040636077442,0.2964749288570535,45.36073304244397,11.02026611460652
35,0.955040636077442,0.2964749288570535,45.360770368136926,11.0202527419347
36,0.955040636077442,0.2964749288570535,45.36080274681105,11.020238399711198
37,0.955040636077442,0.2964749288570535,45.360841932068226,11.020233111881234
38,0.955040636077442,0.2964749288570535,45.360861702283366,11.020229161875234
39,0.955040636077442,0.2964749288570535,45.36089590458675,11.020217463200737
40,0.955040636077442,0.2964749288570535,45.36093431787093,11.020200801435374
41,0.955040636077442,0.2964749288570535,45.360963110836586,11.020201303904859
42,0.955040636077442,0.2964749288570535,45.36098976597324,11.020184598812076
43,0.955040636077442,0.2964749288570535,45.361014022560866,11.020172178214732
44,0.955040636077442,0.2964749288570535,45.36105705342991,11.020159884622341
45,0.955040636077442,0.2964749288570535,45.36109175270878,11.0201638283944
46,0.955040636077442,0.2964749288570535,45.361121208684075,11.020151184210896
47,0.955040636077442,0.2964749288570535,45.36115184307472,11.02013871851207
48,0.955040636077442,0.2964749288570535,45.3611728177782,11.020127216261873
49,0.955040636077442,0.2964749288570535,45.361213767901795,11.020117530594284
50,0.955040636077442,0.2964749288570535,45.361249938516,11.020108490338885
51,0.955040636077442,0.2964749288570535,45.36126773163506,11.020097292369565
52,0.955040636077442,0.2964749288570535,45.36130971990727,11.020085014092498
53,0.955040636077442,0.2964749288570535,45.361340916303014,11.020076696351925
54,0.955040636077442,0.2964749288570535,45.36137651977475,11.020071559034326
55,0.955040636077442,0.2964749288570535,45.36139903549463,11.020060008835381
56,0.955040636077442,0.2964749288570535,45.36142967505504,11.020046423968601
57,0.955040636077442,0.2964749288570535,45.36146712612457,11.020033874947902
58,0.955040636077442,0.2964749288570535,45.36149771384779,11.020030959042387
59,0.955040636077442,0.2964749288570535,45.36152106500334,11.020031673091315
60,0.955040636077442,0.2964749288570535,45.361565495495725,11.020005285811319
61,0.955040636077442,0.2964749288570535,45.361590480460386,11.019994601453853
62,0.955040636077442,0.2964749288570535,45.36162778683632,11.019993548538528
63,0.955040636077442,0.2964749288570535,45.36165514188309,11.019978642288958
64,0.955040636077442,0.2964749288570535,45.361691917617954,11.01997843944035
65,0.955040636077442,0.2964749288570535,45.36171697898618,11.019958636323164
66,0.955040636077442,0.2964749288570535,45.36174537978604,11.019944409662608
67,0.955040636077442,0.2964749288570535,45.36177340267804,11.019939489415847
68,0.955040636077442,0.2964749288570535,45.36181701895888,11.019929660932668
69,0.955040636077442,0.2964749288570535,45.36184908358381,11.019912535961721
70,0.955040636077442,0.2964749288570535,45.36188038513346,11.019908359785374
71,0.955040636077442,0.2964749288570535,45.361905650699924,11.019903114579389
72,0.955040636077442,0.2964749288570535,45.361947068099404,11.019890999524874
73,0.955040636077442,0.2964749288570535,45.36196058212129,11.019881970522688
74,0.955040636077442,0.2964749288570535,45.36200354268309,11.019866666709998
75,0.955040636077442,0.2964749288570535,45.36202912195566,11.01985980513653
76,0.955040636077442,0.2964749288570535,45.36206596845101,11.019854923592396
77,0.955040636077442,0.2964749288570535,45.36209770447269,11.019841764775379
78,0.955040636077442,0.2964749288570535,45.362121410441766,11.01983532238397
79,0.955040636077442,0.2964749288570535,45.36217343107182,11.019824423612912
80,0.955040636077442,0.2964749288570535,45.362195705936706,11.01981712565362
81,0.955040636077442,0.2964749288570535,45.36221588877412,11.01980241499461
82,0.955040636077442,0.2964749288570535,45.36225589,11.01979384
83,0.1871863868101744,0.9823244151465196,45.36225381600436,11.019800907852426
84,0.1871863868101744,0.9823244151465196,45.36225355300932,11.019802840940619
85,0.1871863868101744,0.9823244151465196,45.362259676426575,11.019795973941898
86,0.1871863868101744,0.9823244151465196,45.36225888218523,11.019809322477354
87,0.1871863868101744,0.9823244151465196,45.36225565610774,11.019819780433565
88,0.1871863868101744,0.9823244151465196,45.3622652112212,11.019817504743706
89,0.1871863868101744,0.9823244151465196,45.36226075904251,11.019822261882844
90,0.1871863868101744,0.9823244151465196,45.362268065736465,11.019827019050853
91,0.1871863868101744,0.9823244151465196,45.36226111013642,11.01983021954917
92,0.1871863868101744,0.9823244151465196,45.36226070323641,11.01982830291667
93,0.1871863868101744,0.9823244151465196,45.36226496335834,11.019824426454312
94,0.1871863868101744,0.9823244151465196,45.36225384451357,11.019837807604858
95,0.1871863868101744,0.9823244151465196,45.36225785838812,11.019846102276153
96,0.1871863868101744,0.9823244151465196,45.36227069747884,11.019847741506792
97,0.1871863868101744,0.9823244151465196,45.36225751875288,11.019852182949894
98,0.1871863868101744,0.9823244151465196,45.36227397710104,11.019852955451379
99,0.1871863868101744,0.9823244151465196,45.36226747,11.01985461
100,-0.954287848765298,0.29888911271389534,45.36223505183195,11.019865078600768
101,-0.954287848765298,0.29888911271389534,45.362200267000176,11.019879722012872
102,-0.954287848765298,0.29888911271389534,45.362169734997266,11.019885825265174
103,-0.954287848765298,0.29888911271389534,45.362130552336694,11.019890086734112
104,-0.954287848765298,0.29888911271389534,45.362109610024845,11.019914167660858
105,-0.954287848765298,0.29888911271389534,45.362069413184045,11.019914495146775
106,-0.954287848765298,0.29888911271389534,45.36203193557586,11.019928763592812
107,-0.954287848765298,0.29888911271389534,45.36200824176706,11.01993204557404
108,-0.954287848765298,0.29888911271389534,45.361976166010855,11.019936327980066
109,-0.954287848765298,0.29888911271389534,45.36195366284102,11.01995948704165
110,-0.954287848765298,0.29888911271389534,45.361909483603306,11.019959455919615
111,-0.954287848765298,0.29888911271389534,45.361873842335,11.019988511528515
112,-0.954287848765298,0.29888911271389534,45.36184014614603,11.019981260610571
113,-0.954287848765298,0.29888911271389534,45.36180570875974,11.020007829375492
114,-0.954287848765298,0.29888911271389534,45.36177760775385,11.020007756769388
115,-0.954287848765298,0.29888911271389534,45.361743095250795,11.020020495947836
116,-0.954287848765298,0.29888911271389534,45.361707284359255,11.020023087985416
117,-0.954287848765298,0.29888911271389534,45.36167995929296,11.02003575390609
118,-0.954287848765298,0.29888911271389534,45.361644677091675,11.020041152622019
119,-0.954287848765298,0.29888911271389534,45.3616116821986,11.02006577821966
120,-0.954287848765298,0.29888911271389534,45.3615784612747,11.020072964744543
121,-0.954287848765298,0.29888911271389534,45.36154318211939,11.02007741326717
122,-0.954287848765298,0.29888911271389534,45.361519231102584,11.020090008391362
123,-0.954287848765298,0.29888911271389534,45.361482415119895,11.020099991131262
124,-0.954287848765298,0.29888911271389534,45.36144417958726,11.02011007176573
125,-0.954287848765298,0.29888911271389534,45.36140950413061,11.020119509940757
126,-0.954287848765298,0.29888911271389534,45.36138387364844,11.02013387930697
127,-0.954287848765298,0.29888911271389534,45.36134352283146,11.02013228040038
128,-0.954287848765298,0.29888911271389534,45.36132425441843,11.020152084705643
129,-0.954287848765298,0.29888911271389534,45.361288067626354,11.020153712654665
130,-0.954287848765298,0.29888911271389534,45.36125211308975,11.020182122429823
131,-0.954287848765298,0.29888911271389534,45.36122274842724,11.02018079888057
132,-0.954287848765298,0.29888911271389534,45.36118538695956,11.02020541490149
133,-0.954287848765298,0.29888911271389534,45.36115202515381,11.020211128027876
134,-0.954287848765298,0.29888911271389534,45.361114102967164,11.020212807694508
135,-0.954287848765298,0.29888911271389534,45.361081016814914,11.020228880224437
136,-0.954287848765298,0.29888911271389534,45.36105866252892,11.020230918655617
137,-0.954287848765298,0.29888911271389534,45.36102532057248,11.020246536932133
138,-0.954287848765298,0.29888911271389534,45.36099072617806,11.020245496766966
139,-0.954287848765298,0.29888911271389534,45.36095088093962,11.020269146974744
140,-0.954287848765298,0.29888911271389534,45.36092016094078,11.020279948246865
141,-0.954287848765298,0.29888911271389534,45.36089736036143,11.020287309690213
142,-0.954287848765298,0.29888911271389534,45.36086108234409,11.020297858828544
143,-0.954287848765298,0.29888911271389534,45.36082459289216,11.020306910166738
144,-0.954287848765298,0.29888911271389534,45.36079212305748,11.020319297666603
145,-0.954287848765298,0.29888911271389534,45.36076907940141,11.020318066642487
146,-0.954287848765298,0.29888911271389534,45.36073188471464,11.020339095801557
147,-0.954287848765298,0.29888911271389534,45.3606995725099,11.020342061382868
148,-0.954287848765298,0.29888911271389534,45.36066094578847,11.020363979957288
149,-0.954287848765298,0.29888911271389534,45.360631346580284,11.020367747578973
150,-0.954287848765298,0.29888911271389534,45.360598793127195,11.020379743378767
151,-0.954287848765298,0.29888911271389534,45.360564272994836,11.020386662275385
152,-0.954287848765298,0.29888911271389534,45.360524989598424,11.020398226158845
153,-0.954287848765298,0.29888911271389534,45.36049877637443,11.020412825711649
154,-0.954287848765298,0.29888911271389534,45.36046638528687,11.020416726380159
155,-0.954287848765298,0.29888911271389534,45.360425552622786,11.020432744895043
156,-0.954287848765298,0.29888911271389534,45.36039359922556,11.020437944298056
157,-0.954287848765298,0.29888911271389534,45.360376207134955,11.020450576921633
158,-0.954287848765298,0.29888911271389534,45.36033127738755,11.020455928982036
159,-0.954287848765298,0.29888911271389534,45.36030661708963,11.020465375826975
160,-0.954287848765298,0.29888911271389534,45.36026939596238,11.02048585829016
161,-0.954287848765298,0.29888911271389534,45.36023712524837,11.020488334395749
162,-0.954287848765298,0.29888911271389534,45.360208383798174,11.020509074695237
163,-0.954287848765298,0.29888911271389534,45.360167574685505,11.020511651004314
164,-0.954287848765298,0.29888911271389534,45.36013671871191,11.020514028754521
165,-0.954287848765298,0.29888911271389534,45.3601036395092,11.020528075502062
166,-0.954287848765298,0.29888911271389534,45.36007755719539,11.02055448564335
167,-0.954287848765298,0.29888911271389534,45.36002886166332,11.02056073258989
168,-0.954287848765298,0.29888911271389534,45.36000702939579,11.020566413292775
169,-0.954287848765298,0.29888911271389534,45.35997509652726,11.020561661838567
170,-0.954287848765298,0.29888911271389534,45.35994852090196,11.02058362022299
171,-0.954287848765298,0.29888911271389534,45.35990923753656,11.020581392369705
172,-0.954287848765298,0.29888911271389534,45.35986760039232,11.020600303037645
173,-0.954287848765298,0.29888911271389534,45.359844426116226,11.020614927788793
174,-0.954287848765298,0.29888911271389534,45.359806545058255,11.020629768961939
175,-0.954287848765298,0.29888911271389534,45.35977667734457,11.020635436643403
176,-0.954287848765298,0.29888911271389534,45.359745670225344,11.020645130432527
177,-0.954287848765298,0.29888911271389534,45.35971338686007,11.020655025855758
178,-0.954287848765298,0.29888911271389534,45.35967972,11.02066511
179,0.18092866714612515,0.9834962213474573,45.3596816427513,11.020672687436518
180,0.18092866714612515,0.9834962213474573,45.35968586783666,11.020669391016831
181,0.18092866714612515,0.9834962213474573,45.359682505569445,11.020683986835287
182,0.18092866714612515,0.9834962213474573,45.35969328203154,11.020684553988616
183,0.18092866714612515,0.9834962213474573,45.359683964725,11.020680704603356
184,0.18092866714612515,0.9834962213474573,45.3596808909801,11.020692625795665
185,0.18092866714612515,0.9834962213474573,45.35969323943577,11.020702724568872
186,0.18092866714612515,0.9834962213474573,45.35968051014825,11.020716269922552
187,0.18092866714612515,0.9834962213474573,45.359691301791045,11.020709005636537
188,0.18092866714612515,0.9834962213474573,45.35968767436102,11.02070559472162
189,0.18092866714612515,0.9834962213474573,45.35969225295287,11.020716735987252
190,0.18092866714612515,0.9834962213474573,45.35969480292852,11.020725692768405
191,0.18092866714612515,0.9834962213474573,45.359692790536975,11.02073419440002
192,0.18092866714612515,0.9834962213474573,45.35969206688708,11.02073247131723
