,Sin,Cosin,Lat,Lon
0,0.9591531321239353,-0.28288737889281096,45.35966225672972,11.02060454044769
1,0.9495108489418271,-0.31373419919060563,45.35969755793944,11.020599055925308
2,0.9590074707033517,-0.2833807882252432,45.35972861898574,11.0205786614281
3,0.9516404679852292,-0.30721396402646495,45.35975673559139,11.020564035030135
4,0.9545363966292075,-0.29809439362411394,45.359784047157866,11.020555095670419
5,0.9473776805291128,-0.32011799455088175,45.35982058236717,11.020554946490199
6,0.953975175542291,-0.29988558559733236,45.35985729553777,11.020541310675513
7,0.9546653585905059,-0.2976811265553474,45.359884802770836,11.020534092988225
8,0.9611629332325599,-0.2759815497090009,45.35992571724072,11.020520138316737
9,0.9489885197822948,-0.31531062354670053,45.35995463005649,11.020511471130435
10,0.9597523368548418,-0.2808477379322648,45.359987400078765,11.020504902130925
11,0.9479550193835606,-0.3184042732525949,45.360023463990395,11.020495297520169
12,0.9566613180827801,-0.2912028888663672,45.36005154053937,11.020481521353876
13,0.9538924652102971,-0.3001485712360164,45.36008311489472,11.020477495754378
14,0.9559873146948034,-0.29340799945233087,45.36010939117391,11.020459725655247
15,0.9570914540574124,-0.2897860392949739,45.3601471818841,11.02045370074161
16,0.9503684135463027,-0.3111267885179346,45.360177005433165,11.02044858329661
17,0.9431439206902663,-0.33238463391828554,45.36021533951681,11.020429563507628
18,0.9577190764276191,-0.2877050062939961,45.360242599158106,11.02042809142802
19,0.9549772929991859,-0.296678900254041,45.36028478184727,11.020409642110073
20,0.956194157094037,-0.2927332129076304,45.36030900069962,11.020390494730272
21,0.956985481608608,-0.29013580956224727,45.36033520359284,11.020391871100538
22,0.9501894088993931,-0.31167304537836105,45.360377761374615,11.020374857290522
23,0.9532037387948133,-0.3023286826412427,45.36041248707787,11.0203695913178
24,0.9534972449644283,-0.3014017316560157,45.360442219443996,11.020361114311607
25,0.9594185245561541,-0.2819859832305365,45.36047003068519,11.020350167338867
26,0.9523279830602812,-0.30507607687319027,45.360503815820245,11.020336668173963
27,0.947543744995365,-0.31962611176210043,45.360544979287255,11.020333751333572
28,0.956570413247757,-0.29150136277385624,45.36057099220127,11.020316749664547
29,0.9590455719179872,-0.28325181550080275,45.360597962476895,11.020317949175107
30,0.9504069156319772,-0.31100915536188284,45.360628761437084,11.020296435539224
31,0.9448706859665852,-0.3274437154703609,45.36066005875628,11.02029639071372
32,0.955450049103573,-0.29515284797538377,45.36070299459427,11.020278672217085
33,0.9544126020987596,-0.29849051066168747,45.36073783115279,11.020269031033243
34,0.9568056984782215,-0.29072814683068227,45.36076961184334,11.020258776833638
35,0.9586104550320899,-0.28472090808925427,45.36078808133925,11.020255127722947
36,0.9508063645941994,-0.3097858244774321,45.36082213137592,11.020234358516156
37,0.952416089985811,-0.3048009047495424,45.36087092264085,11.020227889564845
38,0.9559157735487381,-0.2936409948912405,45.360883678710074,11.020211496550457
39,0.9527811924892013,-0.3036577007731823,45.360920551874024,11.020204410820233
40,0.952674763426057,-0.30399143923983524,45.360960114591066,11.020204569313371
41,0.9416409160041374,-0.3366190507188937,45.3609943181568,11.020176517199344
42,0.9514631610449177,-0.3077626572123607,45.36102000752486,11.020184441115797
43,0.9593829778691142,-0.28210689777988546,45.36105665815949,11.020170385562565
44,0.9631996664080904,-0.2687869093377565,45.36109455129207,11.020158554429655
45,0.9484804562587357,-0.31683564208469434,45.36111495766225,11.020141651592501
46,0.9581723730243689,-0.2861917251998209,45.361149086995255,11.02013612380711
47,0.947547106390555,-0.31961614660540283,45.36118949803344,11.020129956562723
48,0.9590253303139954,-0.28332034133844336,45.361211444585685,11.020115960264814
49,0.9527038524019174,-0.30390026261677644,45.36124746439402,11.020114629121428
50,0.949397996079105,-0.31407554034177787,45.36127978865338,11.020099004291483
51,0.9589166081480613,-0.283688100945065,45.361312826437334,11.020078886022285
52,0.9567069203975554,-0.29105303376433916,45.361349884325605,11.020082696312164
53,0.9576956484791235,-0.2877829822698889,45.361377896672025,11.020060802355502
54,0.9541823196463805,-0.29922583590701624,45.36141529911651,11.020053614330351
55,0.9569100039386924,-0.2903846489779576,45.361441870607635,11.020042139271698
56,0.9503950718036405,-0.3110453463586187,45.36147510651036,11.020037805448528
57,0.9634448112968172,-0.2679068785702228,45.361515179868576,11.020016413102848
58,0.9575764697581391,-0.28817929239544554,45.36153242224905,11.020017032534357
59,0.9532141703486118,-0.30229579131474493,45.36157588611484,11.020004878350877
60,0.9582086106634904,-0.2860703732481632,45.36160567791883,11.019997218943573
61,0.9550108547101867,-0.29657084716087445,45.36164238452693,11.019981619199376
62,0.952762081189106,-0.303717659427639,45.36167421688367,11.019963212770227
63,0.9566464241426534,-0.29125181402881317,45.3616991852101,11.019965787110976
64,0.9576752012082815,-0.28785101874177443,45.361732053125905,11.01995667411424
65,0.9520878050545826,-0.30582480518484295,45.3617660311657,11.019947332100726
66,0.9538422937788722,-0.3003079729189014,45.36180118466675,11.01993559710423
67,0.9612041462747993,-0.2758379763269267,45.36183317052337,11.0199268047246
68,0.95250117149292,-0.3045349213220299,45.361858612028165,11.0199195725967
69,0.9525142863540232,-0.3044938986112625,45.36189325295238,11.019900758727733
70,0.9461935378268648,-0.3236012808606935,45.36194087356839,11.019890997627842
71,0.9470849252158402,-0.32098309056538543,45.36196692553948,11.019882121799593
72,0.9506733673782133,-0.3101937274636106,45.361999725181064,11.019875349188126
73,0.9572862133495901,-0.2891420165434333,45.36202583455231,11.019863253238054
74,0.9591266100534445,-0.28297728864237126,45.362054807594,11.019853868573518
75,0.9593210946745524,-0.2823172635748982,45.36210014383954,11.019845994725085
76,0.944383465974396,-0.32884626984989007,45.36212773167395,11.01982495206124
77,0.9569775690850623,-0.2901619069899507,45.36215668593981,11.019829954142994
78,0.9572971399321705,-0.2891058385396022,45.362192109163416,11.019807854136067
79,0.9582285555700155,-0.28600355817751927,45.362223076003424,11.019801035156188
80,0.08469682914430884,0.9964067679080164,45.362253203507805,11.019789990631823
81,0.11600078745848114,0.9932491214740702,45.362250332088074,11.019790822339317
82,0.1343874527879509,0.9909288635079545,45.362256042694526,11.019798110088852
83,0.12582121679396985,0.992052932763411,45.36225979944444,11.01980359190351
84,0.13577246543117963,0.9907400454361068,45.3622620526768,11.019816622782935
85,0.12620454441314846,0.9920042403989359,45.3622636397037,11.019824283437282
86,0.17679874524065098,0.9842470237096638,45.362257162787024,11.019832788418306
87,0.1710833479209408,0.9852565595133901,45.36225636327383,11.019827737191312
88,0.1266957883038278,0.9919416198678588,45.36226953814682,11.019834666556417
89,0.1359744169818859,0.990712348730163,45.362257920769665,11.019837226152475
90,-0.9566669723878168,0.2911843126652397,45.36226893026915,11.019845696636086
91,-0.9503549620588921,0.3111678744504992,45.362244287977155,11.019858486975778
92,-0.949604727105692,0.31344993580877367,45.362206769288775,11.019864559252618
93,-0.9512750155639288,0.30834371205498423,45.36217581615548,11.019880960433326
94,-0.9556335914209685,0.2945580400326251,45.36213104958669,11.019882457173155
95,-0.9548986610080477,0.29693188984182495,45.362103881971514,11.019895169437032
96,-0.9511003973398602,0.3088819097648162,45.3620718267409,11.01990826859663
97,-0.9540780497078629,0.29955813303203876,45.36204099146143,11.019917625126253
98,-0.9494888513240839,0.3138007667474248,45.362014355781035,11.019929685802005
99,-0.9598657197736185,0.28045997932588057,45.36197908983356,11.019943168012166
100,-0.9470337831099008,0.32113394969786263,45.361943601841695,11.019950670154829
101,-0.9559394070750006,0.293564047528127,45.361912180452855,11.019954900880439
102,-0.952716938367523,0.3038592360742278,45.361878091113134,11.019970739253683
103,-0.9505144693717537,0.310680291481345,45.36185095262698,11.019983372657531
104,-0.955641061944461,0.29453380234815646,45.36182440651955,11.019992102472562
105,-0.9457280701584525,0.32495910098713837,45.36179461681843,11.01999438675767
106,-0.9543009506144179,0.2988472781479168,45.361753052648545,11.020015353481778
107,-0.9396037582535925,0.34226419251175594,45.36170890151653,11.020022852736115
108,-0.9485687453637557,0.31657121682021316,45.36168653782644,11.0200235581041
109,-0.9595349670759646,0.2815895007959767,45.361646456934324,11.020038772719907
110,-0.9503476847265081,0.3111900996737615,45.36162187090581,11.020051940969731
111,-0.9523958654949599,0.30486409330733966,45.36158721826863,11.020062664646934
112,-0.9554989899739198,0.29499437309687626,45.361555348386275,11.020066286235654
113,-0.9593555167613597,0.2822002701266329,45.36152692992068,11.02008709419
114,-0.9512700143444511,0.3083591409527333,45.361497895280614,11.02009665792159
115,-0.9565923494776176,0.291429368665705,45.36145303037433,11.020100879480653
116,-0.9455476197238035,0.32548379196919996,45.36142593709129,11.02010991066354
117,-0.9488674252827876,0.31567484733062523,45.36139785866809,11.020126783172865
118,-0.9594442366861959,0.28189848649760935,45.361362643096996,11.020125457092268
119,-0.94647047396781,0.3227903993416611,45.36133093181038,11.020137675767401
120,-0.9483355327621042,0.3172691559241395,45.361298739537695,11.020158742675187
121,-0.9597438049534379,0.28087689270122834,45.36126425215206,11.020158477764818
122,-0.9586472116729531,0.2845971249884164,45.36122902946716,11.020175914603982
123,-0.9598646490179209,0.280463643928591,45.36119687845714,11.020175614865222
124,-0.9556680810873128,0.2944461220510354,45.361172151134404,11.020197014685014
125,-0.9531687076866413,0.30243910905664645,45.36113493404703,11.020200993609393
126,-0.9601916739415873,0.2793419934296531,45.3611018427056,11.020213201924358
127,-0.9475159707577135,0.31970843773517715,45.361067834490456,11.020222758341033
128,-0.9538114625141891,0.3004058820604942,45.361042908492635,11.020241620289895
129,-0.9636294297767007,0.2672420664271076,45.36101086599633,11.020246873958675
130,-0.9559126681819075,0.2936511038789852,45.3609680616352,11.020259616562848
131,-0.9468932093609652,0.3215482079970146,45.36093950447616,11.0202703064098
132,-0.9578746991182262,0.2871864564863175,45.36090266759419,11.020280598635232
133,-0.9606923782707352,0.2776151190632792,45.36087835790648,11.020292071160293
134,-0.9471215782508621,0.3208749226904406,45.36084448066331,11.020296298159769
135,-0.9565500070941487,0.2915683177716399,45.360808516519704,11.020316834905177
136,-0.9527702876670472,0.3036919145101695,45.360783744574974,11.020322787684261
137,-0.951134059528336,0.3087782388788885,45.36074623089417,11.020327790238444
138,-0.9603642659379907,0.2787480523867105,45.36071487304172,11.0203350866873
139,-0.9587094111144703,0.2843875261690387,45.360681833305165,11.020340197842126
140,-0.9548205369607068,0.2971830112877711,45.36065887927478,11.020360366316329
141,-0.9550458416250893,0.2964581596020336,45.360612366702306,11.020369999945045
142,-0.9517862709323455,0.30676195080990704,45.36058403054766,11.020379779541509
143,-0.9528671813891739,0.3033877628241639,45.360561796193416,11.020396115558304
144,-0.9523473869540002,0.3050154988879871,45.360525450038075,11.020390128030938
145,-0.9540956308280142,0.2995021322710303,45.360484932607484,11.020401091979878
146,-0.9563396792572951,0.29225745136446724,45.36045478652531,11.02041948967136
147,-0.9519276034992006,0.30632309363851234,45.3604322564577,11.020431167246677
148,-0.9543578348207632,0.29866557069107397,45.360397477645556,11.020443008380106
149,-0.9560449170770166,0.29322025259384904,45.36035983834533,11.020451420393622
150,-0.949543173601364,0.31363635227289904,45.36032994777571,11.020462017838593
151,-0.9520330993402855,0.3059950616603644,45.360298680013024,11.020471577669698
152,-0.9500475027324391,0.3121053388711191,45.36026281787822,11.020493877668992
153,-0.948351451879728,0.31722156880895097,45.36022728737064,11.020495989174986
154,-0.9525555433396561,0.3043648088279796,45.36019859028748,11.020502620290172
155,-0.9512183837480571,0.30851837290465217,45.36015970348617,11.020514741468435
156,-0.9383165126979315,0.34577756144433736,45.36012614977906,11.02053002118529
157,-0.952184866059021,0.3055224719200936,45.36010246696741,11.020527045172228
158,-0.954906787240489,0.2969057555556094,45.36006609980957,11.020544268948205
159,-0.9508098932594317,0.3097749939552709,45.360030078087476,11.020556677678593
160,-0.9503419549354798,0.31120759741595383,45.36000228415867,11.02056817239015
161,-0.9495614052504598,0.31358115003738984,45.35997657400276,11.020589775768368
162,-0.9503435069385898,0.31120285798761943,45.359948084940086,11.020573339229129
163,-0.9535070286675367,0.30137077874539425,45.359905928703405,11.020595582718531
164,-0.951821398618251,0.3066529392202146,45.359870480431695,11.02062312449123
165,-0.9542690143197349,0.29894924035568604,45.35984289356753,11.020626116228897
166,-0.9580846521191656,0.28648525158146865,45.359815241946755,11.020621918686532
167,-0.9548710737225935,0.2970205928346743,45.3597904118875,11.020637762045448
168,-0.9528316806610287,0.30349923942026513,45.3597416607622,11.020644080751952
169,-0.9526317608200253,0.30412617164088,45.35971420914022,11.020652598641426
170,0.14963812167958915,0.9887408318362323,45.35968139279222,11.020667867672294
171,0.12292179356245704,0.9924163605399644,45.35968570626269,11.02067396209727
172,0.12817483972462576,0.991751587072875,45.359689840725814,11.020676049994345
173,0.11929241437477581,0.9928591641681296,45.35969154214394,11.020694880727524
174,0.1430545251541866,0.9897148088378339,45.35968828443584,11.020694303067575
175,0.1475238844940307,0.9890584934693154,45.35968922814012,11.020706544808668
176,0.142642078833675,0.9897743365767814,45.359682757608745,11.020704465711855
177,0.10210738092469338,0.9947733826157089,45.359690575693236,11.020717880059731
178,0.15009038714852713,0.9886722792136964,45.35967964827062,11.020719037547247
179,0.10489167198266094,0.994483653535181,45.359684720736034,11.02072962087421
180,0.9558177686886371,-0.2939598493996671,45.359692517049076,11.020737398403451
181,0.9572948222597438,-0.28911351278465935,45.35971318826538,11.020731660468245
182,0.9523131783444749,-0.30512228753639775,45.359762225618326,11.020714417162969
183,0.9553326540283117,-0.29553260420336386,45.3597930040414,11.020703444476739
184,0.9508161685132575,-0.3097557323017102,45.35981717880371,11.020690844912197
185,0.95006089438945,-0.3120645717666753,45.359860360096484,11.020685550347597
186,0.9576144812786539,-0.2880529556269377,45.359885361133685,11.02067773600967
187,0.9467784634704883,-0.3218859131873609,45.359922464903654,11.020664767608924
188,0.9475655041483234,-0.3195615986756446,45.35995231700669,11.020654975535553
189,0.950748277365839,-0.30996405127996635,45.35998297319128,11.020645646258709
190,0.946970208521051,-0.32132137210835693,45.360019322636674,11.020631173923706
191,0.9595583291219536,-0.28150988084378964,45.36004324681733,11.020628125585405
192,0.9535117820761909,-0.30135573902264834,45.36008079899153,11.020607325758656
193,0.9455952507388294,-0.3253453884415303,45.360116673919705,11.020601173375965
194,0.949007568276465,-0.31525328761805266,45.36013857941637,11.020591918271947
195,0.9604273473931223,-0.278530627363331,45.360176745953765,11.020588643689651
196,0.9512591185394804,-0.30839275185304016,45.360208523586245,11.020571690743402
197,0.9637806458241427,-0.2666962068249159,45.360241181166714,11.020556509188792
198,0.9642167743594687,-0.2651150920710124,45.36026394831893,11.020556141647306
199,0.947403127825744,-0.32004267432015526,45.36030850084558,11.0205389893489
200,0.9606039416060586,-0.2779209732476195,45.360337514129796,11.020529511980735
201,0.9502130737625816,-0.3116008896820847,45.36036765157622,11.020522702157379
202,0.9537042603202237,-0.3007460454387636,45.360405729114355,11.02052051688514
203,0.9563512228811408,-0.29221967506269414,45.36043519811523,11.020506449323287
204,0.9473885836943551,-0.3200857252137369,45.3604613688173,11.020489297504987
205,0.9556611847700087,-0.29446850412902087,45.3604945709341,11.020479776790488
206,0.9471905714767848,-0.32067120435967117,45.3605285274069,11.020464216871611
207,0.9508416183171943,-0.30967760150830886,45.36055678062961,11.020460866092781
208,0.9616446866582314,-0.27429818924300575,45.36059438341735,11.020451066657737
209,0.9484803334752319,-0.31683600964964975,45.360617647977136,11.020439334930684
210,0.9530685108468984,-0.3027547086868768,45.36067110248035,11.020423626910013
211,0.9541898682657807,-0.2992017635291143,45.360685607658866,11.020419381133301
212,0.9625847905887294,-0.2709806652277094,45.36071552697509,11.02041695660398
213,0.9439541568223158,-0.33007658174713167,45.36076285270554,11.020395675889755
214,0.9656446418602423,-0.25986616872267976,45.36078386943048,11.02038939584425
215,0.9495582397171607,-0.31359073549014044,45.360819651441034,11.020369895848047
216,0.9575125030175338,-0.2883917588369984,45.360847272200594,11.02037317983156
217,0.9518780045870286,-0.3064771841155825,45.36087719469729,11.02036212555039
218,0.9609203404298092,-0.2768250338178603,45.36091034137429,11.02034857102342
219,0.953612095863922,-0.301038154761183,45.36095170988826,11.02033157246027
220,0.9513507001509215,-0.3081101188249934,45.36097354723736,11.020326872056028
221,0.9539681236612023,-0.2999080176292808,45.361015882832795,11.02032257382619
222,0.9457956450109541,-0.32476237140148073,45.361044357105015,11.02030633367746
223,0.9404920596190032,-0.3398156644323588,45.3610768104922,11.020294145867412
224,0.957794277655464,-0.28745455587005025,45.36110448745981,11.02028930386965
225,0.959959828514869,-0.2801376940679407,45.36113491668129,11.020278007078696
226,0.958409670006356,-0.2853960483929442,45.3611819619459,11.020265983555536
227,0.9552925159685577,-0.2956623224803305,45.36120631653468,11.02025806895548
228,0.9452254320423539,-0.32641826330698087,45.3612275467723,11.020247416839338
229,0.9552856471992681,-0.295684514736696,45.361266313632676,11.020223781335396
230,0.9615080986059459,-0.27477659346308714,45.36130406359128,11.02022947192602
231,0.9584344684052322,-0.2853127578163654,45.36132361006727,11.02021318752197
232,0.9528927981109809,-0.30330729517805105,45.361362041255475,11.020198527502293
233,0.9464193113375935,-0.32294037704702605,45.36139753966497,11.020193684161995
234,0.9579523360539911,-0.28692738079294794,45.36143245713347,11.020181788213874
235,0.9467925061706316,-0.3218446057636115,45.36146325100136,11.020176076403114
236,0.9511916660479082,-0.3086007362936854,45.36149238207736,11.020158338079781
237,0.9629486869098184,-0.2696846795401187,45.36152825725852,11.020151565771814
238,0.9533176992363332,-0.30196914465346303,45.36156114362586,11.020148591869278
239,0.9546659979995074,-0.297679075958665,45.361596769819066,11.020130709080073
240,0.9394347574976519,-0.3427277876177068,45.36162077832237,11.020125905977459
241,0.9366492849628406,-0.35026863544799364,45.361651728614575,11.020112871471083
242,0.9554885021851501,-0.2950283413368593,45.36168215286246,11.020100770503234
243,0.949780361410044,-0.3129173454441383,45.361721822617035,11.020086099737078
244,0.9429158543435302,-0.3330310670607332,45.361745357647855,11.020084166663608
245,0.9567712997858032,-0.29084133115185795,45.36178695615626,11.020070943019778
246,0.9476967005716722,-0.3191723103992046,45.36181212058043,11.020057402293025
247,0.9453717639453119,-0.325994214572789,45.36184359343267,11.02004500038149
248,0.952342263245939,-0.3050314961370426,45.361881355226124,11.020046977991642
249,0.948964176694397,-0.3153838793450376,45.36190878544695,11.020024305807807
250,0.9524041692157481,-0.3048381512548269,45.36194211437221,11.020018926273377
251,0.9505341545417964,-0.3106200589941231,45.361971215794966,11.020009504077741
252,0.9539627018197697,-0.2999252632519059,45.362005996284786,11.019998158630226
253,0.9552791949203545,-0.29570535969494927,45.36203985756977,11.019983789957355
254,0.9517835611459649,-0.3067703583012958,45.36206541247012,11.019971955049616
255,0.9607828464081878,-0.2773018608804864,45.36211337129428,11.01996551643926
256,0.9466469429331951,-0.3222725018291759,45.362139873821974,11.01995905365805
257,0.9555836322914687,-0.29472007345385054,45.36217392672331,11.019949108088277
258,0.9554668727178248,-0.29509838213521244,45.36220227076427,11.019928059948555
259,0.9509709776162933,-0.309280131485214,45.36222456008193,11.01992354594975
260,0.13771177644899027,0.99047234521074,45.36226392763301,11.019914575894479
261,0.13236903656709667,0.9912005035099097,45.362260625795976,11.019935527584913
262,0.14718946082153347,0.9891083169315008,45.36225608558176,11.019927256639619
263,0.08961229388031137,0.99597672502198,45.36227466126791,11.019923889834764
264,0.11961880054285473,0.9928198943195532,45.36226826312412,11.01994451893638
265,0.12563379927888899,0.9920766847773169,45.36227314413015,11.019953336669408
266,0.1310468596826072,0.9913761751057603,45.36227412548731,11.019959823963218
267,0.1384528751833951,0.990369022815966,45.36227205176815,11.019971693627555
268,0.12759900613281994,0.9918258383576809,45.36227892168808,11.01996921467237
269,0.11765779006073228,0.9930542001512428,45.36227209124713,11.019976280997865
270,-0.9555604948705891,0.2947950824601299,45.3622777215679,11.019986450323414
271,-0.9492500272366631,0.31452247263302896,45.36224518810195,11.020005105386831
272,-0.9578269661417868,0.28734561582112317,45.36221998540302,11.02000880896329
273,-0.9609094741079343,0.2768627504190719,45.362179067969045,11.02001908770897
274,-0.9478286603059652,0.3187802231986783,45.36214968688376,11.020026919555484
275,-0.9514916924021358,0.30767443717299514,45.362116320455826,11.020033318662975
276,-0.9577240568719513,0.28768842675493805,45.36208978289977,11.020041265689793
277,-0.9551985043323495,0.29596590567368136,45.362048837525585,11.02006678606924
278,-0.9553711626697479,0.2954080932186088,45.362021427829724,11.020060578400459
279,-0.9604357479296247,0.2785016590594432,45.36199142862649,11.02008495332806
280,-0.9589121094437569,0.2837033069284252,45.36194917599869,11.020084183844812
281,-0.9588540206624074,0.2838995721369362,45.36192151025242,11.020092282409253
282,-0.956113195693847,0.2929975375666139,45.361896280459284,11.020109364005277
283,-0.9589832807466635,0.28346263818776185,45.36185656470235,11.020119558676555
284,-0.9557952598947103,0.29403302733333064,45.361824408350756,11.020123386565588
285,-0.9528162458137286,0.30354769265048326,45.361788310946686,11.020143800994555
286,-0.9520788212421557,0.3058527720033731,45.361771031858936,11.020153462794317
287,-0.9583508440644889,0.2855935217768109,45.361724306839555,11.020164271194657
288,-0.9533604342625888,0.3018341968409945,45.36170141937239,11.020166781585091
289,-0.9577101085422786,0.2877348571096956,45.361667269086844,11.020177826922964
290,-0.952181267593893,0.30553368659329067,45.361630676553006,11.02019190583781
291,-0.9465165874948553,0.3226551558507842,45.36160033114906,11.0202019595959
292,-0.9524983768199013,0.3045436621495401,45.361563161327155,11.020207916930447
293,-0.9430795294915637,0.33256728800946544,45.36153257599594,11.020220830233376
294,-0.953607896620689,0.3010514565695795,45.36149337947001,11.020223829336814
295,-0.9524702466042,0.30463162891225615,45.36147001443637,11.020243680744501
296,-0.952527021985905,0.30445405628216415,45.361440778659116,11.020251374959072
297,-0.9489740254685087,0.31535424364687736,45.36141380854636,11.020263806286579
298,-0.9638068367348053,0.26660154062429636,45.36138345610713,11.020267383475323
299,-0.9575642296317948,0.2882199613657379,45.361344639101304,11.020276914053094
300,-0.9429344110151752,0.3329785226158958,45.36131473598752,11.02028033512641
301,-0.956779196197362,0.2908153533153466,45.36128930288954,11.020303535363299
302,-0.9566551067817392,0.2912232934852899,45.36124493581179,11.020302056071126
303,-0.9464317122404061,0.32290403228466064,45.361212758963006,11.020319908557362
304,-0.9579821507536437,0.28682782089159903,45.36117706966184,11.020335871429056
305,-0.9526784483765937,0.3039798907802388,45.36114400717811,11.020341524961783
306,-0.9414200108488349,0.33723636098941007,45.36112104138928,11.020352351216241
307,-0.9593376823958967,0.2822608919692377,45.36108032437129,11.020363447924773
308,-0.9581448989250656,0.2862836926265199,45.36105260762362,11.02037768470562
309,-0.9527436941405847,0.30377533355319025,45.36102100742178,11.020380935349749
310,-0.9575086177332569,0.2884046583648531,45.36097859495867,11.020398574220248
311,-0.9588466686284783,0.2839244020158695,45.36094918543979,11.020391550804705
312,-0.9460257029430119,0.32409160644975077,45.360920878869834,11.020405439641483
313,-0.9523008144308753,0.3051608736949932,45.360881003116376,11.020418656006132
314,-0.9519772628874489,0.3061687295354002,45.3608539355057,11.020432283263704
315,-0.950485790415123,0.3107680199424305,45.360821950097396,11.020437885046455
316,-0.9504482533280779,0.310882803875682,45.360790408904705,11.020448016760396
317,-0.9528600297019382,0.30341022361881853,45.36075561141662,11.020466467870659
318,-0.9495580973011115,0.31359116672810305,45.360738254363895,11.020467230512212
319,-0.949130429732071,0.31488319637067697,45.360695304150745,11.020482489028321
320,-0.9479886155794123,0.31830423297818267,45.360660380129325,11.020494540118507
321,-0.9555861788621546,0.2947118164709828,45.36063153669442,11.020498048688298
322,-0.9555753496600818,0.2947469272477873,45.36060351770846,11.020517787555068
323,-0.9524716484799226,0.3046272457314655,45.36055455138119,11.020523801076063
324,-0.9549607307462521,0.2967322071036177,45.36053770781586,11.02053992571597
325,-0.9545538109591065,0.29803862498583367,45.36050737947641,11.02055111586301
326,-0.9539670673926213,0.29991137746061264,45.36047448345097,11.020551058223775
327,-0.94766494667193,0.3192665795996943,45.36044120588977,11.020571731079231
328,-0.9500521254770764,0.31209126690199046,45.360408112153955,11.02057923093814
329,-0.9571656927326309,0.2895407340179666,45.36037199803936,11.020577967284055
330,-0.9635391144729115,0.2675675146215576,45.36034627520165,11.020581300949068
331,-0.9490378769807505,0.3151620346042173,45.3603127586488,11.020608871934671
332,-0.9591783270850706,0.2828019392618896,45.3602729210391,11.020617640427751
333,-0.9518615259615728,0.30652835985289545,45.36024742239242,11.020626410563896
334,-0.961022426902682,0.2764704233549751,45.360210012623206,11.020638149818218
335,-0.9535876478342155,0.30111558893223744,45.360175806737324,11.020648305797332
336,-0.9536104912221601,0.30104323780983755,45.36014995412694,11.020654677209027
337,-0.9451640409922363,0.3265959822398714,45.36011826755898,11.020668391640573
338,-0.9597107214815589,0.280989912760842,45.36007915229029,11.020678261741795
339,-0.9522212631547555,0.3054090142676896,45.36005188553344,11.020679677591577
340,-0.9606728722692139,0.2776826110616554,45.36001132932501,11.020690122006528
341,-0.9459391764090781,0.32434406813523653,45.35998260734298,11.020708544688194
342,-0.9529551690657138,0.30311127618572165,45.35995188610093,11.020705868472986
343,-0.9440190031963936,0.3298910753628951,45.35991744794992,11.020724247047033
344,-0.9577703548608408,0.28753425421980444,45.35988742318442,11.020735161975404
345,-0.9555604810802563,0.29479512716065914,45.35985812638083,11.020743492363474
346,-0.9604379140922132,0.27849418876198906,45.35982850446482,11.02075291702418
347,-0.9498786193467845,0.3126189509736195,45.35980750268171,11.020767734672715
348,-0.9492569553461737,0.31450156236004984,45.359760057786964,11.020775437291181
349,-0.949261720035211,0.314487180781336,45.35972480243716,11.02078818238253
350,0.12823990520307835,0.9917431757836832,45.359697525942366,11.020797496521075
351,0.1663393444588006,0.9860685688556433,45.35969684975054,11.020804665668873
352,0.12488814559483921,0.992170827574507,45.359699063942806,11.020817874828575
353,0.12705424996817163,0.9918957695065673,45.359694069026084,11.020818094321584
354,0.13791514514230524,0.9904440482633923,45.359702499413025,11.020825272053797
355,0.1564427315551191,0.9876870312723424,45.359707249481936,11.020848740521828
356,0.13615876292831647,0.9906870299331826,45.359699770241185,11.020850709075585
357,0.1279060656045004,0.9917862866472682,45.359700720692636,11.020851000831982
358,0.15213867866090844,0.988359156610244,45.35970799225596,11.020867573759794
359,0.10873588288109502,0.9940706754421784,45.35970718754908,11.020872520799612
360,0.9498868047922133,-0.31259407876931966,45.359710754796595,11.020884371956493
361,0.9492848317293475,-0.3144174108547176,45.35974302138067,11.02087469422766
362,0.9553681583910608,-0.2954178090983564,45.35978382171045,11.020869233617752
363,0.9456373149947616,-0.3252231057128293,45.3598074854689,11.02085905636382
364,0.9627013568817137,-0.27056625336155166,45.35984250828325,11.020857317814958
365,0.9495893066470235,-0.31349664862901694,45.359865576644566,11.020826004316504
366,0.9592031677895494,-0.2827176734880462,45.35990631620509,11.020819944976155
367,0.9668553166209871,-0.2553248846503817,45.35993825754387,11.020810977006699
368,0.9563089503502994,-0.2923579851481888,45.35997346531639,11.02080609101357
369,0.9564421541875192,-0.2919219171167826,45.35999198531933,11.020793587512816
370,0.9487845114753034,-0.31592396361240127,45.36003247948636,11.02078163255967
371,0.9578755584261778,-0.28718359035595686,45.36006344872184,11.020772300627002
372,0.9541437072739936,-0.2993489366432421,45.36009710833958,11.020764359001689
373,0.9538702114626021,-0.30021928599657094,45.360132659409466,11.020751611719419
374,0.9628886896532851,-0.2698988168513889,45.3601619498571,11.020740018830663
375,0.9487574354357488,-0.3160052668950014,45.36019614849175,11.02072756224141
376,0.9659938160284002,-0.258565170498444,45.36022286453601,11.020720461604688
377,0.9604978094461436,-0.2782875456235145,45.360268572045804,11.02071660291022
378,0.9479568137477069,-0.3183989310115461,45.36029361049032,11.02070004696809
379,0.9501012488273521,-0.3119416884238236,45.36032372366898,11.020694004988199
380,0.9499170059292974,-0.3125022909457131,45.36036133502529,11.02068732145927
381,0.9534575540810329,-0.30152726670371655,45.360395052529775,11.020667975185185
382,0.9523583491820972,-0.30498126949560483,45.360419833891385,11.020658340890487
383,0.9560497775604632,-0.29320440451430607,45.36045081494708,11.020644608356422
384,0.9536334467642945,-0.300970512197543,45.3604921551579,11.02063667505028
385,0.954079990893105,-0.29955195038158666,45.360521093886874,11.02063370749319
386,0.9621758112457321,-0.27242927202049577,45.36054580358827,11.020618967703713
387,0.9497137645669155,-0.31311941075592475,45.36057905073737,11.02061224327137
388,0.952271812128191,-0.30525136498645045,45.360625580420226,11.02059765388189
389,0.9646216739940764,-0.2636380588247185,45.36064776793124,11.0205860480154
390,0.9477020313769008,-0.3191564815636615,45.36067684348267,11.020580678985224
391,0.9549075717705892,-0.296903232342117,45.36070893896546,11.02056513846315
392,0.9483827763858472,-0.3171279070890357,45.36075046298567,11.020561175176402
393,0.9479852722837172,-0.3183141899651454,45.36077446736687,11.020555155224617
394,0.9526774889142197,-0.3039828977361997,45.36080402258898,11.02054951529511
395,0.9585623176416637,-0.28488292893299555,45.360838448785806,11.020535089908785
396,0.9583911127901507,-0.28545835935361336,45.360871396921944,11.020515045162236
397,0.9579164708608865,-0.2870470951837421,45.360904408828105,11.020503531313192
398,0.9552141986534353,-0.2959152491692098,45.36094173438524,11.0205031316246
399,0.9513804967907196,-0.3080181006470946,45.36096871634526,11.020485497992407
400,0.9504440029940461,-0.3108957979334131,45.361009949425444,11.02047118062533
401,0.9510759893158465,-0.3089570561532523,45.36103669624815,11.020471592447958
402,0.9537411053522439,-0.30062918015635137,45.361067256126404,11.020454613224908
403,0.9510451502223075,-0.30905197336148577,45.361103900680305,11.020448350457222
404,0.9594043391611684,-0.28203424259958537,45.36112488385504,11.02044430118126
405,0.9581749031254652,-0.28618325426290314,45.361163066584844,11.020431355595905
406,0.9529524293907449,-0.3031198893478907,45.361196882439856,11.020414310133777
407,0.9573291438389815,-0.2889998449074372,45.36122695332813,11.020414792994758
408,0.956449482746745,-0.2918979050172916,45.36126092140524,11.020401815018392
409,0.9482982769127476,-0.3173804940514049,45.36129189060969,11.020386403779012
410,0.9411492105290242,-0.3379913660444515,45.36132699810606,11.020373939167833
411,0.9484863082359299,-0.3168181230437687,45.361367039069364,11.020370550064953
412,0.956706334824335,-0.29105495856794383,45.361390650941914,11.020363523799933
413,0.9565827361087772,-0.2914609218722906,45.361426150502936,11.02034634520436
414,0.9523763428581491,-0.30492507532857516,45.36145921211479,11.020341658558065
415,0.9574897340709878,-0.28846734503002075,45.36148258699939,11.0203240552269
416,0.9486712562498432,-0.3162638891263821,45.36152402021259,11.020318067986976
417,0.9553008476293106,-0.29563540132859717,45.361554107043546,11.02031338947965
418,0.9434185382254932,-0.3316043753216681,45.361577493475345,11.020291801677393
419,0.9577475775717917,-0.2876101139657032,45.36161666714894,11.02027953216364
420,0.9441179956742051,-0.32960766108226575,45.36165634024514,11.020282194549672
421,0.9542469166115171,-0.2990197688070346,45.36168617772945,11.020271798952795
422,0.9479545886722245,-0.3184055555659695,45.361704297600994,11.020255570333573
423,0.9519364090444077,-0.30629572823602713,45.3617478404494,11.020247181436094
424,0.949073961255621,-0.3150533543172711,45.361781084631886,11.02024444709688
425,0.9508173825384079,-0.30975200574461337,45.3618128716898,11.020228106645881
426,0.9525603418281624,-0.3043497908266317,45.36184692227485,11.020215264101427
427,0.94199401228314,-0.3356296781017905,45.36187516333922,11.02020446188924
428,0.9474843397385763,-0.3198021668940882,45.361897817697226,11.020194750566633
429,0.9625573831686709,-0.27107800373228436,45.3619465641731,11.020175727978211
430,0.9535849222663311,-0.30112422025854274,45.36197430887716,11.020169242974987
431,0.9525027112369768,-0.3045301053856717,45.36200389579014,11.020166841034227
432,0.9475569821708375,-0.3195868669693658,45.36203956193859,11.020148018392046
433,0.9429208058361697,-0.3330170474934705,45.36207369405189,11.020143574670824
434,0.9495494839917671,-0.3136172467371156,45.36210638538852,11.020132311383703
435,0.9471931438338448,-0.3206636060954803,45.362133490296685,11.020118179341367
436,0.9543115113928731,-0.29881355260939935,45.3621666231966,11.020116451899046
437,0.9528461908329839,-0.3034536811690916,45.36219818334811,11.020104858237245
438,0.9521918521392814,-0.3055006983945617,45.36222814111054,11.020094068244942
439,0.9495790558847169,-0.3135276967431898,45.36226797723743,11.020082110070296
440,0.11114284048399894,0.9938044420353274,45.362297420303804,11.020072278920564
441,0.15589226192260738,0.9877740645879771,45.362306607688524,11.020073424817506
442,0.12737468684185557,0.9918546713868616,45.3623039872944,11.020082566819454
443,0.14058336444165437,0.9900688449003257,45.36229772675776,11.020083125980836
444,0.14305517967343037,0.9897147142326432,45.36229456517132,11.020088704455759
445,0.12699050076243926,0.9919039332093128,45.362310081593435,11.020103001303417
446,0.12395386160293215,0.992287982489822,45.36231037095783,11.020099370506985
447,0.10510276752597554,0.9944613658953176,45.362304143361776,11.020103091401534
448,0.14619753372695796,0.9892554175399572,45.362308074061275,11.020105198668046
449,0.1391126528658528,0.9902765622858216,45.362315216617056,11.020115513133417
450,-0.9533438102203835,0.30188669979726074,45.36230991597032,11.020123157971886
451,-0.9416090547616492,0.33670816442562473,45.3622726556254,11.020124349077838
452,-0.9662884583971937,0.2574618712904397,45.36223968629743,11.020138269949548
453,-0.9527690228760451,0.30369588250061297,45.36221461808369,11.020145364836722
454,-0.9561404509431134,0.292908583128422,45.36217470568486,11.020161120172434
455,-0.9503241904582138,0.3112618399835428,45.36215210972114,11.020168114001445
456,-0.9520216994944823,0.3060305273851574,45.3621151737122,11.020192447433054
457,-0.9504423203326599,0.31090094197456153,45.362085114485076,11.020195404833292
458,-0.9563552995158306,0.2922063330730288,45.36205419415973,11.020209764516613
459,-0.9561777699529856,0.2927867350952486,45.36202209902166,11.020222569722609
460,-0.9543124011882963,0.2988107108827062,45.36198081347124,11.020222013809988
461,-0.954856863015917,0.2970662740053173,45.36195477358979,11.020233913890191
462,-0.9452973874430421,0.3262098240295025,45.36191954718679,11.020239465271228
463,-0.9550766390149273,0.29635892699216954,45.36188501795237,11.020251202516164
464,-0.9518975438500913,0.30641649109041685,45.361850313804865,11.020263369062613
465,-0.9591003012047469,0.28306644490112903,45.36181884301612,11.020271902972915
466,-0.9553116637787828,0.2956004483220783,45.36178788942535,11.020283113450475
467,-0.9440410078624063,0.32982809988558004,45.361762698584194,11.020298324007566
468,-0.9591522792059005,0.28289027076611567,45.36172215814972,11.020300613688613
469,-0.9601659737098818,0.2794303185585893,45.36169979182765,11.020320447843114
470,-0.9524754301649531,0.30461542136288433,45.36166301689674,11.020321631651042
471,-0.946340553518357,0.32317109519041115,45.36163285383445,11.02034155793353
472,-0.9531377373485789,0.3025366980087399,45.36159762651617,11.020343780377704
473,-0.9463738315520037,0.3230736308546083,45.36156378346821,11.020357712898718
474,-0.9618340264379631,0.27363352423658854,45.36152528391621,11.0203649103334
475,-0.9596567151630705,0.2811743036666498,45.36149423146255,11.020367276826267
476,-0.9576259139206674,0.28801494577123343,45.36145897643116,11.02038050108114
477,-0.95153035205184,0.30755485547150996,45.36142812326086,11.02039146871007
478,-0.9494078351266199,0.31404579697901563,45.36140121644638,11.020417099890288
479,-0.9467423143085654,0.32199222086513474,45.3613661570386,11.020418083765964
480,-0.9402782547447448,0.3404068208103017,45.36133302236484,11.020423059304887
481,-0.946039273527791,0.32405199111100874,45.36129925238235,11.020435387862124
482,-0.9618069405399969,0.27372871447674385,45.361274392722464,11.02044424665672
483,-0.9504962866392896,0.31073591534439887,45.36124440147194,11.020457315526697
484,-0.94988284035519,0.31260612533787097,45.36121046951198,11.020468470671256
485,-0.9558243781877127,0.29393835758892095,45.36117018336565,11.020470022775596
486,-0.9490281609441148,0.31519129070301305,45.361130695084334,11.020485221561776
487,-0.9567259115342476,0.2909906015646605,45.36110237173764,11.020497333169729
488,-0.958127169529794,0.2863430233283595,45.361069463634806,11.020498693028994
489,-0.9416831990547743,0.33650074683121656,45.361046305959036,11.020528228875227
490,-0.9602214828575614,0.27923950984562707,45.36101164140339,11.020526273517774
491,-0.9579436403881784,0.28695641104503017,45.36097841247176,11.02053179910233
492,-0.9615022585128176,0.2747970285042232,45.36094398586742,11.02053731576988
493,-0.9542548906418284,0.2989943204914637,45.36091378519373,11.020559362368347
494,-0.950905462355729,0.30948150455566353,45.36086912757523,11.020572918702914
495,-0.9586925705105991,0.2844442919936698,45.36084483388887,11.020576853750505
496,-0.9546481939230334,0.2977361681749304,45.360801633156086,11.020588749592083
497,-0.9549719523199648,0.29669609077673237,45.36078865924513,11.020590584851506
498,-0.95517324464318,0.2960474163336335,45.36075164893877,11.020604541614755
499,-0.9640404061353239,0.2657557061258322,45.36071605603399,11.020621100909926
500,-0.9572119474830538,0.2893877806606549,45.36068469448359,11.020629269759224
501,-0.9576485037813558,0.2879398256673268,45.36064768750856,11.020637323813036
502,-0.9548511034531975,0.2970847862718843,45.360618695210505,11.020649143270415
503,-0.9574523533763378,0.28859139109493953,45.36058659540078,11.020655957489158
504,-0.95085884675621,0.30962469789319175,45.360550821434614,11.02066532322348
505,-0.957352894626831,0.28892115732432566,45.36051943568028,11.020675781514216
506,-0.95784959526029,0.28727017398208704,45.36048763396403,11.020692375835877
507,-0.9534825050610665,0.3014483580026159,45.3604453756112,11.020705515054733
508,-0.9540934037195277,0.2995092268676983,45.36042587317378,11.020716138524492
509,-0.9557395646821039,0.2942140113952132,45.36039551208856,11.020716145531193
510,-0.9538366561282855,0.3003258787151233,45.36036206652272,11.020726387588796
511,-0.9564985793927473,0.2917369836336428,45.36032906042733,11.020744198681871
512,-0.9496915161784232,0.31318688366329733,45.36029751707133,11.020755348075992
513,-0.951405181461912,0.30794184627527693,45.3602613812942,11.020761796046973
514,-0.9508813545005528,0.3095555679731737,45.36021921772485,11.02076499742177
515,-0.9582621697680533,0.285890912747192,45.36020173176686,11.020781066954005
516,-0.9456625422860444,0.3251497441442869,45.36016692787221,11.020790239978723
517,-0.9510344405859006,0.3090849281661321,45.36013849870983,11.020798434048901
518,-0.9535992836604471,0.3010787375459818,45.36009259287469,11.020805425211481
519,-0.9608129961189272,0.27719737821445994,45.36006768137391,11.020818267806433
520,-0.9464723087615351,0.32278501939775534,45.36002926162654,11.020830363811935
521,-0.957106013169755,0.2897379497999818,45.35998783909249,11.02083822938661
522,-0.9588944899446611,0.2837628537243171,45.359970653174074,11.02085075647282
523,-0.9514777896956004,0.3077174283591601,45.35993234496842,11.020850680807191
524,-0.9428108141317324,0.33332831976335286,45.35989833190317,11.020865896347239
525,-0.953136430844685,0.3025408141006018,45.35986642463955,11.020886533646221
526,-0.9536244729626459,0.30099894446113257,45.35983896057286,11.020888238729855
527,-0.9452828522915084,0.3262519412411675,45.35979175981786,11.020900315110206
528,-0.9520981633729118,0.30579255599495575,45.35977560047804,11.020918366167317
529,-0.9519834451060868,0.3061495063591418,45.359738080607684,11.020924409581626
530,0.14584062845955043,0.9893080971520062,45.359707222023694,11.020931379320764
531,0.1617357070443007,0.9868341102064117,45.359719952442155,11.020940063292564
532,0.15628756858895582,0.987711595509819,45.35971005642668,11.0209462898745
533,0.1183786363113567,0.9929685284363566,45.35971586424409,11.020957875871229
534,0.12636426794395308,0.9919839070201637,45.35971281378192,11.020962634081473
535,0.15422573609665824,0.9880356381859128,45.359710194404485,11.020960392149286
536,0.1269895354735128,0.9919040567918963,45.359718010211225,11.020975721997534
537,0.1626879868926126,0.9866775658343657,45.35971836701338,11.020984870021941
538,0.1333403200368311,0.9910703098430885,45.359726498243106,11.020996168445695
539,0.12997308576880617,0.9915175222736785,45.35972473838857,11.021003621357975
540,0.9476971945500582,-0.3191708436589239,45.35972610112568,11.021006050070717
541,0.9669998417286483,-0.2547769732467384,45.359763899598825,11.02099900190055
542,0.9427077842651722,-0.3336195939777062,45.3597891425203,11.020990850361304
543,0.9458019884890905,-0.32474389689427935,45.35983061484688,11.020981936486972
544,0.9555312131322868,-0.29488998072152284,45.35984470092215,11.020956557739607
545,0.953882992077888,-0.30017867583247126,45.35989921882406,11.020960561376658
546,0.9559858071401023,-0.2934129113496663,45.35991735603252,11.020943563258003
547,0.9548059994418178,-0.29722971491745476,45.359953851650424,11.0209483833027
548,0.9425687001856781,-0.33401234323042805,45.359985516906164,11.020928719596075
549,0.9423415794271733,-0.3346525775826334,45.36002592432172,11.0209078339827
550,0.9570344603630075,-0.28997420864222906,45.36005124935117,11.020906266595594
551,0.9490194745984216,-0.31521744373199884,45.36007922464972,11.020886227207585
552,0.9516188380886602,-0.30728095774842334,45.36011421367845,11.020883456634568
553,0.9525346159828948,-0.30443029638050023,45.36015511005953,11.020873237226082
554,0.950275375707149,-0.31141083848292217,45.36018414106539,11.020867925152844
555,0.9621605081061642,-0.2724833144265683,45.36021500258148,11.02085799913204
556,0.9544097952349447,-0.2984994853590051,45.360248397071516,11.020845361428458
557,0.9530215272967413,-0.30290257263514053,45.3602775348474,11.020842412901253
558,0.9525220711862453,-0.3044695451158711,45.36030588309074,11.020827524958202
559,0.9541085891801881,-0.29946084894789,45.3603376166898,11.020819407323234
560,0.9506427123507006,-0.31028766242714684,45.36037421255022,11.020807151461812
561,0.966349689631662,-0.2572319524258028,45.360412522879386,11.020800543016692
562,0.9594550984398842,-0.2818615157798455,45.36044294339276,11.02078894428561
563,0.9537066486637601,-0.30073847159041556,45.36048388607138,11.020772410775491
564,0.9534731921774996,-0.30147781311209093,45.36051233141812,11.02077135909896
565,0.9574802276624038,-0.2884988971132324,45.360535059889436,11.020746785279742
566,0.9560804982660454,-0.29310421497370265,45.36057108257631,11.02074920035251
567,0.9555499310707362,-0.29482932220305264,45.36060343420369,11.020735737111083
568,0.9575397553057231,-0.28830126085235214,45.36063611266223,11.020718298056687
569,0.955173042600265,-0.29604806820810753,45.36066992789074,11.02072017959289
570,0.9681125935027333,-0.2505154811611679,45.36070134576893,11.020707600257127
571,0.951074548765699,-0.30896149062645667,45.360737112521484,11.02069858035923
572,0.9467341269404504,-0.3220162928895104,45.360769531257844,11.020683159627119
573,0.9553584311603789,-0.2954492646983228,45.36079681318347,11.020672043993633
574,0.9610530940973201,-0.27636380067940797,45.36082421412359,11.020673117495061
575,0.9627923526884526,-0.270242272053493,45.36086985966215,11.020660211264845
576,0.9641807378880969,-0.26524612096233385,45.36089018866894,11.020645346681874
577,0.9598524028073641,-0.2805055522176516,45.36094077155692,11.020631706906116
578,0.9545606108732747,-0.29801684544542223,45.36095877778961,11.020621842412705
579,0.9568671951124124,-0.290525680306758,45.36099786429279,11.02061728089222
580,0.9478737230405132,-0.3186462068961696,45.36102062198688,11.020603810648213
581,0.9593020065393699,-0.28238211743936364,45.36105725484311,11.020602951297743
582,0.9572153652591302,-0.28937647539464906,45.361089831101374,11.02058481306982
583,0.9575030893828832,-0.2884230119498691,45.36111921283975,11.020574517473763
584,0.9462566633616167,-0.32341664620693233,45.3611554779148,11.020562313078077
585,0.9570469556308469,-0.2899329659037203,45.361183402456,11.02055940633938
586,0.9644786461069966,-0.26416082450585804,45.36122160670403,11.020543172782391
587,0.9542172905998909,-0.2991142964156065,45.361256704035654,11.02053507513564
588,0.9601981230731009,-0.2793198246578538,45.361283166977415,11.020526002265319
589,0.9520622258754191,-0.3059044263510131,45.361321197568316,11.020511584992246
590,0.9573118138684762,-0.2890572452436507,45.36136081475674,11.02050860516356
591,0.9499090353132543,-0.31252651828323713,45.361386652835655,11.020490975695102
592,0.9522408578585051,-0.30534791406672207,45.36141949231938,11.020482398271644
593,0.9634539299946349,-0.26787408381157984,45.36144999528605,11.020469578915055
594,0.9551554857491614,-0.29610470790462534,45.3614862144392,11.020462136941195
595,0.9466103525640184,-0.32237996280573145,45.36152509885414,11.020457782192427
596,0.9450300384964282,-0.32698352609793574,45.361542443441714,11.020443340584674
597,0.9539984957146808,-0.29981139100128634,45.36157178602929,11.020441293966826
598,0.9526627674947905,-0.30402903056972475,45.36161513271068,11.020425589816357
599,0.9586331283774926,-0.284644559366909,45.361651410079794,11.020407540345987
600,0.9496690220891931,-0.3132550853284836,45.36168119233581,11.020399357921637
601,0.9664992600456939,-0.2566693988989069,45.36171598311586,11.020400587876711
602,0.9515640864780082,-0.30745046645805213,45.361739939496665,11.020387430783938
603,0.9541259471629874,-0.2994055392779702,45.361762529454715,11.02037410685793
604,0.9533981302336199,-0.30171510613000074,45.3618159348731,11.020358879332397
605,0.9539080604010021,-0.3000990041669553,45.36184176706989,11.020354754977511
606,0.9543236619151916,-0.2987747450986764,45.36186270329357,11.02034662008467
607,0.949015434501514,-0.31522960691835794,45.36191078416256,11.020329207078756
608,0.9540913389471062,-0.29951580416752344,45.36194080913857,11.0203213099811
609,0.9526224207780012,-0.30415542643697935,45.361967129821025,11.020312428204969
610,0.9613669470437518,-0.2752700367489644,45.36199716551007,11.020303881224557
611,0.9665931611557848,-0.25631554928811323,45.362039364268206,11.020290351218524
612,0.9450490381811701,-0.32692860907672966,45.36206676652165,11.020286073378374
613,0.9621614170738978,-0.27248010476794265,45.36210561584048,11.02026860076467
614,0.9506466729826273,-0.3102755277927374,45.36213197885368,11.020261555766268
615,0.9553845681746553,-0.2953647353590597,45.362155428874345,11.020253319566379
616,0.9587723208324127,-0.28417536277029565,45.36219304451611,11.020245082307627
617,0.9547463439627702,-0.2974212815010446,45.36223944025074,11.020236183948633
618,0.9544964633502534,-0.2982222350058063,45.362253136155786,11.020227504306483
619,0.9559740086495804,-0.2934513499482531,45.36230224200234,11.020214622981284
620,0.1172562890826131,0.9931016879809311,45.36232828118453,11.020203889908979
621,0.15288558355631612,0.9882438961818305,45.36233283315874,11.020214744159802
622,0.15206594484661867,0.9883703498273838,45.36233541877534,11.020216062622536
623,0.11995822866192955,0.9927789398331797,45.36233934010127,11.020220767380906
624,0.12392269480085284,0.9922918752631681,45.36233062822806,11.020230269443816
625,0.13067607056204875,0.9914251179904927,45.362323206734736,11.020232319008963
626,0.14284768601525075,0.9897446835422196,45.36232519018044,11.020223787239862
627,0.11846527267771335,0.9929581960834983,45.36232966045051,11.020237241652966
628,0.12642720882983938,0.9919758872409632,45.36232529268729,11.020241900775797
629,0.09533690184746219,0.9954450638514047,45.3623255523189,11.020247418810838
630,-0.9614396614968521,0.27501595826573133,45.36233193592158,11.020251596640612
631,-0.9521832457248925,0.30552752177309467,45.36229191328905,11.020261303581501
632,-0.9550451250196175,0.2964604681509212,45.36226164693108,11.020267747282865
633,-0.9558130341168984,0.29397524353633714,45.36224003084328,11.02028564462134
634,-0.9605423599128409,0.27813373548181913,45.362212407644584,11.020298516503916
635,-0.9498215923683857,0.31279217169037987,45.362161433499075,11.02029834609202
636,-0.9508088964794476,0.30977805341168885,45.362137424606495,11.02031303761797
637,-0.9543129785424759,0.2988088669791911,45.362110005533914,11.020328007830237
638,-0.9570953694984221,0.28977310724889366,45.36206953378437,11.020335403840942
639,-0.9622510343915212,0.27216345605618625,45.36203957358963,11.020344358473299
640,-0.9443344170786152,0.3289870950672565,45.36200846016765,11.020357336400766
641,-0.9502640156363872,0.31144550179222064,45.361972142962664,11.020370364623961
642,-0.959911019866047,0.2803048946053664,45.361941531847876,11.020371972226656
643,-0.9494092745815373,0.31404144525613015,45.36191252723891,11.020383941002725
644,-0.945785375888484,0.3247922763174627,45.361878614367605,11.020398980278445
645,-0.9589875908669852,0.28344805619925467,45.36184484041507,11.020403724553283
646,-0.9515067230204904,0.3076279506917532,45.36180341467283,11.020419172155865
647,-0.9558709011298283,0.293787032343584,45.361777575148416,11.020425581996856
648,-0.9612321262852426,0.2757404565839976,45.36174303608944,11.020440779487572
649,-0.9601442436554061,0.27950497558252546,45.36171426586968,11.02046086901196
650,-0.9568553880993155,0.29056456471033826,45.36168033083232,11.020466328831132
651,-0.953661514245813,0.3008815651487855,45.36165659905399,11.020482138350896
652,-0.9615723063282785,0.27455181606122236,45.361611311330506,11.020481620644922
653,-0.9585743912282877,0.2848423010743272,45.36159398033824,11.020495278667388
654,-0.9581398101529799,0.2863007233662039,45.36155187633057,11.020507537382988
655,-0.958501670762764,0.28508691156380706,45.361527855591795,11.02051248686569
656,-0.9541549432582188,0.2993131207546793,45.361505335771355,11.020526025218436
657,-0.9467976798962248,0.32182938545621653,45.3614489281475,11.020540830912456
658,-0.9558429201421119,0.29387805636726294,45.36142640462879,11.020538416851025
659,-0.9528299010461291,0.3035048264400813,45.36139709920235,11.020554265246608
660,-0.9533094323156,0.3019952421117072,45.361359307288176,11.020560600344467
661,-0.9567157677580816,0.2910239504285933,45.36133309425331,11.020577628610104
662,-0.9509471706352663,0.3093533233388347,45.36129574183578,11.020583213712282
663,-0.9560933080145825,0.293062427427558,45.36126637840095,11.020588613189785
664,-0.9598112357878686,0.2806463818675816,45.36123721402338,11.020596357076322
665,-0.9541953450019328,0.29918429700878746,45.36120381314707,11.020629952370824
666,-0.9494842636273829,0.3138146477205397,45.36115794273408,11.020624372197233
667,-0.9537757453603511,0.3005192632133699,45.361127572698344,11.020636093837197
668,-0.9551291415800796,0.29618967386541406,45.36109842700272,11.0206428885544
669,-0.9503437161680511,0.3112022190471957,45.36107044984703,11.020655932128259
670,-0.9572666692236973,0.2892067149866483,45.361038196423934,11.02066834403215
671,-0.9567830438045755,0.2908026944305224,45.36099477431578,11.020681756565622
672,-0.9644935684976075,0.26410633526432303,45.36096859120894,11.020696966004571
673,-0.9614800394705157,0.2748747600267718,45.36094493340998,11.020701850352722
674,-0.9564213987060677,0.2919899109509249,45.36090578785811,11.02071481574893
675,-0.9439994920214372,0.32994690340002975,45.36087465613089,11.02071536512749
676,-0.9575726736859453,0.28819190587167776,45.36084193737393,11.020731446688815
677,-0.9519001300759932,0.3064084567392148,45.3608024385891,11.02074290501558
678,-0.9475054413605193,0.3197396418841549,45.36077630297347,11.020749451855377
679,-0.9494629631673254,0.3138790875058773,45.360745282645084,11.020768096436953
680,-0.944534970839202,0.32841085375149814,45.36072324365608,11.02077225873878
681,-0.9574393765301206,0.28863444054653986,45.360676873304485,11.02077653028098
682,-0.9540208360390502,0.299740294927712,45.36064282626618,11.020793086798157
683,-0.9648458402097043,0.26281648469993224,45.360611832335934,11.020810104845546
684,-0.9550310863975529,0.2965056896828626,45.36058410315359,11.020813147252376
685,-0.9630736451586811,0.2692380990884663,45.3605510099556,11.020833055053986
686,-0.9612525308888484,0.2756693161376206,45.36052141334323,11.020825868351416
687,-0.9538595139419322,0.3002532725258139,45.360492011851996,11.020845874599603
688,-0.9565523752623031,0.29156054839440493,45.360463298610796,11.020856508394196
689,-0.9586504099545644,0.2845863515594971,45.360422431512,11.020870761446618
690,-0.952579054766851,0.30429121646786433,45.3603948622942,11.020885355394256
691,-0.9549363458194569,0.29681067270733824,45.360343907496116,11.020891376186503
692,-0.9585381191295552,0.2849643384277666,45.36033127218934,11.02090279786186
693,-0.9535261722755753,0.3013102035867517,45.36028976305333,11.02090416293577
694,-0.9610812025491285,0.2762660350218987,45.36025683004692,11.020923141699292
695,-0.9466187757786817,0.3223552285030755,45.360232737837755,11.020934512709852
696,-0.9527592695168743,0.3037264795003427,45.36019301537819,11.020939897351301
697,-0.9533231667017774,0.30195188330211664,45.36015186211502,11.020952244550434
698,-0.9567578785417752,0.2908854789229633,45.36013464141976,11.020955919415384
699,-0.9514527795673404,0.3077947502047133,45.36010637059484,11.02096972776651
700,-0.9463131359801221,0.3232513707186204,45.360065432214796,11.020979466944578
701,-0.9530990577415489,0.30265853057888803,45.36003279826655,11.02100037768959
702,-0.9645433982186444,0.2639242939799774,45.360002961971816,11.021003441651786
703,-0.9507893349301865,0.3098380876893829,45.35997605669988,11.02100697316675
704,-0.9551592511844456,0.29609256133305567,45.35993128959022,11.021021209795625
705,-0.9589749889507695,0.2834906886775498,45.35990684939226,11.021033704154409
706,-0.9573941822438563,0.2887843136418903,45.359869825104546,11.02105635300253
707,-0.9512686715511218,0.308363283361304,45.35983221652494,11.02106605298325
708,-0.9522414481844124,0.3053460731033773,45.35981375307293,11.021073209095674
709,-0.9499582460057906,0.3123769051091996,45.35976859565072,11.021076373955106
710,0.12536143992265072,0.9921111376153983,45.359742388536624,11.021087531165957
711,0.12878444335286818,0.9916726108702871,45.35974471476052,11.021091910440829
712,0.12939860380804394,0.9915926589747066,45.35974531744039,11.021097178495667
713,0.12744118550146327,0.9918461293154204,45.359748767163104,11.021114027068688
714,0.1390827838804289,0.9902807577793632,45.359744388470396,11.021127071184829
715,0.12846633425727125,0.9917138705102894,45.35975348189622,11.02112611491512
716,0.12908482581220287,0.991633555172995,45.359743012411336,11.021137154019486
717,0.1463194193965378,0.9892373969414319,45.35974904680707,11.021144838116403
718,0.12679628664603257,0.9919287785384479,45.35974902652845,11.021153394718787
719,0.11286017301030608,0.993610880248442,45.359750656059994,11.021157413634262
