,Sin,Cosin,Lat,Lon
0,0.9526953473007768,-0.3039269241634449,45.35967310769743,11.02059781511183
1,0.9632671149577403,-0.2685450897726328,45.359701971505196,11.020580380545368
2,0.9512827975465983,-0.3083197027306521,45.35974130925451,11.020571677405046
3,0.9524037348973979,-0.304839508189944,45.359769258277204,11.02056749189674
4,0.9594132193538862,-0.28200403282402153,45.35980153776517,11.020561834972904
5,0.9525631806244244,-0.3043409057597752,45.359842219522974,11.020546632056607
6,0.9488854207619115,-0.31562075068900375,45.359870654288436,11.020539272425074
7,0.9443180691588943,-0.3290340168736629,45.359899601128674,11.020526011659305
8,0.9502446995162507,-0.31150443181641985,45.35993325502537,11.02051670152307
9,0.9514974755894999,-0.30765655193219754,45.35996030750874,11.020514820023013
10,0.9535338590355124,-0.30128587698868936,45.359991079805624,11.020500640927619
11,0.9525245340966888,-0.3044618398812664,45.36002599757004,11.020486950181407
12,0.9472580293129432,-0.3204718800490288,45.36005157832283,11.02047928748343
13,0.9467719750297678,-0.321904997317893,45.36009444141081,11.020463884714824
14,0.9519333242859765,-0.3063053151903338,45.360126445646976,11.020452286442056
15,0.9451648762555254,-0.32659356499000025,45.36015253749457,11.020444558677184
16,0.9495987901924724,-0.3134679212694544,45.360192706350645,11.020436372296755
17,0.962580906100261,-0.27099446343274314,45.36021781693881,11.020429095030584
18,0.9538623920054675,-0.30024412919757104,45.360251269422776,11.0204189110449
19,0.9590790060363107,-0.28313858829273386,45.360284528619474,11.020402399555888
20,0.9516900239272295,-0.30706041483296,45.360313203351325,11.020387689717072
21,0.9506921164020377,-0.31013626007130224,45.36034647672436,11.02039114419684
22,0.9514624288364402,-0.30776492086113727,45.360378922443445,11.020378919164296
23,0.9613924345364372,-0.2751810073680636,45.360410523540295,11.02037334292962
24,0.9589530763675843,-0.28356480269093004,45.360446868216414,11.020355964595531
25,0.9557221890666058,-0.294270449290674,45.36047325079548,11.020351853803545
26,0.951584583180768,-0.30738702160742565,45.36051340146793,11.020325989990386
27,0.9527172399667799,-0.30385829044158247,45.36054734868018,11.020324986832568
28,0.9514666458747064,-0.30775188348397803,45.36057614072692,11.020327917229713
29,0.9475853696700168,-0.31950268729282616,45.3606028078984,11.020312195046841
30,0.9472135663275595,-0.32060327472598615,45.36064172336732,11.020297203675891
31,0.9470981177719405,-0.32094416229750533,45.36067201378417,11.020288571291898
32,0.9538972159949326,-0.3001334725036795,45.36071671053409,11.020278677005091
33,0.9490369533395674,-0.315164815923275,45.36073468350992,11.02026345285686
34,0.9576487103040581,-0.28793913880015404,45.3607677116915,11.020262974623614
35,0.9571341523049326,-0.28964498009031336,45.36079328442845,11.02024764829902
36,0.9555973529600298,-0.29467558265961613,45.36081901616164,11.020235763649112
37,0.9529306502637601,-0.30318835034988945,45.360858823894425,11.020232837592996
38,0.953083583476688,-0.30270725611923344,45.36089806028413,11.020220316590665
39,0.9517290001974165,-0.3069395871881404,45.3609334560186,11.020201649856372
40,0.9530997077286723,-0.30265648370309134,45.36096863175889,11.020195965801625
41,0.9561080790519805,-0.2930142337353799,45.36099343611297,11.020180052335284
42,0.9561555258336303,-0.29285936969442167,45.36102603447587,11.020176446402395
43,0.9558327359825848,-0.2939111784605111,45.36105390950739,11.020163261284079
44,0.9484107710344732,-0.3170441757638769,45.36108796133955,11.020148698047848
45,0.9525979428578497,-0.3042320812521139,45.361127388329805,11.020147676080411
46,0.9461536805104153,-0.32371779817704643,45.36115302952453,11.020136711470844
47,0.9473967944548569,-0.320061422006248,45.36119018641751,11.020118756737773
48,0.9559198578792422,-0.29362769847568804,45.36121946545366,11.02011748039398
49,0.9534247177873368,-0.30163107849181764,45.36125060276703,11.020108150067625
50,0.9490004926336815,-0.315274586640011,45.36128258017927,11.02010056926179
51,0.9516661838848345,-0.30713429383589924,45.36130385014011,11.020083402214574
52,0.9562766138591342,-0.29246373755751043,45.36134444757651,11.020078123860253
53,0.9635370012050521,-0.26757512460760496,45.36137183018544,11.02005739950803
54,0.9490772640621736,-0.3150434046925266,45.36141544142133,11.020062531270847
55,0.9503762018444343,-0.31110299736220326,45.361446891701654,11.020053075764277
56,0.9539864165912352,-0.2998498240109776,45.36148050822583,11.020030994550305
57,0.9547449746441817,-0.2974256770887155,45.3615091143448,11.020018159325998
58,0.9619081826859964,-0.2733727273919689,45.3615406448418,11.020020713228426
59,0.9589001150058238,-0.2837438447646361,45.361567529464885,11.02000484796064
60,0.9519366138740079,-0.30629509164543944,45.36160752371872,11.019994754563204
61,0.943183964731872,-0.33227098680544886,45.36163340760896,11.019983968642107
62,0.9473932547779891,-0.32007189942443914,45.36166838055627,11.019972346479635
63,0.9486767809395084,-0.31624731667834277,45.3617044041046,11.019952234538344
64,0.9585177272276492,-0.2850329219412066,45.361720537440505,11.019958359129603
65,0.9490253962895465,-0.3151996148434658,45.36176537898825,11.019945596389867
66,0.9510443892299879,-0.3090543151521417,45.36179991566857,11.019934051795591
67,0.9582526139400914,-0.2859229404524621,45.36182854978637,11.019918214328516
68,0.9536463406255283,-0.30092965458980425,45.36186369587312,11.019916274108997
69,0.9559961600480601,-0.2933791778115205,45.36189950387488,11.019901483041961
70,0.9564110306481227,-0.29202386966581273,45.36192751596799,11.019891097729614
71,0.9577284717656049,-0.2876737290221665,45.361962903654465,11.019891514742257
72,0.9619879612504506,-0.273091857090616,45.36197988291317,11.019869566564848
73,0.947076389851726,-0.32100827370244134,45.36202737343319,11.0198560703555
74,0.9536085792617225,-0.301049294233418,45.36206394066949,11.019852095194189
75,0.9506688011221266,-0.3102077216527959,45.362089818301165,11.019843954256375
76,0.9483496673997189,-0.31722690356090943,45.36212230503068,11.019825584586128
77,0.9531437876697374,-0.3025176358934905,45.36215144237991,11.019813645430853
78,0.9573639854329598,-0.28888440490258327,45.36217856289389,11.019810610266648
79,0.9538357056645117,-0.3003288973766644,45.36221265042566,11.019796922993253
80,0.17253125392602794,0.9850040438590658,45.36224839283386,11.019792315625489
81,0.09971867103124986,0.9950156715588762,45.3622573490603,11.019805347003015
82,0.1504726832714032,0.9886141672002804,45.36225506846898,11.01980318274378
83,0.12451870468197639,0.992217260575688,45.362266976980735,11.019810986910482
84,0.10711469761077326,0.9942466703770009,45.362259274427885,11.019820263011077
85,0.13418311797245314,0.9909565534629612,45.36225167385042,11.019824265340782
86,0.12408284248446137,0.9922718620423419,45.36226386066036,11.019822714965306
87,0.13476785020372553,0.9908772005407462,45.362251799888156,11.019837943706838
88,0.12492470217086135,0.9921662253813731,45.36226374111087,11.019835313588167
89,0.12628129922248515,0.9919944724980483,45.362263393838816,11.019842862338354
90,-0.9516397935632942,0.30721605313982353,45.36226148621848,11.019852855811715
91,-0.9513583935657458,0.30808636287898794,45.362234099331694,11.019860848457528
92,-0.953807048699657,0.30041989589714274,45.362192605645134,11.01988102960106
93,-0.961840749024784,0.27360989294146976,45.36216269686776,11.019888852871464
94,-0.9503558346817044,0.31116520931241815,45.362136142535014,11.019895065275824
95,-0.952921313453562,0.3032176946781606,45.36209774349478,11.01990550042758
96,-0.9580647573731697,0.28655177661199305,45.362073058499846,11.01991698935343
97,-0.957544692903915,0.2882848610169241,45.36203435626574,11.019925391549203
98,-0.9540935593027767,0.2995087312532956,45.362009544924035,11.019933948681215
99,-0.962703458325535,0.2705587761061446,45.36196804659477,11.019948559178157
100,-0.9592970337665441,0.28239901027926767,45.361938336168855,11.01995204883866
101,-0.9453542164415175,0.3260450972737429,45.36190477007752,11.01996202155682
102,-0.9569817009279391,0.29014827948665933,45.36187785231522,11.019970611551853
103,-0.9587908987577525,0.28411267563996717,45.361849662494585,11.019981015989531
104,-0.9581470546487736,0.28627647767128916,45.36180097886126,11.019988289084095
105,-0.9559017889452446,0.2936865163593334,45.361773864253585,11.020006553375211
106,-0.9620594806876273,0.272839798451496,45.36174198439228,11.020019951190628
107,-0.9555143033981334,0.2949447677135159,45.361712142327754,11.020031197112147
108,-0.9496234955289149,0.313393070662778,45.361680154555856,11.0200398089632
109,-0.9541447906697814,0.2993454834095865,45.361654175287796,11.020044920369545
110,-0.9613912211695497,0.2751852464397793,45.361611663594516,11.020061082706285
111,-0.9560016646420387,0.29336124011472775,45.36158533913134,11.02005388470185
112,-0.9567126226936388,0.29103428935206094,45.36154223984221,11.020074444416492
113,-0.9506496890535164,0.3102662867642124,45.36152763448114,11.02008804060244
114,-0.9520843789663815,0.3058354710104759,45.36147663904567,11.020086222465414
115,-0.9564205016444893,0.2919928492859088,45.361449559647305,11.020110657296192
116,-0.9483552217864221,0.31721029824144475,45.36142432444212,11.02011843171468
117,-0.964385776979397,0.2644996657083801,45.3613771287323,11.020119624036681
118,-0.9518580353598775,0.30653919899555143,45.36136233959626,11.020144484047245
119,-0.9536797193907627,0.30082385680453627,45.361324885250895,11.020150333779485
120,-0.9549715588216975,0.29669735732166075,45.36129207409874,11.02015469839096
121,-0.9536095334587451,0.30104627168691944,45.36126263127883,11.02016973947779
122,-0.9455552358243292,0.3254616659534533,45.36122360236475,11.020178943325119
123,-0.9481610560231113,0.317790200983508,45.36119302214155,11.020189006697175
124,-0.9505967611789379,0.3104284098405192,45.361172004663736,11.02020307490343
125,-0.9517576330886793,0.30685079086982125,45.36112640271092,11.020206139904348
126,-0.9518772590565627,0.3064794996259379,45.361103223021715,11.020227828928412
127,-0.9537724818473025,0.30052962062139094,45.36105500682867,11.020234174917778
128,-0.9536237258240922,0.30100131153431314,45.36103120927679,11.02024476747956
129,-0.9413589705593572,0.3374067108808407,45.36100238607451,11.020247660786657
130,-0.9562429728598205,0.29257371183380887,45.36097076608552,11.020261756936083
131,-0.9597740387155795,0.28077356465234626,45.36093675252986,11.020268194612443
132,-0.9567436461043556,0.29093228703418883,45.36090531207727,11.020283683743699
133,-0.9564052253765207,0.29204288190689837,45.36087671057254,11.020295298028872
134,-0.954780225127003,0.2973124984026564,45.36084294471785,11.020293469559954
135,-0.9573788727923869,0.2888350635410783,45.36080533019451,11.020306869273519
136,-0.9493353529124275,0.314264836898175,45.360781396517176,11.020327088591882
137,-0.9510384778294562,0.30907250555141746,45.360742383209924,11.02033167076621
138,-0.9562747376112931,0.2924698723055974,45.360711463090894,11.020343404894701
139,-0.9468838985942656,0.3215756249825607,45.36067646772521,11.020355169907933
140,-0.9517228948222776,0.306958517508643,45.3606466548691,11.020356575147852
141,-0.947568121127079,0.3195538386934154,45.36061293685455,11.020375119876249
142,-0.9506019131959157,0.31041263284258397,45.36058665963642,11.020385699285582
143,-0.9607289532855428,0.2774885192559604,45.36055357925463,11.020390231640219
144,-0.947072810927387,0.3210188324726413,45.36051490405825,11.020404594196233
145,-0.9554679637079725,0.2950948497140207,45.36047781327906,11.020409687666085
146,-0.9525506983809083,0.30437997144037543,45.36045351290371,11.020420881419472
147,-0.9609476767848798,0.2767301257213283,45.36041188668249,11.020434752131505
148,-0.9518311425677733,0.30662269328627184,45.36038633154514,11.020449102939212
149,-0.9627206087782596,0.2704977438604936,45.360347604148295,11.020458895349154
150,-0.9579700272033762,0.28686830947311465,45.360321969670174,11.020467856696833
151,-0.9540439027148274,0.2996668678593965,45.36029213834785,11.020472321240105
152,-0.9595932081370881,0.28139096449099266,45.3602608106324,11.02047963920652
153,-0.9512356483558894,0.30846513789559865,45.360230921064606,11.020497975689585
154,-0.9539292881457017,0.30003152037383485,45.360196175563914,11.02050230289144
155,-0.955595672501787,0.29468103212771835,45.36016215443484,11.020520632963558
156,-0.9607080359358539,0.27756092968621165,45.36012637508471,11.020525428166065
157,-0.9520055758095721,0.30608068156531054,45.3600958853474,11.020543987792268
158,-0.9557787418641537,0.29408671612396164,45.36006802985677,11.020545505192667
159,-0.9568768011318217,0.2904940403101792,45.360034114921554,11.02056280395213
160,-0.9450452322292197,0.32693961069411615,45.359994260511996,11.020575477281312
161,-0.9652525942425377,0.26131863559273905,45.35996404536569,11.020580402130484
162,-0.9536640385984335,0.30087356395025056,45.35993553542105,11.020593030191732
163,-0.9505052511517149,0.31070849285627083,45.35990214139055,11.020598860156838
164,-0.9580567765190159,0.2865784586565999,45.359866043870554,11.020610063808578
165,-0.9546369068923373,0.29777235600208257,45.35984776210405,11.020614430703072
166,-0.9605721249549967,0.2780309205096482,45.35980500916505,11.020629152816792
167,-0.9537024122007507,0.3007519059997282,45.359781389583304,11.020644937127079
168,-0.9519270846047351,0.30632470614681023,45.359740604602486,11.020650786189453
169,-0.9560157237904658,0.29331542043573455,45.359720808174956,11.020660437212918
170,0.11410752072057023,0.9934684059973948,45.35967672120915,11.020670523129942
171,0.13475080052409338,0.990879519294912,45.359678115233905,11.020679671446445
172,0.15279887619378957,0.9882573062891642,45.35967630642981,11.020686833336546
173,0.10795844804423226,0.9941554071149444,45.35968133009512,11.0206959391943
174,0.14644111082257513,0.9892193897518641,45.35968425925104,11.020706718708482
175,0.1004702279605444,0.9949400651765694,45.3596863386889,11.020706723861608
176,0.1582094235067539,0.9874055794422374,45.359682875422116,11.02071354537497
177,0.12785518501567028,0.9917928471533805,45.35967875170396,11.020722056562473
178,0.149158714925372,0.9888132673876355,45.359695617459494,11.020729419382592
179,0.14256091835554532,0.9897860296840038,45.359690694176734,11.020736703038141
180,0.9547103379426488,-0.2975368391064095,45.3596910200646,11.020744645009342
181,0.9616377084534923,-0.27432265251035365,45.35972178734391,11.020737074589588
182,0.949869114266448,-0.31264783025422294,45.35974877448674,11.020726648177517
183,0.9593529548550762,-0.28220897932353994,45.35979234744713,11.020712511244664
184,0.9417455057724227,-0.3363263331311477,45.35981612637679,11.020691108919015
185,0.9552580944673336,-0.29577351631719623,45.359849861034974,11.020687873940608
186,0.9558853048597712,-0.2937401640108863,45.35988238740603,11.020686178144171
187,0.9553635427232557,-0.2954327355512077,45.359910066259594,11.020678726001673
188,0.9530019589632637,-0.3029641335408894,45.359953711166085,11.020668548592353
189,0.9543665285662456,-0.2986377892236908,45.35997714009302,11.020645265996722
190,0.9558436001641212,-0.2938758445760585,45.36001377737919,11.020645951253137
191,0.9431094307586296,-0.3324824831688635,45.360046644029964,11.020638797703242
192,0.9460356766975968,-0.3240624915279769,45.36007962467657,11.020619606187251
193,0.9627733922139086,-0.2703098134454674,45.36010851389554,11.02060898716707
194,0.9600802273235809,-0.2797247881441709,45.360149696887106,11.020595714689552
195,0.9542872746404197,-0.29889094576343395,45.360176522827395,11.020587736771162
196,0.9555917302715113,-0.2946938157422024,45.36020449900689,11.020589362664337
197,0.9572427837760465,-0.2892857634047778,45.36023695275475,11.020573773208831
198,0.951030291882148,-0.30909769316925734,45.36027047275689,11.020557609252204
199,0.9570187683908705,-0.29002599357233705,45.360308270922054,11.020544728192567
200,0.9586305051029969,-0.28465339394775024,45.36033797596892,11.020536254637035
201,0.9622915464140732,-0.27202018252330384,45.36036750628622,11.020530338796975
202,0.9542291607415352,-0.2990764263369907,45.360409823217175,11.02051704765928
203,0.946691121020499,-0.32214270344204726,45.3604300303233,11.020509543657063
204,0.952629735226173,-0.30413251645115397,45.3604719900162,11.020493875387215
205,0.9555205352073842,-0.29492457815006534,45.360497549044325,11.020477728413836
206,0.9464920620272139,-0.3227270929430511,45.36052808059598,11.020486091367781
207,0.9557566365909761,-0.29415854842636285,45.36056401452139,11.020468330620712
208,0.9616111131652805,-0.27441586513361443,45.36059894714709,11.020449096248493
209,0.9583413240443042,-0.2856254656521545,45.36063956256393,11.020451738526564
210,0.9542685802867967,-0.29895062581874854,45.36066107108411,11.020430408187739
211,0.9517007657228027,-0.307027120174474,45.36068599565393,11.0204217292989
212,0.9572419798619832,-0.28928842353248524,45.36072276139409,11.020414319392867
213,0.9543549531943702,-0.29867477850225554,45.36075275767327,11.020398796022267
214,0.9520790671313302,-0.3058520065821638,45.36078572205779,11.020397219771263
215,0.9455516016233827,-0.32547222411053106,45.36082035311814,11.020389851761484
216,0.9554335122767663,-0.29520637462372373,45.36085597041572,11.020380067691937
217,0.9543927258494618,-0.29855405682327313,45.360884928236075,11.020366166280406
218,0.9484362933364927,-0.31696781773885874,45.360918265599175,11.020357155170434
219,0.9597551910104625,-0.2808379841269174,45.360953540286864,11.020339904681753
220,0.9532790832669301,-0.3020910283437117,45.36098493132601,11.020329969751403
221,0.9591102922504027,-0.283032590525097,45.36101133921703,11.020316504968864
222,0.94465734823508,-0.3280586752784735,45.36105055702199,11.020316723715903
223,0.9459429123357452,-0.32433317221919894,45.36108078738923,11.02029045839036
224,0.959489303439246,-0.2817450560092769,45.36111611814001,11.02028491638431
225,0.9520528316598253,-0.30593366230035585,45.361145209958835,11.02027628274993
226,0.957180198354547,-0.2894927769011691,45.361178630641014,11.020268780493728
227,0.9635491770283245,-0.2675312756446216,45.36121306941059,11.020265871480763
228,0.9504976003792026,-0.3107318967749815,45.36123669274251,11.020250005537848
229,0.9489570736604862,-0.31540525098629296,45.36128407470859,11.020240818064085
230,0.9537933270348845,-0.3004634575180912,45.36130503517317,11.020222872342329
231,0.9501354755294161,-0.3118374226107095,45.36134467343668,11.020217774236427
232,0.9577196271219577,-0.287703173123583,45.3613640798487,11.020206270433304
233,0.964826699511505,-0.26288674350323543,45.361401195375166,11.020190903163089
234,0.9458484583854213,-0.3246085238713271,45.361438042176715,11.020193320487326
235,0.9564772504247254,-0.29180690433908024,45.36146989461268,11.020183246910458
236,0.9553860167792438,-0.29536004967275176,45.361496501613466,11.020164097501135
237,0.955071770109929,-0.29637461756885813,45.361537432122894,11.020164045423352
238,0.9539477052171424,-0.2999729582994905,45.361565177605655,11.020147910798741
239,0.959116598547071,-0.28301121955056247,45.361597049283354,11.0201336237432
240,0.9601743740466746,-0.279401452079399,45.36162766394364,11.02012868059661
241,0.9492226600365856,-0.3146050566552748,45.36166017507225,11.020106699486721
242,0.9549795076325961,-0.2966717714947016,45.36169939909775,11.02010661123941
243,0.9583993730506087,-0.28543062508462547,45.36173366352641,11.020082201063865
244,0.958284698523213,-0.28581538897735176,45.361755943428825,11.020078275064245
245,0.9420974382895555,-0.3353392562290571,45.36179267622921,11.020068893699687
246,0.9604978132468551,-0.2782875325055173,45.36182142452388,11.020061972110987
247,0.9525116819813986,-0.304502045459414,45.361863041961556,11.02005405229966
248,0.9520372697088482,-0.3059820862163696,45.36189316382636,11.02003758366511
249,0.9560921646788071,-0.29306615744536724,45.3619215174022,11.020021163431934
250,0.9543173779374312,-0.2987948161642469,45.361948872660975,11.020021994650472
251,0.9526940843812526,-0.30393088290755643,45.36198969738748,11.02000968237432
252,0.9475791493771625,-0.3195211349279624,45.362022561570704,11.019998858254041
253,0.957944643545352,-0.2869530621944439,45.36205403172925,11.019994003687165
254,0.948419546914036,-0.3170179222557847,45.36207888283021,11.019981960691544
255,0.9482445574209802,-0.3175409569197165,45.36211740183629,11.019966431150532
256,0.9513445183284669,-0.30812920576663516,45.362151237904655,11.01996256829142
257,0.947169707002453,-0.32073282672169284,45.36217997702504,11.019948113238273
258,0.9525783944379034,-0.30429328360991825,45.36221352340734,11.01995019322496
259,0.9518015276031051,-0.3067146101058695,45.36224095697504,11.019929546957508
260,0.1221194278208558,0.9925154131542274,45.3622783651338,11.019918218539217
261,0.10144950442996535,0.9948406897845073,45.362267282310846,11.019922494972729
262,0.1349064386376068,0.9908583414465044,45.362276889709534,11.019930754221134
263,0.1450137928117539,0.9894296336245189,45.36228220946306,11.0199376324167
264,0.12966309678667706,0.9915581078946856,45.36228220560499,11.019943604353205
265,0.09171286785026725,0.9957854939045253,45.36228010775207,11.019952047882546
266,0.1431374055290898,0.9897028256696052,45.36228636111119,11.019953295100164
267,0.13134240135404907,0.9913370635694763,45.362293172696646,11.0199660948181
268,0.14231083647317683,0.9898220172446685,45.362290089230335,11.01996966742612
269,0.1511683890308306,0.9885080263497223,45.36228703738141,11.019975895977627
270,-0.9541289869077468,0.29939585224648085,45.362283754401254,11.019981842000504
271,-0.9493682210720832,0.31416553092029076,45.362248428063474,11.019993998306289
272,-0.9496929904882915,0.3131824130078284,45.36221946634177,11.02000412787119
273,-0.9473004565354616,0.32034644534894746,45.36219193755121,11.020015001825954
274,-0.956732633513618,0.29096849996193236,45.362149826500605,11.020018151864525
275,-0.9586382133066171,0.28462743365370957,45.36211794344963,11.020039414912176
276,-0.9524009244729983,0.3048482886010323,45.3620923439887,11.020037147542087
277,-0.9525435766793149,0.30440225775604574,45.36206135934556,11.020047340502789
278,-0.9571961356910096,0.28944007638576646,45.36202760054914,11.020058202672812
279,-0.9489917501351416,0.3153009010063895,45.36199464855421,11.020070336865265
280,-0.9562151324727269,0.29266468941463597,45.3619637276398,11.020085276303906
281,-0.9618999014936388,0.27340186448985304,45.361923355559696,11.020081359469202
282,-0.9529388232689266,0.30316266113562446,45.36189341938903,11.020100753263389
283,-0.9562801522590909,0.29245216770495974,45.361872156896624,11.02010744630821
284,-0.9555499600155551,0.2948292283920829,45.36182660207357,11.020118151247758
285,-0.9497816759350102,0.3129133555124859,45.36179602125617,11.020130117407005
286,-0.9581910872720231,0.28612906226466794,45.36176503496622,11.02015586975871
287,-0.9525465444095548,0.3043929709001442,45.3617324503266,11.020160459738541
288,-0.9521637877018152,0.3055881564938874,45.36170470055943,11.020165949328252
289,-0.9552055004992857,0.29594332534441303,45.361666683352375,11.020180889034656
290,-0.9480091045348416,0.3182432052991044,45.361634328306415,11.020188847286065
291,-0.9500099105034363,0.31221974624493715,45.3616073150506,11.020204288897439
292,-0.9588614829128527,0.28387436761033064,45.361573218823274,11.020215138070293
293,-0.9552810638601325,0.29569932199829885,45.3615434283365,11.02021826578074
294,-0.9596864766048208,0.2810727070026987,45.36151017595398,11.020231094460975
295,-0.9560130535287151,0.2933241235948759,45.36147655845178,11.02024359167948
296,-0.9544671773654909,0.29831595219155216,45.36144574012034,11.020251390022668
297,-0.9552398828686965,0.29583232780918123,45.361413649155075,11.020254197037456
298,-0.9523724735659643,0.30493716007375454,45.36138393249416,11.020271674037778
299,-0.9450694158723191,0.3268696975596752,45.36134761081653,11.020283827956415
300,-0.9495841646290215,0.31351222350301333,45.36131593758449,11.020284751920611
301,-0.9603391946737257,0.27883441533178777,45.36127048041426,11.020296015754289
302,-0.9540966069547222,0.2994990226987165,45.36123887748721,11.020318288728298
303,-0.9549966875715321,0.2966164640194496,45.361222047634115,11.020326367306287
304,-0.9555729644166808,0.29475466014283275,45.36118424940711,11.020333815399779
305,-0.9589890744254874,0.2834430368390568,45.36116030016949,11.02034621738777
306,-0.9588942397077067,0.283763699326357,45.36112070367777,11.02034568349462
307,-0.9564761484086527,0.291810516474902,45.3610880595086,11.02035805473377
308,-0.9546376505295775,0.29776997194372745,45.36105686579266,11.020371120874463
309,-0.9543346941595799,0.2987395044572128,45.36101278573946,11.020382036171403
310,-0.9507420564880207,0.3099831318393457,45.36098754169171,11.020386241183743
311,-0.9537513187886976,0.30059677627815656,45.36096281285281,11.020395726668347
312,-0.9605715660164881,0.2780328515852607,45.36092612185782,11.020409834997993
313,-0.935958267965124,0.3521109493153047,45.36089210579965,11.020411574592138
314,-0.9474517514548411,0.3198987006306122,45.360860577346685,11.02043107047535
315,-0.9581305227947972,0.286331802789995,45.360825247166694,11.02044032730701
316,-0.9420216452902308,0.33555211190616363,45.360799727449375,11.020446864216975
317,-0.9524780216960269,0.3046073180112766,45.36076795071105,11.020464060306152
318,-0.9417818858537734,0.3362244480666302,45.3607335416485,11.020476356446233
319,-0.9554793180975313,0.2950580835833456,45.360696843404384,11.020484310765136
320,-0.9528321221726861,0.3034978532970132,45.3606707948916,11.020494653427956
321,-0.9565462775986826,0.29158055287022144,45.36063594845536,11.020505042171914
322,-0.948082551708984,0.3180243310581465,45.36060346844409,11.02051104416245
323,-0.9520913744609072,0.3058136927561299,45.36057543179869,11.020525970095976
324,-0.948089562852397,0.3180034289286057,45.36053858190902,11.020536683182959
325,-0.9559891562252857,0.2934019992768732,45.36051103345048,11.02054103669104
326,-0.9530616069278218,0.30277644128987,45.360475491761726,11.020547034372603
327,-0.9542818214624933,0.2989083558989712,45.36043994908964,11.02056620023904
328,-0.9506318272196608,0.3103210097254279,45.360408921836324,11.020571528871415
329,-0.9632069169837774,0.268760925498121,45.36038100082619,11.020589590581237
330,-0.9447689466104169,0.3277371469953371,45.360343527831276,11.020591598294368
331,-0.9563455037983782,0.29223839132568824,45.36030977295491,11.020606725268568
332,-0.9552600994404897,0.29576704078876953,45.360277467036056,11.020613327894516
333,-0.9559669563134978,0.29347432330053497,45.36023721788288,11.020628729692783
334,-0.9571427350214057,0.28961661691923535,45.36021706172535,11.020631960110636
335,-0.9590900053017674,0.2831013276730715,45.36018595189268,11.020651438245448
336,-0.9506651715835371,0.3102188445888547,45.36015642410862,11.020660099388616
337,-0.9452238487679456,0.3264228480365796,45.360118754041046,11.020662794019154
338,-0.9532865227480967,0.3020675512974583,45.36008714871906,11.020677808154232
339,-0.9521661650397718,0.30558074899026955,45.36005529916138,11.02069177096646
340,-0.9532609198901775,0.3021483387512377,45.36002002261135,11.020694641902388
341,-0.9475974493591183,0.3194668589511177,45.359985389489715,11.020706117548789
342,-0.9549774267719714,0.29667846965356964,45.35994672001529,11.020714337497257
343,-0.9625196973471427,0.2712117848080442,45.359927483009486,11.020726554291555
344,-0.9551680909499279,0.2960640437997668,45.35988420548624,11.0207363264117
345,-0.9533360059253416,0.30191134428225275,45.359854295868324,11.020747593126654
346,-0.9639269521490612,0.26616692304007555,45.359826423539694,11.020765052231413
347,-0.9471760464513577,0.3207141048173209,45.35979239858403,11.02076392850948
348,-0.9518587395180982,0.3065370124520321,45.35976149706568,11.020784562865668
349,-0.9466858046200255,0.3221583264963594,45.359728790128855,11.020790839315287
350,0.11331041578899614,0.9935596356906438,45.35969769599863,11.020799846493482
351,0.1217498052328891,0.9925608217765567,45.35970384014062,11.020803198490336
352,0.16756213852119445,0.985861516509395,45.359693909570126,11.020817736187288
353,0.11190976717904319,0.9937183725834661,45.35970392581317,11.02082147468568
354,0.13694253215725458,0.9905789937639297,45.35970248869564,11.020831603566833
355,0.14801389297457743,0.9889852817340157,45.3597032995158,11.020846395495784
356,0.13203882502436043,0.9912445453500294,45.35970048497606,11.020851117494983
357,0.12393585845654884,0.992290231227053,45.35970312134631,11.020853984173085
358,0.13900815692771698,0.990291236105601,45.35971601130308,11.020853014808583
359,0.15229346578328132,0.988335317733671,45.359713668116875,11.020866231743652
360,0.9536879839066742,-0.3007976551637715,45.35971282648983,11.020874772659662
361,0.9551521607362394,-0.2961154333041305,45.35974430865612,11.020867199868114
362,0.9549407872071805,-0.296796382943139,45.35977936109575,11.02085208664232
363,0.9571862044825148,-0.28947291746959214,45.35981643853655,11.020842413724372
364,0.9512965535493212,-0.30827725703525954,45.35983979878951,11.02083902496521
365,0.9505465147184239,-0.310582232841251,45.35987465824137,11.020821040357605
366,0.9471245535470363,-0.3208661404204674,45.359911106587994,11.020816646135907
367,0.9556099991379124,-0.2946345695054112,45.35994357546603,11.020799233625468
368,0.9513993922428117,-0.3079597318481893,45.359970858567976,11.020791913209829
369,0.9551120779270168,-0.2962446937886586,45.36000370401497,11.020785251628062
370,0.9549091329991614,-0.2968982110333268,45.36003810768374,11.020773953991988
371,0.9531362520290668,-0.30254137744775217,45.3600789649463,11.020763425636098
372,0.9656198120412043,-0.25995841704686035,45.36009582069898,11.020752561499737
373,0.9513314803491947,-0.30816945743634255,45.360128875572165,11.020749492856174
374,0.9568878190879893,-0.2904577450870119,45.360169353447134,11.020733806090803
375,0.9489743439005646,-0.315353285409385,45.360203466022845,11.020726310251067
376,0.954860867567577,-0.2970534019130131,45.36023900550424,11.02071457961818
377,0.9589509789916746,-0.2835718954531794,45.36026451158923,11.020705669166668
378,0.9537101198222901,-0.30072746357549884,45.36028667230659,11.020687252118464
379,0.9572878578045669,-0.2891365720553925,45.36032643113457,11.020686177974584
380,0.9479087527987481,-0.3185419852508016,45.36035462547312,11.020667707060149
381,0.950480815456541,-0.31078323546978676,45.36039009663935,11.020656925282491
382,0.9561962367407465,-0.29272641978959524,45.360428274995705,11.020647110421885
383,0.9479030702204968,-0.31855889481625843,45.36044750713345,11.020644456223147
384,0.956711745314023,-0.29103717353320324,45.36049601318638,11.020639201878646
385,0.952996022857032,-0.30298280548354445,45.36052581369599,11.02062538811046
386,0.9460395815917216,-0.32405109174597807,45.36055169680914,11.02061538885018
387,0.9436108849533273,-0.3310566383530142,45.36058978083505,11.020606351434049
388,0.9565091140384663,-0.29170244215869773,45.36061845179665,11.020590620080323
389,0.9472539199220616,-0.3204840264229848,45.360656956040806,11.020580864303149
390,0.9499790337691911,-0.31231368109475144,45.360682566861925,11.020577527075272
391,0.964997214823347,-0.2622601292289452,45.36071735429685,11.020559596923817
392,0.9462133164893799,-0.32354344329342943,45.36074969183807,11.020554153694327
393,0.9477473545449081,-0.3190218675155801,45.36077214542895,11.020543249257114
394,0.9546361604880933,-0.29777474891023137,45.360820539655585,11.020533429116895
395,0.9596071867295879,-0.2813432906200639,45.360839377896525,11.020532324322843
396,0.9485952564966433,-0.31649176822165126,45.36088247827896,11.020515575025728
397,0.9579578596740785,-0.2869089386698477,45.36091734210371,11.020501384816235
398,0.9487050948614798,-0.31616236807038023,45.36093383159557,11.020490380546102
399,0.95802713739131,-0.28667752618894293,45.360979403132795,11.020487580770176
400,0.9475402139741307,-0.3196365794177171,45.360997226233046,11.020467335094311
401,0.9560672315254884,-0.29314748643505034,45.3610391935438,11.020469113763488
402,0.9561476528347858,-0.29288507298687994,45.36107446230633,11.020451866618329
403,0.9531731932635974,-0.3024249719247351,45.361116068733814,11.020443872123787
404,0.9583126868014268,-0.28572153281723545,45.361141844798716,11.020422077714148
405,0.955154534463276,-0.2961077764839052,45.36117224729692,11.020414235303447
406,0.9515440925071735,-0.3075123412396641,45.36119734185665,11.020408462137778
407,0.9497637724327498,-0.31296769254079865,45.361233483498935,11.020398007310122
408,0.9460322852770823,-0.32407239193337833,45.36127046637733,11.02039274395008
409,0.9506964606535144,-0.3101229428805302,45.36131293366201,11.020384213448564
410,0.9444955213568486,-0.32852429154760365,45.36133268332249,11.020372647505516
411,0.957042611961691,-0.28994730364247934,45.36136638350449,11.020369770464516
412,0.957300277540877,-0.2890954489786375,45.36139974440048,11.020348196898247
413,0.9485434582269003,-0.3166469767026879,45.36142919562727,11.02035243160884
414,0.9605061575214059,-0.27825873097436526,45.36146619640262,11.020334576213678
415,0.9592091641078573,-0.28269732841239537,45.36150079237055,11.020320942243206
416,0.9556258459794693,-0.29458316736708434,45.36152585713661,11.020308150501027
417,0.95863810980813,-0.28462778224111496,45.36156129948566,11.020301269352446
418,0.9616470055258725,-0.27429005954121377,45.361597427140815,11.02028873193234
419,0.958904328714968,-0.2837296043272477,45.361632955737264,11.020283515993148
420,0.9569595974838019,-0.29022117218362925,45.36165440110646,11.020277937889988
421,0.9529980590758033,-0.3029764007274357,45.36168964122991,11.02025897504343
422,0.9616290779014299,-0.2743529050956915,45.361728302940875,11.020252794998086
423,0.9583881816864663,-0.2854681999868092,45.36175954088215,11.020243945928584
424,0.9563156809163204,-0.2923359684225577,45.36179169100702,11.020240250823752
425,0.9528840164642346,-0.30333488287203014,45.361817498982305,11.020221890874282
426,0.9519228079251437,-0.3063379959324504,45.361854557291736,11.020215030418692
427,0.9582158712440088,-0.2860460524043028,45.36188336368534,11.020191641663914
428,0.9567355710462473,-0.29095884089474094,45.36192118721368,11.020194444760035
429,0.9597501323849574,-0.2808552712466988,45.36195262156329,11.020185861707063
430,0.9576839329508242,-0.28782196679169775,45.361985697779666,11.020180873776804
431,0.951520638324555,-0.30758490672078065,45.36202260205575,11.020157250785621
432,0.9599519497648544,-0.280164691106239,45.36205054011105,11.020149429814074
433,0.9543253259744225,-0.298769429834801,45.36208248817335,11.020146554788601
434,0.9522684875317043,-0.30526173630850023,45.36211471101384,11.020127759432546
435,0.9503674394387529,-0.31112976401274806,45.36214913351138,11.020125925058158
436,0.9564247639623685,-0.2919788877291091,45.362174645683474,11.020112210591776
437,0.9479591371660145,-0.31839201350452445,45.36221815993964,11.02010173937688
438,0.9557402085511193,-0.29421191981064104,45.36223964588035,11.020083552553139
439,0.9510067592590523,-0.309170088856595,45.36227747169785,11.020080587895357
440,0.17471590021992345,0.9846188877988995,45.362307249549616,11.020070327503186
441,0.15010308577278775,0.9886703513514943,45.36231643256071,11.020068845616201
442,0.11519498928623839,0.9933428987229653,45.36230569338317,11.02008151594141
443,0.1147864343039851,0.9933901924721106,45.3623012198345,11.020088438103896
444,0.15299033183464045,0.9882276854880795,45.3623055238809,11.020091653147608
445,0.12390875469856805,0.992293616077948,45.36230862643005,11.020101102995493
446,0.1011586532425141,0.9948703065596846,45.36231188639821,11.020107154193509
447,0.15276874994381193,0.9882619637730702,45.36230737964099,11.02012169070321
448,0.1304864870542923,0.991450087849222,45.36230501569852,11.02012595435702
449,0.13817966351407895,0.9904071791900217,45.362300410304066,11.020118944440378
450,-0.9528615364528142,0.30340549162594627,45.36230507040251,11.020133374593007
451,-0.9394467536354516,0.3426949037902534,45.36226660289563,11.020135006414492
452,-0.9530176093988696,0.3029148992302353,45.362235075157,11.020146423566258
453,-0.9478350085286015,0.31876134741775997,45.3622142370307,11.020154970202364
454,-0.9496817157592259,0.3132166003784168,45.362170209612266,11.020172196409654
455,-0.9594420469724816,0.2819059391024858,45.36213995435688,11.020188667271773
456,-0.9541976003894507,0.2991771037546393,45.362120594192994,11.020188970111661
457,-0.9551491956999149,0.2961249971782285,45.36207280429213,11.020203302670973
458,-0.9631094508046578,0.2691099882404039,45.362051121339604,11.020211681386359
459,-0.9496685777636894,0.31325643234942746,45.3620056500536,11.020226321874501
460,-0.955400129442175,0.29531439629973205,45.361972826295684,11.020228558754331
461,-0.9551749998005196,0.2960417533998834,45.36195397348831,11.020240377056995
462,-0.9581496115136573,0.2862679198866466,45.36191396605538,11.020249413272825
463,-0.951675026627513,0.3071068929436822,45.36188130323799,11.02025602426654
464,-0.9569592478259881,0.29022232512389395,45.361859147962484,11.020267412374421
465,-0.9546579765154295,0.2977047998865077,45.36181664832564,11.02029298628396
466,-0.9550722789357262,0.2963729778649165,45.3617886196492,11.02028720345652
467,-0.9546026244629112,0.29788224077397124,45.36175372985543,11.020307358341661
468,-0.9467061538776517,0.32209852252095805,45.36171452891061,11.02031374309277
469,-0.9599801267674782,0.28006812780374785,45.36169703622682,11.020322392848831
470,-0.961834613104036,0.27363146207081057,45.36165737282045,11.020337692425962
471,-0.9599663911867753,0.2801152044995758,45.36163088601364,11.020344895498557
472,-0.9610117536528674,0.27650752131007295,45.361597565697984,11.02035863995727
473,-0.9423817363048842,0.3345394791037251,45.36155699847163,11.02035410406808
474,-0.9596782379084495,0.28110083543976405,45.36152630938608,11.020370628978279
475,-0.9529405409603484,0.3031572618199976,45.3614967382767,11.020382616033237
476,-0.9481433601858141,0.31784299352912193,45.36145786568307,11.020387689090397
477,-0.9497143311690595,0.3131176922055126,45.36142879386754,11.020400309493906
478,-0.9564926366396265,0.29175646703059627,45.36140783892211,11.020414077339927
479,-0.95902234434471,0.2833304485006445,45.36136423493301,11.020417407755758
480,-0.950240061625252,0.3115185793535232,45.36133455988335,11.020429879676964
481,-0.9525916239683423,0.30425186596856957,45.36130538411848,11.020433657783462
482,-0.9584175701612673,0.2853695169533219,45.36126011934166,11.020446471872898
483,-0.956344291918227,0.2922423571548536,45.361233249576756,11.020460375110007
484,-0.9604920171224769,0.2783075368077471,45.36120087590435,11.020472803283262
485,-0.9507837382411622,0.3098552615273155,45.36117951348402,11.020477584673516
486,-0.9604324607614795,0.2785129948775267,45.361133482536815,11.020484293898155
487,-0.9563590148968132,0.29219417281252724,45.36110048858791,11.020502226482972
488,-0.9490497855944454,0.3151261722915715,45.36107141026234,11.020509552111415
489,-0.9573538057566412,0.28891813823862866,45.3610358568444,11.020513427948817
490,-0.9509518059080687,0.30933907422144863,45.36100730756907,11.020533763883344
491,-0.9529203284900528,0.30322079010254205,45.36096958824754,11.02052943423649
492,-0.9629965111222231,0.2695138578374518,45.36094005892219,11.020547007497605
493,-0.9413994717800391,0.337293691806211,45.36090526172406,11.020552827971475
494,-0.9577984872839893,0.28744052907775874,45.360878875719756,11.02057152831201
495,-0.9519471116021254,0.30626246376657174,45.36084132465488,11.020579932768767
496,-0.9534631564161667,0.3015095510210584,45.36081452069229,11.020585127917979
497,-0.9554739992853136,0.2950753068112078,45.360781512715725,11.020603160028632
498,-0.9561423795641504,0.2929022874635912,45.36075334533224,11.020603595910893
499,-0.9611625715976276,0.27598280917447615,45.36071184665175,11.020614641211255
500,-0.9577408443299695,0.28763253484631596,45.360688166712585,11.020625911008404
501,-0.9496633887120259,0.31327216304675304,45.36064643657158,11.020633973598668
502,-0.9469203211277979,0.32146835837330573,45.36061475778205,11.020641597326245
503,-0.9599624420880993,0.2801287378693099,45.36059073162171,11.020656462234136
504,-0.956569899878927,0.2915030474036585,45.36055473698047,11.02067073118218
505,-0.9556472530741719,0.2945137139282137,45.36052171981087,11.020673180497809
506,-0.9535501858782067,0.3012341996049544,45.360489315334455,11.02068062648176
507,-0.9587254512766761,0.2843334469849333,45.360462865668616,11.020704468306016
508,-0.9559298165400287,0.2935952755916672,45.36042151812752,11.020703247510435
509,-0.9480139052351527,0.31822890421958033,45.360390874533095,11.020718551130926
510,-0.9549762945599607,0.29668211410283424,45.36036240300783,11.020723152631234
511,-0.9450483805428664,0.3269305100985612,45.36032328859539,11.020736224129868
512,-0.9525012041643269,0.30453481913486874,45.36029759172855,11.020745870895867
513,-0.9523473249722473,0.30501569241303755,45.36026139943732,11.0207467642714
514,-0.9556207583040633,0.29459967124619635,45.360225795377985,11.02077868704598
515,-0.9537290589433605,0.3006673945192794,45.36019159789841,11.020776629339121
516,-0.9520529267663199,0.30593336633274276,45.360172403770726,11.020786141866385
517,-0.9602886664440473,0.2790083817721489,45.360128374834076,11.020789721157435
518,-0.9580806095975165,0.28649877052659606,45.3600977250943,11.020809085528137
519,-0.9506467471836372,0.31027530044972945,45.360071809645454,11.020817181639993
520,-0.9632557849209785,0.2685857271268701,45.36003326400443,11.02082772995961
521,-0.9514731879787025,0.30773165673626207,45.360008030594955,11.020833860994271
522,-0.9557703860942011,0.29411387091625213,45.35997127366426,11.020842235502617
523,-0.9523552475467257,0.30499095473507876,45.35993186526135,11.020851154617596
524,-0.955202731370642,0.2959522630122383,45.35991233648757,11.020857602661675
525,-0.9586740295559115,0.28450677505998206,45.35987530090187,11.020872303314244
526,-0.9592636742801786,0.28251230629211804,45.35983888049116,11.02088714331418
527,-0.9598276774720013,0.280590145156069,45.35981592917538,11.020895426899719
528,-0.9502904182345421,0.3113649322123787,45.35977754505704,11.02089785049329
529,-0.9471336216107319,0.3208393722948275,45.35974984970564,11.020915417969315
530,0.13605515388093153,0.9907012643084877,45.359711729665534,11.020922901894219
531,0.1407929551554431,0.990039061743827,45.35971705500025,11.020926554202793
532,0.13379501572945676,0.9910090280950796,45.35971310479122,11.020937364857684
533,0.17214423207148158,0.9850717554394298,45.3597248145861,11.020942437674426
534,0.10962191226768349,0.993973357968299,45.359715014976274,11.02095551027243
535,0.11983511428996824,0.9927938080906379,45.359711356439874,11.020950889291042
536,0.14594683608903156,0.9892924345387472,45.35971461910186,11.020968106116012
537,0.14446339112575932,0.9895101457915658,45.35970008215786,11.020968879606066
538,0.12208298735269965,0.9925198961225112,45.3597175090555,11.02098605814378
539,0.09950328638043687,0.9950372334739503,45.359720230339526,11.020996624329626
