,Sin,Cosin,Lat,Lon
0,0.9606205948647323,-0.2778634065898708,45.359666083980564,11.020603564402792
1,0.956471170838491,-0.29182683110852936,45.35970419614349,11.020591063691311
2,0.9635585310525475,-0.2674975836075102,45.35973019854417,11.020583298153566
3,0.9592686053679594,-0.28249556236410156,45.359760694695005,11.020573880593073
4,0.9484605536333027,-0.316895216438508,45.35980599542795,11.0205551034689
5,0.9488725110662255,-0.315659559878797,45.359833567281676,11.020559175756754
6,0.955820040654502,-0.2939524619444888,45.35986590361387,11.020536775881869
7,0.948966357779308,-0.31537731656394413,45.359905609152776,11.02052730728755
8,0.952176591818453,-0.305548258042809,45.35993608019744,11.020515112421668
9,0.9585614467167376,-0.2848858593688269,45.35996898789002,11.020506359076782
10,0.9488501077701392,-0.3157268962008071,45.36001276575716,11.020500630612574
11,0.9559031627773583,-0.29368204472225257,45.360037879914,11.020485219037406
12,0.9527322710351606,-0.303811158004747,45.36006745935794,11.020478573443606
13,0.9568613307523373,-0.2905449942966945,45.36009718989729,11.02046420072242
14,0.9534895487675241,-0.3014260778219151,45.36013545336479,11.020457842583689
15,0.9572438121206356,-0.2892823606042258,45.36017093412142,11.020438951396631
16,0.9548123843563516,-0.2972092035582657,45.36019901203752,11.020440980721155
17,0.9480279977625151,-0.31818691905607405,45.360230496429885,11.020417031497603
18,0.9507280768381857,-0.3100260052182151,45.360273712835685,11.02041663607633
19,0.9521165812536436,-0.30573520520521313,45.36030906115935,11.020407261149899
20,0.9377417054391375,-0.3473334044978943,45.36033515885317,11.020397114856703
21,0.958687928683412,-0.28445993636487554,45.36037068114023,11.02038397390359
22,0.9644210912948208,-0.26437087333083226,45.36040740226834,11.020380644376683
23,0.9535442352099243,-0.3012530356659009,45.36044143934975,11.020358798931753
24,0.9579693619848373,-0.2868705308991563,45.360480480507256,11.020352906764959
25,0.9570902532220176,-0.2897900053269857,45.36051233683702,11.02033698717561
26,0.9502264873957026,-0.3115599824297477,45.36054874421606,11.020327708296012
27,0.9507920954259083,-0.3098296165243255,45.36057328004411,11.02032465984072
28,0.9481838894788374,-0.317722066801763,45.36060283981623,11.020307834350898
29,0.9614876853194269,-0.2748480143262649,45.36064797342783,11.020291182104755
30,0.9542177282408582,-0.29911290027488896,45.36067757278409,11.020290570030198
31,0.9578675809689461,-0.287210197118242,45.36070880118185,11.0202717195224
32,0.9493674280048722,-0.31416792745825256,45.36074815117285,11.020266855376875
33,0.9649076683380673,-0.26258939731526554,45.36078432631147,11.020262609628276
34,0.9516874096213874,-0.30706851738355334,45.360816520422034,11.020254977267342
35,0.9617753640765665,-0.27383964113215586,45.36085108592905,11.020234836504628
36,0.9602633860134723,-0.2790953770343411,45.360884444526896,11.0202263507797
37,0.9481961214166271,-0.3176855604689405,45.360909242553504,11.020216978136316
38,0.9436633007460087,-0.3309071997179089,45.36093956130554,11.02020471273744
39,0.9522565428780849,-0.3052989953240562,45.36097595859249,11.020197510787469
40,0.9490113663406164,-0.3152418540681365,45.36101317324016,11.020180969977734
41,0.9430823682877305,-0.3325592377679583,45.36105238289203,11.020180170028645
42,0.9542232534726149,-0.29909527333633634,45.36107920382801,11.020158469522643
43,0.9538005554546312,-0.3004405106080688,45.36111307859207,11.020152576463039
44,0.9494962796469433,-0.313778289460271,45.36115498873022,11.020148171095936
45,0.9555704320207152,-0.29476286985939,45.36118836034946,11.02012888016689
46,0.9422880364859588,-0.3348033098633232,45.36121500674188,11.020129053919858
47,0.9507156929017738,-0.31006397931765634,45.361247728524205,11.020110339997926
48,0.950841427276057,-0.3096781880850359,45.36127724791768,11.02009877187969
49,0.9568740113503673,-0.2905032295900636,45.36132582882954,11.02009145671533
50,0.9545282151736195,-0.29812059042854494,45.361354422922425,11.020079600840868
51,0.9620350326129868,-0.27292599001437995,45.36137605885254,11.02008042306562
52,0.950950645311717,-0.30934264203505635,45.36141979032621,11.02005708011834
53,0.955534319778868,-0.2948799140747569,45.36146226135155,11.020051942944425
54,0.9580039857454246,-0.28675488364782986,45.36147319750893,11.02003871490017
55,0.9506602336677704,-0.3102339764157692,45.36152240871498,11.02003344727487
56,0.9576692952418306,-0.2878706670555642,45.361551706877854,11.020023621461446
57,0.9565253762524064,-0.29164911209395517,45.36158609110545,11.020015547919103
58,0.9514362235510168,-0.30784592333662575,45.36162126396362,11.020001547410432
59,0.9561719167021865,-0.29280584985629465,45.3616451379494,11.019981372025285
60,0.9531912323771858,-0.30236811094965305,45.36168903060909,11.019979243546997
61,0.962951834860371,-0.2696734390685238,45.36172291294642,11.019963774403298
62,0.9578072839358425,-0.28741121557699245,45.3617597519317,11.019958952733047
63,0.9532707445392825,-0.30211734078917424,45.361791308705165,11.01994579627172
64,0.9568062306891717,-0.29072639528322763,45.361832913170154,11.019946975471004
65,0.95896972228225,-0.28350850383349047,45.36185373512082,11.01992248422838
66,0.9586423961932529,-0.284613345120812,45.36188884907824,11.019920034952376
67,0.9502784215688304,-0.31140154383151736,45.36192445101795,11.019911046918887
68,0.9519687693632491,-0.3061951373830436,45.36196337406719,11.01989052582696
69,0.9679255635577566,-0.25123714576351824,45.36199232166048,11.01988340057551
70,0.9463239101642834,-0.32321982775099234,45.36202429647655,11.019875711794791
71,0.9536810582973094,-0.3008196121347874,45.36206534426528,11.019859016905833
72,0.952799498291089,-0.3036002570095239,45.36209734584215,11.019844754328942
73,0.9435539524707303,-0.33121886838895964,45.36213109197724,11.01984511791374
74,0.9498125967042662,-0.31281948651242786,45.362153775984396,11.01982872296393
75,0.9485268235234164,-0.3166968030412961,45.36220031060721,11.019826073118335
76,0.9527453253707108,-0.3037702174082549,45.36222582587992,11.019811188895101
77,0.10084566284129481,0.9949020817578481,45.36226272578314,11.019799713404781
78,0.11449940508699394,0.9934233167359846,45.362262501213216,11.019799020297562
79,0.14205638761966283,0.9898585670369541,45.36226442101395,11.019811476908565
80,0.07038220732684902,0.9975200974876649,45.362272235130916,11.019825012910896
81,0.15977756002858587,0.9871530435101296,45.362261112527925,11.01982793046695
82,0.14933063098437677,0.9887873192197643,45.362258954590615,11.019839014511012
83,0.1252175210114834,0.9921293123538578,45.362271583730035,11.01983602507478
84,0.08465950579151936,0.9964099397733523,45.36226503452124,11.019847914956486
85,0.13320374119148778,0.9910886758169478,45.36226231601437,11.019848041392475
86,-0.9602977529657372,0.27897710595845665,45.36226744067436,11.019857393502674
87,-0.9531715647787471,0.3024301044823988,45.362224704188115,11.019871271092851
88,-0.9503806181921014,0.3110895057130652,45.36220148027735,11.019881264339391
89,-0.9651931000150326,0.2615382948697405,45.36216420237211,11.019891115178172
90,-0.9480051780073888,0.3182549017237267,45.362127085073666,11.01990405864674
91,-0.9562490919443661,0.29255371157374693,45.362099828389155,11.01990800310972
92,-0.9571931302480549,0.2894500153842289,45.362067438947776,11.019924618024325
93,-0.9428128825984798,0.33332246909913693,45.36202318182442,11.019934904270286
94,-0.9527630541919497,0.3037146071015153,45.36199614823206,11.019928092669273
95,-0.9535833093294144,0.30112932797780156,45.361958410941696,11.019943969049816
96,-0.9525058336459201,0.3045203390095491,45.36192268537666,11.01995407480515
97,-0.9626734118527475,0.2706656648187771,45.361909131309446,11.019956661920066
98,-0.9532532836675106,0.3021724295449679,45.36186077957781,11.019974541093033
99,-0.9628130857384515,0.2701683955069527,45.36182751508636,11.019972399514362
100,-0.9681807180435497,0.250252067341464,45.361802472573466,11.019987638288253
101,-0.9603710395243843,0.27872471444572944,45.36174840534422,11.019989079189177
102,-0.9713488908885884,0.2376580151594074,45.361713565769115,11.019995532898772
103,-0.9753683866922412,0.2205822074451485,45.361694103878385,11.020003399013893
104,-0.9714520468237916,0.23723600216212098,45.361653571533054,11.020013719041367
105,-0.9741432378803497,0.22593129949608232,45.361618036575315,11.02001385232442
106,-0.9785520220762558,0.2059998545884706,45.36157763637954,11.020008165113756
107,-0.9811172502354862,0.19341391183252143,45.36154479113242,11.020030541467131
108,-0.9824961119087368,0.18628309124613288,45.36151231740495,11.020027452627014
109,-0.9804614447411303,0.19671135039985754,45.36147384836951,11.020011540438533
110,-0.9758996709649767,0.21821968795333363,45.36144319573681,11.020017696998178
111,-0.9782268369024457,0.20753856404012194,45.36140558681522,11.020011616018156
112,-0.9824794947572505,0.18637071224185897,45.36136607616449,11.02001476718437
113,-0.9888317817093812,0.1490359268144783,45.36133018878435,11.020018118559111
114,-0.9865794093342193,0.16328217624022234,45.36129481329948,11.020004929452138
115,-0.9894944542415167,0.14457083047863759,45.36125521565368,11.020012898146955
116,-0.9928081266101085,0.11971643052199082,45.361224676861305,11.02000856323864
117,-0.9929475580371341,0.11855440518214498,45.3611854386066,11.020006228473276
118,-0.9888762268235538,0.1487407409663246,45.361143281921024,11.020006799607975
119,-0.9938251608194539,0.11095742301525646,45.361111748199946,11.019991877308128
120,-0.9941007502468296,0.10846058435528769,45.361077105261224,11.019996427627243
121,-0.9917392069073426,0.12827059477056738,45.36104696851914,11.01999294643409
122,-0.9932362117318843,0.11611127294322308,45.360993141884315,11.019986736366556
123,-0.9953306968428114,0.09652359256888139,45.36097210671136,11.019999980258088
124,-0.9931885110496051,0.11651858872758587,45.36094684695634,11.019998942965104
125,-0.9952415049328278,0.09743893913133482,45.36090147688113,11.020003380864415
126,-0.9935686588225318,0.11323126867431745,45.360859856444996,11.020004741849144
127,-0.9936578618419009,0.11244578071133553,45.3608322543947,11.020009872321332
128,-0.9901112712489426,0.14028424910089812,45.36079610075479,11.020019727199095
129,-0.988581527523576,0.15068697169680334,45.36076164581239,11.02002708009269
130,-0.9928193945431568,0.1196229485465042,45.36072743018247,11.02003852873897
131,-0.9927641723621723,0.12008038172012575,45.360703335680654,11.0200516844143
132,-0.9897044810005252,0.1431259595163681,45.36066419104758,11.02005701673567
133,-0.9800875607442304,0.19856579079595868,45.36062681783856,11.020088529711908
134,-0.989534615306206,0.14429568639013024,45.36058676406735,11.020114554645605
135,-0.9888055843288557,0.14920963909905507,45.360561882246465,11.020126171933077
136,-0.9841569161152436,0.17729964597407796,45.36053867267494,11.020143220395447
137,-0.9846328599179802,0.17463714143829537,45.36049339720086,11.02017155986747
138,-0.9830048798839138,0.1835794272907838,45.36046451779949,11.020209762212927
139,-0.9761147157590555,0.21725575177338388,45.360444502484064,11.020214413983895
140,-0.9690386729242243,0.24690899209477626,45.36040795563825,11.020247582191042
141,-0.9729720191274817,0.23092303911691317,45.36036797065218,11.020273432190896
142,-0.9713375337605992,0.2377044288772864,45.36034660723703,11.020291243298225
143,-0.9722111597509496,0.23410566173357172,45.360316518869205,11.02031647577008
144,-0.9621682727316604,0.2724558954190077,45.36028500967417,11.020332073880256
145,-0.9669953394624088,0.25479406087658485,45.360249032856046,11.020361980720837
146,-0.9671570947714491,0.25417937373683624,45.36021976190748,11.020380785179416
147,-0.9622231119818196,0.27226215816382304,45.36019926181983,11.020412093759612
148,-0.9631524870469429,0.2689559196137695,45.360156274545396,11.02041792657452
149,-0.9685225625355983,0.24892578383823158,45.3601258518763,11.020439144764824
150,-0.9543473766147714,0.2986989868555023,45.360095114126565,11.02046695911262
151,-0.9729933684630716,0.2308330672301639,45.360071023786986,11.02047779750908
152,-0.9523029231224164,0.30515429312480785,45.360036472760726,11.02049811369558
153,-0.9459488247507384,0.32431592768887707,45.360000917370876,11.020512175959526
154,-0.9635529552946471,0.2675176673473207,45.359974427275425,11.020539839821234
155,-0.9526811718320224,0.30397135528987707,45.35993591829006,11.020551693298657
156,-0.9518374214036037,0.3066032015745083,45.359906296113294,11.020554608673521
157,-0.952787736286955,0.30363716765438953,45.359882786347335,11.020581249654644
158,-0.9604430588136796,0.27847644564060103,45.359846021183394,11.020594602999568
159,-0.9509025055733139,0.3094905893470651,45.35980643030641,11.020595151692914
160,-0.9502897106797518,0.311367091671862,45.359774103510176,11.020616666139972
161,-0.9648504375070426,0.26279960662540663,45.359746100244536,11.020626636753947
162,-0.9604181855985433,0.27856221705680395,45.35971010809808,11.020639168986873
163,0.10918053373538049,0.9940219369074595,45.35967910799646,11.02065890785346
164,0.12714404358084094,0.9918842635015,45.3596857004091,11.020670268120382
165,0.15085830079097184,0.9885553970731538,45.359691094436876,11.020676933819285
166,0.10206660332626986,0.9947775673412815,45.35969108886331,11.020686381156699
167,0.14401383151899144,0.9895756748885957,45.35968171186088,11.020700324207041
168,0.11524274382347469,0.9933373596095322,45.35968811555436,11.020703399549854
169,0.14491206058506112,0.9894445384643809,45.3596853697272,11.020714098928995
170,0.1548449879299368,0.9879387783223097,45.35968962707034,11.020726561069408
171,0.12210590402080294,0.9925170770335705,45.35968494763595,11.020734730898715
