,Sin,Cosin,Lat,Lon
0,0.9537169507482269,0.30070579950427306,45.3596665575,11.020597651
1,0.955040636077442,0.2964749288570535,45.35969356185352,11.020587539497335
2,0.955040636077442,0.2964749288570535,45.35973954973676,11.020571965570632
3,0.955040636077442,0.2964749288570535,45.35976620242975,11.020572973589509
4,0.955040636077442,0.2964749288570535,45.35980094536751,11.020557423836479
5,0.955040636077442,0.2964749288570535,45.3598279313417,11.020541820949362
6,0.955040636077442,0.2964749288570535,45.35986563083931,11.020532747813396
7,0.955040636077442,0.2964749288570535,45.35990788992827,11.020526109615046
8,0.955040636077442,0.2964749288570535,45.359945120437985,11.02050522120831
9,0.955040636077442,0.2964749288570535,45.35997666868131,11.020497748454163
10,0.955040636077442,0.2964749288570535,45.36000229803533,11.020495676374928
11,0.955040636077442,0.2964749288570535,45.36005160808165,11.020476366016094
12,0.955040636077442,0.2964749288570535,45.36007304440347,11.020465762544037
13,0.955040636077442,0.2964749288570535,45.360114088627945,11.020466735369165
14,0.955040636077442,0.2964749288570535,45.36013170113091,11.020451230934306
15,0.955040636077442,0.2964749288570535,45.36018525794638,11.02044542893481
16,0.955040636077442,0.2964749288570535,45.36021258763939,11.020424003620738
17,0.955040636077442,0.2964749288570535,45.36023685679197,11.020417046765916
18,0.955040636077442,0.2964749288570535,45.36027998617399,11.020402134504387
19,0.955040636077442,0.2964749288570535,45.3603132127137,11.020390251591447
20,0.955040636077442,0.2964749288570535,45.360343617658565,11.020379289835088
21,0.955040636077442,0.2964749288570535,45.36038038329922,11.020381581236661
22,0.955040636077442,0.2964749288570535,45.36042096880542,11.020363374031383
23,0.955040636077442,0.2964749288570535,45.36044174412764,11.020351313657885
24,0.955040636077442,0.2964749288570535,45.360490495734446,11.020343750541294
25,0.955040636077442,0.2964749288570535,45.36051611829986,11.02033057580436
26,0.955040636077442,0.2964749288570535,45.36055834808457,11.020325009185063
27,0.955040636077442,0.2964749288570535,45.36057976009547,11.020315152963825
28,0.955040636077442,0.2964749288570535,45.360618626261896,11.020302994347027
29,0.955040636077442,0.2964749288570535,45.36065801059969,11.0202885055806
30,0.955040636077442,0.2964749288570535,45.36068674896591,11.020284344500755
31,0.955040636077442,0.2964749288570535,45.360720408622754,11.020265703404142
32,0.955040636077442,0.2964749288570535,45.36075667785717,11.020251074468725
33,0.955040636077442,0.2964749288570535,45.36078810645109,11.020255463040145
34,0.955040636077442,0.2964749288570535,45.36083601813238,11.020235904363231
35,0.955040636077442,0.2964749288570535,45.360858776118675,11.020229477854006
36,0.955040636077442,0.2964749288570535,45.36089546475562,11.02021758498144
37,0.955040636077442,0.2964749288570535,45.36093136045525,11.020205171380006
38,0.955040636077442,0.2964749288570535,45.36095973658988,11.020197083046101
39,0.955040636077442,0.2964749288570535,45.360990297525234,11.020192676251222
40,0.955040636077442,0.2964749288570535,45.36103486141984,11.020187180310662
41,0.955040636077442,0.2964749288570535,45.361073026973685,11.020166943377303
42,0.955040636077442,0.2964749288570535,45.36110127875876,11.020151103984617
43,0.955040636077442,0.2964749288570535,45.36113331192738,11.020147810624733
44,0.955040636077442,0.2964749288570535,45.36116153212576,11.02013435904686
45,0.955040636077442,0.2964749288570535,45.36120835776876,11.020121535563302
46,0.955040636077442,0.2964749288570535,45.361239230156734,11.020109466773915
47,0.955040636077442,0.2964749288570535,45.36126389731126,11.020103924118391
48,0.955040636077442,0.2964749288570535,45.36130193415104,11.020091468685807
49,0.955040636077442,0.2964749288570535,45.36135065587488,11.020074857351936
50,0.955040636077442,0.2964749288570535,45.36137381849318,11.020071153434655
51,0.955040636077442,0.2964749288570535,45.361400183886936,11.020057689781316
52,0.955040636077442,0.2964749288570535,45.36143638744588,11.020050857716972
53,0.955040636077442,0.2964749288570535,45.36146758304936,11.020032561762713
54,0.955040636077442,0.2964749288570535,45.361501799525676,11.020024403636706
55,0.955040636077442,0.2964749288570535,45.361539424778925,11.020003150476356
56,0.955040636077442,0.2964749288570535,45.36157474342821,11.020009594871425
57,0.955040636077442,0.2964749288570535,45.36161289253755,11.019993935933106
58,0.955040636077442,0.2964749288570535,45.361637080261026,11.019986964570313
59,0.955040636077442,0.2964749288570535,45.361681945783076,11.019973512553186
60,0.955040636077442,0.2964749288570535,45.36171087671613,11.019953462128912
61,0.955040636077442,0.2964749288570535,45.36175107495505,11.019952611049158
62,0.955040636077442,0.2964749288570535,45.36178775653941,11.019943503653428
63,0.955040636077442,0.2964749288570535,45.361829527589705,11.01992565170731
64,0.955040636077442,0.2964749288570535,45.36185009734663,11.019919495313571
65,0.955040636077442,0.2964749288570535,45.36188166681498,11.01989404161415
66,0.955040636077442,0.2964749288570535,45.36190956217196,11.019900643179408
67,0.955040636077442,0.2964749288570535,45.3619434270619,11.019890975796141
68,0.955040636077442,0.2964749288570535,45.36197935831609,11.019880649592455
69,0.955040636077442,0.2964749288570535,45.36201191724897,11.01986972626161
70,0.955040636077442,0.2964749288570535,45.36204759975881,11.01986049994028
71,0.955040636077442,0.2964749288570535,45.36209918375561,11.01985633140453
72,0.955040636077442,0.2964749288570535,45.362120261691636,11.019833634050505
73,0.955040636077442,0.2964749288570535,45.36215347152949,11.019830021832457
74,0.955040636077442,0.2964749288570535,45.36219664735827,11.019816028479578
75,0.955040636077442,0.2964749288570535,45.362216086564395,11.019800073101894
76,0.955040636077442,0.2964749288570535,45.36225589,11.01979384
77,0.1871863868101744,0.9823244151465196,45.36226001078714,11.01979048777871
78,0.1871863868101744,0.9823244151465196,45.362251621997096,11.01979856316
79,0.1871863868101744,0.9823244151465196,45.36225628187691,11.01979452912009
80,0.1871863868101744,0.9823244151465196,45.36225389057216,11.019818877259
81,0.1871863868101744,0.9823244151465196,45.362257908945956,11.019816776840436
82,0.1871863868101744,0.9823244151465196,45.3622513832095,11.019822968393571
83,0.1871863868101744,0.9823244151465196,45.36226413868479,11.0198180892309
84,0.1871863868101744,0.9823244151465196,45.36225971785339,11.019817692714291
85,0.1871863868101744,0.9823244151465196,45.36226486217232,11.019836962539019
86,0.1871863868101744,0.9823244151465196,45.36226699134289,11.019832402713273
87,0.1871863868101744,0.9823244151465196,45.36226189208242,11.019837910407198
88,0.1871863868101744,0.9823244151465196,45.362258091163525,11.019835493158645
89,0.1871863868101744,0.9823244151465196,45.362267451031514,11.01983394175589
90,0.1871863868101744,0.9823244151465196,45.362258525828935,11.019842097314312
91,0.1871863868101744,0.9823244151465196,45.36227915723489,11.019845647721912
92,0.1871863868101744,0.9823244151465196,45.3622617207206,11.019856447348673
93,0.1871863868101744,0.9823244151465196,45.36226747,11.01985461
94,-0.954287848765298,0.29888911271389534,45.36222517062776,11.019864667914204
95,-0.954287848765298,0.29888911271389534,45.362196189960805,11.019880058058803
96,-0.954287848765298,0.29888911271389534,45.36215496973357,11.01989620895509
97,-0.954287848765298,0.29888911271389534,45.3621294084102,11.019899639026432
98,-0.954287848765298,0.29888911271389534,45.362093318873185,11.019907979473842
99,-0.954287848765298,0.29888911271389534,45.362054664923775,11.0199134797113
100,-0.954287848765298,0.29888911271389534,45.36202361764509,11.019928356081198
101,-0.954287848765298,0.29888911271389534,45.361991055185555,11.01994651850536
102,-0.954287848765298,0.29888911271389534,45.36195908412477,11.019946523666603
103,-0.954287848765298,0.29888911271389534,45.36191582863134,11.01996912742295
104,-0.954287848765298,0.29888911271389534,45.36188078636245,11.019969962448874
105,-0.954287848765298,0.29888911271389534,45.3618429620252,11.019987593381948
106,-0.954287848765298,0.29888911271389534,45.36180834085266,11.019998513244852
107,-0.954287848765298,0.29888911271389534,45.36178138578215,11.020004096845575
108,-0.954287848765298,0.29888911271389534,45.36174634439063,11.020026846053371
109,-0.954287848765298,0.29888911271389534,45.36172115564264,11.020023685021709
110,-0.954287848765298,0.29888911271389534,45.361685771755994,11.020037073603326
111,-0.954287848765298,0.29888911271389534,45.36163715080539,11.020053508229546
112,-0.954287848765298,0.29888911271389534,45.36160428773228,11.020057722561104
113,-0.954287848765298,0.29888911271389534,45.361559866275655,11.020065803522602
114,-0.954287848765298,0.29888911271389534,45.361531764046,11.020079537135016
115,-0.954287848765298,0.29888911271389534,45.361498575442866,11.020090480206454
116,-0.954287848765298,0.29888911271389534,45.36145324323961,11.020107737780897
117,-0.954287848765298,0.29888911271389534,45.361426597665606,11.020123320844124
118,-0.954287848765298,0.29888911271389534,45.361387564092254,11.020132854526285
119,-0.954287848765298,0.29888911271389534,45.36135899550125,11.020143941950746
120,-0.954287848765298,0.29888911271389534,45.361326179621464,11.020143224251482
121,-0.954287848765298,0.29888911271389534,45.36129687687568,11.020160568645748
122,-0.954287848765298,0.29888911271389534,45.36125969810257,11.020179840205241
123,-0.954287848765298,0.29888911271389534,45.36121563480287,11.020181521907036
124,-0.954287848765298,0.29888911271389534,45.36117873468164,11.020198444422427
125,-0.954287848765298,0.29888911271389534,45.361150709884626,11.020208504790148
126,-0.954287848765298,0.29888911271389534,45.361116164255925,11.020219105806659
127,-0.954287848765298,0.29888911271389534,45.36108281714053,11.02022420502585
128,-0.954287848765298,0.29888911271389534,45.36103597363413,11.02023368060226
129,-0.954287848765298,0.29888911271389534,45.36100442315671,11.020243853203684
130,-0.954287848765298,0.29888911271389534,45.360975782691106,11.020258961746976
131,-0.954287848765298,0.29888911271389534,45.36093663115471,11.020270823087534
132,-0.954287848765298,0.29888911271389534,45.360904646060334,11.020276096994182
133,-0.954287848765298,0.29888911271389534,45.36087732008598,11.020296705056268
134,-0.954287848765298,0.29888911271389534,45.36084103169134,11.020304511757551
135,-0.954287848765298,0.29888911271389534,45.360793171620806,11.02032564596566
136,-0.954287848765298,0.29888911271389534,45.36076677139997,11.020324108403795
137,-0.954287848765298,0.29888911271389534,45.36072617174313,11.020333315760366
138,-0.954287848765298,0.29888911271389534,45.360687348801235,11.0203471077092
139,-0.954287848765298,0.29888911271389534,45.360672616535616,11.020354987247895
140,-0.954287848765298,0.29888911271389534,45.36062648537982,11.020379542877068
141,-0.954287848765298,0.29888911271389534,45.36059014450593,11.020379513286835
142,-0.954287848765298,0.29888911271389534,45.36055308898486,11.020397076681684
143,-0.954287848765298,0.29888911271389534,45.36051772941389,11.020396275183103
144,-0.954287848765298,0.29888911271389534,45.360475584526675,11.020419036990969
145,-0.954287848765298,0.29888911271389534,45.36044450729498,11.020419995775374
146,-0.954287848765298,0.29888911271389534,45.36040854075414,11.02043638486634
147,-0.954287848765298,0.29888911271389534,45.3603674714533,11.020446325857872
148,-0.954287848765298,0.29888911271389534,45.36033937104364,11.020465186867712
149,-0.954287848765298,0.29888911271389534,45.3603225124663,11.020473578626309
150,-0.954287848765298,0.29888911271389534,45.36027744743207,11.020482522609703
151,-0.954287848765298,0.29888911271389534,45.36024555213573,11.020491436964654
152,-0.954287848765298,0.29888911271389534,45.360209234942985,11.02049831656677
153,-0.954287848765298,0.29888911271389534,45.36017708890201,11.020512508188338
154,-0.954287848765298,0.29888911271389534,45.360131998732854,11.020515061623588
155,-0.954287848765298,0.29888911271389534,45.360096314519005,11.020528226443524
156,-0.954287848765298,0.29888911271389534,45.360058332182014,11.020542070146998
157,-0.954287848765298,0.29888911271389534,45.36003928468935,11.020558082492013
158,-0.954287848765298,0.29888911271389534,45.35999244486472,11.02056832887009
159,-0.954287848765298,0.29888911271389534,45.35996338039213,11.020570719587287
160,-0.954287848765298,0.29888911271389534,45.359928975104694,11.02059356319298
161,-0.954287848765298,0.29888911271389534,45.35988184383289,11.020599211650325
162,-0.954287848765298,0.29888911271389534,45.359847418469165,11.020612926092387
163,-0.954287848765298,0.29888911271389534,45.359825908112036,11.02061478011123
164,-0.954287848765298,0.29888911271389534,45.3597889811555,11.020628923709578
165,-0.954287848765298,0.29888911271389534,45.35974956613369,11.0206405858304
166,-0.954287848765298,0.29888911271389534,45.35971628085734,11.020656287539117
167,-0.954287848765298,0.29888911271389534,45.35967972,11.02066511
168,0.18092866714612515,0.9834962213474573,45.359676217082196,11.020670457423213
169,0.18092866714612515,0.9834962213474573,45.35968442736587,11.02067420613961
170,0.18092866714612515,0.9834962213474573,45.35969177465892,11.020674998594245
171,0.18092866714612515,0.9834962213474573,45.359682346926625,11.020682684869595
172,0.18092866714612515,0.9834962213474573,45.359684408056765,11.020690626007937
173,0.18092866714612515,0.9834962213474573,45.35968239312249,11.020691723347
174,0.18092866714612515,0.9834962213474573,45.35968350106716,11.020689456597255
175,0.18092866714612515,0.9834962213474573,45.35969140911042,11.02069062328184
176,0.18092866714612515,0.9834962213474573,45.359684071056144,11.020692273261384
177,0.18092866714612515,0.9834962213474573,45.35968945504226,11.020710866206691
178,0.18092866714612515,0.9834962213474573,45.35968821848416,11.020701164554984
179,0.18092866714612515,0.9834962213474573,45.35967942060004,11.02071088676218
180,0.18092866714612515,0.9834962213474573,45.35968967037161,11.020711191385773
181,0.18092866714612515,0.9834962213474573,45.35969413401923,11.020720260036107
182,0.18092866714612515,0.9834962213474573,45.35968868115668,11.020727045953684
183,0.18092866714612515,0.9834962213474573,45.35969825812001,11.02072626669082
184,0.18092866714612515,0.9834962213474573,45.35968888189351,11.02073224929492
185,0.18092866714612515,0.9834962213474573,45.359694208156185,11.020739524876454
186,0.18092866714612515,0.9834962213474573,45.35969139049174,11.020740732929834
187,0.18092866714612515,0.9834962213474573,45.35969351,11.02074007
188,0.9528471844721362,0.30345056111914304,45.35972291251762,11.020731854805941
189,0.9528471844721362,0.30345056111914304,45.359750396712464,11.020711552618215
190,0.9528471844721362,0.30345056111914304,45.35977823328118,11.020709847367874
191,0.9528471844721362,0.30345056111914304,45.35981711938882,11.020692192367678
192,0.9528471844721362,0.30345056111914304,45.35985195159316,11.02068389394989
193,0.9528471844721362,0.30345056111914304,45.359871427055396,11.02067963144244
194,0.9528471844721362,0.30345056111914304,45.35991132757451,11.020666617861412
195,0.9528471844721362,0.30345056111914304,45.359946510854876,11.0206640928352
196,0.9528471844721362,0.30345056111914304,45.35997058724055,11.020655392562277
197,0.9528471844721362,0.30345056111914304,45.3600067069758,11.02065116751566
198,0.9528471844721362,0.30345056111914304,45.36002423118993,11.020632514108549
199,0.9528471844721362,0.30345056111914304,45.36006198760324,11.020618570693419
200,0.9528471844721362,0.30345056111914304,45.36009165237307,11.020613863122147
201,0.9528471844721362,0.30345056111914304,45.36012014689579,11.020604370888478
202,0.9528471844721362,0.30345056111914304,45.36015692133858,11.020593266646559
203,0.9528471844721362,0.30345056111914304,45.360195910923245,11.020582291451271
204,0.9528471844721362,0.30345056111914304,45.360222097021115,11.02058121773769
205,0.9528471844721362,0.30345056111914304,45.36025142688678,11.02056456440219
206,0.9528471844721362,0.30345056111914304,45.36027373564357,11.02056160538784
207,0.9528471844721362,0.30345056111914304,45.36031811857619,11.020551891658307
208,0.9528471844721362,0.30345056111914304,45.360343770705995,11.02053962388081
209,0.9528471844721362,0.30345056111914304,45.360377179865814,11.02052568901136
210,0.9528471844721362,0.30345056111914304,45.360392240271516,11.020504471998267
211,0.9528471844721362,0.30345056111914304,45.36042990089309,11.020511550787322
212,0.9528471844721362,0.30345056111914304,45.36045551972329,11.02049492052306
213,0.9528471844721362,0.30345056111914304,45.36049212697486,11.020481032395876
214,0.9528471844721362,0.30345056111914304,45.36051942533882,11.02048039367608
215,0.9528471844721362,0.30345056111914304,45.360556083007076,11.020465415202683
216,0.9528471844721362,0.30345056111914304,45.3605925640875,11.020455249413452
217,0.9528471844721362,0.30345056111914304,45.36061744504841,11.020443618305732
218,0.9528471844721362,0.30345056111914304,45.36064960547374,11.020438410154311
219,0.9528471844721362,0.30345056111914304,45.36067055954293,11.020420755206246
220,0.9528471844721362,0.30345056111914304,45.36070868861427,11.020412809878591
221,0.9528471844721362,0.30345056111914304,45.36073896613171,11.02040522915868
222,0.9528471844721362,0.30345056111914304,45.360765192117235,11.020404424947975
223,0.9528471844721362,0.30345056111914304,45.360790202149936,11.020377065498435
224,0.9528471844721362,0.30345056111914304,45.3608232010293,11.02038105628563
225,0.9528471844721362,0.30345056111914304,45.36085667807102,11.020370839326917
226,0.9528471844721362,0.30345056111914304,45.360891471860356,11.020354547589172
227,0.9528471844721362,0.30345056111914304,45.36091542557399,11.020348025299574
228,0.9528471844721362,0.30345056111914304,45.3609467332847,11.020338501795699
229,0.9528471844721362,0.30345056111914304,45.360983652888116,11.020334020366803
230,0.9528471844721362,0.30345056111914304,45.361021505712436,11.02032262745739
231,0.9528471844721362,0.30345056111914304,45.36104558180195,11.020311246373407
232,0.9528471844721362,0.30345056111914304,45.361082332334576,11.020304362229222
233,0.9528471844721362,0.30345056111914304,45.361103844478805,11.020294176722064
234,0.9528471844721362,0.30345056111914304,45.36114040844704,11.020283191962418
235,0.9528471844721362,0.30345056111914304,45.36115577182833,11.020269178506618
236,0.9528471844721362,0.30345056111914304,45.361197813477986,11.020262230720075
237,0.9528471844721362,0.30345056111914304,45.36122430242942,11.020255643412316
238,0.9528471844721362,0.30345056111914304,45.36125852186929,11.020252294568028
239,0.9528471844721362,0.30345056111914304,45.3612915654064,11.020234853295907
240,0.9528471844721362,0.30345056111914304,45.36131996867004,11.020222810606883
241,0.9528471844721362,0.30345056111914304,45.361349448181755,11.0202055090552
242,0.9528471844721362,0.30345056111914304,45.36138912098023,11.020203387507234
243,0.9528471844721362,0.30345056111914304,45.361415354111124,11.020184867909194
244,0.9528471844721362,0.30345056111914304,45.36143716504402,11.020180477394591
245,0.9528471844721362,0.30345056111914304,45.36147260730223,11.020161550837539
246,0.9528471844721362,0.30345056111914304,45.36149824516542,11.020154250426408
247,0.9528471844721362,0.30345056111914304,45.36154225024306,11.020149747661424
248,0.9528471844721362,0.30345056111914304,45.361568482122905,11.02015116822656
249,0.9528471844721362,0.30345056111914304,45.361593957383796,11.020122666742536
250,0.9528471844721362,0.30345056111914304,45.36162715645893,11.020130928086143
251,0.9528471844721362,0.30345056111914304,45.36165257658273,11.020107542301325
252,0.9528471844721362,0.30345056111914304,45.361687941433914,11.020102436839617
253,0.9528471844721362,0.30345056111914304,45.36171479672546,11.02010124792314
254,0.9528471844721362,0.30345056111914304,45.36174861561078,11.02008460641485
255,0.9528471844721362,0.30345056111914304,45.36177991168532,11.020068452458139
256,0.9528471844721362,0.30345056111914304,45.361818093145004,11.020066320387745
257,0.9528471844721362,0.30345056111914304,45.361839563154255,11.020055405291725
258,0.9528471844721362,0.30345056111914304,45.36186424635464,11.020041228656531
259,0.9528471844721362,0.30345056111914304,45.361904370031844,11.020026158221357
260,0.9528471844721362,0.30345056111914304,45.361935314657906,11.020022545766032
261,0.9528471844721362,0.30345056111914304,45.36196626063542,11.020013096700024
262,0.9528471844721362,0.30345056111914304,45.361997579588596,11.020007289695323
263,0.9528471844721362,0.30345056111914304,45.36202227600894,11.019993573289304
264,0.9528471844721362,0.30345056111914304,45.36204820516099,11.019988552303127
265,0.9528471844721362,0.30345056111914304,45.362089051653605,11.019978379185378
266,0.9528471844721362,0.30345056111914304,45.36211654663627,11.019974743373503
267,0.9528471844721362,0.30345056111914304,45.362143701756395,11.019963107277734
268,0.9528471844721362,0.30345056111914304,45.36218137019814,11.019957691858231
269,0.9528471844721362,0.30345056111914304,45.362203175205046,11.019936956753256
270,0.9528471844721362,0.30345056111914304,45.362229715746444,11.019932125411314
271,0.9528471844721362,0.30345056111914304,45.36227073,11.01991931
272,0.2108778085845649,0.9775124295100148,45.362267615529056,11.019923477628826
273,0.2108778085845649,0.9775124295100148,45.36226883234131,11.019928114416155
274,0.2108778085845649,0.9775124295100148,45.36227253103108,11.019925071514649
275,0.2108778085845649,0.9775124295100148,45.36227167978524,11.01993189451944
276,0.2108778085845649,0.9775124295100148,45.36227806880944,11.019933363392434
277,0.2108778085845649,0.9775124295100148,45.362278110349486,11.01994705875668
278,0.2108778085845649,0.9775124295100148,45.36227742043501,11.019935203807016
279,0.2108778085845649,0.9775124295100148,45.362271845356986,11.019945836611903
280,0.2108778085845649,0.9775124295100148,45.362276695066186,11.019948862692205
281,0.2108778085845649,0.9775124295100148,45.362283948688834,11.019946604005936
282,0.2108778085845649,0.9775124295100148,45.3622781718272,11.01994869823102
283,0.2108778085845649,0.9775124295100148,45.362283463338905,11.019968878901535
284,0.2108778085845649,0.9775124295100148,45.36227374002817,11.019964867029886
285,0.2108778085845649,0.9775124295100148,45.362287872398774,11.019968398427494
286,0.2108778085845649,0.9775124295100148,45.36227981661586,11.019972445610367
287,0.2108778085845649,0.9775124295100148,45.36228467229829,11.019967673170814
288,0.2108778085845649,0.9775124295100148,45.36227300971374,11.019973739682905
289,0.2108778085845649,0.9775124295100148,45.36228318012186,11.01998149906102
290,0.2108778085845649,0.9775124295100148,45.36227234373154,11.019988361688595
291,0.2108778085845649,0.9775124295100148,45.36228557,11.0199881
292,-0.9544055299292257,0.29851312272748404,45.36224177572876,11.020005387079111
293,-0.9544055299292257,0.29851312272748404,45.36222172432543,11.020007371667502
294,-0.9544055299292257,0.29851312272748404,45.362187955895315,11.020011008878631
295,-0.9544055299292257,0.29851312272748404,45.362149488276806,11.020032604138564
296,-0.9544055299292257,0.29851312272748404,45.36211604793627,11.020049834781055
297,-0.9544055299292257,0.29851312272748404,45.36208169030672,11.020047192744606
298,-0.9544055299292257,0.29851312272748404,45.36203780999287,11.020070002375299
299,-0.9544055299292257,0.29851312272748404,45.362017993144335,11.020075099687283
300,-0.9544055299292257,0.29851312272748404,45.36198945294973,11.020079170074396
301,-0.9544055299292257,0.29851312272748404,45.361949546208756,11.020089936229516
302,-0.9544055299292257,0.29851312272748404,45.36191795533998,11.020107608008129
303,-0.9544055299292257,0.29851312272748404,45.361886842201855,11.020126702593407
304,-0.9544055299292257,0.29851312272748404,45.361847768281656,11.020130842581581
305,-0.9544055299292257,0.29851312272748404,45.361819415168746,11.020127088621804
306,-0.9544055299292257,0.29851312272748404,45.36177940443242,11.020148986860809
307,-0.9544055299292257,0.29851312272748404,45.36173814140147,11.020152327177676
308,-0.9544055299292257,0.29851312272748404,45.361717629573434,11.020172554808878
309,-0.9544055299292257,0.29851312272748404,45.361680967662096,11.02017485800227
310,-0.9544055299292257,0.29851312272748404,45.36165020248039,11.020185474349717
311,-0.9544055299292257,0.29851312272748404,45.361617019311126,11.020196160621715
312,-0.9544055299292257,0.29851312272748404,45.361579724611076,11.020206666179376
313,-0.9544055299292257,0.29851312272748404,45.36154528172865,11.020227810716868
314,-0.9544055299292257,0.29851312272748404,45.36150734865559,11.020221626682256
315,-0.9544055299292257,0.29851312272748404,45.361481205723436,11.020240359217647
316,-0.9544055299292257,0.29851312272748404,45.3614451896733,11.020261937334585
317,-0.9544055299292257,0.29851312272748404,45.36141276970676,11.02027009644288
318,-0.9544055299292257,0.29851312272748404,45.361384266474346,11.020267257102388
319,-0.9544055299292257,0.29851312272748404,45.36133878109411,11.020274940749136
320,-0.9544055299292257,0.29851312272748404,45.36130401124833,11.020294592863145
321,-0.9544055299292257,0.29851312272748404,45.36128371192382,11.020305033746087
322,-0.9544055299292257,0.29851312272748404,45.36125203361038,11.020313939888508
323,-0.9544055299292257,0.29851312272748404,45.36120889884529,11.020314557482534
324,-0.9544055299292257,0.29851312272748404,45.36118123543277,11.020334972504727
325,-0.9544055299292257,0.29851312272748404,45.36114798763534,11.020338670631867
326,-0.9544055299292257,0.29851312272748404,45.36110677010026,11.020353193383059
327,-0.9544055299292257,0.29851312272748404,45.36108114787358,11.020369874272971
328,-0.9544055299292257,0.29851312272748404,45.361049038767966,11.02038886023219
329,-0.9544055299292257,0.29851312272748404,45.36101864408451,11.020380258363364
330,-0.9544055299292257,0.29851312272748404,45.36097995093185,11.02039286386466
331,-0.9544055299292257,0.29851312272748404,45.360940586737726,11.020407747316419
332,-0.9544055299292257,0.29851312272748404,45.360903138851896,11.020421640556739
333,-0.9544055299292257,0.29851312272748404,45.36087006499458,11.02042140592242
334,-0.9544055299292257,0.29851312272748404,45.36083592139226,11.020443015632967
335,-0.9544055299292257,0.29851312272748404,45.36080624101116,11.02045304279523
336,-0.9544055299292257,0.29851312272748404,45.36077299543064,11.020453464122472
337,-0.9544055299292257,0.29851312272748404,45.36074647525241,11.020477569412623
338,-0.9544055299292257,0.29851312272748404,45.36070165699067,11.020479635910087
339,-0.9544055299292257,0.29851312272748404,45.360674962629204,11.020491333476802
340,-0.9544055299292257,0.29851312272748404,45.36063878472086,11.020509580926207
341,-0.9544055299292257,0.29851312272748404,45.360610655906335,11.020520264337929
342,-0.9544055299292257,0.29851312272748404,45.360568730523404,11.02052161639344
343,-0.9544055299292257,0.29851312272748404,45.36054337518786,11.020539954952433
344,-0.9544055299292257,0.29851312272748404,45.360501214772455,11.0205458352442
345,-0.9544055299292257,0.29851312272748404,45.3604798967825,11.020558531380269
346,-0.9544055299292257,0.29851312272748404,45.360445704798565,11.020557965109873
347,-0.9544055299292257,0.29851312272748404,45.36040571673541,11.020578158198573
348,-0.9544055299292257,0.29851312272748404,45.36037671532154,11.020590094387565
349,-0.9544055299292257,0.29851312272748404,45.36033451917374,11.020599406618873
350,-0.9544055299292257,0.29851312272748404,45.36030247946198,11.020609781148108
351,-0.9544055299292257,0.29851312272748404,45.36026254272021,11.020617972168907
352,-0.9544055299292257,0.29851312272748404,45.36024213073542,11.020619171303071
353,-0.9544055299292257,0.29851312272748404,45.36020799275372,11.020638442995848
354,-0.9544055299292257,0.29851312272748404,45.360169328571516,11.020642434458516
355,-0.9544055299292257,0.29851312272748404,45.360139267632356,11.020658839246925
356,-0.9544055299292257,0.29851312272748404,45.360104416072424,11.020669438689653
357,-0.9544055299292257,0.29851312272748404,45.36006865510086,11.020687934397753
358,-0.9544055299292257,0.29851312272748404,45.36004873656055,11.020689296331737
359,-0.9544055299292257,0.29851312272748404,45.36000241106868,11.020708052600616
360,-0.9544055299292257,0.29851312272748404,45.35996753965421,11.020713681835204
361,-0.9544055299292257,0.29851312272748404,45.35992947633324,11.02073473269033
362,-0.9544055299292257,0.29851312272748404,45.35989798432141,11.02072886014074
363,-0.9544055299292257,0.29851312272748404,45.3598664432328,11.020742656864117
364,-0.9544055299292257,0.29851312272748404,45.35982434799986,11.020755976782182
365,-0.9544055299292257,0.29851312272748404,45.359794466539874,11.02076412431316
366,-0.9544055299292257,0.29851312272748404,45.35977101789758,11.020777245529732
367,-0.9544055299292257,0.29851312272748404,45.359742092992654,11.0207957235954
368,-0.9544055299292257,0.29851312272748404,45.35970006,11.02079678
369,0.18563850809759755,0.9826181070544641,45.35970034511518,11.02080132416754
370,0.18563850809759755,0.9826181070544641,45.35969861128035,11.020809861197534
371,0.18563850809759755,0.9826181070544641,45.35970554525117,11.02080301589778
372,0.18563850809759755,0.9826181070544641,45.35970562869614,11.020823019707711
373,0.18563850809759755,0.9826181070544641,45.359695477860235,11.020826591090891
374,0.18563850809759755,0.9826181070544641,45.35970945373209,11.02082708477946
375,0.18563850809759755,0.9826181070544641,45.359706539538514,11.020829400732831
376,0.18563850809759755,0.9826181070544641,45.3597096661607,11.020837377343051
377,0.18563850809759755,0.9826181070544641,45.359710238315934,11.020842303676611
378,0.18563850809759755,0.9826181070544641,45.35971009348695,11.02085641795381
379,0.18563850809759755,0.9826181070544641,45.35971873165105,11.020857702171108
380,0.18563850809759755,0.9826181070544641,45.35971916485226,11.020850463620006
381,0.18563850809759755,0.9826181070544641,45.35971142447546,11.020872699658074
382,0.18563850809759755,0.9826181070544641,45.3597218491609,11.020868432724685
383,0.18563850809759755,0.9826181070544641,45.359712106621636,11.02088111005597
384,0.18563850809759755,0.9826181070544641,45.35971575,11.02087983
385,0.9539872079080639,0.29984730638739515,45.35975265027968,11.020866919869247
386,0.9539872079080639,0.29984730638739515,45.359787063526724,11.020862711601001
387,0.9539872079080639,0.29984730638739515,45.359817512305696,11.020850398504184
388,0.9539872079080639,0.29984730638739515,45.35985537552134,11.02083298045576
389,0.9539872079080639,0.29984730638739515,45.35988889841325,11.020823591730595
390,0.9539872079080639,0.29984730638739515,45.359924522856645,11.020814270675324
391,0.9539872079080639,0.29984730638739515,45.35995354391995,11.020794277894787
392,0.9539872079080639,0.29984730638739515,45.35998751685075,11.020796372099834
393,0.9539872079080639,0.29984730638739515,45.36002287347391,11.020788244565164
394,0.9539872079080639,0.29984730638739515,45.36004321640732,11.020777059575613
395,0.9539872079080639,0.29984730638739515,45.360083210915974,11.02076471331914
396,0.9539872079080639,0.29984730638739515,45.36011370735365,11.02075595995782
397,0.9539872079080639,0.29984730638739515,45.36015325132091,11.020741197209453
398,0.9539872079080639,0.29984730638739515,45.36018180283295,11.020731917798356
399,0.9539872079080639,0.29984730638739515,45.36021641285286,11.020718244207636
400,0.9539872079080639,0.29984730638739515,45.360255631127785,11.020712152353507
401,0.9539872079080639,0.29984730638739515,45.360288531149,11.020713158475607
402,0.9539872079080639,0.29984730638739515,45.36031952735423,11.020683905000013
403,0.9539872079080639,0.29984730638739515,45.36034690325109,11.020677208371648
404,0.9539872079080639,0.29984730638739515,45.36038700117642,11.020655580537811
405,0.9539872079080639,0.29984730638739515,45.360433080373504,11.020652723524597
406,0.9539872079080639,0.29984730638739515,45.360449392215656,11.02065196804032
407,0.9539872079080639,0.29984730638739515,45.36048668209259,11.020632713925925
408,0.9539872079080639,0.29984730638739515,45.3605238336276,11.020635795699219
409,0.9539872079080639,0.29984730638739515,45.36055509346623,11.020618135223941
410,0.9539872079080639,0.29984730638739515,45.36058965948825,11.02059290456878
411,0.9539872079080639,0.29984730638739515,45.360619479041375,11.020589353860508
412,0.9539872079080639,0.29984730638739515,45.360651828762215,11.020577892768465
413,0.9539872079080639,0.29984730638739515,45.36069728073145,11.020575778812386
414,0.9539872079080639,0.29984730638739515,45.36072042932666,11.02056782596678
415,0.9539872079080639,0.29984730638739515,45.36075287295682,11.020555377552858
416,0.9539872079080639,0.29984730638739515,45.36079509733216,11.020540195866964
417,0.9539872079080639,0.29984730638739515,45.36082643861877,11.020523822021119
418,0.9539872079080639,0.29984730638739515,45.36085580759352,11.020525334074224
419,0.9539872079080639,0.29984730638739515,45.360893691947545,11.020509745341029
420,0.9539872079080639,0.29984730638739515,45.360923240404865,11.020498366351747
421,0.9539872079080639,0.29984730638739515,45.36095694202816,11.020489763966065
422,0.9539872079080639,0.29984730638739515,45.360990779664554,11.020478399323013
423,0.9539872079080639,0.29984730638739515,45.36102172421754,11.020467155399027
424,0.9539872079080639,0.29984730638739515,45.361055593497746,11.020455326551902
425,0.9539872079080639,0.29984730638739515,45.36109667837846,11.020449505952497
426,0.9539872079080639,0.29984730638739515,45.36112236079951,11.020441346524338
427,0.9539872079080639,0.29984730638739515,45.361156822377204,11.020428740707498
428,0.9539872079080639,0.29984730638739515,45.361194644290876,11.020409609565897
429,0.9539872079080639,0.29984730638739515,45.361226853232054,11.020409989902594
430,0.9539872079080639,0.29984730638739515,45.36126313246992,11.020400860105605
431,0.9539872079080639,0.29984730638739515,45.36130294343368,11.020379668034353
432,0.9539872079080639,0.29984730638739515,45.361329663174885,11.020369401769097
433,0.9539872079080639,0.29984730638739515,45.36137158485461,11.02036529126695
434,0.9539872079080639,0.29984730638739515,45.36139788195503,11.02034840185418
435,0.9539872079080639,0.29984730638739515,45.361430359318994,11.02033969857804
436,0.9539872079080639,0.29984730638739515,45.361464107607375,11.020330182187228
437,0.9539872079080639,0.29984730638739515,45.36150300788495,11.020319528701354
438,0.9539872079080639,0.29984730638739515,45.361531166227984,11.020313193525437
439,0.9539872079080639,0.29984730638739515,45.36156494372755,11.02029546074303
440,0.9539872079080639,0.29984730638739515,45.36159707859912,11.020289041235708
441,0.9539872079080639,0.29984730638739515,45.36163646847826,11.02027597365103
442,0.9539872079080639,0.29984730638739515,45.361655738641936,11.020265649355107
443,0.9539872079080639,0.29984730638739515,45.36169468523542,11.02025984724674
444,0.9539872079080639,0.29984730638739515,45.361741795817046,11.020241754212742
445,0.9539872079080639,0.29984730638739515,45.36176323289372,11.020240163808799
446,0.9539872079080639,0.29984730638739515,45.36179153401917,11.0202296132422
447,0.9539872079080639,0.29984730638739515,45.36183126178748,11.020211332149843
448,0.9539872079080639,0.29984730638739515,45.36186554032697,11.020202517826437
449,0.9539872079080639,0.29984730638739515,45.361897656558824,11.020194165812638
450,0.9539872079080639,0.29984730638739515,45.36192252987741,11.020185050447374
451,0.9539872079080639,0.29984730638739515,45.3619643499817,11.02016971563096
452,0.9539872079080639,0.29984730638739515,45.36200429540993,11.020156880015243
453,0.9539872079080639,0.29984730638739515,45.3620369615868,11.020148686536997
454,0.9539872079080639,0.29984730638739515,45.362066784864574,11.02013236440637
455,0.9539872079080639,0.29984730638739515,45.36210967592167,11.020128234606036
456,0.9539872079080639,0.29984730638739515,45.36213294450856,11.02011609238082
457,0.9539872079080639,0.29984730638739515,45.36216625104046,11.020112735795532
458,0.9539872079080639,0.29984730638739515,45.362203293210726,11.020091940025049
459,0.9539872079080639,0.29984730638739515,45.362235111109165,11.020083068855985
460,0.9539872079080639,0.29984730638739515,45.36227043194292,11.020084839127884
461,0.9539872079080639,0.29984730638739515,45.36230304,11.02006662
462,0.05017981546841942,0.9987401995111418,45.3622991298334,11.02006857305808
463,0.05017981546841942,0.9987401995111418,45.36230077926573,11.02007840833651
464,0.05017981546841942,0.9987401995111418,45.36229581876556,11.02007159954164
465,0.05017981546841942,0.9987401995111418,45.36230555916316,11.020082696129037
466,0.05017981546841942,0.9987401995111418,45.36229608161488,11.020079719378417
467,0.05017981546841942,0.9987401995111418,45.36230159167875,11.020086536627135
468,0.05017981546841942,0.9987401995111418,45.36231764283111,11.020079767329495
469,0.05017981546841942,0.9987401995111418,45.362309608036824,11.020087476734455
470,0.05017981546841942,0.9987401995111418,45.3623056277064,11.020095523917474
471,0.05017981546841942,0.9987401995111418,45.36229849192216,11.020095505749513
472,0.05017981546841942,0.9987401995111418,45.36230933636276,11.020105872478194
473,0.05017981546841942,0.9987401995111418,45.36230760293029,11.02010407635651
474,0.05017981546841942,0.9987401995111418,45.362304455724704,11.020103665735347
475,0.05017981546841942,0.9987401995111418,45.3623092153351,11.020110045173352
476,0.05017981546841942,0.9987401995111418,45.36230075369744,11.020111239621158
477,0.05017981546841942,0.9987401995111418,45.36230891316884,11.020103211510467
478,0.05017981546841942,0.9987401995111418,45.362306129644374,11.020114984722742
479,0.05017981546841942,0.9987401995111418,45.36230600369277,11.020123074357647
480,0.05017981546841942,0.9987401995111418,45.36230583,11.02012215
481,-0.9547295369557065,0.2974752279843521,45.36227132394067,11.02012267960765
482,-0.9547295369557065,0.2974752279843521,45.362237524187535,11.020142045572106
483,-0.9547295369557065,0.2974752279843521,45.36221229544138,11.020155346832508
484,-0.9547295369557065,0.2974752279843521,45.36217753649709,11.020152790545307
485,-0.9547295369557065,0.2974752279843521,45.36214904266738,11.020169220853777
486,-0.9547295369557065,0.2974752279843521,45.36211638109606,11.020178376679999
487,-0.9547295369557065,0.2974752279843521,45.36208829014396,11.020187813403245
488,-0.9547295369557065,0.2974752279843521,45.362045271809706,11.020208088666301
489,-0.9547295369557065,0.2974752279843521,45.36202539227396,11.02021133673272
490,-0.9547295369557065,0.2974752279843521,45.36198532874146,11.020219642636475
491,-0.9547295369557065,0.2974752279843521,45.36195077379001,11.020230632234021
492,-0.9547295369557065,0.2974752279843521,45.361920426358665,11.020242640308068
493,-0.9547295369557065,0.2974752279843521,45.36187526624769,11.020250989501646
494,-0.9547295369557065,0.2974752279843521,45.3618623105693,11.020260463916992
495,-0.9547295369557065,0.2974752279843521,45.36182864299211,11.020271597794922
496,-0.9547295369557065,0.2974752279843521,45.36178859314701,11.02027439948494
497,-0.9547295369557065,0.2974752279843521,45.3617547697307,11.020292931263116
498,-0.9547295369557065,0.2974752279843521,45.361725939771965,11.020304328495254
499,-0.9547295369557065,0.2974752279843521,45.36169650169077,11.020311060993848
500,-0.9547295369557065,0.2974752279843521,45.36166151369664,11.020323702988327
501,-0.9547295369557065,0.2974752279843521,45.3616235180775,11.02033038632968
502,-0.9547295369557065,0.2974752279843521,45.36160058425596,11.020341947735933
503,-0.9547295369557065,0.2974752279843521,45.36156890982764,11.020353853571093
504,-0.9547295369557065,0.2974752279843521,45.36153653041974,11.02035683405902
505,-0.9547295369557065,0.2974752279843521,45.36151024192541,11.020375245435552
506,-0.9547295369557065,0.2974752279843521,45.361481001903776,11.020374020891555
507,-0.9547295369557065,0.2974752279843521,45.361436741844386,11.020383501370352
508,-0.9547295369557065,0.2974752279843521,45.361408573102196,11.02040904627739
509,-0.9547295369557065,0.2974752279843521,45.361377947979655,11.02041773359079
510,-0.9547295369557065,0.2974752279843521,45.36134451976508,11.020431764667576
511,-0.9547295369557065,0.2974752279843521,45.361317779513975,11.020426582379317
512,-0.9547295369557065,0.2974752279843521,45.36128439934519,11.020435067869538
513,-0.9547295369557065,0.2974752279843521,45.361252862556974,11.020451252253501
514,-0.9547295369557065,0.2974752279843521,45.36120863152472,11.020460760473258
515,-0.9547295369557065,0.2974752279843521,45.361192291651186,11.020472901511004
516,-0.9547295369557065,0.2974752279843521,45.361147198340355,11.020482198267802
517,-0.9547295369557065,0.2974752279843521,45.361119495810286,11.020484834400563
518,-0.9547295369557065,0.2974752279843521,45.36108806698342,11.020499369373228
519,-0.9547295369557065,0.2974752279843521,45.361060540336474,11.020512376636074
520,-0.9547295369557065,0.2974752279843521,45.36102085999492,11.020519158438262
521,-0.9547295369557065,0.2974752279843521,45.360991546964534,11.02053427266894
522,-0.9547295369557065,0.2974752279843521,45.36096298399119,11.02053905516947
523,-0.9547295369557065,0.2974752279843521,45.36093078388864,11.020554550241327
524,-0.9547295369557065,0.2974752279843521,45.360889767715015,11.020564869121278
525,-0.9547295369557065,0.2974752279843521,45.36086162705527,11.020578472004221
526,-0.9547295369557065,0.2974752279843521,45.360841086025964,11.020571079717346
527,-0.9547295369557065,0.2974752279843521,45.36080254453263,11.020593066427528
528,-0.9547295369557065,0.2974752279843521,45.360771560670855,11.020602021137702
529,-0.9547295369557065,0.2974752279843521,45.360728031780305,11.020607026336139
530,-0.9547295369557065,0.2974752279843521,45.36071295110115,11.0206214996873
531,-0.9547295369557065,0.2974752279843521,45.360668739114665,11.02063615179669
532,-0.9547295369557065,0.2974752279843521,45.36064908194795,11.020646528889452
533,-0.9547295369557065,0.2974752279843521,45.360604409390255,11.020656696904545
534,-0.9547295369557065,0.2974752279843521,45.36058030483883,11.02066074532412
535,-0.9547295369557065,0.2974752279843521,45.360544072736126,11.020674803640917
536,-0.9547295369557065,0.2974752279843521,45.3605080906641,11.020673848532855
537,-0.9547295369557065,0.2974752279843521,45.36047410132776,11.020685739372063
538,-0.9547295369557065,0.2974752279843521,45.36044401354868,11.020697130793828
539,-0.9547295369557065,0.2974752279843521,45.36041144958421,11.020719816938602
540,-0.9547295369557065,0.2974752279843521,45.36038817401973,11.020714195018273
541,-0.9547295369557065,0.2974752279843521,45.36035484067412,11.020730098287796
542,-0.9547295369557065,0.2974752279843521,45.360317066687536,11.0207385376105
543,-0.9547295369557065,0.2974752279843521,45.36028577358361,11.020750187660575
544,-0.9547295369557065,0.2974752279843521,45.36025128768685,11.020757726669105
545,-0.9547295369557065,0.2974752279843521,45.360217721245284,11.020773939611109
546,-0.9547295369557065,0.2974752279843521,45.360189090736924,11.020778107965976
547,-0.9547295369557065,0.2974752279843521,45.36016062710741,11.02078533576245
548,-0.9547295369557065,0.2974752279843521,45.3601153136583,11.020794006573903
549,-0.9547295369557065,0.2974752279843521,45.36010247450349,11.020801503527812
550,-0.9547295369557065,0.2974752279843521,45.3600660786936,11.02081890850345
551,-0.9547295369557065,0.2974752279843521,45.360029377725745,11.020831651207837
552,-0.9547295369557065,0.2974752279843521,45.360000469810636,11.020835439610698
553,-0.9547295369557065,0.2974752279843521,45.3599629299006,11.020849918818062
554,-0.9547295369557065,0.2974752279843521,45.3599321610893,11.020853748804436
555,-0.9547295369557065,0.2974752279843521,45.359896409293434,11.02087221119229
556,-0.9547295369557065,0.2974752279843521,45.35987714768455,11.020881144801782
557,-0.9547295369557065,0.2974752279843521,45.359840983708196,11.020900045565023
558,-0.9547295369557065,0.2974752279843521,45.35980603991975,11.020906283143937
559,-0.9547295369557065,0.2974752279843521,45.35976648392361,11.020914975118526
560,-0.9547295369557065,0.2974752279843521,45.35972961130391,11.020916122440347
561,-0.9547295369557065,0.2974752279843521,45.35971167,11.02093044
562,0.158371280329442,0.9873796319384015,45.35971048883583,11.020940218957357
563,0.158371280329442,0.9873796319384015,45.359718166163475,11.020940670771559
564,0.158371280329442,0.9873796319384015,45.35971900288258,11.020959987272189
565,0.158371280329442,0.9873796319384015,45.359715251021726,11.020952248734616
566,0.158371280329442,0.9873796319384015,45.35971001585564,11.020967359148225
567,0.158371280329442,0.9873796319384015,45.359727128866616,11.020971201279322
568,0.158371280329442,0.9873796319384015,45.35972204340831,11.0209774359865
569,0.158371280329442,0.9873796319384015,45.35972731234768,11.02097993460136
570,0.158371280329442,0.9873796319384015,45.35971350245928,11.020985333083503
571,0.158371280329442,0.9873796319384015,45.35972616827619,11.02100057815429
572,0.158371280329442,0.9873796319384015,45.35971952932516,11.021002238651047
573,0.158371280329442,0.9873796319384015,45.35972416,11.02100831
574,0.9551369713188397,0.29616442396053255,45.359752199644106,11.020995800739
575,0.9551369713188397,0.29616442396053255,45.35978630666349,11.020994809838395
576,0.9551369713188397,0.29616442396053255,45.35982125533926,11.020974377814719
577,0.9551369713188397,0.29616442396053255,45.35984801606441,11.020963515784318
578,0.9551369713188397,0.29616442396053255,45.3598781861657,11.020966530273181
579,0.9551369713188397,0.29616442396053255,45.359906885426426,11.02093925384351
580,0.9551369713188397,0.29616442396053255,45.35995022193518,11.02093448964294
581,0.9551369713188397,0.29616442396053255,45.35998285292921,11.020921633522049
582,0.9551369713188397,0.29616442396053255,45.36000172831211,11.02091639512061
583,0.9551369713188397,0.29616442396053255,45.36003540183322,11.020911233384567
584,0.9551369713188397,0.29616442396053255,45.360065727841196,11.020887106758282
585,0.9551369713188397,0.29616442396053255,45.36010508967149,11.020896209830886
586,0.9551369713188397,0.29616442396053255,45.36013237929916,11.020870071947234
587,0.9551369713188397,0.29616442396053255,45.36015449664658,11.020870602553858
588,0.9551369713188397,0.29616442396053255,45.36019305974868,11.020860654794951
589,0.9551369713188397,0.29616442396053255,45.36022230221209,11.020855202155595
590,0.9551369713188397,0.29616442396053255,45.36025609969301,11.020853744030102
591,0.9551369713188397,0.29616442396053255,45.36029228406059,11.020826804240086
592,0.9551369713188397,0.29616442396053255,45.36032034571151,11.020825163425865
593,0.9551369713188397,0.29616442396053255,45.36034707870053,11.020821042771335
594,0.9551369713188397,0.29616442396053255,45.36037532090196,11.020806161905735
595,0.9551369713188397,0.29616442396053255,45.360413754534015,11.020797504727042
596,0.9551369713188397,0.29616442396053255,45.36044617447422,11.020791072353962
597,0.9551369713188397,0.29616442396053255,45.360475871094145,11.020766677640927
598,0.9551369713188397,0.29616442396053255,45.36050529499679,11.020762431256529
599,0.9551369713188397,0.29616442396053255,45.36053411921679,11.020752806899141
600,0.9551369713188397,0.29616442396053255,45.36056910398906,11.020746247895488
601,0.9551369713188397,0.29616442396053255,45.36060175721095,11.02073357890982
602,0.9551369713188397,0.29616442396053255,45.36062857144246,11.020721928520699
603,0.9551369713188397,0.29616442396053255,45.36066257372492,11.02071552124637
604,0.9551369713188397,0.29616442396053255,45.3606962790548,11.020711673350872
605,0.9551369713188397,0.29616442396053255,45.360730814495035,11.02069992137646
606,0.9551369713188397,0.29616442396053255,45.36076228820486,11.020691848624
607,0.9551369713188397,0.29616442396053255,45.360783070139576,11.02067329297159
608,0.9551369713188397,0.29616442396053255,45.36082256134008,11.02066935929886
609,0.9551369713188397,0.29616442396053255,45.36085530592514,11.020652450545422
610,0.9551369713188397,0.29616442396053255,45.36087574557251,11.020642573261725
611,0.9551369713188397,0.29616442396053255,45.36091723474181,11.02064202309989
612,0.9551369713188397,0.29616442396053255,45.36094668431997,11.020625641345516
613,0.9551369713188397,0.29616442396053255,45.36097827689272,11.02062272188357
614,0.9551369713188397,0.29616442396053255,45.36101330028942,11.020604125237606
615,0.9551369713188397,0.29616442396053255,45.361039071327,11.020600831245808
616,0.9551369713188397,0.29616442396053255,45.36106935563785,11.020593091696517
617,0.9551369713188397,0.29616442396053255,45.36110609927015,11.020580217744943
618,0.9551369713188397,0.29616442396053255,45.36112940885425,11.020567151642126
619,0.9551369713188397,0.29616442396053255,45.36116432829841,11.020565226018832
620,0.9551369713188397,0.29616442396053255,45.36119249595831,11.020553381224547
621,0.9551369713188397,0.29616442396053255,45.36122978097875,11.02054844316659
622,0.9551369713188397,0.29616442396053255,45.36125588935871,11.020534421277418
623,0.9551369713188397,0.29616442396053255,45.36129201569192,11.02052354061984
624,0.9551369713188397,0.29616442396053255,45.361329358848,11.020511737553603
625,0.9551369713188397,0.29616442396053255,45.3613454339546,11.020501626084759
626,0.9551369713188397,0.29616442396053255,45.361378624337405,11.020493699548128
627,0.9551369713188397,0.29616442396053255,45.361409480101216,11.020478029476758
628,0.9551369713188397,0.29616442396053255,45.3614543199134,11.020477891074275
629,0.9551369713188397,0.29616442396053255,45.36147894942878,11.020466064732123
630,0.9551369713188397,0.29616442396053255,45.36151236636832,11.02046021510697
631,0.9551369713188397,0.29616442396053255,45.36153956429006,11.020443095882388
632,0.9551369713188397,0.29616442396053255,45.361564296209316,11.020436777641386
633,0.9551369713188397,0.29616442396053255,45.36159440734175,11.020415111739025
634,0.9551369713188397,0.29616442396053255,45.36163462080693,11.020419568367332
635,0.9551369713188397,0.29616442396053255,45.361666499751,11.020406285701114
636,0.9551369713188397,0.29616442396053255,45.36169214424876,11.020402103742024
637,0.9551369713188397,0.29616442396053255,45.36173466390414,11.020394676697647
638,0.9551369713188397,0.29616442396053255,45.36176277500348,11.020377402100557
639,0.9551369713188397,0.29616442396053255,45.361796443608036,11.020362452217638
640,0.9551369713188397,0.29616442396053255,45.361821395957655,11.020356547773988
641,0.9551369713188397,0.29616442396053255,45.36185745218705,11.020348521105102
642,0.9551369713188397,0.29616442396053255,45.36188717572044,11.020342696690568
643,0.9551369713188397,0.29616442396053255,45.36191348198615,11.02033456226678
644,0.9551369713188397,0.29616442396053255,45.36194125506494,11.020319392329688
645,0.9551369713188397,0.29616442396053255,45.36198547861024,11.020314748088007
646,0.9551369713188397,0.29616442396053255,45.362006320271014,11.02029567563575
647,0.9551369713188397,0.29616442396053255,45.36203819524174,11.020297133123114
648,0.9551369713188397,0.29616442396053255,45.36207304142596,11.020274996945693
649,0.9551369713188397,0.29616442396053255,45.36210754745023,11.020271711540095
650,0.9551369713188397,0.29616442396053255,45.362131922707604,11.020257078902858
651,0.9551369713188397,0.29616442396053255,45.36216435554165,11.020254039788162
652,0.9551369713188397,0.29616442396053255,45.36219898260211,11.020242743473021
653,0.9551369713188397,0.29616442396053255,45.362233981311476,11.020231872346564
654,0.9551369713188397,0.29616442396053255,45.36226355933592,11.020223901193944
655,0.9551369713188397,0.29616442396053255,45.36229374892822,11.02021332544352
656,0.9551369713188397,0.29616442396053255,45.36232427,11.02020208
657,0.096011835949402,0.9953801923675321,45.362326631156904,11.020202938928657
658,0.096011835949402,0.9953801923675321,45.362327055426206,11.020207336442004
659,0.096011835949402,0.9953801923675321,45.36232838309779,11.020208650310256
660,0.096011835949402,0.9953801923675321,45.36233393232711,11.020215301459714
661,0.096011835949402,0.9953801923675321,45.36233517218073,11.020235377488293
662,0.096011835949402,0.9953801923675321,45.362324686140575,11.020219396081387
663,0.096011835949402,0.9953801923675321,45.36232860497187,11.020231670733406
664,0.096011835949402,0.9953801923675321,45.36233104167352,11.020229413024074
665,0.096011835949402,0.9953801923675321,45.36232730677189,11.020244318202618
666,0.096011835949402,0.9953801923675321,45.36232689663707,11.020243631244302
667,0.096011835949402,0.9953801923675321,45.36231954767035,11.020249095523026
668,0.096011835949402,0.9953801923675321,45.36232928,11.02025402
669,-0.9517694449728636,0.30681415159025344,45.362285149556044,11.02026767335576
670,-0.9517694449728636,0.30681415159025344,45.36226218075216,11.020268199599345
671,-0.9517694449728636,0.30681415159025344,45.36221009551445,11.020278410817925
672,-0.9517694449728636,0.30681415159025344,45.362200975159496,11.020285598984527
673,-0.9517694449728636,0.30681415159025344,45.362159403676245,11.020313793060595
674,-0.9517694449728636,0.30681415159025344,45.362126457978924,11.020319180525753
675,-0.9517694449728636,0.30681415159025344,45.36209556560125,11.020333701876519
676,-0.9517694449728636,0.30681415159025344,45.362052272218044,11.020339446135855
677,-0.9517694449728636,0.30681415159025344,45.36203017101805,11.020343347334594
678,-0.9517694449728636,0.30681415159025344,45.361991463897475,11.020369839221743
679,-0.9517694449728636,0.30681415159025344,45.36195525438032,11.020381265878147
680,-0.9517694449728636,0.30681415159025344,45.361921347060616,11.020383615923702
681,-0.9517694449728636,0.30681415159025344,45.36188691253151,11.020393789998339
682,-0.9517694449728636,0.30681415159025344,45.361846470441925,11.020399760950395
683,-0.9517694449728636,0.30681415159025344,45.36182292135602,11.020420838289693
684,-0.9517694449728636,0.30681415159025344,45.36178349992432,11.02043631092048
685,-0.9517694449728636,0.30681415159025344,45.36175210566457,11.020438852457978
686,-0.9517694449728636,0.30681415159025344,45.36171832313563,11.020450133162509
687,-0.9517694449728636,0.30681415159025344,45.36168373208769,11.020464073197617
688,-0.9517694449728636,0.30681415159025344,45.361641970612474,11.020475050543437
689,-0.9517694449728636,0.30681415159025344,45.36161592057518,11.02048443160773
690,-0.9517694449728636,0.30681415159025344,45.36158471747342,11.02049245015889
691,-0.9517694449728636,0.30681415159025344,45.36154518160147,11.020504121632833
692,-0.9517694449728636,0.30681415159025344,45.36150700140939,11.020513639107856
693,-0.9517694449728636,0.30681415159025344,45.36147931907761,11.02054192934905
694,-0.9517694449728636,0.30681415159025344,45.36144548709136,11.020534809609499
695,-0.9517694449728636,0.30681415159025344,45.361410127889755,11.020543929756615
696,-0.9517694449728636,0.30681415159025344,45.361375937003686,11.020555636530908
697,-0.9517694449728636,0.30681415159025344,45.36134459802648,11.02056402952732
698,-0.9517694449728636,0.30681415159025344,45.3613181533881,11.020584356421454
699,-0.9517694449728636,0.30681415159025344,45.36128060163245,11.020600365737925
700,-0.9517694449728636,0.30681415159025344,45.361239254810954,11.02060503259167
701,-0.9517694449728636,0.30681415159025344,45.361208063198596,11.020611712621534
702,-0.9517694449728636,0.30681415159025344,45.3611702539893,11.020639437979016
703,-0.9517694449728636,0.30681415159025344,45.361133745596774,11.020623984749724
704,-0.9517694449728636,0.30681415159025344,45.36110282018531,11.02065016000567
705,-0.9517694449728636,0.30681415159025344,45.361073815830274,11.02065837894802
706,-0.9517694449728636,0.30681415159025344,45.361040369803696,11.020663728055442
707,-0.9517694449728636,0.30681415159025344,45.361011220515515,11.020676997087985
708,-0.9517694449728636,0.30681415159025344,45.36096846674466,11.020695411591772
709,-0.9517694449728636,0.30681415159025344,45.36093703023616,11.020704078718467
710,-0.9517694449728636,0.30681415159025344,45.36089951005607,11.020713229080377
711,-0.9517694449728636,0.30681415159025344,45.360869585511296,11.020716737722354
712,-0.9517694449728636,0.30681415159025344,45.36084669310909,11.020739621291485
713,-0.9517694449728636,0.30681415159025344,45.360799224712395,11.020749070332453
714,-0.9517694449728636,0.30681415159025344,45.36076804481138,11.020757358242061
715,-0.9517694449728636,0.30681415159025344,45.36073579523751,11.02076809461227
716,-0.9517694449728636,0.30681415159025344,45.36070102523778,11.020782724540362
717,-0.9517694449728636,0.30681415159025344,45.36066908775452,11.020794959765228
718,-0.9517694449728636,0.30681415159025344,45.36062254609364,11.020807886151017
719,-0.9517694449728636,0.30681415159025344,45.360596593743054,11.020815758073319
720,-0.9517694449728636,0.30681415159025344,45.360565166923905,11.020822408515997
721,-0.9517694449728636,0.30681415159025344,45.36053240585455,11.020836003794937
722,-0.9517694449728636,0.30681415159025344,45.360496470888584,11.020840698060253
723,-0.9517694449728636,0.30681415159025344,45.36045871571503,11.0208515192318
724,-0.9517694449728636,0.30681415159025344,45.36042646759002,11.020870670040534
725,-0.9517694449728636,0.30681415159025344,45.36039176672129,11.020875374900905
726,-0.9517694449728636,0.30681415159025344,45.36036229233963,11.020888983909957
727,-0.9517694449728636,0.30681415159025344,45.360335041940345,11.02090073995784
728,-0.9517694449728636,0.30681415159025344,45.36029146076565,11.020909817022543
729,-0.9517694449728636,0.30681415159025344,45.36025927065266,11.020926707845677
730,-0.9517694449728636,0.30681415159025344,45.360222366178746,11.02092718912965
731,-0.9517694449728636,0.30681415159025344,45.36019707192796,11.02095366970417
732,-0.9517694449728636,0.30681415159025344,45.360158646124354,11.020957451164566
733,-0.9517694449728636,0.30681415159025344,45.36012922691763,11.02095560070587
734,-0.9517694449728636,0.30681415159025344,45.36009191101332,11.020974048179504
735,-0.9517694449728636,0.30681415159025344,45.36005230926732,11.020985409776006
736,-0.9517694449728636,0.30681415159025344,45.36002220490145,11.021003368372867
737,-0.9517694449728636,0.30681415159025344,45.35999283344142,11.021014091405243
738,-0.9517694449728636,0.30681415159025344,45.35995832970345,11.02101325476298
739,-0.9517694449728636,0.30681415159025344,45.35991395135351,11.021035150086911
740,-0.9517694449728636,0.30681415159025344,45.35988101334748,11.0210371543188
741,-0.9517694449728636,0.30681415159025344,45.35985606026385,11.021049770549746
742,-0.9517694449728636,0.30681415159025344,45.35981786698908,11.021064782148711
743,-0.9517694449728636,0.30681415159025344,45.35978869672899,11.021076683128204
744,-0.9517694449728636,0.30681415159025344,45.35974926,11.02108572
745,0.08350296661483732,0.9965075286050383,45.35974529351683,11.021086182160035
746,0.08350296661483732,0.9965075286050383,45.359756333003375,11.021093758498608
747,0.08350296661483732,0.9965075286050383,45.359758719257684,11.021096814877543
748,0.08350296661483732,0.9965075286050383,45.359761955001396,11.021103943891392
749,0.08350296661483732,0.9965075286050383,45.359755578428484,11.021115696267191
750,0.08350296661483732,0.9965075286050383,45.35974803876738,11.021124576135097
751,0.08350296661483732,0.9965075286050383,45.359750951721125,11.021124880194623
752,0.08350296661483732,0.9965075286050383,45.35974588329475,11.021137541487146
753,0.08350296661483732,0.9965075286050383,45.35975481273351,11.021139338261944
754,0.08350296661483732,0.9965075286050383,45.359755634815144,11.021146967625928
755,0.08350296661483732,0.9965075286050383,45.35975352818232,11.021151930153044
756,0.08350296661483732,0.9965075286050383,45.359755,11.02115422
757,0.9533506941210361,0.3018649599058138,45.359790339463345,11.021143452224631
758,0.9533506941210361,0.3018649599058138,45.35980600354796,11.021131362149514
759,0.9533506941210361,0.3018649599058138,45.359856788109155,11.021121396519197
760,0.9533506941210361,0.3018649599058138,45.359885381126794,11.021119390290616
761,0.9533506941210361,0.3018649599058138,45.35991837354082,11.021100436905575
762,0.9533506941210361,0.3018649599058138,45.35996048539593,11.021090447943584
763,0.9533506941210361,0.3018649599058138,45.359982380753095,11.021086645628426
764,0.9533506941210361,0.3018649599058138,45.36003415603513,11.02106612880767
765,0.9533506941210361,0.3018649599058138,45.36005538608365,11.021053987597002
766,0.9533506941210361,0.3018649599058138,45.36008197034332,11.021046019481117
767,0.9533506941210361,0.3018649599058138,45.36012293481586,11.021039384963832
768,0.9533506941210361,0.3018649599058138,45.36014367190502,11.021030090864318
769,0.9533506941210361,0.3018649599058138,45.36019004286664,11.021012159283313
770,0.9533506941210361,0.3018649599058138,45.36021100274021,11.02100382970806
771,0.9533506941210361,0.3018649599058138,45.36025020811866,11.020992484027436
772,0.9533506941210361,0.3018649599058138,45.36028593422094,11.020993933249278
773,0.9533506941210361,0.3018649599058138,45.360317468029066,11.020971711037022
774,0.9533506941210361,0.3018649599058138,45.36035256818553,11.020965239152844
775,0.9533506941210361,0.3018649599058138,45.36038719731463,11.02095182560921
776,0.9533506941210361,0.3018649599058138,45.360422733482594,11.020939620714435
777,0.9533506941210361,0.3018649599058138,45.360445922005546,11.02093480067933
778,0.9533506941210361,0.3018649599058138,45.360488836662505,11.020916865939949
779,0.9533506941210361,0.3018649599058138,45.360521902843004,11.02091437799988
780,0.9533506941210361,0.3018649599058138,45.36055585639508,11.020898504541297
781,0.9533506941210361,0.3018649599058138,45.360578607141676,11.020885548317239
782,0.9533506941210361,0.3018649599058138,45.36061702835883,11.02088949824387
783,0.9533506941210361,0.3018649599058138,45.36064081128022,11.02086522437281
784,0.9533506941210361,0.3018649599058138,45.360676413838156,11.02085278040437
785,0.9533506941210361,0.3018649599058138,45.36072299269668,11.020855903100385
786,0.9533506941210361,0.3018649599058138,45.36075435222765,11.020840292242692
787,0.9533506941210361,0.3018649599058138,45.3607771245545,11.020826410727892
788,0.9533506941210361,0.3018649599058138,45.36082168418392,11.020816857770582
789,0.9533506941210361,0.3018649599058138,45.36084506422605,11.020813967487731
790,0.9533506941210361,0.3018649599058138,45.360874981960535,11.02079645889265
791,0.9533506941210361,0.3018649599058138,45.360911584572975,11.02078644910609
792,0.9533506941210361,0.3018649599058138,45.360956824891154,11.020774468405385
793,0.9533506941210361,0.3018649599058138,45.360979291797705,11.02076098988523
794,0.9533506941210361,0.3018649599058138,45.3610148358508,11.020753484627857
795,0.9533506941210361,0.3018649599058138,45.361044105225716,11.020750442090115
796,0.9533506941210361,0.3018649599058138,45.36108072357152,11.02073779876074
797,0.9533506941210361,0.3018649599058138,45.361109002404746,11.020721320926214
798,0.9533506941210361,0.3018649599058138,45.36114858376313,11.020718138425796
799,0.9533506941210361,0.3018649599058138,45.36118236425782,11.02070095834332
800,0.9533506941210361,0.3018649599058138,45.361212984837955,11.020694540359314
801,0.9533506941210361,0.3018649599058138,45.361252173398995,11.020679584052871
802,0.9533506941210361,0.3018649599058138,45.36127642584038,11.020680080843672
803,0.9533506941210361,0.3018649599058138,45.36131622184889,11.020657723519484
804,0.9533506941210361,0.3018649599058138,45.361337543661755,11.020645275798465
805,0.9533506941210361,0.3018649599058138,45.3613792234788,11.02063893076138
806,0.9533506941210361,0.3018649599058138,45.36140929415334,11.020625685456695
807,0.9533506941210361,0.3018649599058138,45.36145044530871,11.020627318150737
808,0.9533506941210361,0.3018649599058138,45.36147662177326,11.020600441946385
809,0.9533506941210361,0.3018649599058138,45.36150769150148,11.020605005921583
810,0.9533506941210361,0.3018649599058138,45.3615483372465,11.020588684601009
811,0.9533506941210361,0.3018649599058138,45.36159033087618,11.020571800836477
812,0.9533506941210361,0.3018649599058138,45.36161518618743,11.020562405703645
813,0.9533506941210361,0.3018649599058138,45.36164325764079,11.02056336126406
814,0.9533506941210361,0.3018649599058138,45.36168216699321,11.020542910064895
815,0.9533506941210361,0.3018649599058138,45.361720354528785,11.020529154504915
816,0.9533506941210361,0.3018649599058138,45.36174199345092,11.020523787272166
817,0.9533506941210361,0.3018649599058138,45.36178201338732,11.02052229664298
818,0.9533506941210361,0.3018649599058138,45.361813203834664,11.02049513481559
819,0.9533506941210361,0.3018649599058138,45.36184821268306,11.020495348689154
820,0.9533506941210361,0.3018649599058138,45.36187977949795,11.020477043027562
821,0.9533506941210361,0.3018649599058138,45.361913407568835,11.02047450670497
822,0.9533506941210361,0.3018649599058138,45.361950749850664,11.020459778553054
823,0.9533506941210361,0.3018649599058138,45.361986671876714,11.020455521534238
824,0.9533506941210361,0.3018649599058138,45.36201227252813,11.02043559319776
825,0.9533506941210361,0.3018649599058138,45.3620431343888,11.020438183077557
826,0.9533506941210361,0.3018649599058138,45.36206910859133,11.02041990127953
827,0.9533506941210361,0.3018649599058138,45.36211433335795,11.020404329026897
828,0.9533506941210361,0.3018649599058138,45.36215028460392,11.020406318706133
829,0.9533506941210361,0.3018649599058138,45.36217861564069,11.02038997172258
830,0.9533506941210361,0.3018649599058138,45.36220689378819,11.020373358909026
831,0.9533506941210361,0.3018649599058138,45.36224539434787,11.020366984151824
832,0.9533506941210361,0.3018649599058138,45.36227066741707,11.020351961346002
833,0.9533506941210361,0.3018649599058138,45.362314394365555,11.020345329128881
834,0.9533506941210361,0.3018649599058138,45.36234141,11.02033527
835,0.21419411244230444,0.9767911149242982,45.36233537455467,11.02035169098654
836,0.21419411244230444,0.9767911149242982,45.36234269888518,11.020342917594304
837,0.21419411244230444,0.9767911149242982,45.36234721455543,11.020362626173636
838,0.21419411244230444,0.9767911149242982,45.362334831048585,11.020357444448972
839,0.21419411244230444,0.9767911149242982,45.362344835068704,11.02036648430633
840,0.21419411244230444,0.9767911149242982,45.36234609248227,11.020370093720198
841,0.21419411244230444,0.9767911149242982,45.36235478333823,11.020385788472552
842,0.21419411244230444,0.9767911149242982,45.36234923158622,11.020375026241684
843,0.21419411244230444,0.9767911149242982,45.3623531,11.02038858
844,-0.9554868306864682,0.2950337546531385,45.36232479407391,11.0204016223415
845,-0.9554868306864682,0.2950337546531385,45.36228512221804,11.020407579206532
846,-0.9554868306864682,0.2950337546531385,45.3622581039594,11.020412390677079
847,-0.9554868306864682,0.2950337546531385,45.36221892103632,11.02043029096476
848,-0.9554868306864682,0.2950337546531385,45.36218303904626,11.020437621652015
849,-0.9554868306864682,0.2950337546531385,45.362151483928194,11.020453039273335
850,-0.9554868306864682,0.2950337546531385,45.362126116019546,11.020449149328542
851,-0.9554868306864682,0.2950337546531385,45.362081320404464,11.020472471150189
852,-0.9554868306864682,0.2950337546531385,45.36205415145125,11.02047826255019
853,-0.9554868306864682,0.2950337546531385,45.3620239968327,11.020490837469975
854,-0.9554868306864682,0.2950337546531385,45.36198844855778,11.020506529790554
855,-0.9554868306864682,0.2950337546531385,45.36195122248776,11.020511190063738
856,-0.9554868306864682,0.2950337546531385,45.36192186064624,11.020526383461144
857,-0.9554868306864682,0.2950337546531385,45.36190056957416,11.020535537084614
858,-0.9554868306864682,0.2950337546531385,45.36184649393794,11.020550447465988
859,-0.9554868306864682,0.2950337546531385,45.3618235097323,11.020551958335583
860,-0.9554868306864682,0.2950337546531385,45.36178722256741,11.020565899661534
861,-0.9554868306864682,0.2950337546531385,45.36176260902211,11.02057109850428
862,-0.9554868306864682,0.2950337546531385,45.36172457741349,11.020580735725238
863,-0.9554868306864682,0.2950337546531385,45.36168546909022,11.020595760222973
864,-0.9554868306864682,0.2950337546531385,45.36165318856806,11.020611769415217
865,-0.9554868306864682,0.2950337546531385,45.361617888349436,11.020618746913247
866,-0.9554868306864682,0.2950337546531385,45.36158788539218,11.020623254235067
867,-0.9554868306864682,0.2950337546531385,45.36155368703692,11.020632013937547
868,-0.9554868306864682,0.2950337546531385,45.36152610890456,11.020651238836294
869,-0.9554868306864682,0.2950337546531385,45.36148877575446,11.020655612484914
870,-0.9554868306864682,0.2950337546531385,45.36144963922318,11.020663893182343
871,-0.9554868306864682,0.2950337546531385,45.36141886591431,11.020675905094263
872,-0.9554868306864682,0.2950337546531385,45.361388777028054,11.020679335993131
873,-0.9554868306864682,0.2950337546531385,45.36135954173521,11.020695772152576
874,-0.9554868306864682,0.2950337546531385,45.36132211368137,11.02070157646709
875,-0.9554868306864682,0.2950337546531385,45.36128861306817,11.020724828162878
876,-0.9554868306864682,0.2950337546531385,45.361254156374564,11.020721861126423
877,-0.9554868306864682,0.2950337546531385,45.36122228001949,11.020736559438951
878,-0.9554868306864682,0.2950337546531385,45.36118850357343,11.020752639001074
879,-0.9554868306864682,0.2950337546531385,45.361169500440454,11.020755311060231
880,-0.9554868306864682,0.2950337546531385,45.3611186521172,11.02076402799406
881,-0.9554868306864682,0.2950337546531385,45.36108850189097,11.020779411526151
882,-0.9554868306864682,0.2950337546531385,45.36105476610197,11.020800794374523
883,-0.9554868306864682,0.2950337546531385,45.36102260491633,11.020796516477933
884,-0.9554868306864682,0.2950337546531385,45.3609939482119,11.020812413135639
885,-0.9554868306864682,0.2950337546531385,45.36094689405233,11.020818388936814
886,-0.9554868306864682,0.2950337546531385,45.360918830289485,11.020832112213203
887,-0.9554868306864682,0.2950337546531385,45.36089722385644,11.020829113914528
888,-0.9554868306864682,0.2950337546531385,45.36085210173994,11.020843175879573
889,-0.9554868306864682,0.2950337546531385,45.360819875124335,11.02085159181272
890,-0.9554868306864682,0.2950337546531385,45.36078858059787,11.020870602279235
891,-0.9554868306864682,0.2950337546531385,45.36075263195131,11.020872828061263
892,-0.9554868306864682,0.2950337546531385,45.360714428677404,11.020892365142382
893,-0.9554868306864682,0.2950337546531385,45.36069882354326,11.020897287492186
894,-0.9554868306864682,0.2950337546531385,45.36065603270466,11.020904864065105
895,-0.9554868306864682,0.2950337546531385,45.360620910895996,11.020920608157894
896,-0.9554868306864682,0.2950337546531385,45.360595334164564,11.020930075988145
897,-0.9554868306864682,0.2950337546531385,45.360562027621064,11.02093468440818
898,-0.9554868306864682,0.2950337546531385,45.36052986323471,11.020950496061761
899,-0.9554868306864682,0.2950337546531385,45.360486085654884,11.02097293033318
900,-0.9554868306864682,0.2950337546531385,45.36045477952636,11.020978615272806
901,-0.9554868306864682,0.2950337546531385,45.36042063595381,11.020987370483676
902,-0.9554868306864682,0.2950337546531385,45.360394896736494,11.02099177184908
903,-0.9554868306864682,0.2950337546531385,45.360360623128855,11.02100651625251
904,-0.9554868306864682,0.2950337546531385,45.36032938080124,11.021012616491307
905,-0.9554868306864682,0.2950337546531385,45.360293725187624,11.021022119691743
906,-0.9554868306864682,0.2950337546531385,45.360263590572664,11.02103283405218
907,-0.9554868306864682,0.2950337546531385,45.36022209670865,11.021046771330482
908,-0.9554868306864682,0.2950337546531385,45.360191327948584,11.021050074527738
909,-0.9554868306864682,0.2950337546531385,45.360152058467264,11.021077570499601
910,-0.9554868306864682,0.2950337546531385,45.36012046764143,11.021076486723231
911,-0.9554868306864682,0.2950337546531385,45.36009408412481,11.021083799386838
912,-0.9554868306864682,0.2950337546531385,45.360059626147674,11.021101919193526
913,-0.9554868306864682,0.2950337546531385,45.36002604871963,11.021106074477796
914,-0.9554868306864682,0.2950337546531385,45.35999437733227,11.021118978099796
915,-0.9554868306864682,0.2950337546531385,45.35996478240719,11.021129567166488
916,-0.9554868306864682,0.2950337546531385,45.35992294981086,11.021125737707488
917,-0.9554868306864682,0.2950337546531385,45.35989879438221,11.0211523720826
918,-0.9554868306864682,0.2950337546531385,45.359849570429176,11.021159057498544
919,-0.9554868306864682,0.2950337546531385,45.35982863986962,11.021176725935753
920,-0.9554868306864682,0.2950337546531385,45.3597920059913,11.021174718833182
921,-0.9554868306864682,0.2950337546531385,45.35975891,11.02118961
922,0.18848834669738865,0.9820754264104591,45.359763119062876,11.021187190733933
923,0.18848834669738865,0.9820754264104591,45.35976355489893,11.021197916151115
924,0.18848834669738865,0.9820754264104591,45.359763451400866,11.021203368317188
925,0.18848834669738865,0.9820754264104591,45.35976899283958,11.021206181976666
926,0.18848834669738865,0.9820754264104591,45.35974758912819,11.02120933200727
927,0.18848834669738865,0.9820754264104591,45.359767209517045,11.021211766947983
928,0.18848834669738865,0.9820754264104591,45.35976705509769,11.021228509071051
929,0.18848834669738865,0.9820754264104591,45.35977279484226,11.021233445713404
930,0.18848834669738865,0.9820754264104591,45.35976419803472,11.021232197814374
931,0.18848834669738865,0.9820754264104591,45.359762633452384,11.02122962647899
932,0.18848834669738865,0.9820754264104591,45.35977097239204,11.021229606823931
