,Sin,Cosin,Lat,Lon
0,0.9444675559889686,-0.3286046799487562,45.35965963502209,11.02058933333244
1,0.9475883163630713,-0.31949394781779505,45.35968656596335,11.020577128680506
2,0.9502688550564627,-0.3114307356534986,45.35972630888139,11.020575963699711
3,0.9426578896195966,-0.3337605476055078,45.359752209378556,11.02056619823581
4,0.9466260119766147,-0.3223339781178059,45.359785598911955,11.020548847281303
5,0.9540914695531687,-0.299515388128682,45.35983102989077,11.020540043093819
6,0.9490838489905286,-0.3150235667141803,45.35985368137998,11.020529198258307
7,0.9451346376393234,-0.3266810627116069,45.359888224165005,11.0205221828828
8,0.9422660070310946,-0.334865304254826,45.35991702223876,11.02050760263596
9,0.9497059412160233,-0.3131431385468752,45.359939339092975,11.020502204902197
10,0.9568957227826569,-0.2904317057765158,45.35999465368802,11.020489145183097
11,0.9493476649158324,-0.3142276421940888,45.360017993837445,11.020483203774493
12,0.9498106716404333,-0.31282533151576597,45.36004504461481,11.020471351353232
13,0.9523041147668043,-0.30515057430424913,45.36009007496435,11.020475980537293
14,0.9563587473664178,-0.29219504844493216,45.360119842302936,11.020453294665563
15,0.9402833541081164,-0.34039273492128275,45.36014519324723,11.02044293379704
16,0.9356474596867269,-0.3529360157050776,45.360184425806715,11.020432917033077
17,0.9487848315199243,-0.315923002451086,45.36021512927473,11.020424902215238
18,0.9444612762790302,-0.3286227283822367,45.360247107275995,11.020419043904191
19,0.945319597624157,-0.3261454558133564,45.360281562213665,11.02042422466124
20,0.9415965614895773,-0.3367430999901924,45.36031663472835,11.02040877125979
21,0.9379189645773445,-0.3468544592277316,45.36034928456709,11.02040139287417
22,0.9333215267729809,-0.35904167956123406,45.36037388344711,11.020396670339133
23,0.9437126178107975,-0.3307665263969309,45.360415158165615,11.020396974723848
24,0.9325817932974715,-0.3609587217537099,45.36044837345076,11.020397251979235
25,0.9304666972760195,-0.36637648022253866,45.36048639172194,11.020387899969581
26,0.9252569099988588,-0.37934107410002893,45.360506848714856,11.020376029639277
27,0.9295958533268222,-0.36858045183864174,45.36055095913577,11.020376723423755
28,0.9333427604125619,-0.3589864782766324,45.360587852361,11.020374685489182
29,0.9328473615492019,-0.36027184187873,45.36061548874146,11.020365881092973
30,0.9302490512654291,-0.366928743245564,45.360658655782835,11.020365395664216
31,0.9162632815187968,-0.40057658311539646,45.360688991538815,11.020371408366179
32,0.9262529890551119,-0.3769023749812022,45.3607172789174,11.020367668625866
33,0.917519261772372,-0.3976913429742739,45.36075478182526,11.020358423241282
34,0.9173024574412396,-0.39819116209712985,45.36079077671378,11.020366591080816
35,0.9103692751433958,-0.4137967893482114,45.36083245748649,11.020348966922898
36,0.9238078963458924,-0.3828563316036146,45.360852628976374,11.020359088378825
37,0.9145917757133896,-0.4043783918527657,45.36088382298807,11.020338011820993
38,0.916383025826903,-0.4003025730323621,45.360919959239205,11.020342577250766
39,0.9152985421985795,-0.4027760899670625,45.36095110467279,11.020335166650534
40,0.9173463171252868,-0.3980901084637406,45.36099864152974,11.020331638388088
41,0.9252182168912063,-0.3794354373706504,45.361024590919946,11.020326907164993
42,0.9225551574805889,-0.3858652373639866,45.361048424716955,11.020318493443794
43,0.9315770963735956,-0.36354382612298675,45.36108203910152,11.020299850740177
44,0.9235670700234478,-0.38343691419619974,45.361124465066105,11.02029139136968
45,0.9292300843279777,-0.3695016243263613,45.36115061061224,11.02028873506203
46,0.9195634158174171,-0.39294162962226864,45.36118236817302,11.020280618732334
47,0.9201301429855594,-0.3916127168126362,45.36121546249205,11.020269864199651
48,0.9313844213965619,-0.3640371678548656,45.36123654073459,11.02024361093248
49,0.9215662726752608,-0.3882210775671858,45.36128080337465,11.020237326560325
50,0.9188245724950408,-0.39466619437102224,45.36131205685823,11.020220149529562
51,0.9360677698838765,-0.35181974103882524,45.361346724993176,11.02021279858404
52,0.9312069102029537,-0.36449100179602273,45.36138492442507,11.02019342234713
53,0.9318581747927629,-0.3628227419441905,45.361406799293384,11.020172270720995
54,0.9402933037112275,-0.3403652493951536,45.36144154930438,11.020161192436705
55,0.9394005613289322,-0.3428215065816131,45.36146757231463,11.02013936894005
56,0.937536576247557,-0.3478867174785618,45.361497996295945,11.020137747355369
57,0.9401946599049961,-0.3406376395616445,45.36153424894739,11.02009976527993
58,0.9318674521490719,-0.3627989134840363,45.361560390963575,11.020097046704898
59,0.949582156853604,-0.31351830470525544,45.36160126706213,11.02007273830631
60,0.9294928139238324,-0.36884022132077177,45.36161569964952,11.020057026773285
61,0.9583985123588432,-0.28543351504046655,45.361649273098145,11.0200429204236
62,0.9388604241353431,-0.34429798720353233,45.36167994434549,11.02002878196242
63,0.9370771165994571,-0.34912243918953056,45.361713693257485,11.020009163173341
64,0.9355651562915049,-0.3531541282970539,45.361747411474965,11.019993351373781
65,0.9522423041352545,-0.30534340375253144,45.361782495653486,11.019986567328838
66,0.9559081851550781,-0.2936656969302421,45.361807775789686,11.019975240893356
67,0.9425549725099815,-0.33405107962212605,45.36182759158575,11.019947329185474
68,0.9502457551461396,-0.31150121159755184,45.361865306179986,11.019937865580308
69,0.940957547180766,-0.338524584636857,45.361913239878476,11.019941825217408
70,0.9529005656676478,-0.3032828909620139,45.36192715403056,11.019913775823891
71,0.9512879990656428,-0.30830365361715345,45.361963251159395,11.019909692065811
72,0.9462482985590006,-0.32344111902198897,45.361994747921806,11.019886123395016
73,0.946534720974832,-0.32260195595981245,45.36203549648969,11.019876380451903
74,0.9558264522434698,-0.2939316131205725,45.362055661221206,11.019871469435364
75,0.9538785176475143,-0.300192893937516,45.36208631010529,11.019850651774869
76,0.9464854151150449,-0.3227465863096017,45.36211508673474,11.01984769611061
77,0.9531732159179332,-0.3024249005235266,45.362158577390595,11.019829609285154
78,0.9566176256348768,-0.2913463888993488,45.36219583493581,11.019828395280623
79,0.9452488187542968,-0.32635053338949316,45.36222142378135,11.01980822858458
80,0.10422814113161567,0.9945534146521483,45.362250334369186,11.019794709708707
81,0.13798124326424488,0.9904348421310981,45.36224498880689,11.019800605593295
82,0.10739995178315927,0.9942158972562122,45.36225146319325,11.019811750649655
83,0.1245867469446758,0.9922087192147342,45.36224957390499,11.01982390849824
84,0.15902703956380743,0.9872742277035146,45.36226092511894,11.01982004055832
85,0.13929251608664212,0.9902512786976104,45.362261266735686,11.019826141970475
86,0.12690257083059497,0.9919151866548802,45.36225733038084,11.01983077989982
87,0.1397291478372288,0.990189762239886,45.36225897393505,11.019832920022482
88,0.0994570333706376,0.9950418576688681,45.362253476523854,11.019843361019367
89,0.12510310946369146,0.9921437456349335,45.362250020621765,11.019857831447014
90,-0.9560604676128892,0.2931695452597756,45.36226413675489,11.019855624915133
91,-0.9496272623160364,0.3133816565565855,45.36222654797564,11.019867919750633
92,-0.9453762258924873,0.32598127479546574,45.36220060252811,11.019875514734553
93,-0.9585088912029374,0.2850626343190486,45.36216985373072,11.019889107453954
94,-0.9572988901660383,0.28910004304197434,45.36213420878541,11.019889723625106
95,-0.9562761448284731,0.2924652711553855,45.36210395567388,11.019903791427398
96,-0.9541372933453721,0.29936937960914994,45.362070417627564,11.01992257140549
97,-0.956975424055352,0.29016898137822955,45.36203470986264,11.019920668891798
98,-0.9520998061758553,0.30578744101074307,45.36200905124147,11.019941966651858
99,-0.9454032915688109,0.3259027712230413,45.361979048109326,11.019943588221345
100,-0.9512892326630381,0.3082998472581007,45.361938683820405,11.019953038436618
101,-0.9552399723860068,0.29583203875844977,45.361908155074175,11.019973166747167
102,-0.9492424120389718,0.31454545488122226,45.36187126708074,11.019981983822769
103,-0.941156172874681,0.3379719785128399,45.3618433031074,11.01999340467158
104,-0.9551338576340896,0.2961744654777359,45.36181289721407,11.019998970151875
105,-0.9613246650696874,0.27541766161350895,45.36178260692954,11.020004713459352
106,-0.9586801311413006,0.2844862143494808,45.36175507440269,11.02002406629089
107,-0.950303833829207,0.3113239846357985,45.36171947499001,11.02003364526621
108,-0.9606124953052751,0.2778914066022421,45.36168729734395,11.020045033310213
109,-0.9596355919242742,0.2812463879095124,45.36164907752481,11.020063992726683
110,-0.9624623319603396,0.27141528983729923,45.3616187903994,11.020069713686583
111,-0.955097920448362,0.2962903345625951,45.36158821212014,11.020085109520727
112,-0.9585131357169542,0.2850483619634602,45.36155281773808,11.020089502532796
113,-0.9589719383071967,0.28350100800409517,45.36152853822685,11.02010651200168
114,-0.9638858300492174,0.26631580244200936,45.361495332181455,11.020129571693078
115,-0.9593793742488737,0.2821191526037174,45.36146992686175,11.020138252157272
116,-0.9581496303000064,0.28626785700801427,45.36143383613161,11.0201445094782
117,-0.9587934856942413,0.2841039453972556,45.36140340649695,11.020159356866714
118,-0.9632246610406353,0.2686973248157734,45.36136586388648,11.020175254009786
119,-0.966091942532439,0.2581982931273917,45.36134675717866,11.020182162527068
120,-0.9639209565774874,0.26618863512693686,45.36130807157332,11.02020310893486
121,-0.9672827419454082,0.2537008023924498,45.3612860294526,11.020210667499663
122,-0.9638166776042497,0.26656596176538705,45.36124515796445,11.020230003804972
123,-0.9639345703583028,0.26613933205776696,45.361213574121365,11.020246745898378
124,-0.9679258970733273,0.25123586084552996,45.361188377980916,11.020253661504265
125,-0.9633629927130529,0.26820094010079537,45.36115422918038,11.020274515970463
126,-0.9805500103389347,0.19626939961266235,45.36112392451224,11.020277232439781
127,-0.9760191885027666,0.21768450490193597,45.36108287387207,11.020301475887264
128,-0.9702208371547208,0.242222061651685,45.36105625825439,11.020311201174845
129,-0.9675610686067074,0.25263724689096484,45.36103561619031,11.020323722584536
130,-0.9680718687153431,0.2506728086609784,45.360999212891734,11.020327775003778
131,-0.970179737651321,0.2423866263860566,45.360969639291625,11.02034753080582
132,-0.9636675616704183,0.2671045311936703,45.36093814034381,11.020358143201268
133,-0.9568560315539693,0.29056244574753515,45.36090547489965,11.020357447812772
134,-0.9706220850261854,0.2406091603813548,45.360869892921755,11.020377719384424
135,-0.965434592969281,0.26064544250425437,45.36083889634876,11.020384888149795
136,-0.9649490923761063,0.26243713365781285,45.360802981923996,11.020396098356535
137,-0.9794085512941463,0.2018883098445811,45.360788308333056,11.020402365205408
138,-0.9612905786549368,0.27553660988924283,45.360736152951425,11.02041463385175
139,-0.9680558598913358,0.25073462491256837,45.360711800408275,11.020428220817355
140,-0.9616754811043939,0.2741902059568002,45.36068338188292,11.0204373217967
141,-0.9702233636460981,0.24221194156203654,45.36064443486181,11.020427963002165
142,-0.9704186014567255,0.24142853589990743,45.360607936304326,11.0204361972746
143,-0.9600840296754564,0.27971173726202025,45.36057212767084,11.020453184057407
144,-0.9673725594982571,0.253358108474529,45.36054632496886,11.020465478052
145,-0.9619122030696023,0.2733585805965931,45.360497768540455,11.020467038299861
146,-0.9561743317888058,0.29279796315587764,45.360474921938035,11.02046193662786
147,-0.957527230900061,0.2883428550959106,45.36044322145935,11.020486400952985
148,-0.9594870114112932,0.28175286144602835,45.36040070363724,11.02049111669552
149,-0.9607596956025594,0.277382060172747,45.36037462291637,11.020494791392261
150,-0.9663031790011949,0.25740661656644465,45.36033882149651,11.020491606990246
151,-0.9628853022089834,0.26991090157664027,45.36031414897115,11.020496637083188
152,-0.9559694291787316,0.293466268037214,45.36027670832969,11.020510104459266
153,-0.9589901227148626,0.2834394900773932,45.36025225391076,11.02051728215783
154,-0.9457684476177023,0.32484156675339687,45.36020661455324,11.020522663353105
155,-0.9582804900151087,0.2858294989262009,45.36017034183848,11.02052924608963
156,-0.9632923959420902,0.26845439076339833,45.36013933937101,11.02054364742531
157,-0.9448366325727615,0.3275419633399123,45.36010045425676,11.020548271871325
158,-0.9528521859884321,0.30343485570558043,45.36007418057069,11.020554721434321
159,-0.955741254798953,0.29420852107871165,45.36003378069448,11.020575775140557
160,-0.9446994795483544,0.32793733142335013,45.36000255730024,11.02057183326815
161,-0.9567947691199156,0.2907641136467284,45.359973844487264,11.020586350504242
162,-0.9510511690877145,0.30903345090279705,45.359942736209256,11.02059194116379
163,-0.9488294131901884,0.31578908256170407,45.35990755118029,11.020613147702564
164,-0.9488039458352061,0.3158655922501583,45.35988395533605,11.020612684643776
165,-0.9503442228839045,0.3112006716432143,45.35984737643405,11.020627979080995
166,-0.9567529330920611,0.2909017446144627,45.359812164111105,11.020627924084327
167,-0.9581428296510184,0.28629061805853784,45.359770404072265,11.020642477216583
168,-0.9483964159351508,0.3170871145937034,45.35975191691943,11.020642744695634
169,-0.9599655239581675,0.28011817651077386,45.359722194843435,11.020658670660456
170,0.14049952085695688,0.9900807465247294,45.35968309408892,11.020667033319235
171,0.11849631284457207,0.9929544923319705,45.35968732006315,11.020672987243332
172,0.1476831810265545,0.9890347203419494,45.359682993011255,11.02067826000945
173,0.12548057012944752,0.9920960772626756,45.359682836197564,11.02068485819964
174,0.1512199321534975,0.9885001427007948,45.35968263764726,11.020698503091696
175,0.12633192094499532,0.9919880270196548,45.3596868992819,11.020701904441593
176,0.14215437504505987,0.9898444997349576,45.35969474342153,11.020707562508322
177,0.12389490089491517,0.9922953459188646,45.359690796342534,11.020713133621582
178,0.1337399233678182,0.9910164644936885,45.35969383078539,11.020717599224838
179,0.11305017712761464,0.993589280060637,45.35969284332004,11.020734562313441
180,0.9572817611649914,-0.28915675634654,45.35969415052785,11.020740710414309
181,0.956764507252881,-0.29086367538960906,45.359718584610256,11.020735186457424
182,0.9552815125454394,-0.29569787247949153,45.35975597461914,11.020729165090561
183,0.9549908641318186,-0.29663521271885873,45.35979011997401,11.020716760469023
184,0.9537454833883745,-0.30061529055634506,45.359824862376634,11.020699953916228
185,0.9612875894177945,-0.2755470385094453,45.35986023252707,11.020696778614852
186,0.9516617023141597,-0.3071481797903345,45.35988615212313,11.020672643822376
187,0.947775849137469,-0.3189372035240629,45.35991570256041,11.020667914808934
188,0.9544978471066025,-0.2982178060895443,45.35996256201083,11.020660573644246
189,0.9486983951978551,-0.3161824709705051,45.3599796775053,11.020649460362215
190,0.9469906105818092,-0.32126123866705775,45.360016958985064,11.02064425830562
191,0.946791851560591,-0.32184653146875436,45.36005139244145,11.020627503722867
192,0.9538079582964928,-0.30041700799101867,45.36009203421643,11.020629192335175
193,0.934853044093357,-0.3550349080715639,45.36011181097511,11.020612640920872
194,0.9420140944701201,-0.3355733091585795,45.36015226942332,11.02060221335694
195,0.938568897170177,-0.3450919084313014,45.360184069961875,11.020596288588996
196,0.9392780921297228,-0.343156911113776,45.36021124129333,11.020593434676995
197,0.9370538662176331,-0.3491848390273926,45.36024990551373,11.020581917308625
198,0.9325907837036698,-0.3609354930607061,45.36027951386768,11.020573441253843
199,0.9478532808387287,-0.3187070096550408,45.36030368522126,11.020564505046273
200,0.9475940980698029,-0.31947679931925693,45.3603428059305,11.020556305510699
201,0.9429943295244538,-0.3328087956841373,45.360377482870035,11.02055086189643
202,0.9429249841951407,-0.33300521644652015,45.36041811476167,11.020545157330051
203,0.9372686303096508,-0.3486079669736065,45.3604512125281,11.020535005738262
204,0.932532626258805,-0.3610857252272042,45.360485507585956,11.020523424664187
205,0.9306354087688034,-0.3659477229683528,45.36051652355725,11.020538126448525
206,0.9341438374585468,-0.3568967510894713,45.360553321883756,11.020525166050335
207,0.9271864443027978,-0.3746001835305673,45.360575744247754,11.020522668492712
208,0.9250571054694914,-0.37982805533610364,45.36061714690637,11.020516731420548
209,0.9323732284920394,-0.36149711311617877,45.360651826946075,11.02051329175012
210,0.9243447660643085,-0.3815583224744532,45.36068632176132,11.020517884535165
211,0.9223000947441401,-0.3864744949345949,45.36071282596257,11.020506977061835
212,0.9236866448376156,-0.38314877286587856,45.36075533186575,11.020497964552378
213,0.9287006199888171,-0.37083036341754244,45.3607801933672,11.02049959707961
214,0.9153355483472789,-0.4026919839427973,45.36081660555762,11.020501208362385
215,0.9182001664864933,-0.39611671798117287,45.3608464446325,11.020494914314535
216,0.9292181032707225,-0.3695317531064967,45.36087838419221,11.02048273080855
217,0.9273158190709869,-0.37427980402461564,45.36091941898298,11.0204881984579
218,0.9178859100533989,-0.3968443726770528,45.36094768877993,11.020472493345409
219,0.9265225252814855,-0.3762392990451942,45.36097783678243,11.020486884159904
220,0.9094164218659982,-0.41588672933918513,45.36101666770999,11.020469896714387
221,0.918189118191718,-0.39614232699159435,45.36104733993047,11.020455307688866
222,0.919177074589232,-0.393844519511928,45.36108305691754,11.020445681396225
223,0.9159120562886528,-0.4013790043650662,45.36111811512555,11.02043902365546
224,0.9250185931927322,-0.37992183702406296,45.36115275580793,11.020436415878955
225,0.9117094513728883,-0.4108355830223898,45.361183296338474,11.02042551652689
226,0.9205579929031684,-0.3906059161125061,45.36122133100862,11.020414937940258
227,0.9231915600756443,-0.38434014024701885,45.361244914060336,11.02040434539924
228,0.9247102698682325,-0.38067166534984004,45.361271960783164,11.020385112717895
229,0.9291620715123339,-0.36967261849223915,45.361311721082814,11.02037847252112
230,0.9381770838552396,-0.34615568654707785,45.361344183570644,11.020354092611873
231,0.925758283437475,-0.3781158561167459,45.36137592703392,11.020338570236229
232,0.9362822564043055,-0.35124853927448896,45.361408808522626,11.020322174924745
233,0.9325911772265743,-0.3609344762684114,45.361440010867675,11.020308561079005
234,0.9411926697344393,-0.337870327845105,45.36146413278229,11.020292930719911
235,0.9365126247249134,-0.3506338599320573,45.36150224673761,11.020273249286815
236,0.9374497884065565,-0.3481205167991432,45.361523088550726,11.020256447776475
237,0.9316186059881959,-0.36343744025156594,45.36155782675272,11.02025425832093
238,0.9407862287426836,-0.33900040089669375,45.36158430150256,11.020226629401106
239,0.9393653504306456,-0.3429179762134238,45.36161386024398,11.020226427502141
240,0.9506411381141475,-0.3102924854472604,45.36164961822911,11.020193777235994
241,0.9455545221087719,-0.32546373948514146,45.36168173012999,11.020180164246602
242,0.9420920129983815,-0.335354497576307,45.36171345993652,11.020166996748475
243,0.9520819816517423,-0.30584293389596456,45.36174613156534,11.020146996761401
244,0.9426628249603538,-0.3337466081292294,45.361769831809596,11.02013153152107
245,0.9507834583987088,-0.30985612021612674,45.3618027887355,11.020121940436061
246,0.9513764611795393,-0.30803056522607714,45.36183103003833,11.020101300700986
247,0.9496684475093284,-0.3132568272284292,45.36186068653818,11.020094751297167
248,0.952926414601227,-0.30320166285040456,45.3619008481682,11.020056956922858
249,0.9457437497437224,-0.3249134651267677,45.36191819492271,11.02006127022251
250,0.9524616575318345,-0.3046584824548798,45.361959152426465,11.020049120125533
251,0.9486748583311143,-0.3162530840488994,45.36198877377634,11.020023783319758
252,0.9477328251156774,-0.3190650281655089,45.36203136451621,11.020013508293191
253,0.9512910787082127,-0.3082941510476075,45.36205275806781,11.02000667437462
254,0.9514251554754583,-0.3078801285053977,45.362088436766165,11.019999008910714
255,0.9583941900561399,-0.28544802761034377,45.36211426764781,11.019986441404445
256,0.9534650730473933,-0.30150348999427684,45.36214572316464,11.019972150459973
257,0.9577086755880496,-0.2877396265782381,45.362183200307804,11.019960680618192
258,0.9552089652761941,-0.29593214197849915,45.36220434332234,11.019952622481718
259,0.9580602997968793,-0.28656667976775263,45.36224414794356,11.019941861853374
260,0.11827185352870906,0.9929812529261988,45.362275923394996,11.019926210581893
261,0.1508440485439913,0.988557571929353,45.362278095417935,11.019938359033599
262,0.10019447558381689,0.9949678723770351,45.36228457983228,11.01993761608333
263,0.12874023365843848,0.9916783511994051,45.36228137857161,11.019933375671261
264,0.133959946224037,0.9909867470393603,45.36227597965505,11.01995529055885
265,0.1443215614401723,0.9895308418151859,45.3622831091908,11.019963926487852
266,0.10995582650116469,0.9939364749411532,45.36228817049188,11.01996475647843
267,0.11391654528791495,0.9934903224036289,45.362289442342444,11.01996664028561
268,0.1705924010965977,0.985341683218617,45.362288683866716,11.01998330391408
269,0.11527691775645375,0.9933333943005097,45.36229154612473,11.019986436763007
270,-0.9517718106196178,0.3068068130108168,45.362291049222854,11.019992782231398
271,-0.9546840406415992,0.29762120647599916,45.36226453520651,11.02001349019156
272,-0.9634278977790008,0.26796769540587356,45.362222608815124,11.020016378634264
273,-0.9585898428925479,0.2847902967153907,45.36218900107932,11.020027618733545
274,-0.9532524041873737,0.30217520399760134,45.36215639958657,11.020033664006451
275,-0.9588743875486901,0.2838307751163084,45.36212601428511,11.020047906532362
276,-0.9574289061266231,0.2886691700081217,45.36209729638404,11.02006284705051
277,-0.9604727876529398,0.2783738927740729,45.36205950506131,11.020065798060918
278,-0.9651632360230107,0.2616484814203786,45.36204330454365,11.02007685863389
279,-0.9613669584647345,0.2752699968617456,45.362000829268,11.02008381623481
280,-0.957919078927647,0.28703839155487265,45.36197089879476,11.020093925796381
281,-0.9524822176470272,0.3045941973613434,45.361939451168354,11.02010585616267
282,-0.9655263699023501,0.2603052612284088,45.361897599063255,11.020122999150747
283,-0.9595017009660004,0.28170283250857087,45.361867436699846,11.020134669971666
284,-0.9651271349342346,0.26178161397171434,45.361841038207615,11.020146562014208
285,-0.9706001888610868,0.2406974727387528,45.361806392418295,11.020164596645346
286,-0.9674500413847082,0.2530620821552021,45.36178195930625,11.020174318870836
287,-0.9730431155826603,0.2306232755321753,45.36174854294742,11.020180683645423
288,-0.9759661590176798,0.21792213392006982,45.361712984774336,11.020204911866651
289,-0.970646049056967,0.2405124683880231,45.36168921187379,11.020209393653838
290,-0.9819567689480797,0.18910553645265807,45.36165321047704,11.02024053215213
291,-0.9762957043671319,0.2164409795632194,45.36162427267095,11.020252368731814
292,-0.9748722090242317,0.22276484478529118,45.36160002728543,11.020272208062101
293,-0.9783795031317385,0.20681766813232488,45.361566038428585,11.020286479284964
294,-0.9769607197837993,0.2134191931376389,45.36154044188366,11.020298134444394
295,-0.9812308182125706,0.1928369295282653,45.36150885100819,11.020329862547465
296,-0.9862248512000517,0.165410226030424,45.361487611786075,11.020351763508732
297,-0.9891593707198103,0.14684597140265362,45.3614476105791,11.020370597934122
298,-0.9858074866046763,0.16787971692307257,45.36143069667749,11.020389540812742
299,-0.9855896146240454,0.1691541059070863,45.36139764852325,11.020412059082226
300,-0.9900021532775215,0.1410522474328959,45.36137196250966,11.020439202620006
301,-0.9934869645750197,0.11394582580995859,45.361354293998914,11.020456817874834
302,-0.9903698089691015,0.13844725162496158,45.361317036288405,11.020476980066714
303,-0.9894891571768116,0.1446070808415793,45.36129294557056,11.020508619687217
304,-0.9925194691389889,0.12208645862690747,45.361257141418484,11.02052668989197
305,-0.9946342317189486,0.1034540723841105,45.36124589929681,11.020544439335106
306,-0.9954329635228625,0.09546316112559575,45.36122281898255,11.020561854444576
307,-0.9900557648893392,0.1406754506279808,45.361186377859624,11.020587885161381
308,-0.996790555492227,0.08005366001312919,45.36116140610722,11.020602238765987
309,-0.9954063632399346,0.09574012754037586,45.36112796317283,11.020619599053656
310,-0.9940516885046291,0.10890932274647533,45.361096807266684,11.020648598640419
311,-0.9933672130449279,0.11498512967924487,45.361078294708015,11.020654437853686
312,-0.9945898713809398,0.10387967917954755,45.36104572404799,11.02067442964091
313,-0.99644337898889,0.08426501331634242,45.36100023079275,11.02067864540774
314,-0.9954017025660938,0.09578857201421064,45.36097660244633,11.02069644294683
315,-0.9894716348627863,0.1447269283926279,45.36094836852949,11.020701659098867
316,-0.9911297069914474,0.1328980959948168,45.36089558715574,11.020705495911288
317,-0.9916418697946172,0.12902093655773658,45.36087035520437,11.020717599362662
318,-0.9944180631592224,0.10551168495792645,45.360826878674565,11.020714004109063
319,-0.9870031450802438,0.1607009383970959,45.36079749629666,11.02072536536556
320,-0.9861385880935009,0.16592373269956465,45.36076732822749,11.02072848049768
321,-0.9881520339077379,0.15347820002854112,45.36072960232563,11.020730242763726
322,-0.9821312596090253,0.18819720746809546,45.360688967101325,11.02073230960488
323,-0.9870109601349197,0.16065293204154074,45.36065638069839,11.020718875350234
324,-0.9806679887830714,0.1956790632034145,45.36061870852456,11.02072732513092
325,-0.9810062033904638,0.19397636172850538,45.36057349165837,11.02072874610951
326,-0.9774966100817745,0.21095112533153113,45.36053709279652,11.020726109181334
327,-0.979084661202964,0.203453253100257,45.36049687061292,11.020725025759422
328,-0.9783157513822585,0.20711902519413108,45.360458527572646,11.020725854253296
329,-0.9687057011500971,0.2482121362046964,45.360427414932154,11.020732143463214
330,-0.9688138617281533,0.2477896311861791,45.360383595898384,11.02071445159274
331,-0.9686900536219435,0.24827319632597544,45.36034916254183,11.020724726448432
332,-0.9694562204424148,0.24526442189096287,45.36031242275349,11.020722920905092
333,-0.9646435642936647,0.2635579516288862,45.36027767239076,11.020718244765867
334,-0.9667438676571734,0.25574654317751705,45.36023731492084,11.020714864034309
335,-0.9618509862340499,0.2735739027769016,45.36020498052729,11.0207228462462
336,-0.9652266401318023,0.26141448540559536,45.36016871621522,11.020713640013634
337,-0.963631163589619,0.2672358145139176,45.36013770411291,11.020725384393998
338,-0.9525893175008182,0.30425908726499107,45.36010541430008,11.02073379783028
339,-0.970081810488912,0.24277825470695402,45.3600669072919,11.020730401835133
340,-0.9590485483083795,0.2832417377216674,45.36003137371955,11.02073960249703
341,-0.9651407299711436,0.2617314871213781,45.35999567497123,11.020733538644377
342,-0.9673417173599573,0.25347584077203167,45.35997104660234,11.020744525176804
343,-0.9617916033224744,0.2737825994806539,45.3599228756687,11.02073888499121
344,-0.9608738782241095,0.2769862634618533,45.35991038955468,11.020749465938342
345,-0.9573100108613178,0.2890632164504913,45.35987096304962,11.020754741563508
346,-0.9570400745311454,0.2899556789259691,45.35983632796988,11.020765844261042
347,-0.9470331415019646,0.32113584181296223,45.35980304917023,11.020771402006636
348,-0.9540841926056889,0.2995385674999979,45.35976770413986,11.020779420518823
349,-0.9615536899239667,0.2746170085657553,45.359732290042054,11.020796083110646
350,0.13824441364769782,0.990398143220798,45.35969846219042,11.02079711757858
351,0.17163624063910238,0.9851603934889365,45.359686881243306,11.02079893840628
352,0.1186853696130193,0.9929319125900935,45.35970161704316,11.020813567818731
353,0.13202664242448606,0.9912461680582261,45.35971088736135,11.02081712584937
354,0.12948941986614212,0.9915808036376712,45.35970902768407,11.020827593344258
355,0.14653152810695325,0.9892060004218743,45.359705573000625,11.02083696430633
356,0.13087887393921824,0.991398366125546,45.3597011810478,11.020853729679937
357,0.14061176294927913,0.9900648120806514,45.359714136063985,11.02085701342855
358,0.16657292413287356,0.9860291379801227,45.35971489512695,11.020868281941633
359,0.11841298641552482,0.992964432720607,45.359710560780655,11.020870824041067
360,0.9560909499707362,-0.29307012025120427,45.35971558803122,11.020880038260868
361,0.9483890130510166,-0.3171092555005585,45.35975191234178,11.020862430776864
362,0.9629853671786868,-0.26955367294794913,45.35977854777098,11.020861130004848
363,0.9551690651206136,-0.2960609008913758,45.35981159649633,11.020840662509352
364,0.9588169785036911,-0.28402464986872594,45.359841377535915,11.020834449962248
365,0.956458025220973,-0.2918699127871809,45.35987578840063,11.0208331009206
366,0.9528428842354225,-0.30346406370758494,45.35990894353805,11.020820713702792
367,0.9538152782742574,-0.30039376646428756,45.3599536075542,11.020809383713182
368,0.9495539126034279,-0.3136038377627443,45.35997371078667,11.020801029997452
369,0.9511060912832794,-0.3088643765859738,45.360012519536184,11.020788979655821
370,0.9449468872508168,-0.32722374650228586,45.360024645103586,11.020788317708089
371,0.9547986082718918,-0.29725345690514426,45.36007430397816,11.020773332570348
372,0.9578534729463414,-0.28725724423351373,45.36010454391439,11.020763841175235
373,0.9596193652368539,-0.2813017487724129,45.36014552585842,11.020748095956797
374,0.9664303684209784,-0.25692867296915667,45.360163736067996,11.020733109521455
375,0.9531576200871625,-0.302474050572568,45.3602066845351,11.020726738872959
376,0.9560090559187687,-0.293337152439483,45.36022242722179,11.020725540876436
377,0.9470995668838389,-0.32093988597312856,45.36027009397049,11.020703714103014
378,0.9423300721917092,-0.3346849788131644,45.36030022894474,11.020703385011169
379,0.9510608612988656,-0.3090036215086482,45.36033293999801,11.02069134076394
380,0.9498656152054776,-0.31265846070483916,45.360366610105764,11.020674230906007
381,0.9450694577136227,-0.32686957658503346,45.360399839653184,11.020670985108369
382,0.9481934059563455,-0.31769366518850345,45.36043181859318,11.020654510339028
383,0.9504493766594931,-0.31087936954320544,45.36045714507968,11.020652437668138
384,0.9454141363568136,-0.32587131014665943,45.36049172653541,11.020636322376697
385,0.9541588702584587,-0.2993006019157025,45.36052149517105,11.020632312562853
386,0.948607075175526,-0.31645634284516094,45.36055753298186,11.020620041418248
387,0.9561337754882193,-0.2929303729056505,45.3605894058774,11.020607658589135
388,0.957230349530171,-0.28932690496797325,45.3606267540157,11.020598999885577
389,0.9524357885419229,-0.30473934551436827,45.36065582413864,11.020585109977937
390,0.9536067641747807,-0.3010550436715919,45.36068608072565,11.020574167764416
391,0.9490430492494063,-0.315146459081153,45.360711802893896,11.020574394074705
392,0.9482185044500632,-0.3176187460123938,45.360754051992956,11.020568089834962
393,0.9473413167570821,-0.3202255916771141,45.36078873198809,11.02055288590456
394,0.9508175473126048,-0.30975149995188467,45.36082786353239,11.020536017738916
395,0.9480000788630576,-0.3182700904509196,45.360843752063964,11.020536443174535
396,0.9574202902514357,-0.28869774473462156,45.36088673167939,11.02052590360589
397,0.9470599927143442,-0.3210566464035692,45.360905706234,11.020507094675084
398,0.9573617331258376,-0.28889186895150337,45.36094844075217,11.02050127652345
399,0.9464830331249109,-0.3227535716404526,45.360986708448145,11.020499518897424
400,0.9573394375662336,-0.2889657441295897,45.36102146768069,11.020486364753108
401,0.9442700617324951,-0.32917176445696233,45.36104122914653,11.020477873689158
402,0.9374325858374015,-0.34816683789557373,45.3610775976579,11.0204560704156
403,0.9542664901238782,-0.2989572976641553,45.36111549544925,11.020452743647777
404,0.948687199750233,-0.3162160606769707,45.36114962939447,11.020436761158265
405,0.9448232360928965,-0.3275806046440275,45.36117700244707,11.020435828634108
406,0.9455514639619418,-0.32547262403991634,45.36119892886143,11.02040978998309
407,0.9549858834173687,-0.2966512472138757,45.36123972823843,11.020416491021733
408,0.9497995541242252,-0.31285908486956693,45.36127065819359,11.020400738657624
409,0.9520070706164958,-0.30607603221454355,45.361299939792644,11.020388684923114
410,0.9610205523658918,-0.276476939237898,45.361342684473556,11.020392866795357
411,0.9554327302618137,-0.295208905598148,45.36137370274624,11.020374647819203
412,0.9593989480050171,-0.2820525812093668,45.36140166035858,11.020364538389583
413,0.9643746007271718,-0.26454041179431886,45.361437397122444,11.020349544154765
414,0.9429291928497698,-0.3329932991393095,45.36146503022785,11.020343497411014
415,0.9533537051874599,-0.30185545018326554,45.36149545706902,11.020328096013092
416,0.9535589875939692,-0.3012063365514818,45.361536674050996,11.020318901017989
417,0.9568553817648575,-0.2905645855702802,45.361563516897434,11.020307687285497
418,0.9600198837134215,-0.2799318182609271,45.36159951893432,11.020296377818706
419,0.9423310505528785,-0.33468222415286475,45.36161733600642,11.02028293405322
420,0.9446142648137197,-0.32818270934105576,45.361652018215594,11.020273077880857
421,0.9555546498806602,-0.2948140279760257,45.36168467338775,11.020262949108897
422,0.9565230542805343,-0.2916567273865596,45.36171749001941,11.020253719235017
423,0.953854256301804,-0.3002699747476137,45.36175593783733,11.020243737404687
424,0.9546377094116711,-0.29776978317021635,45.36178939038561,11.020242721662713
425,0.9558149910981637,-0.2939688806523868,45.36181640679014,11.020222744791303
426,0.9549985902293593,-0.29661033808675014,45.361846920521685,11.020212798874722
427,0.9489839896017117,-0.3153242576771067,45.36189227795669,11.020200951816628
428,0.9497596239639433,-0.3129802816278831,45.36191569880516,11.020192952538236
429,0.9451955205791361,-0.3265048665443377,45.36194389285292,11.02017457539552
430,0.9592850908289674,-0.2824395767474165,45.36197529665442,11.020164074079425
431,0.9551356300340976,-0.2961687495995609,45.362013972185935,11.02016291048484
432,0.9503975986728903,-0.31103762543590074,45.362056792615604,11.020148037286795
433,0.9445785142389261,-0.32828559279716,45.362088841204475,11.020142239477334
434,0.9537090452782784,-0.3007308713025565,45.36211027883711,11.020127251392998
435,0.9505023809830386,-0.31071727300807467,45.36214001500076,11.020113193616853
436,0.9506752985377563,-0.31018780883546637,45.36216244017982,11.020108597027315
437,0.9585498654176171,-0.28492482430962063,45.362203187171005,11.020092688109713
438,0.9484714318555814,-0.31686265629421095,45.36224150168567,11.020080583468765
439,0.9491191042226977,-0.3149173320087413,45.36227431964065,11.02006748335845
440,0.11724929893602778,0.9931025132880341,45.362304916876305,11.02006398832473
441,0.11094515842313739,0.9938265300455935,45.36230684577992,11.020073341574887
442,0.10153731979798031,0.9948317308410718,45.36231316283471,11.020081334315657
443,0.10786006243732209,0.9941660861903392,45.362311376879305,11.020079946427913
444,0.12516667489398017,0.9921357283638085,45.36231228418725,11.020080810865595
445,0.14531021998282612,0.9893861430041067,45.36230176742576,11.020099100561916
446,0.13652566581828046,0.9906365340390365,45.36231077323117,11.020082890141857
447,0.12086742972607332,0.9926686579274138,45.36230690998712,11.02010245846787
448,0.1374460079393086,0.9905092603815209,45.36230885248859,11.020100166771488
449,0.14727065724515273,0.9890962306644286,45.3623086405819,11.020105513811345
450,-0.9518864105553851,0.30645107505111613,45.36231019297455,11.020113964883524
451,-0.9500010991788483,0.3122465557199629,45.36227901969275,11.020122616342626
452,-0.9601534306460144,0.27947341486926636,45.36224825266027,11.020137582407227
453,-0.9431111239648812,0.3324776802338747,45.36221905423565,11.02014812393841
454,-0.9573478245761333,0.2889379566262367,45.362181027879366,11.020140034241638
455,-0.956358857260452,0.2921946887598789,45.36215061500256,11.020170927613103
456,-0.9517939334510194,0.3067381753969279,45.3621155953254,11.020170474237561
457,-0.9639787427636406,0.26597929148682004,45.36207509672755,11.020183301246837
458,-0.9550978077282755,0.29629069791784257,45.362043764044785,11.020194278505635
459,-0.9555053936559808,0.29497363050674413,45.362020226101635,11.020210719107684
460,-0.9434362588408209,0.33155395564588813,45.36198613397387,11.020223430322458
461,-0.9676617435088147,0.252251363027994,45.3619509083735,11.02023058713053
462,-0.9596710856812077,0.28112525199179816,45.361918234506554,11.020238493467676
463,-0.9671731549447767,0.25411825663294424,45.36188436047333,11.02025098934281
464,-0.9683478472656264,0.2496045806791757,45.361858936438594,11.020260895942704
465,-0.9563770531897066,0.29213512649486895,45.36181813504907,11.020278824515039
466,-0.9624112304003033,0.2715964351742751,45.361783514520205,11.020288011430186
467,-0.9631835561132893,0.2688446340043968,45.36176990065406,11.020298971915036
468,-0.9567645919171717,0.2908633968954635,45.36172869440581,11.020317160343987
469,-0.9722066001171281,0.23412459650513992,45.36170606973632,11.0203312081489
470,-0.9653196792871704,0.2610707122235553,45.361669432571176,11.020334085877156
471,-0.9674677196389746,0.25299448898456767,45.36164514482477,11.020357655415046
472,-0.9669744190095504,0.2548734450293764,45.361598928525865,11.020374528635159
473,-0.9757277114123702,0.21898729000099143,45.36158103069787,11.020386024422473
474,-0.9649560692552196,0.2624114791839636,45.361535121242405,11.02040725900006
475,-0.9754191602251416,0.22035757728219726,45.361515913249015,11.02042176977592
476,-0.9628697877967443,0.269966241867854,45.361484628875864,11.020438748819533
477,-0.980527724194352,0.19638070701126611,45.36146075733522,11.020454611228262
478,-0.976368884345933,0.21611062371174172,45.361417519662716,11.020470856944979
479,-0.9738497871377995,0.22719285220196234,45.36138477321179,11.020485871610125
480,-0.9762200753521345,0.21678183613825389,45.36137386821857,11.020507641740194
481,-0.9802785621847148,0.19762069861496873,45.36133582610128,11.020515589641711
482,-0.9805596570074683,0.19622119928640805,45.36130835594573,11.020540391442875
483,-0.9816826096359209,0.19052363091860325,45.36127365879286,11.020565277940698
484,-0.9850386835040926,0.17233337459854955,45.361252278124574,11.020575265138465
485,-0.9789291373123798,0.2042002549480283,45.361217603060304,11.020597105165038
486,-0.9843572189347528,0.17618418070598516,45.36118711434436,11.020616952336887
487,-0.9806266137223881,0.1958863049305951,45.36115719893165,11.020629535109281
488,-0.9788791597748628,0.2044396990764235,45.36113148569004,11.020651137090157
489,-0.9826207404873245,0.18562456832041932,45.361094738320844,11.020660461105992
490,-0.984942867634354,0.1728801535637199,45.36106819163127,11.020675903366005
491,-0.9867774577311879,0.16208099491789194,45.361041471454435,11.02068965606071
492,-0.9863099675282602,0.16490193435615721,45.36100000521966,11.020698253905117
493,-0.982629238701351,0.1855795765950643,45.36097491979244,11.020712830607005
494,-0.9819261989679432,0.18926420628414445,45.360939838057966,11.020730141576594
495,-0.9805493108391228,0.19627289423891778,45.36090794179219,11.020746684880837
496,-0.9814439960989313,0.19174900917960672,45.36088113559169,11.020741873192467
497,-0.9810662863718898,0.19367225341919567,45.360840962544295,11.020750342369505
498,-0.9707999060655849,0.23989068840422237,45.36080093494377,11.020753429578312
499,-0.9733817479895694,0.2291898180128652,45.36077056990251,11.020761033764954
500,-0.9748013928039783,0.22307452698016447,45.36073514636661,11.020770847137898
501,-0.9666115542529594,0.25624617691719437,45.36070168633857,11.020778347922302
502,-0.9654385369597113,0.2606308334658282,45.360665900550494,11.020779567614357
503,-0.9689303729319036,0.24733364593205295,45.360636674266466,11.020778730502133
504,-0.9727780936742642,0.23173860374884558,45.36059688939645,11.020791938125694
505,-0.9592692855455415,0.28249325267861963,45.36056151065785,11.020782697033853
506,-0.9704379876682134,0.24135059993807462,45.360519175487156,11.020788910973971
507,-0.9723222113950473,0.23364399677253628,45.360490743701384,11.020794680866135
508,-0.9693092748746385,0.24584452331097922,45.36044939478222,11.020794130431334
509,-0.9642428240595636,0.2650203317665222,45.36041651689964,11.020794063906548
510,-0.9728887797263512,0.2312734794190011,45.360387752847,11.02080832232189
511,-0.9656728408993535,0.2597613603855891,45.36035724405085,11.020793944185401
512,-0.9603005286878801,0.2789675511628153,45.3603110292853,11.020805464327244
513,-0.9623284066924467,0.2718897527910476,45.360275985400435,11.020815019369557
514,-0.9486257555999424,0.31640034104349235,45.36024397715059,11.020817850527113
515,-0.9554432051898567,0.29517500174732525,45.36020303812607,11.020819833387721
516,-0.9579538547759979,0.28692231025106146,45.360173448636374,11.020821753411257
517,-0.9570749527471752,0.2898405334386346,45.36014245214367,11.020835114494062
518,-0.9600778736454811,0.2797328663857207,45.360109330821025,11.020847997222067
519,-0.9543219815024632,0.2987801124928035,45.36007283642435,11.020839465714868
520,-0.9587502926122584,0.28424967267511303,45.36003781222091,11.020853527475829
521,-0.9539654332459719,0.2999165753535891,45.36000996755753,11.020857762274883
522,-0.9502612054779047,0.31145407585016344,45.35997409688159,11.020874097008958
523,-0.9581145774430798,0.2863851541038197,45.35994135841914,11.020868519881494
524,-0.9582552949599834,0.28591395503045175,45.35991083949425,11.020887352062084
525,-0.9648052493754964,0.2629654554831987,45.35987554116007,11.02089085218342
526,-0.9607969554613701,0.2772529718076292,45.35984074169451,11.02089421305694
527,-0.9546442130519407,0.29774893196523955,45.35980389971814,11.020908742987974
528,-0.9518256490040994,0.3066397461157392,45.359768114983076,11.020913615144678
529,-0.9530220989273024,0.302900774109607,45.35974890827572,11.020920945684242
530,0.1265674142786701,0.9919580080037721,45.35970806531313,11.020929806858454
531,0.11477674861534308,0.9933913116075107,45.359714155688266,11.020943829381622
532,0.10885682916580458,0.9940574383525164,45.359713653976044,11.020945158308642
533,0.1475940234698012,0.9890480292867458,45.35971700782237,11.02095969360078
534,0.12774559139690966,0.991806969061346,45.3597256235763,11.020960108262171
535,0.1432517350999244,0.9896862838247589,45.35971748927327,11.020978771813825
536,0.110228605946092,0.9939062603843388,45.35972877783809,11.020984583332003
537,0.1460797955241319,0.9892728103711472,45.35972789615179,11.020990914717828
538,0.14173729473771146,0.9899043081431836,45.35972551192389,11.021002639087067
539,0.10929760251100373,0.9940090714301085,45.35972359811989,11.021007986236043
540,0.9559191105277176,-0.29363013150543193,45.35973163936461,11.02101777154372
541,0.9502332779818115,-0.3115392710653689,45.359767317744435,11.02101046526667
542,0.9571384953396427,-0.28963062810926066,45.3597877485911,11.02099781816811
543,0.9478603317323031,-0.3186860391173864,45.35983205748997,11.020988179356666
544,0.9471305185230737,-0.32084853261658147,45.35984613125285,11.02096935549596
545,0.9476988675972582,-0.3191658759248465,45.35989305871764,11.020962950010572
546,0.9558627883678815,-0.2938134268776337,45.35992655169197,11.020950795962579
547,0.9509536501690821,-0.30933340464634435,45.359959328960606,11.020946627467346
548,0.9523357639948018,-0.30505178677797823,45.35999497533923,11.02093094262276
549,0.9457453367053501,-0.32490884583231017,45.360032101181204,11.020925759508351
550,0.954319578399409,-0.298787788042909,45.36005645615814,11.020913854255252
551,0.9578133774200172,-0.2873909080594925,45.36008744084353,11.020915645061741
552,0.9510895817865873,-0.30891521072458455,45.36011850703452,11.020895878074462
553,0.956806195345254,-0.2907265116031552,45.36015601664482,11.02089651222527
554,0.9544692914641798,-0.29830918801114137,45.360178409269515,11.020875192894367
555,0.9534143916601427,-0.301663716371923,45.36021987172418,11.020865069678205
556,0.9465210796406728,-0.3226419777336098,45.360254465760505,11.02085798604194
557,0.9401103265809347,-0.34087031823831226,45.36028784586966,11.020859595613619
558,0.9489831817039349,-0.31532668907511857,45.3603157232789,11.020843982181587
559,0.9478505068708613,-0.3187152594788197,45.3603507899883,11.020847746526654
560,0.9483099224868694,-0.31734569622565817,45.360383996920795,11.020828735866429
561,0.9447448251965854,-0.3278066736115561,45.36041964110067,11.020825459673263
562,0.9397272957148045,-0.3419248597112241,45.360455002812515,11.020816622217307
563,0.9403515036113249,-0.34020442333385426,45.36049205984452,11.020811182235057
564,0.9435974056692941,-0.331095055858854,45.360523396886386,11.02080800757178
565,0.941252596212971,-0.33770334632979565,45.36055047525652,11.020800481666361
566,0.9538074904396927,-0.30041849340733917,45.360580710397485,11.020789561228295
567,0.921785521367342,-0.38770020969498764,45.360617461291646,11.020792320795655
568,0.9359280239919558,-0.35219133139035796,45.3606546858337,11.020796142735927
569,0.934539196445691,-0.3558602117498419,45.360690159703374,11.020775586383248
570,0.93731529848967,-0.3484824690242262,45.36072227087841,11.020764253006744
571,0.9221587073904838,-0.38681173506489197,45.36075182122189,11.020772227495959
572,0.9439011921058224,-0.3302280114424086,45.36078168433906,11.02077138485168
573,0.9238600492931538,-0.3827304656282948,45.36082129012767,11.020765894740649
574,0.9182011805727899,-0.39611436731673194,45.3608554243722,11.020754151574781
575,0.9184608870672123,-0.3955118189481947,45.36089437672002,11.02074651955111
576,0.9281114218629578,-0.37230254982677574,45.360931903072895,11.020741030346802
577,0.9307390528420423,-0.365684037817756,45.36094993216353,11.02073600151644
578,0.9272400220438247,-0.37446754401438787,45.360989854049656,11.020738586434971
579,0.9196671145726582,-0.3926988647470237,45.36102055322328,11.02072954031291
580,0.9355047474903276,-0.3533141200448381,45.3610515552013,11.02072135856888
581,0.9372788373137363,-0.3485805231561435,45.36108672878065,11.020715656329315
582,0.931800129803312,-0.36297178691811727,45.36111811702023,11.020705109784945
583,0.9117384743007825,-0.4107711704582995,45.36115178208569,11.020695710629868
584,0.9328276443678918,-0.3603228911726954,45.36119414861147,11.020686351197991
585,0.9224370860306543,-0.38614741008489917,45.361221873881334,11.020671255543094
586,0.9198611943627798,-0.3922440351432769,45.361261039667546,11.020669736110381
587,0.9220326737116223,-0.3871120620804742,45.36129336112525,11.020652821062086
588,0.9300488165681599,-0.3674359791857152,45.361317307541725,11.020641663794349
589,0.928447790643818,-0.3714629188069962,45.36135245774853,11.020624984112308
590,0.9471850350072024,-0.32068755738008414,45.36138091285065,11.02061564702881
591,0.9298086815128097,-0.36804322542795215,45.36141443887871,11.02059471488746
592,0.9353428379194999,-0.35374252720403315,45.361443171683895,11.020581709138956
593,0.9465348484649936,-0.32260158189530264,45.3614715964872,11.020567071337434
594,0.9436721995382314,-0.33088182152949464,45.36150932792558,11.020547279998523
595,0.949233068385841,-0.3145736509671483,45.36153869051106,11.0205337523557
596,0.9442762522644097,-0.32915400561056646,45.361566800316226,11.020529707339056
597,0.9523169583785117,-0.30511048947012626,45.361597096701686,11.020505675698573
598,0.9525448217141728,-0.30439836173263946,45.36162130943521,11.020500478251071
599,0.9382901120146604,-0.3458491950193264,45.36165692931548,11.020481252412713
600,0.944175468572313,-0.3294429913448653,45.36168677757807,11.020451233151324
601,0.9466133670356354,-0.322371111220372,45.36171644533416,11.020444061198516
602,0.9527076936729583,-0.3038882202658614,45.36175068263883,11.020433800339099
603,0.9623691542260172,-0.2717454893725013,45.36178258881699,11.020422760528412
604,0.9515658368032343,-0.30744504912091286,45.36181265528164,11.020402710551187
605,0.9535941555495688,-0.30109497920374684,45.361853869262056,11.020381219021775
606,0.9461609617968055,-0.3236965158473966,45.36188850727046,11.0203741556278
607,0.9510893556861584,-0.3089159068427654,45.36190920357732,11.020363052528007
608,0.9488930832176835,-0.3155977132706104,45.36193213399145,11.02035393088037
609,0.9553477288790688,-0.295483869146194,45.36196415908222,11.020339284922008
610,0.9500538006072261,-0.31208616751109775,45.36199635717881,11.020321151635134
611,0.948764831557995,-0.31598306030344336,45.36203248277694,11.020310747487722
612,0.9511724803765419,-0.30865986550625096,45.36206424327097,11.020298120649091
613,0.9540064167027906,-0.2997861852886178,45.36210650256966,11.0202832825125
614,0.9493272420301384,-0.3142893372983738,45.36212452516619,11.020276027637358
615,0.9503496077720287,-0.3111842267974891,45.362162862281714,11.020263372104532
616,0.953557449636925,-0.3012112053724484,45.36219300993583,11.020255278500809
617,0.9527144079269385,-0.30386716987595586,45.36222468398038,11.02023899627828
618,0.9576493421978353,-0.28793703719399033,45.36225073864057,11.020232073915286
619,0.9577164976550349,-0.2877135904321756,45.36228978919076,11.020220777415117
620,0.10987894311033236,0.9939449772804108,45.36232131695552,11.020205188332898
621,0.10465543091505763,0.994508542336356,45.36231829487933,11.020205697946142
622,0.14031882270671486,0.9901063720601951,45.362323147439255,11.020210070317896
623,0.14480047450134875,0.9894608747111653,45.3623192429212,11.020223169842303
624,0.13511378170829424,0.9908300893657214,45.3623264527465,11.020229316538966
625,0.12512736823687973,0.9921406864543517,45.3623326014029,11.020233489775283
626,0.1159106504602538,0.9932596443578491,45.362321558497506,11.020236917218023
627,0.15704143270246645,0.9875920151635272,45.36233204726072,11.02023754090274
628,0.11584577221991225,0.9932672133211546,45.36232942622313,11.020257587945357
629,0.13370356061064165,0.9910213710511174,45.362324319599225,11.020254390123553
630,-0.94959951058999,0.31346573893689134,45.362330129636526,11.020262314487827
631,-0.9515906412557095,0.30736826686329793,45.362292350249746,11.020276928528071
632,-0.953724663898994,0.3006813354213241,45.362267345250515,11.020277145512523
633,-0.9537180475616863,0.30070232083428455,45.36223401673054,11.020292426857328
634,-0.9602646829000423,0.2790909148913327,45.362204300984324,11.02030204092291
635,-0.9592957750260069,0.2824032861304073,45.362176107049414,11.020319906681477
636,-0.9518552928087644,0.30654771496773786,45.36213050212375,11.020331789470431
637,-0.9624405322297016,0.271492581706036,45.362098121604085,11.020332020527707
638,-0.9571496821165135,0.2895936567403662,45.36207393324882,11.020348289087007
639,-0.9592788916830888,0.2824606308342189,45.3620396232708,11.020359445950088
640,-0.9546674952590811,0.2976742741584371,45.36200463644887,11.020361506543463
641,-0.9558137650641234,0.2939728669689511,45.361972043757596,11.020376204197447
642,-0.9599353183918853,0.28022167029669554,45.36194497302705,11.020381449079368
643,-0.96488774796388,0.26266258551455723,45.361907400436976,11.020403381423433
644,-0.9539880165285709,0.2998447336870919,45.36187808553192,11.020416765059124
645,-0.9627237944395967,0.2704864056100142,45.36185479373014,11.020433078875792
646,-0.961767076726981,0.2738687461614364,45.361824133058086,11.020434980759642
647,-0.9630013766525185,0.26949647226884843,45.36178455428161,11.020446186824906
648,-0.9523616600441009,0.3049709305459197,45.36175275994796,11.020469996772817
649,-0.9575194241684214,0.28836877837271974,45.36172660550262,11.020466959695291
650,-0.9622577813796566,0.2721396005257247,45.36169917497257,11.020481554143895
651,-0.9629794345755149,0.26957486638153333,45.36167201198983,11.020511899620487
652,-0.9646741954600174,0.2634458134295707,45.361635217882366,11.02051385836913
653,-0.961592355868246,0.2744815861506135,45.36159963953027,11.02053000195325
654,-0.9684798880981922,0.24909176290940063,45.361568086634655,11.020549855343841
655,-0.9684672412900294,0.2491409290905048,45.36153426785348,11.020561782281245
656,-0.9647373848296954,0.26321432011188195,45.361505218047895,11.020581567154554
657,-0.9721279799033801,0.23445082787009622,45.36148163555351,11.020598907175042
658,-0.9730103328127984,0.23076154844238544,45.36145174997622,11.020608196713567
659,-0.9708932231904381,0.23951273277820154,45.361425669097876,11.020625256327696
660,-0.9776988974814773,0.21001158506973788,45.361388670148244,11.020641114806995
661,-0.978900264750118,0.2043386201190289,45.361359989680906,11.020665470112482
662,-0.9839190354436919,0.17861503769715173,45.36132400599631,11.020681724867707
663,-0.9759055828623966,0.2181932476911374,45.361299072429134,11.020703450615706
664,-0.9815797749043529,0.19105272962907385,45.36126834790594,11.020711363981354
665,-0.9819506623315443,0.18913724315068559,45.36123459555101,11.020728810308482
666,-0.9769347286990054,0.21353813678544786,45.36120995534265,11.020740747131205
667,-0.9827182050478133,0.18510788602219014,45.36117509742959,11.020759007308943
668,-0.9760659768750877,0.21747461641966595,45.361138282413066,11.02076994038445
669,-0.9796911156783361,0.20051263765891933,45.361117510220886,11.020789210588557
670,-0.9766827944716427,0.21468749144526975,45.36108558430356,11.020794846524481
671,-0.9836107406678285,0.1803050494103973,45.361065076560834,11.020816423689805
672,-0.9789483305472252,0.20410822158551242,45.361020109706146,11.020822083764426
673,-0.9735923888691219,0.2282933646344468,45.36099392413295,11.020835683141735
674,-0.9759568938047134,0.21796362410974773,45.36095609986163,11.020845160398663
675,-0.9815308096849733,0.19130412865163324,45.36092618036284,11.020851505978122
676,-0.9739362813628876,0.22682177991769273,45.36089611060242,11.02086855708356
677,-0.9784971782812099,0.2062602048280526,45.36086091093198,11.020875632514066
678,-0.97122461771451,0.238165366804882,45.360825182671896,11.020884618995193
679,-0.9721982307431136,0.23415934775267805,45.360794145705455,11.020882673693867
680,-0.9722009396105319,0.23414810061240904,45.36075485270712,11.020897543605738
681,-0.9684407690516665,0.24924381003069418,45.36073220472671,11.02090377274276
682,-0.969497145656,0.24510260007774046,45.36068873640773,11.020908683963496
683,-0.9784060610389868,0.20669199239974104,45.360652238591015,11.020912361738189
684,-0.965373538458771,0.26087148415185546,45.36062678658218,11.02092050101907
685,-0.9702911377290461,0.24194029851282203,45.36058666154291,11.020924162607093
686,-0.9665957576448524,0.25630575745186396,45.3605541197566,11.020932632848929
687,-0.9616512124807569,0.2742753097424013,45.36050910766362,11.020935609053724
688,-0.9554350739695209,0.2952013201678748,45.3604884149062,11.020936884011219
689,-0.9628851113918774,0.26991158230030066,45.36044487652972,11.02094124227034
690,-0.9601673512312959,0.2794255851375769,45.36041230264568,11.020947000024842
691,-0.9621242810891629,0.2726112025186444,45.36037651066732,11.020950522841764
692,-0.9604852180885743,0.2783310004892443,45.360346384940065,11.020951520751327
693,-0.9559101186549024,0.2936594031410718,45.3603107761695,11.020954983775479
694,-0.9579783404752967,0.28684054661117275,45.36028263523116,11.02095903978444
695,-0.9512334287892927,0.308471982445352,45.36024861175278,11.020968778778396
696,-0.9651749186766581,0.261605382890923,45.36020876769742,11.020981471075341
697,-0.9528227444363027,0.303527293146551,45.360175453281,11.02098586717839
698,-0.9570210878771679,0.29001833969320323,45.36014117702269,11.021000587188391
699,-0.9487150788813372,0.3161324075497135,45.360104940676955,11.020989928846774
700,-0.9582624143516527,0.2858900929394747,45.360082510415886,11.021010039592854
701,-0.9591365797668883,0.28294349498278903,45.36003993958938,11.021022912473931
702,-0.9445535133694343,0.32835751914865297,45.36000852604131,11.021024817920267
703,-0.9685471828490878,0.24882997125566617,45.35997919676752,11.021030494743886
704,-0.9523504708600267,0.3050058698659511,45.35993557445028,11.021040117978812
705,-0.9503589504204204,0.31115569311165897,45.35991520418788,11.021047084186957
706,-0.9576770626178753,0.2878448257926451,45.3598799835122,11.021059504215097
707,-0.9556651545633826,0.29445562034599715,45.35985047569951,11.021065829676674
708,-0.9509034624413093,0.3094876493773694,45.35981138084269,11.021083136202007
709,-0.9538883646647365,0.30016160273631726,45.3597807283327,11.02108662840278
710,0.14024729609232658,0.990116506244993,45.359748025016415,11.021090584378145
711,0.11016489369492614,0.9939133242879812,45.359749769603155,11.021093769663324
712,0.11401545827011579,0.9934789757591529,45.35974715728237,11.021102384777794
713,0.14543582477581596,0.98936768740028,45.359752977759804,11.02110758966305
714,0.1290360503217363,0.9916399032498472,45.35974465245372,11.021121499908656
715,0.13676012166222892,0.9906041939760463,45.35975160017801,11.021118667457776
716,0.14768885761529563,0.9890338726940998,45.35975121609102,11.021127517697632
717,0.1279438803644679,0.9917814091206201,45.359756154959946,11.021120994299748
718,0.11636327905804214,0.9932067193121783,45.35975175128926,11.021128793680376
719,0.11910532575646607,0.9928816250573107,45.35975410802179,11.021143628292299
720,0.9366823884726092,-0.3501801009841192,45.35975072865775,11.021149059141903
721,0.9586314530171499,-0.28465020162688776,45.359784153832656,11.021142487353266
722,0.9512167972389881,-0.3085232643584625,45.359809184885236,11.021125293729419
723,0.951831431331579,-0.30662179689199803,45.35984091238444,11.021112341257014
724,0.9524953146906593,-0.30455323917558624,45.35987382486373,11.021105529117362
725,0.9570551659327301,-0.28990586293049414,45.35991871154695,11.021102674265537
726,0.9445535642302272,-0.32835737284241723,45.35995021790958,11.021088007297601
727,0.9527074610745159,-0.3038889494748859,45.35997201222043,11.021086256000101
728,0.9473802907671276,-0.32011026954159527,45.360002032638974,11.021075667910221
729,0.959965860488278,-0.28011702321886806,45.3600480591679,11.021066129900902
730,0.9491120614605744,-0.3149385571664083,45.360075151128676,11.021054266707592
731,0.9458665863397542,-0.3245556976020916,45.36010659041073,11.021046725999422
732,0.9510647619067814,-0.3089916158396491,45.36014024316116,11.02103447698055
733,0.9500086651217967,-0.31222353561751526,45.360165988912556,11.021019765275861
734,0.9516069725215132,-0.30731770181432766,45.36020554732076,11.021014025174761
735,0.9408581987970339,-0.3388006047166992,45.360236126231484,11.021009043691691
736,0.949192680584455,-0.31469549587640533,45.36026715068701,11.020998242580772
737,0.9445511393931603,-0.3283643480511896,45.360304457895104,11.020998447317794
738,0.938716938960627,-0.3446890025927582,45.36034379462025,11.020985074513915
739,0.9314389595638124,-0.3638976018149648,45.36037372626202,11.020972304309682
740,0.9367389276608405,-0.3500288293909781,45.36040373218297,11.020963885459704
741,0.944339404979877,-0.3289727772966205,45.360442789113584,11.020964094260865
742,0.934782201207085,-0.35522139055304197,45.36046294684991,11.020958271989796
743,0.9369825600896241,-0.34937613268209095,45.36050322524692,11.020953825586238
744,0.9430513407260576,-0.3326472136585324,45.360542447991946,11.02095013904833
745,0.9319533811461158,-0.36257812312703386,45.3605784273442,11.020949062416856
746,0.936971394603404,-0.3494060756411548,45.36061648993286,11.020941288811724
747,0.9139939091860418,-0.4057279063249377,45.360633682734964,11.020941361602233
748,0.9326163894392032,-0.36086932558667895,45.36067798320916,11.020936164841975
749,0.9241881336920844,-0.3819375518887112,45.360707362050036,11.020932253507803
750,0.9374797634653842,-0.34803978665216884,45.3607482795215,11.020920885799379
751,0.9219203368603265,-0.38737951995858294,45.36077300134141,11.020921906954952
752,0.9213287045552588,-0.3887845395106762,45.36080866717156,11.020930318994731
753,0.9146726570516732,-0.4041954112085294,45.36084439823309,11.020920823267751
754,0.9131695281038532,-0.4075799466884823,45.360879082277584,11.020910080151229
755,0.915944914632287,-0.4013040161264928,45.3609163374948,11.02089783238673
756,0.9086371580968121,-0.417586535853048,45.3609523210355,11.020906549580946
757,0.9111205739630892,-0.41213990306832804,45.36097635559587,11.020901929051602
758,0.9148559173655096,-0.4037804483395795,45.361015768809146,11.020892492114369
759,0.9060092358220835,-0.42325791735664475,45.36104526038748,11.020897077925804
760,0.9201391985184901,-0.3915914393213296,45.36108466542078,11.020885340513574
761,0.9192556343819487,-0.39366112159704203,45.36111225446753,11.020882284710243
762,0.9206025673664194,-0.3905008488574093,45.36115202721889,11.020875425568034
763,0.9079378955725401,-0.41910473366845563,45.361178662642274,11.020861783996828
764,0.9194986924287861,-0.3930930610195918,45.3612059077119,11.02085685525761
765,0.9199857844829067,-0.39195172706517156,45.36125492575326,11.02084949865489
766,0.9337728467373199,-0.35786627487943284,45.361279303328566,11.02083537918254
767,0.9191279927585502,-0.3939590498105591,45.36131978635514,11.020831275522788
768,0.9270814030733368,-0.37486006999355537,45.36133950337303,11.020811886936816
769,0.9308117826688832,-0.36549887174213797,45.36137293696338,11.020795953042764
770,0.9263890140936979,-0.3765679149456397,45.36140512331428,11.02077813139818
771,0.9212687847196185,-0.3889265050124987,45.3614433108306,11.020763073309503
772,0.9290274393584926,-0.370010833515726,45.36147016941539,11.020747038805407
773,0.9301276378210893,-0.36723640527779994,45.36149812039161,11.020734894393465
774,0.9230436707542475,-0.384695180474781,45.36152188266529,11.02071719005505
775,0.9348738214886468,-0.3549801936660884,45.361567208401326,11.020701945410796
776,0.9308930107038457,-0.3652919416339893,45.3615854544931,11.020671265131629
777,0.9417444549950128,-0.336329275392652,45.36162212788505,11.020673914696358
778,0.9454764859250064,-0.3256903660885614,45.361652738776314,11.020649529478899
779,0.9255510768409251,-0.3786227729001572,45.36168629019863,11.020631461733174
780,0.9385080966398858,-0.3452572266316504,45.361706967854396,11.020606943300493
781,0.9323928587126353,-0.36144647877891906,45.36175189397723,11.020599945620667
782,0.9422595944572395,-0.3348833478291785,45.36177364054125,11.02057277312695
783,0.9427095882751357,-0.3336144963488908,45.361804540733424,11.020567138531703
784,0.9472939945468004,-0.32036555354089874,45.361829566802044,11.020550100159063
785,0.9496723522419289,-0.3132449894049092,45.36186690114525,11.02053494485532
786,0.9560131399107008,-0.2933238420553004,45.3618920813717,11.02051546210929
787,0.9426381418357032,-0.3338163170914999,45.36192171673104,11.020497218722522
788,0.9496573590267047,-0.3132904410390214,45.36195790103222,11.02049611157292
789,0.9591736137782748,-0.28281792487663326,45.361995510680096,11.020489919477969
790,0.9514764134728952,-0.3077216836765911,45.362018120856064,11.020460511990391
791,0.9547514688136192,-0.29740482981659305,45.36205419153637,11.020456491253245
792,0.95084676825028,-0.309661788582315,45.362079406217624,11.020439412405697
793,0.9543465605040867,-0.29870159432788346,45.36211622454188,11.020423993330429
794,0.9485420841329213,-0.3166510928905411,45.36214083626045,11.020414100600986
795,0.953322358976837,-0.30195443344127065,45.36218429285565,11.020400753000233
796,0.9533542171257624,-0.30185383331759197,45.36221372506835,11.020386547860273
797,0.9473941640447455,-0.32006920803782074,45.362250697688985,11.020384184624282
798,0.9454718226118012,-0.3257039033341769,45.36227959164122,11.02036939937592
799,0.957807356156629,-0.28741097489874723,45.362309972696444,11.020349693412443
800,0.12546543289753237,0.9920979917063812,45.362338799143075,11.020341194518359
801,0.14151328285677503,0.9899363569316456,45.362335431296785,11.020343130375451
802,0.15038924854819272,0.9886268628360803,45.362336854064345,11.02034876375267
803,0.12328420372894486,0.9923714048232748,45.362338857704934,11.020355859881441
804,0.1185403405396179,0.9929492372043757,45.362346525133226,11.020366915846346
805,0.1397277714826863,0.9901899564611237,45.36234237929106,11.020366792304653
806,0.14871414327588092,0.9888802271204136,45.3623337155922,11.020371668292546
807,0.13238658205984863,0.9911981602537966,45.36234589367817,11.020381559665243
808,0.11806662936374876,0.9930056752258182,45.36234183170969,11.020386308952862
809,0.11795923107906632,0.9930184388032457,45.362356740585824,11.020389502067488
810,-0.9572802494658276,0.2891617609274138,45.36235235478736,11.02039436545976
811,-0.9499186978006698,0.3124971480968741,45.36232307795822,11.020406456514156
812,-0.9525301064917826,0.3044444058063035,45.36228240091858,11.02041601452553
813,-0.9526611857227333,0.30403398694447953,45.362253981623894,11.020428604698854
814,-0.9663080880689543,0.25738818724355245,45.362220751950396,11.020436265257821
815,-0.9521825385786413,0.305529725601183,45.362193512289984,11.020439845727854
816,-0.9626649561579668,0.27069573728705065,45.362148908932554,11.02045496673548
817,-0.9535543724878677,0.3012209466641868,45.36211613173669,11.020474146104048
818,-0.9600220994383245,0.27992421937022827,45.36209739541426,11.020485207724285
819,-0.954623996007682,0.2978137442199826,45.36205916203807,11.020477889687818
820,-0.9661580416332023,0.2579508452932367,45.36203547859264,11.020498980441783
821,-0.9590908596529656,0.28309843328802714,45.36199389236825,11.020508588531063
822,-0.9639683779681886,0.26601685337094627,45.36197098126785,11.02051617070496
823,-0.9622118580610397,0.27230192839332146,45.36193601836391,11.020538122741304
824,-0.960909004783898,0.2768643793000804,45.36190704040137,11.020545491252362
825,-0.9752328913851397,0.22118048639195156,45.36186974058665,11.02056584722045
826,-0.9632619608403638,0.26856357682674986,45.361840193215045,11.02058013314582
827,-0.9617599843739412,0.27389365172825103,45.36180017039926,11.020592171119986
828,-0.969008725129986,0.24702649781341118,45.361773293322976,11.020599363807118
829,-0.9695069494335402,0.24506381821899134,45.36175521161097,11.020616180106924
830,-0.9706455913011289,0.24051431576453383,45.36171714224252,11.020635540065843
831,-0.9692109395130212,0.24623191248960147,45.361699279440906,11.020650269130202
832,-0.9782161290856336,0.2075890286039199,45.36166874373934,11.020668265942096
833,-0.9799107942595077,0.19943629382261588,45.361634339293694,11.020693948539412
834,-0.9807552142780458,0.19524141380973598,45.36159603284765,11.020698778678305
835,-0.9833762019963592,0.18157985942062974,45.361570602109495,11.020722801633912
836,-0.9807947853412503,0.19504253138074987,45.361542093897526,11.020732734822925
837,-0.9837394688553357,0.17960138478369803,45.36151183736154,11.020757677522102
838,-0.9811565601260679,0.19321440039909454,45.36147526570655,11.020780011321836
839,-0.9854272855112763,0.17009722211099595,45.361452024660565,11.02080090602002
840,-0.9895767241842343,0.14400662121166524,45.36143717836819,11.020824275770375
841,-0.9916007597799192,0.12933651148800496,45.36141027764981,11.020845796496095
842,-0.9891166932018624,0.14713316155582612,45.36137254602501,11.020869626316166
843,-0.9912944834048628,0.13166338584088688,45.361351307761666,11.02088715391589
844,-0.9947144820482549,0.10267959487391837,45.361323755729444,11.020910523351995
845,-0.9874092156687403,0.15818672767474234,45.361299307667565,11.020934358793594
846,-0.9935008711494866,0.1138245097736481,45.36127483039115,11.020960052121927
847,-0.9900419997498023,0.1407722939054855,45.36123715563349,11.020970685650745
848,-0.9946625640458295,0.10318131461546703,45.36121514793642,11.020990881394997
849,-0.9878115223797582,0.15565473411941058,45.36118935099214,11.021011505303104
850,-0.996122656437584,0.08797529955465269,45.361151489418624,11.02102926346138
851,-0.994922293132227,0.10064606613529863,45.36111770143406,11.021049419720283
852,-0.9934480950666704,0.1142842176698239,45.361093244636685,11.02106147913714
853,-0.9910796152933729,0.1332711377228398,45.361056827427014,11.02106372360888
854,-0.9941618014569722,0.10789954830224172,45.36103182725375,11.021072180522944
855,-0.9888679585635556,0.14879570063125552,45.36099229260738,11.021091261102178
856,-0.9937248813614366,0.1118519564567329,45.36095880526435,11.02110183364242
857,-0.9903758919916524,0.13840373030283132,45.36092985409959,11.021102286218843
858,-0.9917872564372279,0.12789854560829236,45.36088945467541,11.021105561472886
859,-0.9887877087655981,0.14932805159808013,45.36085932189232,11.021114574779018
860,-0.9856865889774195,0.16858810251633932,45.36082766371362,11.02111232492465
861,-0.9823906754762596,0.18683832780588272,45.36078174776135,11.021112793131453
862,-0.9872621269552434,0.15910214542805126,45.36075042311371,11.021110887364868
863,-0.9784706517417091,0.20638600650275452,45.36070956282438,11.021121676657451
864,-0.9836547111384193,0.1800650139677138,45.360670093126224,11.021119667435341
865,-0.9782441103869521,0.20745712928998264,45.36063079948173,11.021122013735058
866,-0.9719092928736526,0.23535574440798449,45.360595136384845,11.021116119631515
867,-0.9695378978181154,0.24494134949907845,45.36055525410977,11.021103919349732
868,-0.9736280634963145,0.22814117114720117,45.36051879714407,11.021103573578909
869,-0.9680387693029351,0.2508006003311373,45.36048616513876,11.021108590155682
870,-0.9605696592979448,0.27803943899423755,45.36044629902595,11.02110309819594
871,-0.9657804540118313,0.25936097364233696,45.36041235471943,11.021103538869868
872,-0.9615596436280288,0.27459616120029473,45.360369195756725,11.021110001257028
873,-0.9662426882360692,0.25763359142459363,45.36032779528383,11.021096770481789
874,-0.9694975611180878,0.2451009567220811,45.36030233282586,11.021101215063506
875,-0.9632287728596617,0.2686825843542345,45.36026547474936,11.021102220649736
876,-0.9645434955170744,0.26392393839078604,45.36023721845797,11.021109649781213
877,-0.9665942279700274,0.25631152618449843,45.3601842607557,11.021109692201527
878,-0.968165872809996,0.25030949387919477,45.360154876338676,11.021112787277387
879,-0.9532320455490815,0.3022394205564752,45.36012686645404,11.021115877252333
880,-0.9654373696512519,0.2606351574152498,45.36009413939644,11.021122544919443
881,-0.9528006159619765,0.3035967493608555,45.36007091508484,11.021133888029278
882,-0.9538737323175523,0.30020809914887775,45.36002287676774,11.021135561801847
883,-0.9554990672506078,0.2949941227943673,45.35999627984397,11.021140061509245
884,-0.9467036928030761,0.32210575597623065,45.35995859951367,11.02113608639093
885,-0.9593345812226821,0.2822714319060665,45.3599212767624,11.021147263169478
886,-0.9517311203279133,0.3069330132119628,45.3598959016066,11.021158171834887
887,-0.9580310920091056,0.28666431020243954,45.359860316545245,11.021163783156181
888,-0.9417234998885798,0.3363879453214754,45.35982243224345,11.021178627668617
889,-0.9557142490393055,0.2942962354214482,45.359797585460335,11.021184290431329
890,0.11045709672701148,0.9938808931570421,45.35975751160207,11.021184970147985
891,0.1279031412958965,0.991786663777368,45.359750593211906,11.021187848350511
892,0.11424132313487376,0.993453028627118,45.35975911134952,11.021203645894014
893,0.12791064182366194,0.991785696462829,45.35976656145975,11.021200993807883
894,0.15031876068181782,0.9886375828315866,45.359762564244186,11.02120563587899
895,0.13931956535902515,0.9902474734671997,45.35976291167116,11.021216995808949
896,0.12472279546751018,0.9921916267993646,45.35976638767054,11.02121149543758
897,0.13043741066587092,0.9914565456432183,45.359767380404485,11.021223729719306
898,0.11598375256799494,0.9932511108175244,45.35977849889979,11.021221736817154
899,0.12077081724696546,0.9926804167009139,45.35977515734246,11.021232444695976
