,Sin,Cosin,Lat,Lon
0,0.9576229795648381,-0.2880247020818902,45.35967301810093,11.02059201848091
1,0.9612409827648648,-0.2757095809964481,45.35970719372233,11.020578630097976
2,0.9538441162995975,-0.3003021841423067,45.359735927067014,11.020566269172223
3,0.955177582515239,-0.29603342017472245,45.35976870784025,11.020564601283716
4,0.9488026926860597,-0.315869356461944,45.359804840901866,11.020550739531162
5,0.955971989595947,-0.2934579273217313,45.35983984828982,11.020543234114694
6,0.9534236066999262,-0.30163459050199215,45.35986900141762,11.020527161761178
7,0.9473075558658567,-0.32032545106415894,45.35989727718916,11.02052413336787
8,0.9539487593417406,-0.2999696060442687,45.359922078858986,11.020509733120118
9,0.9457924055582039,-0.3247718054086991,45.35996683358691,11.020505352650565
10,0.9569731923413802,-0.2901763414545501,45.3600008792884,11.020496369357232
11,0.9493909630397753,-0.31409679924890677,45.36004230216451,11.020484974478686
12,0.9462456924912386,-0.32344874314453037,45.36006716022476,11.020479253603638
13,0.9514911321407644,-0.30767616979136747,45.36009032283874,11.020462483386408
14,0.9577677155660094,-0.2875430455070472,45.36012106432709,11.020458566327106
15,0.960048832924448,-0.27983251848276214,45.360157560604144,11.020454204685294
16,0.9556151961789213,-0.29461771303151774,45.36018838505937,11.020438001214819
17,0.952161259688305,-0.3055960332674168,45.36023450480724,11.020430014473991
18,0.9551423309532135,-0.2961471384654289,45.36025395396104,11.020423414666906
19,0.9540527940948673,-0.2996385590670478,45.360293210818554,11.020414276655183
20,0.9448438900036202,-0.3275210276040711,45.360328274336894,11.020412514514549
21,0.955642820754947,-0.2945280956709023,45.360353761416924,11.020390804570559
22,0.9399908022683184,-0.34119978260685196,45.360384291310616,11.020387376588372
23,0.9421265731803037,-0.3352573938148686,45.36042181000838,11.020382354648428
24,0.9464875589578556,-0.3227402992159482,45.36045731466038,11.020374481262197
25,0.9450113598279669,-0.3270375051826578,45.3604880137945,11.020363710516035
26,0.9451570925988235,-0.3266160900968274,45.3605293302479,11.02035430196174
27,0.9558661123269357,-0.29380261282873216,45.36054886548515,11.020351989795197
28,0.9451898725832139,-0.326521216410401,45.3605810474213,11.02034728313078
29,0.9487122606945457,-0.31614086481795456,45.36062318510479,11.020341918548592
30,0.9413594439710998,-0.33740539006723314,45.36065886074458,11.020334742960245
31,0.9311988927318443,-0.36451148428408553,45.36068395034653,11.020325066381778
32,0.9431825394055292,-0.33227503270714975,45.36070703548761,11.020317493363688
33,0.9426548285841773,-0.333769192926692,45.36076315177184,11.020306185189288
34,0.9399934052333275,-0.34119261146433605,45.36078751767946,11.020300506182082
35,0.9394393699624839,-0.3427151443465714,45.3608160315852,11.020294128423306
36,0.9350317477741437,-0.3545640007874885,45.36085770389038,11.020290177643293
37,0.9383634890982229,-0.3456500576123334,45.36089050384389,11.020284491379703
38,0.9498607299399857,-0.31267330189492926,45.3609128224849,11.020273880940028
39,0.9374492888832582,-0.3481218619568062,45.36094794162612,11.020262776042507
40,0.9298945878163082,-0.3678261213534708,45.360989605799695,11.020262877656394
41,0.9436953911930349,-0.33081567169803916,45.361016542212425,11.020243886165842
42,0.9462375621509709,-0.32347252738770177,45.36105600623438,11.020233852645374
43,0.9433226845526245,-0.33187695431956354,45.361084744094285,11.020220314229139
44,0.9445913868407086,-0.32824855202475267,45.36111643067359,11.020222271134976
45,0.9385477005802395,-0.34514955270946684,45.36115293576335,11.020202225102661
46,0.9453434260194503,-0.3260763819748495,45.361184544725816,11.020193520270107
47,0.93314075931741,-0.35951122833720706,45.361216072499744,11.020182737138036
48,0.9355917488007386,-0.35308367220246206,45.36125489952321,11.020176678396542
49,0.9382572726551196,-0.3459382752887811,45.36127303083826,11.020170496520752
50,0.9385457936922819,-0.3451547379691096,45.361307523719134,11.02014192093127
51,0.9486326889675896,-0.31637955278766117,45.36132460861389,11.020133046247041
52,0.9521750506614945,-0.30555306069123295,45.36137107719767,11.020121416559093
53,0.94614090501532,-0.3237551356454307,45.361399297694504,11.020120506284206
54,0.949274306629056,-0.31444918631461755,45.36142393939572,11.020101813489083
55,0.9489714554546532,-0.31536197730905546,45.36146732680557,11.020090340803131
56,0.9424787377909223,-0.3342661047908238,45.36149324663661,11.02006929419332
57,0.9439409730815613,-0.33011428223849265,45.36152182837505,11.02005861167083
58,0.9528674383149363,-0.303386955881645,45.3615576953502,11.020049847449418
59,0.9429025363852445,-0.33306877199502316,45.36158761593056,11.020035911838201
60,0.952570693627075,-0.3043173896490852,45.36162416176945,11.020027070751789
61,0.9496118826245826,-0.31342825714698413,45.36166029211372,11.020007974310229
62,0.9499395304714525,-0.31243381450745117,45.36169632448353,11.01999855246971
63,0.952651188603438,-0.3040653101760488,45.36171731166818,11.019990153602999
64,0.9572380980944846,-0.28930126780996646,45.361754733190196,11.019966869912029
65,0.9482233329482007,-0.317604330657826,45.36177891973812,11.019963548009725
66,0.9508035342831427,-0.30979451124041035,45.36180867435771,11.019948550609845
67,0.9488882329459442,-0.3156122959846837,45.36184491178139,11.019935119594155
68,0.957946538541585,-0.28694673599153503,45.361877168213454,11.019926459194046
69,0.9523893530081327,-0.3048844375771754,45.36191254678917,11.019919809479907
70,0.9494192211971031,-0.314011373076655,45.3619513469515,11.019912301012525
71,0.9546999853437683,-0.2975700555912988,45.36197435405298,11.019895394037235
72,0.9506462709050785,-0.31027675970698815,45.36200056283011,11.01987573695611
73,0.9543415031693421,-0.2987177519473537,45.36204992113954,11.019872512509606
74,0.955568870978764,-0.29476793044083077,45.36206497677692,11.019853770401799
75,0.9563661076294704,-0.29217095710843044,45.36209027219674,11.01984358288322
76,0.9494184502102739,-0.31401370416005986,45.36213848277593,11.019845780188051
77,0.9604174918402619,-0.2785646089639897,45.36216017021596,11.01983026588131
78,0.9527406714128593,-0.30378481370169574,45.3621949330633,11.019815787384427
79,0.950703985664747,-0.3100998736555119,45.3622320931409,11.019810390996097
80,0.12392768013956254,0.992291252654797,45.36226181255256,11.019796722582273
81,0.14845401781496512,0.9889193114681268,45.362256863868325,11.019805866683706
82,0.14129283704006737,0.9899678450339531,45.36225672330319,11.019812800476565
83,0.12553507963921484,0.9920891813642441,45.362268776661516,11.019812997654254
84,0.1308613121665249,0.9914006843744134,45.36226725345672,11.01981118547604
85,0.12947271486306314,0.9915829849820881,45.362261190806386,11.019830189887708
86,0.12415288611849723,0.9922631006282797,45.36225878880094,11.019838307874256
87,0.12840970183622605,0.9917212050139553,45.36226110684141,11.01984246415192
88,0.10774408938096468,0.9941786616114161,45.362261873188096,11.019840261360011
89,0.15342435557476394,0.9881603954401676,45.36226082746379,11.019847077777902
90,-0.9545544650719687,0.29803652999450847,45.36226551435755,11.019853755967764
91,-0.9585174594660494,0.2850338223768374,45.36223132282426,11.019859659215475
92,-0.9509600365492801,0.30931377092879647,45.362197213881075,11.019878432340427
93,-0.9527342857662932,0.30380483986498846,45.362168757053446,11.019881941767212
94,-0.9560849869361245,0.29308957292157406,45.36213527147676,11.019879351596376
95,-0.956724375234559,0.2909956525999018,45.362097685682755,11.01990389377971
96,-0.9541621424198099,0.2992901701908006,45.36207371767772,11.019918853693973
97,-0.9581692476127972,0.286202188896462,45.3620379907026,11.019923041961455
98,-0.9630864908211335,0.2691921454980339,45.36201025396907,11.019923909615065
99,-0.9552719877715863,0.2957286414585546,45.36197955689585,11.019946057975801
100,-0.9570720045986114,0.2898502682655229,45.36193876713819,11.01994563655303
101,-0.9642718894266491,0.26491455841754,45.36190572896749,11.019963864285224
102,-0.9565011606501646,0.2917285205030322,45.36187202628464,11.019980182363133
103,-0.9448714523292959,0.3274415040478637,45.36184277060838,11.019976980098434
104,-0.956094174699122,0.2930595999219356,45.36181033853023,11.019984391437443
105,-0.9579775825176428,0.28684307799501274,45.3617808007174,11.019997207131395
106,-0.9525407556176341,0.3044110853556204,45.36175177471033,11.020016116859223
107,-0.9409631316162901,0.338509061826806,45.36170418920552,11.020013948931688
108,-0.9534707046500309,0.30148568021412464,45.361678856090236,11.020032285763465
109,-0.9428716298588324,0.33315625404207677,45.36165544827681,11.020043621914347
110,-0.9632478079022123,0.268614334263052,45.361624637511504,11.020052336271533
111,-0.950785013064425,0.30985134973416073,45.36158058827278,11.020061588160303
112,-0.9520392448358148,0.30597594070849976,45.361549146220646,11.02007499905869
113,-0.9591791930892007,0.28279900202219554,45.36151914097315,11.020087678754619
114,-0.9550399862996455,0.2964770219912042,45.36148771352533,11.02009295853886
115,-0.9539470766618542,0.29997495716859857,45.361451364643855,11.020100615863655
116,-0.9485717537344901,0.31656220244538646,45.36141054176768,11.020112533664197
117,-0.9469146917048443,0.32148493997933975,45.36139030382445,11.020121966459323
118,-0.9547752972589807,0.29732832314467617,45.36135969915116,11.020140129841936
119,-0.9529931154224236,0.30299195031793047,45.36132768663674,11.020144569939102
120,-0.9435034769006639,0.3313626247426803,45.361298827859784,11.020152282952726
121,-0.9527775318068705,0.30366918658963066,45.36126561802679,11.020169690717779
122,-0.9552710345801021,0.29573172047019475,45.36122857869132,11.020166810440436
123,-0.9505455085188276,0.31058531232929154,45.361201853088886,11.020192657961445
124,-0.9544210715097632,0.2984634286778791,45.361156473951716,11.020196561194565
125,-0.9519587834295208,0.30622618217811926,45.36112539908851,11.02020886598837
126,-0.9483328052064264,0.31727730862655495,45.361104167211145,11.020212252972517
127,-0.9534151465687806,0.3016613304572374,45.36106313661147,11.020226785597979
128,-0.9541915845273768,0.2991962901125845,45.36103283548944,11.020226843450756
129,-0.9658161017838246,0.25922819587208673,45.36099822032905,11.02024975675182
130,-0.9566249503856421,0.29132233745400965,45.36097079175892,11.020258202254237
131,-0.9557464066510852,0.2941917846805692,45.36094298096653,11.020267195489323
132,-0.9501997093197236,0.31164164100567915,45.360899190052194,11.020268377802171
133,-0.9532637451818394,0.3021394249711432,45.36087149979768,11.020285327512457
134,-0.9506157702097313,0.31037019416909106,45.36083679872332,11.020292414693987
135,-0.9593436370418694,0.28224065275448523,45.360807626287915,11.020299695564667
136,-0.9545815016664084,0.29794992310169294,45.360773106729745,11.020314572457298
137,-0.9427232571340626,0.33357586911907183,45.36074310297474,11.020328040944031
138,-0.9458260446209784,0.3246738260418215,45.36070797764444,11.02033465597669
139,-0.9568792129145716,0.2904860958668935,45.360678043679414,11.02033720092585
140,-0.9614067115661019,0.27513112320429,45.36065640109561,11.020353243310128
141,-0.9547455486713177,0.29742383443884335,45.36061561131643,11.020368634970152
142,-0.9554622603151386,0.2951133157170079,45.36058307110085,11.020374486498989
143,-0.9534002657431628,0.3017083579897422,45.3605486284078,11.02038618451166
144,-0.958106671591666,0.2864116021594437,45.360523797621816,11.020398418774697
145,-0.9601555893731478,0.2794659982815498,45.36048390081871,11.020421108275173
146,-0.9487666110314675,0.3159777172394661,45.36045565194103,11.020413118832565
147,-0.9423079657639262,0.3347472145632454,45.36041113703396,11.020415601699966
148,-0.9518691402468514,0.3065047142308254,45.36039110822065,11.020436868858766
149,-0.9529213859833697,0.3032174667388632,45.36034634132502,11.020445100972195
150,-0.9609966118899362,0.27656014162576514,45.360323657068605,11.020447418572301
151,-0.9502843229610302,0.31138353446272105,45.36028446941995,11.020469215241368
152,-0.9486447540778692,0.3163433744533605,45.36025135201674,11.020476217604998
153,-0.9442431399256863,0.32924898284319853,45.36022211227691,11.020486605069806
154,-0.9526170724415953,0.30417217705241256,45.360187819375874,11.020500942575243
155,-0.9564359976079397,0.29194208754426804,45.36015898518599,11.020504640283452
156,-0.9515626680440095,0.3074548564992366,45.36013150090709,11.020517264202152
157,-0.9481393063002151,0.31785508623985664,45.36008576340981,11.020522611901324
158,-0.947362353322187,0.32016335128781953,45.360070277157405,11.020526771163132
159,-0.9556948653874967,0.29435917562048997,45.36002918083466,11.020548677271492
160,-0.9538398153678032,0.300315844768662,45.35999360732629,11.020561673269373
161,-0.9496607976895198,0.31328001744717926,45.35996692191896,11.020572188330112
162,-0.9547218572901256,0.2974998743066844,45.359938783619334,11.020567849424477
163,-0.9591768635715285,0.2828069030081929,45.359903198627286,11.020584357194284
164,-0.9631725553212818,0.2688840431782305,45.35987663631178,11.02059932766965
165,-0.9565185590101727,0.2916714697551043,45.35983045447743,11.020596135930397
166,-0.9497333001766881,0.313060151625046,45.35980101034656,11.02061674755393
167,-0.9453674363171505,0.3260067642720598,45.35977137982978,11.020633618981984
168,-0.9506039694380746,0.31040633577389537,45.35972665637889,11.020639235468343
169,-0.9575466458441122,0.28827837420224617,45.359708289073744,11.020639078911902
170,0.11783395531541921,0.9930333121173347,45.359671501574944,11.02065425745392
171,0.11767218030918679,0.9930524950783227,45.35967894165516,11.020664834403645
172,0.11167408854987193,0.9937448857461131,45.35967676922164,11.020672602849862
173,0.13691191181138998,0.990583226389459,45.359672714737734,11.020677183051562
174,0.1564099515059209,0.987692222845718,45.35967529248379,11.020693318611613
175,0.1357109397413282,0.9907484750604089,45.35968227531256,11.020691443958247
176,0.15179507614163126,0.9884119863999811,45.359683230248116,11.02069642384707
177,0.1306590087218261,0.9914273666990587,45.359683653328055,11.020709281859911
178,0.12420331195972516,0.9922567899985544,45.35968671795849,11.020712282386047
179,0.1210948605207315,0.9926409394919518,45.35968971097809,11.020721965961869
