,Sin,Cosin,Lat,Lon
0,0.9564089030607648,-0.2920308376629164,45.35967100554033,11.020599209809312
1,0.9502146351283536,-0.3115961283262196,45.35970441260567,11.02059483288887
2,0.9353800908436225,-0.35364400978014104,45.359743300210965,11.02057954342129
3,0.9518202877566501,-0.30665638720699717,45.35977445233902,11.020573817697297
4,0.9543067575591098,-0.29882873435635066,45.3598064128376,11.020558840040891
5,0.9558793613351317,-0.293759504652259,45.35982664358569,11.020548761445008
6,0.9458470515594373,-0.32461262306989747,45.35987149507873,11.020531568851398
7,0.9570406102587299,-0.28995391067477927,45.359909924708354,11.020530292550802
8,0.9619771995398134,-0.2731297632363378,45.35993857219575,11.020504374063423
9,0.9519510489456262,-0.3062502251612594,45.35997693356815,11.02050237200744
10,0.9507716849013942,-0.30989224448147135,45.36001260969748,11.020493967609884
11,0.9484241742200442,-0.3170040784517248,45.36005560372965,11.02048375085394
12,0.9470834423256802,-0.3209874659118951,45.36008006027069,11.02047043883939
13,0.9642613279354131,-0.26495299856433735,45.36012471121457,11.020458872117239
14,0.9523983563105872,-0.3048563118862586,45.36014564629685,11.020454775220175
15,0.961550292898822,-0.27462890275094803,45.360183777687546,11.020440960058293
16,0.9613939385846929,-0.2751757526611162,45.360217864176015,11.020429240163137
17,0.9572678825309558,-0.28920269894089873,45.360255180248444,11.020427691483237
18,0.9560074155449935,-0.2933424984944769,45.360287606249074,11.020407178005737
19,0.9503390276108133,-0.31121653651394204,45.36031874652341,11.020389170168539
20,0.9468783247533682,-0.3215920367674782,45.36034933173857,11.020375127287824
21,0.9508477650990832,-0.309658727643964,45.36038324488741,11.02036844568984
22,0.946785003805472,-0.3218666751452723,45.36042578412521,11.020362235899121
23,0.9518242327485612,-0.3066441422114773,45.36044669150836,11.02035085634478
24,0.9448395882324164,-0.32753343723778444,45.360488930425205,11.020341887600223
25,0.9572984584945389,-0.2891014724348177,45.36053096941609,11.020333378538325
26,0.961430232951301,-0.27504891777137924,45.36057019923461,11.020328411892217
27,0.9548836919921089,-0.2969800241893708,45.36059332764338,11.02031152558329
28,0.9545381274462116,-0.2980888512700197,45.36062841772669,11.020303248868233
29,0.9585203265553071,-0.2850241806940379,45.360656640993184,11.020295997496657
30,0.937785775661298,-0.3472143991359486,45.36069674209681,11.020272557644468
31,0.9565258375910589,-0.2916475990313023,45.360731658433735,11.020262935611067
32,0.9516811607033792,-0.30708788377640206,45.36076654508048,11.02024623435691
33,0.9556849777871337,-0.2943912757403074,45.360797200088214,11.020245524115266
34,0.9574301668971444,-0.2886649883780611,45.36083426217797,11.020238689716788
35,0.9555209947840829,-0.2949230891721374,45.3608614784389,11.020230448300547
36,0.9510467445714447,-0.30904706703034296,45.360896039703306,11.02021366219132
37,0.9480459398653804,-0.31813345612300437,45.36093658697343,11.020204218440528
38,0.9561408645021724,-0.29290723314564704,45.36096847451969,11.020192139741102
39,0.951197592591956,-0.3085824684703706,45.361002764959636,11.020177944254247
40,0.9531280448799255,-0.3025672323027904,45.361043551001565,11.020176212416034
41,0.9573909971918184,-0.2887948726969639,45.3610779515959,11.020155392062788
42,0.9578997917369934,-0.2871027498827289,45.361111125311595,11.020147335393688
43,0.9458759103729787,-0.3245285229006672,45.36114209381398,11.020143862528725
44,0.9558793357980772,-0.29375958774859895,45.36118329259396,11.020132248341612
45,0.9569842046304989,-0.2901400215201814,45.361210704400804,11.020115498961488
46,0.9441782574333912,-0.32943499842919677,45.36123735999232,11.020112931810552
47,0.9496046407852226,-0.31345019731875834,45.36128125646303,11.020100237420337
48,0.9627274459980545,-0.2704734085304194,45.36131958094675,11.020083778458211
49,0.9507001953800175,-0.31011149366703034,45.36134620486901,11.020069391798227
50,0.9566833042559043,-0.2911306499803906,45.36138190714847,11.02005856224494
51,0.9595329041514241,-0.28159653025336445,45.36141654767947,11.020056649699542
52,0.9587364102887046,-0.28429649239258753,45.36144744151206,11.020051280816915
53,0.9598379025476002,-0.2805551654007169,45.36147909141884,11.020030522215029
54,0.9459886358179643,-0.3241997854768982,45.36151771099771,11.020019567797178
55,0.9483234268174737,-0.3173053389862257,45.36154731997143,11.020009825324275
56,0.9507289468279987,-0.31002333728821846,45.36159461463829,11.01999847635285
57,0.9632462617809557,-0.26861987857382114,45.361614750098944,11.019992798690335
58,0.965991400814651,-0.2585741935154171,45.36165958053087,11.01997605218226
59,0.939903383745078,-0.3414405207712649,45.361685733638865,11.019971224961125
60,0.9595781404184199,-0.2814423429960872,45.36172359966201,11.019960781572015
61,0.9570447858048222,-0.28994012823995563,45.361754415401585,11.019946652534468
62,0.9607093351568586,-0.277556432716784,45.36179000606595,11.019936380961099
63,0.9525620412879449,-0.3043444717706298,45.361832193759945,11.019921355321504
64,0.9456080859642735,-0.32530808129983974,45.361863326656454,11.019907571088645
65,0.9615267643237084,-0.27471126931594847,45.36189198841166,11.019906071006089
66,0.9532176807401898,-0.3022847219498427,45.361922674234876,11.019890996965833
67,0.9463768089109025,-0.3230649091987818,45.36195807851833,11.019878317410775
68,0.956645633169045,-0.29125441205000974,45.36199492325025,11.019874100364243
69,0.9460574945225853,-0.32399879175337765,45.36203094997366,11.01986995560077
70,0.9495456028899999,-0.3136289974352923,45.36205833189815,11.01985646943617
71,0.9563292380630816,-0.29229161538724635,45.3620929583919,11.01984386724925
72,0.9585989755770344,-0.28475955475218045,45.36213004535361,11.019831072267953
73,0.959227839914103,-0.28263395254944873,45.36216737403808,11.019822018126675
74,0.9499551867918763,-0.3123862082218284,45.362199854424176,11.019808687432489
75,0.9578858381062778,-0.28714930115783627,45.36223477747965,11.019795497844475
76,0.1250256618858284,0.9921535082183657,45.3622697511652,11.019785639692387
77,0.1378922702683329,0.9904472332235802,45.36226912100439,11.019788049312908
78,0.11504540830775836,0.9933602337658284,45.362267868524064,11.019788240664496
79,0.13258803445949463,0.9911712329956756,45.36227162316898,11.01979952405109
80,0.1420868073675919,0.9898542009670337,45.36227003307159,11.019801508684607
81,0.13575699252564707,0.9907421657426272,45.36227544238957,11.019814095853734
82,0.1343818776946705,0.9909296195730828,45.3622638791415,11.019815591811211
83,0.11525208019565766,0.9933362763991728,45.36226932203854,11.019821154508023
84,0.1421737682113169,0.9898417144334718,45.362269259058195,11.019827987452008
85,0.1311328495428036,0.9913648045854686,45.36227318155436,11.019831384958263
86,0.17050847419772908,0.9853562098179329,45.36228391577989,11.019838183447625
87,0.16393923556774795,0.9864704390104462,45.36228173880423,11.01983955484698
88,-0.9394051968612355,0.34280880401486685,45.362270077680066,11.019847743400042
89,-0.9529693936963316,0.30306655156589984,45.36223954897955,11.019853955652334
90,-0.9511901365601969,0.30860545055230965,45.36220447688131,11.019869018478696
91,-0.9552457626279185,0.2958133414526912,45.362166444261355,11.01988148527433
92,-0.9671700971037127,0.25412989447995876,45.36212520530489,11.01988388754749
93,-0.9580420767127784,0.2866275968009131,45.36209316586233,11.019906929131881
94,-0.9557042407057854,0.29432873508541135,45.36206970696378,11.019911269971804
95,-0.9478307711312068,0.31877394701703876,45.36203320755416,11.019920023640573
96,-0.9502945558275118,0.3113523039333291,45.36199617038165,11.019939884554347
97,-0.9521788680279106,0.3055411646261217,45.36196714222254,11.019948751964444
98,-0.960846422188754,0.2770814915635302,45.36192903021255,11.019956396142428
99,-0.9587156898382448,0.2843663588717524,45.361903282051344,11.019963206469942
100,-0.9382641179315636,0.34591970889514934,45.36186105845514,11.019974773934948
101,-0.9560074558951496,0.2933423669927063,45.361833121419345,11.019988626252958
102,-0.9443132868670415,0.32904774159134503,45.36179475373531,11.020004193306514
103,-0.9525229880909426,0.3044666765974597,45.3617549086211,11.019999190669177
104,-0.9568332434394097,0.29063747908557747,45.36172344140369,11.020020453975599
105,-0.9617192503380828,0.2740366463251877,45.361691537176206,11.02002792713274
106,-0.9551726480787915,0.29604934109392816,45.36165250867289,11.020039089001319
107,-0.9544663649036952,0.2983185516650383,45.361622299222525,11.02004629248111
108,-0.946168674881912,0.32367396971676093,45.3615841746516,11.020061551890867
109,-0.9568898236326627,0.2904511412066607,45.36155351169937,11.02007561770717
110,-0.9615236396305821,0.2747222059309341,45.36151635986095,11.020082161074908
111,-0.9580519644253306,0.2865945454134901,45.361494176137484,11.0200951423643
112,-0.9564632056929215,0.29185293583519106,45.36144960983387,11.020109277381586
113,-0.9535351091371572,0.3012819205375418,45.36141403576958,11.020114626264837
114,-0.9471615643442303,0.3207568721461638,45.361376644790944,11.02012025841603
115,-0.9529685234470504,0.3030692879840328,45.36135031748573,11.020140778157328
116,-0.9437071609967043,0.3307820948653969,45.36131738202118,11.02014835852726
117,-0.9435721944451335,0.331166897304056,45.36127576675894,11.02015871375172
118,-0.9536145983455429,0.3010302274228768,45.36126430631667,11.020170863943537
119,-0.9532854170716274,0.302071040648675,45.36121661203307,11.020173336812377
120,-0.9517207489520314,0.306965170685836,45.36117175859423,11.020183305713907
121,-0.956962655708879,0.290211087966345,45.36114304725474,11.020193700039835
122,-0.9541251579069011,0.2994080544159274,45.36111657835353,11.02021497728717
123,-0.9607483478102882,0.2774213621547581,45.361077426723554,11.020223068268507
124,-0.9510592478735274,0.30900858731472247,45.36104088430916,11.020231620346891
125,-0.9563393631534676,0.29225848573346846,45.36100214535508,11.020240938828309
126,-0.9444030217521587,0.3287901040259449,45.36096730632445,11.02025274000591
127,-0.9475902934401969,0.3194880839372911,45.360940855979884,11.020263883778481
128,-0.9435350658644451,0.3312726663704346,45.3608989545689,11.020273881957815
129,-0.955224695284181,0.29588136392690173,45.36087737917007,11.020292512809322
130,-0.9581116670300995,0.286394890842703,45.360834802714166,11.020304086628807
131,-0.9541962428290817,0.29918143353300564,45.360818579336126,11.020305510725422
132,-0.9472110379203408,0.32061074473864837,45.360769707492246,11.020318594518807
133,-0.9484157846013783,0.31702917770916905,45.36073481357645,11.020324469871774
134,-0.954435560718072,0.29841709139521383,45.36069828210517,11.020344752728269
135,-0.9528053584518774,0.3035818652445982,45.360667509132185,11.020348818369655
136,-0.9538134807176252,0.3003994740363712,45.360632002801175,11.020350203493887
137,-0.9534272064267422,0.30162321204658377,45.36059563654842,11.02037163312623
138,-0.9540268665279551,0.29972110026298004,45.36056102424429,11.020386687431829
139,-0.948647997234219,0.31633364876899395,45.36053188426428,11.020389859394065
140,-0.9518076742810586,0.3066955349849133,45.360502873048965,11.020397331330713
141,-0.9521082922503453,0.3057610175089868,45.36047200110852,11.020413382602426
142,-0.9490170996536135,0.31522459384547324,45.36043509299092,11.020418440300183
143,-0.9540109613359329,0.29977172256717155,45.360407492453405,11.02043570736872
144,-0.9597364003314157,0.2809021927271067,45.360358172433344,11.020454670318918
145,-0.960870853238333,0.27699675701538073,45.36032870399191,11.020458257797491
146,-0.9402436984867673,0.3405022576370458,45.36029100877083,11.020464576983972
147,-0.9505274655350783,0.31064052740017767,45.360253244305454,11.020475728912547
148,-0.9511878705633005,0.3086124347677099,45.360231282772,11.02048873196864
149,-0.9502601139290862,0.3114574061978303,45.36018947035213,11.02049489505147
150,-0.9558977433672348,0.29369968373396005,45.36016679142996,11.020516413498356
151,-0.957586852132701,0.28814479107314184,45.360127554922016,11.020522024172928
152,-0.9510739438373903,0.30896335276791737,45.360086326492954,11.020530379282956
153,-0.9566436222656288,0.2912610169221016,45.36005734236656,11.020545144999955
154,-0.9568007475613013,0.29074444012936,45.36001729293227,11.020552178375727
155,-0.9479820364342438,0.31832382662625797,45.35999535625069,11.02057435696573
156,-0.9554264655711479,0.2952291802756362,45.35994776060568,11.020577235880113
157,-0.9535439143524552,0.3012540512613855,45.35991841754369,11.020592776654391
158,-0.9512316135391987,0.30847758006638415,45.359887072302826,11.020606235837736
159,-0.952697988986682,0.3039186433582709,45.35985152165377,11.02061810530025
160,-0.9553829507604111,0.2953699669843397,45.3598101317644,11.02062009918322
161,-0.9551720742099332,0.296051192616233,45.3597835439081,11.020620966167302
162,-0.955136428440079,0.2961661747511519,45.35974450108921,11.020640895177326
163,-0.9575023990499015,0.28842530369869285,45.359727703002974,11.02064517450487
164,0.1347173289619236,0.9908840705538489,45.359679357181975,11.020662263848974
165,0.13849414631171764,0.9903632522652426,45.359686989857586,11.020665255740564
166,0.14104009439026594,0.990003884726916,45.35968649156466,11.020671976858955
167,0.15221739813298907,0.9883470360686185,45.359681877246835,11.020680269178078
168,0.14915307777946393,0.9888141177131894,45.35969495968969,11.020684259599834
169,0.13891870348143542,0.9903037886542881,45.35968595415211,11.020691872576489
170,0.12457775496753534,0.9922098482514919,45.35969466983419,11.020691527251016
171,0.14632354683379264,0.9892367864378977,45.3596986453509,11.020705935685642
172,0.13778567838378125,0.9904620673364131,45.35969764038188,11.020707572860276
173,0.11228813327767598,0.9936756891083806,45.35968832294143,11.02071518882787
174,0.14109088695303154,0.9899966472765486,45.35970279884963,11.02072108048307
175,0.1129851584275521,0.9935966757065469,45.35969441247905,11.020725237898553
176,0.9551401374019319,-0.29615421307794787,45.3597031298121,11.020728678006188
177,0.9462035293713774,-0.32357206462417143,45.35973696073678,11.020715619547367
178,0.9648516753400627,-0.26279506196554425,45.359768449324264,11.020707743872324
179,0.9588940806756634,-0.2837642367268544,45.35979419324821,11.020690594580422
180,0.9589842092501614,-0.2834594969459355,45.359833151945296,11.020684993345574
181,0.9549641075581614,-0.2967213394342313,45.35986643049784,11.020677192427254
182,0.9531811477757766,-0.3023999000080079,45.35990112310709,11.02066260220173
183,0.9522676353143832,-0.30526439480023376,45.359929565149486,11.020656130944836
184,0.9471548703815286,-0.32077663804047474,45.35997762700983,11.020634878634203
185,0.9556236509389713,-0.29459028796970077,45.360011727916685,11.020626074339107
186,0.9454737949683563,-0.32569817780904864,45.36004777958731,11.020621355037896
187,0.9508380825054225,-0.3096884577400512,45.360076916021825,11.020611575563965
188,0.9519392897824294,-0.3062867750467263,45.360110553962954,11.020600669400755
189,0.9502227012049763,-0.3115715296921691,45.36014854185358,11.020584600805668
190,0.9495313446730658,-0.31367216242975654,45.360171156988585,11.020577903098651
191,0.9504694191915564,-0.3108180869603077,45.360220856211605,11.020564874733164
192,0.9530733202437004,-0.3027395683415845,45.36024180747787,11.02055053773719
193,0.9568069687309763,-0.2907239663114149,45.36026973536691,11.020538411074902
194,0.9496594216319387,-0.3132841887259739,45.36030226404141,11.020535039320956
195,0.9577032706373153,-0.2877576157299564,45.36034133246836,11.020510685499968
196,0.9526519923965181,-0.3040627918423173,45.36036963313517,11.020514705539874
197,0.9562339148025918,-0.29260331539698853,45.36041101190571,11.020495676573672
198,0.9632920314371864,-0.26845569870952396,45.36043989844005,11.02048619183426
199,0.951893081982097,-0.30643035175162514,45.36047697873582,11.020479468077227
200,0.95693206939641,-0.290311926314963,45.36050886863196,11.02048227034898
201,0.9484263790270566,-0.3169974819547088,45.36054642473137,11.020452108460711
202,0.9636171760892315,-0.26728624720665106,45.36057655534498,11.020450720213667
203,0.9504405456265093,-0.3109063673024136,45.36061042787801,11.020434782162239
204,0.9506959259481259,-0.3101245820402431,45.36064591718982,11.020424427582434
205,0.9497033391512266,-0.31315103002386924,45.360674576080584,11.0204152226679
206,0.9515837494398118,-0.3073896026251855,45.36071740345125,11.020401755174923
207,0.9553677643305052,-0.29541908346979273,45.36074058151808,11.02040386372289
208,0.9545497125987329,-0.29805175083813285,45.36077286597949,11.020382072661633
209,0.9535410018790829,-0.3012632698080449,45.360813491259776,11.020371675956126
210,0.9482054029948285,-0.3176578563980669,45.36084537016019,11.020360006181146
211,0.9617268848531397,-0.2740098519226556,45.36087372982851,11.020342541602668
212,0.9573547298828612,-0.28891507605335137,45.36091723416739,11.020337825585461
213,0.9604813873473228,-0.2783442195544251,45.36094254752168,11.020326486438291
214,0.9581921243377232,-0.28612558930854354,45.36098660928132,11.02031420587379
215,0.9606513919578694,-0.2777569137382686,45.36101045486026,11.020302422130136
216,0.9571865786168614,-0.2894716803346177,45.36104837122482,11.020299093292357
217,0.9442719486273309,-0.3291663516150207,45.361086557148724,11.020280480947777
218,0.9651654743204066,-0.26164022469770315,45.3611185493663,11.020283967352748
219,0.9575108333612934,-0.28839730233787114,45.3611535457137,11.020262763814069
220,0.9532764263065848,-0.30209941252532463,45.361179632826335,11.020246381628915
221,0.9575980039714171,-0.28810772775119686,45.361219415176066,11.0202494371577
222,0.9521010349920223,-0.3057836149422007,45.36124215582605,11.020233787113508
223,0.941843618854571,-0.3360514806140952,45.361282102742116,11.020228908468743
224,0.9566559518567094,-0.29122051743847543,45.361311167404814,11.02020958604537
225,0.9655328657591543,-0.2602811655477877,45.36134761255462,11.020202906844501
226,0.9505361850300922,-0.3106138453907654,45.36138395157352,11.02018120190621
227,0.9495600599957771,-0.31358522360088364,45.36142043132204,11.020179663830694
228,0.950677521955486,-0.3101809943381065,45.36145374103752,11.020155596876359
229,0.9545961593116534,-0.2979029584066602,45.361479467189014,11.020158484555088
230,0.945809662683614,-0.3247215452881259,45.36151672599848,11.020141834953606
231,0.9550667911260103,-0.2963906619451187,45.36155570177269,11.02013426773108
232,0.9556846735814155,-0.2943922632841823,45.36158664041842,11.02012314107947
233,0.9599761786082124,-0.28008166042205185,45.36162272239116,11.020116008809106
234,0.9575048694632705,-0.2884171023953422,45.36165146637177,11.020100960261317
235,0.9511204812842396,-0.3088200610090548,45.3616859242025,11.020099453378629
236,0.9460092291068156,-0.32413968970912604,45.361724329824504,11.020076192247963
237,0.9494560509405061,-0.31389999575096994,45.3617505685359,11.020076491765193
238,0.9556894498647261,-0.2943767576036823,45.36178861894108,11.020056401420321
239,0.9640149286612938,-0.26584810948765586,45.36182392163063,11.020045652045615
240,0.9550951738258625,-0.2962991882110807,45.36186648773443,11.020033603825883
241,0.9593166026112591,-0.2823325272695156,45.361891555019795,11.020031624015648
242,0.9468329027147321,-0.32172574397581966,45.361926036238756,11.020017810903216
243,0.9479271288929486,-0.31848729693469907,45.36194958190492,11.01999423713594
244,0.9446823612726699,-0.32798664042959536,45.36199634372606,11.019990893569547
245,0.9466525990761951,-0.3222558869319295,45.36203240655016,11.019987108134984
246,0.9541637093019866,-0.2992851747933298,45.362055630759215,11.019971389552548
247,0.949247181303155,-0.31453106172207407,45.36209449468476,11.019956264673423
248,0.9565357415248917,-0.2916151148096158,45.36213286322161,11.019941709139257
249,0.9562523501509439,-0.2925430614982972,45.36216550499951,11.019938194794417
250,0.9601375579015143,-0.2795279411917817,45.362195271982394,11.019932273332909
251,0.9542364597789931,-0.29905313713193876,45.3622331819674,11.019913496867698
252,0.11857427836097915,0.9929451850485872,45.3622611177849,11.019908469153716
253,0.11565715277053037,0.993289194048246,45.36226265975293,11.019911323678784
254,0.12249350946763049,0.9924693144567763,45.362265345175366,11.019917591391906
255,0.12042475023342972,0.9927224584601761,45.36227327568562,11.019925991294206
256,0.1199200148617232,0.9927835564893106,45.36226797923704,11.019946474955876
257,0.13275607997781153,0.9911487392056375,45.36228154792937,11.019947396338067
258,0.13105057619412588,0.9913756838248493,45.36227684333956,11.019937675270562
259,0.10455105996553024,0.9945195201000753,45.362280756470206,11.019949615027684
260,0.11746083990249367,0.9930775151464264,45.3622755935522,11.019960933734234
261,0.1345937064657585,0.9909008700065861,45.36229747335971,11.019964540787722
262,0.13271974201262826,0.9911536056939416,45.36228530009823,11.019967210362617
263,0.12104159727217677,0.9926474357644813,45.36230042402113,11.019984113344691
264,-0.9606304716644558,0.27782925855590734,45.36229537657784,11.019984058611874
265,-0.9467442519090246,0.32198652375095066,45.362253489541445,11.01999200119787
266,-0.9539245350752784,0.3000466320114491,45.36223027401782,11.020007893565857
267,-0.9611253949340267,0.2761122511097816,45.362191221345725,11.020011608960752
268,-0.9499982171157809,0.3122553241769268,45.36216325753241,11.020023232396621
269,-0.9641126163970443,0.2654936212115949,45.362125044464484,11.020035046631914
270,-0.9558507150333377,0.29385270216599507,45.36208933873369,11.0200536277544
271,-0.9597745459313834,0.2807718308203418,45.36206341397821,11.02005960418298
272,-0.9471174488528293,0.32088711111309565,45.36202572723509,11.020066435407795
273,-0.9639941159354012,0.26592356879736007,45.36199437264657,11.020080636066623
274,-0.9549171584441521,0.2968723976878718,45.36195512391712,11.02009911894187
275,-0.9427382746608625,0.333533424845937,45.361926047473425,11.020106211582801
276,-0.9558268138871296,0.29393043710098904,45.361887101791105,11.020109815186911
277,-0.9538061463790014,0.3004227606717557,45.361850675016676,11.020121053644717
278,-0.9524312629449749,0.30475348950428766,45.36180951664792,11.020123298683963
279,-0.9590862077876758,0.2831141925645109,45.361781472978905,11.020141934558382
280,-0.950536553665707,0.3106127172948984,45.361747041860376,11.020165272059542
281,-0.9534959209744259,0.3014059201228988,45.36171202832354,11.020166383059442
282,-0.9519185963640423,0.3063510827405567,45.3616809955567,11.020181570431463
283,-0.9587657969700111,0.2841973725432019,45.361640759227974,11.020177650705298
284,-0.9445841671649289,0.32826932714059304,45.361613031681706,11.02019536840948
285,-0.9443724069760229,0.32887802745442424,45.361577122221085,11.020206916741193
286,-0.9505641249772959,0.31052833092352083,45.36154883869968,11.020214298798846
287,-0.9454960291139682,0.325633626841145,45.36150971374466,11.020230111815552
288,-0.9479291385846463,0.31848131534231383,45.361484934183586,11.020242882370031
289,-0.9351172669838375,0.3543383933314006,45.36145727722207,11.020257177440255
290,-0.9545388454036274,0.29808655222185027,45.361409634633326,11.020272890487977
291,-0.9518923834397116,0.30643252169028173,45.36137072883525,11.020276683317473
292,-0.9523969752278316,0.30486062647852225,45.36133729379327,11.020283633409205
293,-0.9543357119938981,0.29873625292739353,45.361300037396205,11.020295079762022
294,-0.9583100940855973,0.2857302286662258,45.36127782319731,11.020308384484045
295,-0.952759118679853,0.303726952660428,45.36123830969289,11.020315344192934
296,-0.9555101967001012,0.2949580716002426,45.36120260787948,11.020326629516042
297,-0.946554863229614,0.32254285125602566,45.361176820701665,11.020338991780433
298,-0.9499587907158799,0.3123752486059406,45.361137462119785,11.020345683075726
299,-0.9527532920463818,0.3037452295835802,45.36111192422123,11.020368471863753
300,-0.9551401727222566,0.2961540991647725,45.36106669926019,11.020379563351206
301,-0.9473912906811555,0.32007771297216914,45.36102968051866,11.02037788481966
302,-0.9563159744952046,0.29233500803921386,45.36100640861234,11.020392998534195
303,-0.9555611931763596,0.29479281893453935,45.36097559807914,11.020399011299151
304,-0.954777794195021,0.2973203049105296,45.36093370010169,11.020420803152614
305,-0.9499907766225152,0.3122779600486567,45.36089708719869,11.020421908023058
306,-0.9522910666387288,0.30519129148793256,45.360864254560624,11.020426120467738
307,-0.9459791859533772,0.32422735810382486,45.3608353266435,11.020446235208581
308,-0.953059130953462,0.3027842349037212,45.360797511164265,11.020467416695613
309,-0.945707943579839,0.32501766944274285,45.36075722895489,11.02046120456996
310,-0.9585652207400653,0.28487316052508305,45.36072020171059,11.02047834122718
311,-0.9424007230910498,0.33448598941878926,45.36069307339216,11.020490819531828
312,-0.9526815976876355,0.30397002060620076,45.36066260789461,11.020491089891712
313,-0.9655324144927124,0.26028283954935066,45.360622689473395,11.020507810365233
314,-0.9551557572278028,0.2961038321848986,45.36058322179395,11.020530249015843
315,-0.9492515240461437,0.3145179551250985,45.36055274623951,11.020533469544134
316,-0.9544046404360476,0.2985159665983358,45.3605241237238,11.020545452874025
317,-0.9589975035781233,0.28341451644354326,45.36048568580835,11.020556484762412
318,-0.9518800642974433,0.3064707868510393,45.36046235882927,11.020570313411376
319,-0.9484473219121269,0.31693481594440587,45.360420217097875,11.02057977662937
320,-0.9519124892208478,0.3063700586959654,45.36038758302516,11.020586372720578
321,-0.9591587829739748,0.28286821851152444,45.36035849068309,11.020600923311903
322,-0.9602468855636066,0.2791521426845831,45.36032550159418,11.02060409897225
323,-0.9486848482876044,0.31622311526756736,45.36027754454612,11.020619392544246
324,-0.9478869678072274,0.3186068051081462,45.360248833900286,11.02061434844125
325,-0.9540077386139111,0.2997819785523664,45.36021172693091,11.02063432039462
326,-0.9510285804892546,0.30910295872507143,45.36017012645314,11.020647385874417
327,-0.9581760128176878,0.2861795388576866,45.360146791354154,11.020663564913688
328,-0.959183192848143,0.28278543554723984,45.36010645065954,11.020670726023873
329,-0.957109365850406,0.2897268744894644,45.36007542040929,11.02068252734538
330,-0.9528587873208414,0.3034141252899336,45.360047078320186,11.020692113514459
331,-0.9592731694409676,0.2824800637048226,45.36000615269748,11.020711180362232
332,-0.9487365227267393,0.3160680471739835,45.359975658930985,11.02070688184829
333,-0.9441728111553744,0.32945060733736337,45.359933919143856,11.020727351680582
334,-0.95075573601477,0.3099411725392627,45.35991132983533,11.020741245518618
335,-0.9548589511044463,0.29705956220212243,45.3598803599877,11.020751583840045
336,-0.950727928930954,0.310026458791276,45.35983546713406,11.020763402297511
337,-0.947375188680606,0.3201253689921906,45.35980091472044,11.020771938229462
338,-0.9439368226515816,0.3301261498918808,45.359772694925084,11.020780829166755
339,-0.9619504898870643,0.2732238185188784,45.359739620013144,11.020793769611451
340,0.1245269306674128,0.9922162282176972,45.35970385999509,11.020800512415287
341,0.14903341469514975,0.9888321603307123,45.35970078544804,11.020800732074003
342,0.13384078884916242,0.9910028472412347,45.35970936847679,11.02081383974371
343,0.1195421692588669,0.9928291241542446,45.35969980856702,11.020824516129684
344,0.12876755883933166,0.991674803446452,45.35971361955179,11.020816451718396
345,0.12121164861273605,0.9926266852349792,45.35970625628756,11.020816263612735
346,0.14940800417901273,0.9887756309129205,45.359720242980735,11.020834566729109
347,0.12987489838760646,0.9915303882225743,45.35971858124103,11.020842723968345
348,0.1199792106108551,0.9927764043434937,45.3597165976391,11.02084812144808
349,0.13215036148696593,0.9912296817382257,45.35971199491263,11.020857803078945
350,0.1048071069146514,0.9944925692734867,45.35971000997593,11.020869422392428
351,0.11869057845918354,0.9929312899617094,45.359710107289814,11.020876307356769
