,Sin,Cosin,Lat,Lon
0,0.9537169507482269,0.30070579950427306,45.3596665575,11.020597651
1,0.955040636077442,0.2964749288570535,45.359695232926384,11.020587966495508
2,0.955040636077442,0.2964749288570535,45.35971800962717,11.020585237215467
3,0.955040636077442,0.2964749288570535,45.359770088010656,11.020567950630015
4,0.955040636077442,0.2964749288570535,45.359797144225304,11.020559793782807
5,0.955040636077442,0.2964749288570535,45.35983217344468,11.020550908719965
6,0.955040636077442,0.2964749288570535,45.35985461019759,11.020543713288651
7,0.955040636077442,0.2964749288570535,45.35988398382575,11.020531132503365
8,0.955040636077442,0.2964749288570535,45.35991627396223,11.02051861653409
9,0.955040636077442,0.2964749288570535,45.35995357611943,11.020517115833234
10,0.955040636077442,0.2964749288570535,45.3599827866734,11.020503888275902
11,0.955040636077442,0.2964749288570535,45.36001350843893,11.020487084383326
12,0.955040636077442,0.2964749288570535,45.360052640818154,11.020481043544066
13,0.955040636077442,0.2964749288570535,45.36008434298577,11.020465204705673
14,0.955040636077442,0.2964749288570535,45.36011074828394,11.020459473902635
15,0.955040636077442,0.2964749288570535,45.36012823689919,11.020446536651754
16,0.955040636077442,0.2964749288570535,45.36017409183447,11.020438131395977
17,0.955040636077442,0.2964749288570535,45.360203980159675,11.020435669355296
18,0.955040636077442,0.2964749288570535,45.3602337119246,11.02042238756356
19,0.955040636077442,0.2964749288570535,45.36026457277168,11.0204141527992
20,0.955040636077442,0.2964749288570535,45.36029377333959,11.020395908395452
21,0.955040636077442,0.2964749288570535,45.36032561786811,11.020394934147493
22,0.955040636077442,0.2964749288570535,45.36035594033809,11.020379996042768
23,0.955040636077442,0.2964749288570535,45.36038969230046,11.020371027892628
24,0.955040636077442,0.2964749288570535,45.36041938058275,11.020363179467417
25,0.955040636077442,0.2964749288570535,45.360455352397544,11.020345573051662
26,0.955040636077442,0.2964749288570535,45.360488627222345,11.02034140338788
27,0.955040636077442,0.2964749288570535,45.360517230744996,11.020336609376612
28,0.955040636077442,0.2964749288570535,45.36055645564139,11.020324215175664
29,0.955040636077442,0.2964749288570535,45.36057740714018,11.020302358644118
30,0.955040636077442,0.2964749288570535,45.3606131489998,11.020307922062843
31,0.955040636077442,0.2964749288570535,45.360643917251224,11.020288740711095
32,0.955040636077442,0.2964749288570535,45.36067615919269,11.02028148507002
33,0.955040636077442,0.2964749288570535,45.360719294518326,11.020278215226186
34,0.955040636077442,0.2964749288570535,45.36074127059104,11.020262089194503
35,0.955040636077442,0.2964749288570535,45.36077107248144,11.020259357265482
36,0.955040636077442,0.2964749288570535,45.36080025781398,11.020258936601415
37,0.955040636077442,0.2964749288570535,45.360834122893614,11.020240620212869
38,0.955040636077442,0.2964749288570535,45.36086270390946,11.020228514328425
39,0.955040636077442,0.2964749288570535,45.36089958695807,11.020209813033661
40,0.955040636077442,0.2964749288570535,45.36094056936807,11.020198060220608
41,0.955040636077442,0.2964749288570535,45.360953363175824,11.020190256220634
42,0.955040636077442,0.2964749288570535,45.361001097907746,11.020192792426672
43,0.955040636077442,0.2964749288570535,45.36102386347828,11.020186475329593
44,0.955040636077442,0.2964749288570535,45.36105485942498,11.020168288650279
45,0.955040636077442,0.2964749288570535,45.36108643424107,11.020161018043042
46,0.955040636077442,0.2964749288570535,45.361122308566664,11.020144956633379
47,0.955040636077442,0.2964749288570535,45.36114857093941,11.020135114297227
48,0.955040636077442,0.2964749288570535,45.36118795345377,11.020129353097674
49,0.955040636077442,0.2964749288570535,45.36120877759461,11.020124795991702
50,0.955040636077442,0.2964749288570535,45.36123138372062,11.02011296185162
51,0.955040636077442,0.2964749288570535,45.36127211168195,11.02010844755916
52,0.955040636077442,0.2964749288570535,45.36130895718542,11.020086246237904
53,0.955040636077442,0.2964749288570535,45.361345888199395,11.020071598548974
54,0.955040636077442,0.2964749288570535,45.36137236481889,11.020071848384804
55,0.955040636077442,0.2964749288570535,45.361406922896926,11.020057775300932
56,0.955040636077442,0.2964749288570535,45.36143626330122,11.020044474443662
57,0.955040636077442,0.2964749288570535,45.361467102290824,11.020038259519877
58,0.955040636077442,0.2964749288570535,45.3614921683368,11.02003333052584
59,0.955040636077442,0.2964749288570535,45.361527214901436,11.020022983697253
60,0.955040636077442,0.2964749288570535,45.36156367252004,11.02000904306962
61,0.955040636077442,0.2964749288570535,45.36158121776814,11.020007608896831
62,0.955040636077442,0.2964749288570535,45.36161980970114,11.019995102582497
63,0.955040636077442,0.2964749288570535,45.36165049099033,11.019974606429342
64,0.955040636077442,0.2964749288570535,45.361690386896846,11.019977684563255
65,0.955040636077442,0.2964749288570535,45.36172463988847,11.019959458074382
66,0.955040636077442,0.2964749288570535,45.361753718650455,11.019948787535045
67,0.955040636077442,0.2964749288570535,45.36178298911357,11.019942216944408
68,0.955040636077442,0.2964749288570535,45.36181724125014,11.019929921674272
69,0.955040636077442,0.2964749288570535,45.36184546097041,11.019926518342848
70,0.955040636077442,0.2964749288570535,45.361882119270874,11.019907223448902
71,0.955040636077442,0.2964749288570535,45.36191017927169,11.019909972041315
72,0.955040636077442,0.2964749288570535,45.361941084652365,11.019884921055118
73,0.955040636077442,0.2964749288570535,45.36197439596091,11.01988225566236
74,0.955040636077442,0.2964749288570535,45.362005345131756,11.019870029341865
75,0.955040636077442,0.2964749288570535,45.36203212548503,11.01986104944941
76,0.955040636077442,0.2964749288570535,45.36206518584348,11.019852002506772
77,0.955040636077442,0.2964749288570535,45.362096258246204,11.019850760483905
78,0.955040636077442,0.2964749288570535,45.3621250842947,11.019832060429305
79,0.955040636077442,0.2964749288570535,45.362164871319436,11.01982363972164
80,0.955040636077442,0.2964749288570535,45.36218630548347,11.019826997815457
81,0.955040636077442,0.2964749288570535,45.362230618277316,11.019806076409333
82,0.955040636077442,0.2964749288570535,45.36225589,11.01979384
83,0.1871863868101744,0.9823244151465196,45.36226613034436,11.019797981387496
84,0.1871863868101744,0.9823244151465196,45.362250751656184,11.019799205329893
85,0.1871863868101744,0.9823244151465196,45.3622573052611,11.01980620721321
86,0.1871863868101744,0.9823244151465196,45.3622594753752,11.019810754047029
87,0.1871863868101744,0.9823244151465196,45.36226033183672,11.019815292576066
88,0.1871863868101744,0.9823244151465196,45.362266646695026,11.0198292016857
89,0.1871863868101744,0.9823244151465196,45.362265599837905,11.019821851150542
90,0.1871863868101744,0.9823244151465196,45.362258501910574,11.01983547665558
91,0.1871863868101744,0.9823244151465196,45.36225967390562,11.019832280822
92,0.1871863868101744,0.9823244151465196,45.36226138342728,11.019834655055288
93,0.1871863868101744,0.9823244151465196,45.36225895716055,11.019839411302081
94,0.1871863868101744,0.9823244151465196,45.36225624159997,11.019846786606506
95,0.1871863868101744,0.9823244151465196,45.362260668342635,11.019863184992474
96,0.1871863868101744,0.9823244151465196,45.36226747,11.01985461
97,-0.954287848765298,0.29888911271389534,45.362228537965954,11.01986524256816
98,-0.954287848765298,0.29888911271389534,45.36220374369133,11.01988439354349
99,-0.954287848765298,0.29888911271389534,45.362166317072344,11.019884923824948
100,-0.954287848765298,0.29888911271389534,45.362133993348245,11.019900343496964
101,-0.954287848765298,0.29888911271389534,45.36209217432713,11.019909061613731
102,-0.954287848765298,0.29888911271389534,45.36206806236022,11.01991922265312
103,-0.954287848765298,0.29888911271389534,45.36202794667532,11.01991997489937
104,-0.954287848765298,0.29888911271389534,45.362005730359606,11.019941147909252
105,-0.954287848765298,0.29888911271389534,45.36196415108749,11.019955334793092
106,-0.954287848765298,0.29888911271389534,45.36191831874229,11.019968867003351
107,-0.954287848765298,0.29888911271389534,45.361895391955095,11.019977028837046
108,-0.954287848765298,0.29888911271389534,45.361860221130904,11.01997957911681
109,-0.954287848765298,0.29888911271389534,45.361825785237215,11.019991739260822
110,-0.954287848765298,0.29888911271389534,45.36179060006487,11.020000720614776
111,-0.954287848765298,0.29888911271389534,45.3617500667746,11.020020604645367
112,-0.954287848765298,0.29888911271389534,45.361720440608586,11.020029139276877
113,-0.954287848765298,0.29888911271389534,45.361695639746124,11.020032591976197
114,-0.954287848765298,0.29888911271389534,45.36165892661968,11.020051019024264
115,-0.954287848765298,0.29888911271389534,45.361616403416306,11.020055781896913
116,-0.954287848765298,0.29888911271389534,45.36158451591573,11.020070595298364
117,-0.954287848765298,0.29888911271389534,45.36155323719529,11.020076254944046
118,-0.954287848765298,0.29888911271389534,45.36151568632608,11.020081700369943
119,-0.954287848765298,0.29888911271389534,45.36148990553497,11.020103784094669
120,-0.954287848765298,0.29888911271389534,45.36145163130948,11.020108411518423
121,-0.954287848765298,0.29888911271389534,45.3614122688567,11.020114576456733
122,-0.954287848765298,0.29888911271389534,45.361376670933225,11.020130499915574
123,-0.954287848765298,0.29888911271389534,45.36134448450544,11.020150327522416
124,-0.954287848765298,0.29888911271389534,45.36130750356266,11.020142754814806
125,-0.954287848765298,0.29888911271389534,45.3612757930479,11.02015318325893
126,-0.954287848765298,0.29888911271389534,45.36124907675936,11.020186125766793
127,-0.954287848765298,0.29888911271389534,45.36121617430302,11.020187885271048
128,-0.954287848765298,0.29888911271389534,45.36117533404672,11.020198694324147
129,-0.954287848765298,0.29888911271389534,45.361149377314554,11.020202523898305
130,-0.954287848765298,0.29888911271389534,45.36111305653788,11.02021882048666
131,-0.954287848765298,0.29888911271389534,45.361071256795526,11.02022999173244
132,-0.954287848765298,0.29888911271389534,45.36104607660553,11.020246342584556
133,-0.954287848765298,0.29888911271389534,45.361008048165736,11.020254136356964
134,-0.954287848765298,0.29888911271389534,45.360976534060235,11.0202530549265
135,-0.954287848765298,0.29888911271389534,45.36093953706332,11.020268400359019
136,-0.954287848765298,0.29888911271389534,45.36090942698946,11.020292918647423
137,-0.954287848765298,0.29888911271389534,45.36087610441492,11.020292164129259
138,-0.954287848765298,0.29888911271389534,45.36083831754138,11.02030272378067
139,-0.954287848765298,0.29888911271389534,45.36080785703013,11.020317846575118
140,-0.954287848765298,0.29888911271389534,45.36076352538732,11.020324591393551
141,-0.954287848765298,0.29888911271389534,45.36073356821566,11.020333090110126
142,-0.954287848765298,0.29888911271389534,45.360703109159076,11.020341521338946
143,-0.954287848765298,0.29888911271389534,45.36066148292323,11.020357250036017
144,-0.954287848765298,0.29888911271389534,45.360631940694375,11.020369300644637
145,-0.954287848765298,0.29888911271389534,45.36058915940443,11.020382920704764
146,-0.954287848765298,0.29888911271389534,45.36057245670857,11.020386196014405
147,-0.954287848765298,0.29888911271389534,45.36053156178041,11.02039769334407
148,-0.954287848765298,0.29888911271389534,45.36049366491164,11.02040273927656
149,-0.954287848765298,0.29888911271389534,45.36046132671517,11.020419240846955
150,-0.954287848765298,0.29888911271389534,45.36042108523915,11.02042455689902
151,-0.954287848765298,0.29888911271389534,45.36039720249174,11.0204454976736
152,-0.954287848765298,0.29888911271389534,45.360365040264945,11.02045528189412
153,-0.954287848765298,0.29888911271389534,45.36032654950616,11.020465017865774
154,-0.954287848765298,0.29888911271389534,45.360294447297925,11.0204775658615
155,-0.954287848765298,0.29888911271389534,45.36026077934558,11.02048089450777
156,-0.954287848765298,0.29888911271389534,45.36021902569849,11.020491112447166
157,-0.954287848765298,0.29888911271389534,45.36018328047864,11.02049862793053
158,-0.954287848765298,0.29888911271389534,45.36015360249247,11.020512690758125
159,-0.954287848765298,0.29888911271389534,45.36012197931302,11.020529585785974
160,-0.954287848765298,0.29888911271389534,45.36008652438154,11.02053130977802
161,-0.954287848765298,0.29888911271389534,45.36005274941024,11.020550785029764
162,-0.954287848765298,0.29888911271389534,45.36002499198999,11.020554941425317
163,-0.954287848765298,0.29888911271389534,45.35998444734108,11.020578416439267
164,-0.954287848765298,0.29888911271389534,45.35995009367855,11.020578074907924
165,-0.954287848765298,0.29888911271389534,45.35991581410777,11.020596173153013
166,-0.954287848765298,0.29888911271389534,45.359880333279264,11.020602591545021
167,-0.954287848765298,0.29888911271389534,45.359854450896904,11.020613239971441
168,-0.954287848765298,0.29888911271389534,45.35981964213027,11.020627310659712
169,-0.954287848765298,0.29888911271389534,45.35977313842332,11.020632298737068
170,-0.954287848765298,0.29888911271389534,45.35974390421764,11.020639655481435
171,-0.954287848765298,0.29888911271389534,45.359711735388444,11.020647692008733
172,-0.954287848765298,0.29888911271389534,45.35967972,11.02066511
173,0.18092866714612515,0.9834962213474573,45.3596837788773,11.020677794182545
174,0.18092866714612515,0.9834962213474573,45.359686655537885,11.020669717587534
175,0.18092866714612515,0.9834962213474573,45.35968265901385,11.020683801582521
176,0.18092866714612515,0.9834962213474573,45.35967664816958,11.0206862960512
177,0.18092866714612515,0.9834962213474573,45.35968951249857,11.020690908397038
178,0.18092866714612515,0.9834962213474573,45.35968976549948,11.020692387983038
179,0.18092866714612515,0.9834962213474573,45.359685800894866,11.020704876403675
180,0.18092866714612515,0.9834962213474573,45.3596803021582,11.020712378923509
181,0.18092866714612515,0.9834962213474573,45.35968820069603,11.020707375745152
182,0.18092866714612515,0.9834962213474573,45.359687184665745,11.020716261189673
183,0.18092866714612515,0.9834962213474573,45.359690428978844,11.020728843703077
184,0.18092866714612515,0.9834962213474573,45.3596953069886,11.020741103777238
185,0.18092866714612515,0.9834962213474573,45.35969351,11.02074007
186,0.9528471844721362,0.30345056111914304,45.35972172806726,11.020736663363254
187,0.9528471844721362,0.30345056111914304,45.359752981946706,11.020717447149304
188,0.9528471844721362,0.30345056111914304,45.359791231670535,11.020708664514718
189,0.9528471844721362,0.30345056111914304,45.35983004116467,11.0207023594664
190,0.9528471844721362,0.30345056111914304,45.35984984619303,11.020696373421034
191,0.9528471844721362,0.30345056111914304,45.35987922300843,11.02066674812662
192,0.9528471844721362,0.30345056111914304,45.35992597665284,11.020664927518192
193,0.9528471844721362,0.30345056111914304,45.35995469956145,11.020655590423079
194,0.9528471844721362,0.30345056111914304,45.35999395282594,11.020649672512176
195,0.9528471844721362,0.30345056111914304,45.36001977746412,11.020639116615211
196,0.9528471844721362,0.30345056111914304,45.360046860477595,11.020633687407084
197,0.9528471844721362,0.30345056111914304,45.360084484929274,11.020608719259878
198,0.9528471844721362,0.30345056111914304,45.36012717815289,11.020602233476618
199,0.9528471844721362,0.30345056111914304,45.36014384951439,11.020587040200605
200,0.9528471844721362,0.30345056111914304,45.36018488778303,11.020584116805631
201,0.9528471844721362,0.30345056111914304,45.36022122373829,11.020576361078906
202,0.9528471844721362,0.30345056111914304,45.36023830427214,11.020569246381836
203,0.9528471844721362,0.30345056111914304,45.3602913183305,11.02055549345392
204,0.9528471844721362,0.30345056111914304,45.36030140364504,11.020541701600214
205,0.9528471844721362,0.30345056111914304,45.36033930506841,11.020534167705968
206,0.9528471844721362,0.30345056111914304,45.3603769294956,11.020524618188272
207,0.9528471844721362,0.30345056111914304,45.360417128274705,11.020505883447727
208,0.9528471844721362,0.30345056111914304,45.36044104990712,11.020503231295374
209,0.9528471844721362,0.30345056111914304,45.36047494839431,11.020483838004004
210,0.9528471844721362,0.30345056111914304,45.36050591747689,11.020482597580038
211,0.9528471844721362,0.30345056111914304,45.36054756535945,11.020471678327958
212,0.9528471844721362,0.30345056111914304,45.360571907858436,11.020464236838368
213,0.9528471844721362,0.30345056111914304,45.36061481797285,11.020455487151645
214,0.9528471844721362,0.30345056111914304,45.36064387934135,11.020437384653656
215,0.9528471844721362,0.30345056111914304,45.36067399376766,11.020429678160111
216,0.9528471844721362,0.30345056111914304,45.360709879019275,11.0204176576137
217,0.9528471844721362,0.30345056111914304,45.36074105226463,11.020408964524998
218,0.9528471844721362,0.30345056111914304,45.36076861219231,11.020404487671579
219,0.9528471844721362,0.30345056111914304,45.36080878657547,11.02038493898141
220,0.9528471844721362,0.30345056111914304,45.36083202755559,11.020381544355056
221,0.9528471844721362,0.30345056111914304,45.36086672646119,11.020364977468489
222,0.9528471844721362,0.30345056111914304,45.36090849598822,11.02035087668135
223,0.9528471844721362,0.30345056111914304,45.36093367175983,11.020349335741457
224,0.9528471844721362,0.30345056111914304,45.36096951217452,11.020336042052637
225,0.9528471844721362,0.30345056111914304,45.36100108591181,11.020329354113736
226,0.9528471844721362,0.30345056111914304,45.36103536814028,11.02031952080908
227,0.9528471844721362,0.30345056111914304,45.36106238795739,11.020291151211604
228,0.9528471844721362,0.30345056111914304,45.36109953282004,11.020287087926116
229,0.9528471844721362,0.30345056111914304,45.361129803978606,11.020277724826943
230,0.9528471844721362,0.30345056111914304,45.36115270891081,11.020268749229405
231,0.9528471844721362,0.30345056111914304,45.36118514851375,11.020257136090416
232,0.9528471844721362,0.30345056111914304,45.36122324191617,11.020258558010442
233,0.9528471844721362,0.30345056111914304,45.36126505357288,11.02023945327519
234,0.9528471844721362,0.30345056111914304,45.36128783705205,11.020232537004684
235,0.9528471844721362,0.30345056111914304,45.36132720321439,11.020222397511766
236,0.9528471844721362,0.30345056111914304,45.36135210762107,11.020214319752881
237,0.9528471844721362,0.30345056111914304,45.361394990003745,11.02020048145854
238,0.9528471844721362,0.30345056111914304,45.361422927859934,11.020193158987796
239,0.9528471844721362,0.30345056111914304,45.361449652949624,11.020173450787748
240,0.9528471844721362,0.30345056111914304,45.36148099037927,11.020165381453921
241,0.9528471844721362,0.30345056111914304,45.36152777789723,11.020159437533097
242,0.9528471844721362,0.30345056111914304,45.36155977600709,11.020155857303726
243,0.9528471844721362,0.30345056111914304,45.36158649868976,11.020137084684352
244,0.9528471844721362,0.30345056111914304,45.361620050842916,11.020125423576962
245,0.9528471844721362,0.30345056111914304,45.36165503445329,11.020117056956352
246,0.9528471844721362,0.30345056111914304,45.36168272741507,11.020109023692507
247,0.9528471844721362,0.30345056111914304,45.3617112971019,11.020092516924565
248,0.9528471844721362,0.30345056111914304,45.36174126005417,11.020084893611216
249,0.9528471844721362,0.30345056111914304,45.361781065883854,11.020074800593115
250,0.9528471844721362,0.30345056111914304,45.361807803513415,11.020069946069109
251,0.9528471844721362,0.30345056111914304,45.36184952738005,11.020053418942702
252,0.9528471844721362,0.30345056111914304,45.36187659606218,11.020038149741548
253,0.9528471844721362,0.30345056111914304,45.361903034645486,11.020031698042589
254,0.9528471844721362,0.30345056111914304,45.36194741375008,11.0200185165666
255,0.9528471844721362,0.30345056111914304,45.36197444267661,11.020018897787908
256,0.9528471844721362,0.30345056111914304,45.36200587222383,11.019998129229863
257,0.9528471844721362,0.30345056111914304,45.3620390470476,11.019989286237003
258,0.9528471844721362,0.30345056111914304,45.362070613847564,11.019977081704598
259,0.9528471844721362,0.30345056111914304,45.36211473138698,11.01997031277741
260,0.9528471844721362,0.30345056111914304,45.362145028529916,11.019959866936151
261,0.9528471844721362,0.30345056111914304,45.36216420308012,11.019951724924491
262,0.9528471844721362,0.30345056111914304,45.36220978607261,11.019955636394187
263,0.9528471844721362,0.30345056111914304,45.36224807033444,11.019932374982522
264,0.9528471844721362,0.30345056111914304,45.36227073,11.01991931
265,0.2108778085845649,0.9775124295100148,45.36227104422341,11.019925086871911
266,0.2108778085845649,0.9775124295100148,45.36226776168311,11.019927139254438
267,0.2108778085845649,0.9775124295100148,45.36226798627432,11.019921605700322
268,0.2108778085845649,0.9775124295100148,45.36228026728051,11.01993420681799
269,0.2108778085845649,0.9775124295100148,45.3622791125016,11.019939389499434
270,0.2108778085845649,0.9775124295100148,45.36227889231052,11.019937596060613
271,0.2108778085845649,0.9775124295100148,45.36227561633892,11.019942190809452
272,0.2108778085845649,0.9775124295100148,45.36228243440527,11.01993768026587
273,0.2108778085845649,0.9775124295100148,45.36228212505084,11.019955713259106
274,0.2108778085845649,0.9775124295100148,45.362279712823415,11.019950115313447
275,0.2108778085845649,0.9775124295100148,45.36228339559332,11.019969835875335
276,0.2108778085845649,0.9775124295100148,45.362277483796234,11.019974574212732
277,0.2108778085845649,0.9775124295100148,45.362282024032254,11.019977840465613
278,0.2108778085845649,0.9775124295100148,45.36228238675963,11.019970024928107
279,0.2108778085845649,0.9775124295100148,45.36227484712843,11.019973377406249
280,0.2108778085845649,0.9775124295100148,45.36228205684692,11.01998256721676
281,0.2108778085845649,0.9775124295100148,45.362284030913614,11.019973924996071
282,0.2108778085845649,0.9775124295100148,45.36229180718227,11.019987029857875
283,0.2108778085845649,0.9775124295100148,45.36228557,11.0199881
284,-0.9544055299292257,0.29851312272748404,45.3622528748876,11.019993941103683
285,-0.9544055299292257,0.29851312272748404,45.362226002392084,11.020014793061453
286,-0.9544055299292257,0.29851312272748404,45.362186646333434,11.02002791684379
287,-0.9544055299292257,0.29851312272748404,45.36216313081064,11.020026312552575
288,-0.9544055299292257,0.29851312272748404,45.36212907773537,11.020045605036447
289,-0.9544055299292257,0.29851312272748404,45.36210374605497,11.020042008355572
290,-0.9544055299292257,0.29851312272748404,45.36205173081376,11.020056811432806
291,-0.9544055299292257,0.29851312272748404,45.36203470240585,11.020062163391602
292,-0.9544055299292257,0.29851312272748404,45.36200093597953,11.02008340742315
293,-0.9544055299292257,0.29851312272748404,45.36197751521701,11.020081561929834
294,-0.9544055299292257,0.29851312272748404,45.361937966344,11.020096931973749
295,-0.9544055299292257,0.29851312272748404,45.36190932132807,11.02011376374097
296,-0.9544055299292257,0.29851312272748404,45.361871992456244,11.020123385388692
297,-0.9544055299292257,0.29851312272748404,45.361841580268155,11.020130870561944
298,-0.9544055299292257,0.29851312272748404,45.361811310697284,11.020136818233263
299,-0.9544055299292257,0.29851312272748404,45.36177790921016,11.020144658421694
300,-0.9544055299292257,0.29851312272748404,45.36173904583666,11.020153847450946
301,-0.9544055299292257,0.29851312272748404,45.36171165013146,11.020163437343843
302,-0.9544055299292257,0.29851312272748404,45.36170016839942,11.020175714161379
303,-0.9544055299292257,0.29851312272748404,45.36165723579292,11.020182444453035
304,-0.9544055299292257,0.29851312272748404,45.36161945958384,11.02019648918052
305,-0.9544055299292257,0.29851312272748404,45.361588599386025,11.020203345499644
306,-0.9544055299292257,0.29851312272748404,45.36156637399689,11.020217768004796
307,-0.9544055299292257,0.29851312272748404,45.361525460591544,11.020230028123981
308,-0.9544055299292257,0.29851312272748404,45.36149382109513,11.020239709335979
309,-0.9544055299292257,0.29851312272748404,45.36146445348131,11.020233669030048
310,-0.9544055299292257,0.29851312272748404,45.36144036016431,11.020253238791776
311,-0.9544055299292257,0.29851312272748404,45.36140302758221,11.020262237967378
312,-0.9544055299292257,0.29851312272748404,45.3613739497771,11.02026870836947
313,-0.9544055299292257,0.29851312272748404,45.36134936193498,11.020287129610189
314,-0.9544055299292257,0.29851312272748404,45.36130984153677,11.020302950636776
315,-0.9544055299292257,0.29851312272748404,45.36127279810744,11.020305085420274
316,-0.9544055299292257,0.29851312272748404,45.36125262787026,11.020307819976374
317,-0.9544055299292257,0.29851312272748404,45.3612071124799,11.020328428834318
318,-0.9544055299292257,0.29851312272748404,45.36117560441317,11.020337529471059
319,-0.9544055299292257,0.29851312272748404,45.361155398323874,11.020342013469069
320,-0.9544055299292257,0.29851312272748404,45.361118695981986,11.020345589264137
321,-0.9544055299292257,0.29851312272748404,45.3610857466569,11.020367985315916
322,-0.9544055299292257,0.29851312272748404,45.36105933033119,11.020374912166838
323,-0.9544055299292257,0.29851312272748404,45.36101771350097,11.020385225844011
324,-0.9544055299292257,0.29851312272748404,45.36099685599965,11.020395530245802
325,-0.9544055299292257,0.29851312272748404,45.36096606938182,11.020398187105734
326,-0.9544055299292257,0.29851312272748404,45.36092439886415,11.020416759772935
327,-0.9544055299292257,0.29851312272748404,45.36088851955962,11.020426554558808
328,-0.9544055299292257,0.29851312272748404,45.36087533881042,11.02043382656069
329,-0.9544055299292257,0.29851312272748404,45.36083724773784,11.020437258140497
330,-0.9544055299292257,0.29851312272748404,45.360800487200656,11.02045146290799
331,-0.9544055299292257,0.29851312272748404,45.360777659182226,11.020466019496462
332,-0.9544055299292257,0.29851312272748404,45.36073207358145,11.020467726154887
333,-0.9544055299292257,0.29851312272748404,45.36070545439153,11.020495336012225
334,-0.9544055299292257,0.29851312272748404,45.36067442348662,11.020491244791394
335,-0.9544055299292257,0.29851312272748404,45.360640099788895,11.020502725982068
336,-0.9544055299292257,0.29851312272748404,45.360616137972265,11.020514563940262
337,-0.9544055299292257,0.29851312272748404,45.36058844909549,11.020523268454932
338,-0.9544055299292257,0.29851312272748404,45.36054704527484,11.02052264648852
339,-0.9544055299292257,0.29851312272748404,45.360519873679316,11.020538314311334
340,-0.9544055299292257,0.29851312272748404,45.36048484672792,11.020541985133477
341,-0.9544055299292257,0.29851312272748404,45.36044530865086,11.020562449907507
342,-0.9544055299292257,0.29851312272748404,45.36042165587587,11.020569245663559
343,-0.9544055299292257,0.29851312272748404,45.36040050886431,11.020587932802588
344,-0.9544055299292257,0.29851312272748404,45.36036955478582,11.020584126151782
345,-0.9544055299292257,0.29851312272748404,45.360338560009296,11.0205919595653
346,-0.9544055299292257,0.29851312272748404,45.36028787618354,11.020612073451488
347,-0.9544055299292257,0.29851312272748404,45.36027692405691,11.020622299538285
348,-0.9544055299292257,0.29851312272748404,45.36023257283299,11.020628268219799
349,-0.9544055299292257,0.29851312272748404,45.36019993213232,11.020634467248186
350,-0.9544055299292257,0.29851312272748404,45.36018002100756,11.020650023602235
351,-0.9544055299292257,0.29851312272748404,45.36014019920284,11.020652923238256
352,-0.9544055299292257,0.29851312272748404,45.36010342950736,11.020673517731062
353,-0.9544055299292257,0.29851312272748404,45.3600857293687,11.020686029411156
354,-0.9544055299292257,0.29851312272748404,45.36004565989755,11.020683703709048
355,-0.9544055299292257,0.29851312272748404,45.36000896943888,11.020704584851197
356,-0.9544055299292257,0.29851312272748404,45.35998916320324,11.020713470276117
357,-0.9544055299292257,0.29851312272748404,45.35995513700054,11.020715074069539
358,-0.9544055299292257,0.29851312272748404,45.359923119558346,11.020729548946182
359,-0.9544055299292257,0.29851312272748404,45.35988659669806,11.020740931373936
360,-0.9544055299292257,0.29851312272748404,45.3598478737294,11.020746376575463
361,-0.9544055299292257,0.29851312272748404,45.35982531254448,11.020751130585806
362,-0.9544055299292257,0.29851312272748404,45.35979336723659,11.02076160714482
363,-0.9544055299292257,0.29851312272748404,45.35976499454238,11.020778749271003
364,-0.9544055299292257,0.29851312272748404,45.3597323535209,11.020785019776207
365,-0.9544055299292257,0.29851312272748404,45.35970006,11.02079678
366,0.18563850809759755,0.9826181070544641,45.359702638050805,11.020794869846892
367,0.18563850809759755,0.9826181070544641,45.3597084765118,11.020801568741382
368,0.18563850809759755,0.9826181070544641,45.359712300400886,11.020819875706179
369,0.18563850809759755,0.9826181070544641,45.359706693218214,11.020822095456893
370,0.18563850809759755,0.9826181070544641,45.35971587413932,11.020819736575595
371,0.18563850809759755,0.9826181070544641,45.359710423952414,11.020835871734777
372,0.18563850809759755,0.9826181070544641,45.359707043425956,11.020843330008667
373,0.18563850809759755,0.9826181070544641,45.35970683787348,11.020853432744815
374,0.18563850809759755,0.9826181070544641,45.35971904672591,11.020852219436128
375,0.18563850809759755,0.9826181070544641,45.35971632299436,11.020870124112484
376,0.18563850809759755,0.9826181070544641,45.359708556356495,11.020855804035714
377,0.18563850809759755,0.9826181070544641,45.3597103690966,11.02086739720191
378,0.18563850809759755,0.9826181070544641,45.35971265136075,11.02087875679121
379,0.18563850809759755,0.9826181070544641,45.35971575,11.02087983
380,0.9539872079080639,0.29984730638739515,45.359752079063476,11.020868477785296
381,0.9539872079080639,0.29984730638739515,45.35977279410758,11.020859463607882
382,0.9539872079080639,0.29984730638739515,45.35980748905927,11.020856084542507
383,0.9539872079080639,0.29984730638739515,45.35982756114123,11.02084061304159
384,0.9539872079080639,0.29984730638739515,45.35985855643051,11.020831209705474
385,0.9539872079080639,0.29984730638739515,45.359888920964664,11.02082592699559
386,0.9539872079080639,0.29984730638739515,45.35992201034714,11.020820752693758
387,0.9539872079080639,0.29984730638739515,45.359953518783,11.020806118420895
388,0.9539872079080639,0.29984730638739515,45.359969857130274,11.020795865641357
389,0.9539872079080639,0.29984730638739515,45.36000522901795,11.02079064399708
390,0.9539872079080639,0.29984730638739515,45.36003971024238,11.020774267069955
391,0.9539872079080639,0.29984730638739515,45.36006335713803,11.02076747558078
392,0.9539872079080639,0.29984730638739515,45.36010224260728,11.020759778955338
393,0.9539872079080639,0.29984730638739515,45.360123069648466,11.02074588841366
394,0.9539872079080639,0.29984730638739515,45.36014762140217,11.020745634833494
395,0.9539872079080639,0.29984730638739515,45.36017786375302,11.020735905423575
396,0.9539872079080639,0.29984730638739515,45.36021568047919,11.020725818843463
397,0.9539872079080639,0.29984730638739515,45.36024463297665,11.020711141241492
398,0.9539872079080639,0.29984730638739515,45.360269823481694,11.020702646981084
399,0.9539872079080639,0.29984730638739515,45.36029611673391,11.020693982258674
400,0.9539872079080639,0.29984730638739515,45.360332148229986,11.020679500702837
401,0.9539872079080639,0.29984730638739515,45.36036017894858,11.020675382323978
402,0.9539872079080639,0.29984730638739515,45.36038815077892,11.020669944266308
403,0.9539872079080639,0.29984730638739515,45.36042142116865,11.020656758425615
404,0.9539872079080639,0.29984730638739515,45.360433848873726,11.020643143141935
405,0.9539872079080639,0.29984730638739515,45.36046483277183,11.020645140462157
406,0.9539872079080639,0.29984730638739515,45.36050743538115,11.020631811041165
407,0.9539872079080639,0.29984730638739515,45.360525643817226,11.020632058990369
408,0.9539872079080639,0.29984730638739515,45.36055728450148,11.020612785425918
409,0.9539872079080639,0.29984730638739515,45.36059644728351,11.020604702322768
410,0.9539872079080639,0.29984730638739515,45.36061192015337,11.020595016458119
411,0.9539872079080639,0.29984730638739515,45.3606398745543,11.020580848355694
412,0.9539872079080639,0.29984730638739515,45.36067727050487,11.02057062900735
413,0.9539872079080639,0.29984730638739515,45.360707167920204,11.020568704316224
414,0.9539872079080639,0.29984730638739515,45.36073286783877,11.020562919795049
415,0.9539872079080639,0.29984730638739515,45.360761033152045,11.020556540320753
416,0.9539872079080639,0.29984730638739515,45.36079204917673,11.020535126884578
417,0.9539872079080639,0.29984730638739515,45.36081776094749,11.020530920853322
418,0.9539872079080639,0.29984730638739515,45.36084926871223,11.020521804108945
419,0.9539872079080639,0.29984730638739515,45.36088574168525,11.020509468973568
420,0.9539872079080639,0.29984730638739515,45.36090816133585,11.020502788955985
421,0.9539872079080639,0.29984730638739515,45.36094082329521,11.020501508504593
422,0.9539872079080639,0.29984730638739515,45.36096051700505,11.020488333018251
423,0.9539872079080639,0.29984730638739515,45.3609856373988,11.020477689682505
424,0.9539872079080639,0.29984730638739515,45.36102634911897,11.020468222768923
425,0.9539872079080639,0.29984730638739515,45.36104885672834,11.0204592288071
426,0.9539872079080639,0.29984730638739515,45.361082911948266,11.020447594946383
427,0.9539872079080639,0.29984730638739515,45.36111453763244,11.020434856040755
428,0.9539872079080639,0.29984730638739515,45.36114247992377,11.020434698810817
429,0.9539872079080639,0.29984730638739515,45.36116124070985,11.020429394631975
430,0.9539872079080639,0.29984730638739515,45.3612006196643,11.020408089453962
431,0.9539872079080639,0.29984730638739515,45.36122737133544,11.020413193896974
432,0.9539872079080639,0.29984730638739515,45.36124858220553,11.020395526170628
433,0.9539872079080639,0.29984730638739515,45.36128783816822,11.020389359800433
434,0.9539872079080639,0.29984730638739515,45.361312504788046,11.020380681939866
435,0.9539872079080639,0.29984730638739515,45.36134644625584,11.02036871209099
436,0.9539872079080639,0.29984730638739515,45.36137315327198,11.020369825760369
437,0.9539872079080639,0.29984730638739515,45.361400522572715,11.020349801379766
438,0.9539872079080639,0.29984730638739515,45.36143095741917,11.020337610797931
439,0.9539872079080639,0.29984730638739515,45.36146160024966,11.020328965727884
440,0.9539872079080639,0.29984730638739515,45.361488596345005,11.020313210140223
441,0.9539872079080639,0.29984730638739515,45.36152526428046,11.02032396236488
442,0.9539872079080639,0.29984730638739515,45.36154012234524,11.02031164241949
443,0.9539872079080639,0.29984730638739515,45.36157861635991,11.020297549706354
444,0.9539872079080639,0.29984730638739515,45.36159761780744,11.020282071324104
445,0.9539872079080639,0.29984730638739515,45.361633331125205,11.020274305746472
446,0.9539872079080639,0.29984730638739515,45.361666127219515,11.020268996776442
447,0.9539872079080639,0.29984730638739515,45.361687206854064,11.020254628560158
448,0.9539872079080639,0.29984730638739515,45.361721751464245,11.020245817264568
449,0.9539872079080639,0.29984730638739515,45.361740148421916,11.020242234046185
450,0.9539872079080639,0.29984730638739515,45.36178587054604,11.020231187375416
451,0.9539872079080639,0.29984730638739515,45.361814225486,11.02021382117963
452,0.9539872079080639,0.29984730638739515,45.361835691633715,11.020202887495957
453,0.9539872079080639,0.29984730638739515,45.361862602523615,11.020208905082315
454,0.9539872079080639,0.29984730638739515,45.36189313719634,11.020190386160573
455,0.9539872079080639,0.29984730638739515,45.36192312704873,11.02018381439105
456,0.9539872079080639,0.29984730638739515,45.36196051150568,11.020177320181338
457,0.9539872079080639,0.29984730638739515,45.361977278611036,11.020168390253719
458,0.9539872079080639,0.29984730638739515,45.36200653869213,11.020158332719589
459,0.9539872079080639,0.29984730638739515,45.36203827396803,11.020143005299452
460,0.9539872079080639,0.29984730638739515,45.36207500475865,11.020141097771756
461,0.9539872079080639,0.29984730638739515,45.36209627676324,11.020138959988701
462,0.9539872079080639,0.29984730638739515,45.362131620496626,11.020122676377042
463,0.9539872079080639,0.29984730638739515,45.3621582541279,11.020113480757038
464,0.9539872079080639,0.29984730638739515,45.3621889391619,11.020102039710348
465,0.9539872079080639,0.29984730638739515,45.36221460072942,11.020087895456944
466,0.9539872079080639,0.29984730638739515,45.36224111602205,11.020088956352193
467,0.9539872079080639,0.29984730638739515,45.36226731177804,11.020079126527445
468,0.9539872079080639,0.29984730638739515,45.36230304,11.02006662
469,0.05017981546841942,0.9987401995111418,45.36230052809431,11.020071473932385
470,0.05017981546841942,0.9987401995111418,45.36230047207352,11.02007087384576
471,0.05017981546841942,0.9987401995111418,45.3623105330225,11.020077949509496
472,0.05017981546841942,0.9987401995111418,45.362304981245096,11.020081585961396
473,0.05017981546841942,0.9987401995111418,45.362303722410104,11.02009357436453
474,0.05017981546841942,0.9987401995111418,45.36229953459196,11.020088700134224
475,0.05017981546841942,0.9987401995111418,45.36229717442169,11.020095072176122
476,0.05017981546841942,0.9987401995111418,45.36230714987148,11.020081492180143
477,0.05017981546841942,0.9987401995111418,45.36230915588491,11.020107057368048
478,0.05017981546841942,0.9987401995111418,45.36230552396911,11.020105535995608
479,0.05017981546841942,0.9987401995111418,45.36231657012538,11.02011394202726
480,0.05017981546841942,0.9987401995111418,45.3623081235505,11.020103881473808
481,0.05017981546841942,0.9987401995111418,45.362310383391296,11.020113005559498
482,0.05017981546841942,0.9987401995111418,45.36231277736772,11.020112667951215
483,0.05017981546841942,0.9987401995111418,45.36230337224894,11.020117492532266
484,0.05017981546841942,0.9987401995111418,45.36230583,11.02012215
485,-0.9547295369557065,0.2974752279843521,45.36226892388228,11.020132392101479
486,-0.9547295369557065,0.2974752279843521,45.362230088246335,11.020142090176194
487,-0.9547295369557065,0.2974752279843521,45.36220822477892,11.020159637132366
488,-0.9547295369557065,0.2974752279843521,45.362176414087784,11.020160443744867
489,-0.9547295369557065,0.2974752279843521,45.3621402044644,11.02017371021772
490,-0.9547295369557065,0.2974752279843521,45.36211787320624,11.020182860008383
491,-0.9547295369557065,0.2974752279843521,45.3620777395922,11.020188587034875
492,-0.9547295369557065,0.2974752279843521,45.36205384467571,11.020197134060426
493,-0.9547295369557065,0.2974752279843521,45.362007575636476,11.020208085044628
494,-0.9547295369557065,0.2974752279843521,45.36197874090578,11.020226494410673
495,-0.9547295369557065,0.2974752279843521,45.36194856747781,11.020229194735334
496,-0.9547295369557065,0.2974752279843521,45.3619073457737,11.020243470361494
497,-0.9547295369557065,0.2974752279843521,45.361875910460284,11.020251050606415
498,-0.9547295369557065,0.2974752279843521,45.361859584987954,11.020257430056022
499,-0.9547295369557065,0.2974752279843521,45.36181933029679,11.020268183084438
500,-0.9547295369557065,0.2974752279843521,45.361783707369426,11.020289314079097
501,-0.9547295369557065,0.2974752279843521,45.36176267062173,11.020294032567493
502,-0.9547295369557065,0.2974752279843521,45.36173159734092,11.02030807523113
503,-0.9547295369557065,0.2974752279843521,45.36168886826185,11.020317959211821
504,-0.9547295369557065,0.2974752279843521,45.361660609073134,11.020316343389066
505,-0.9547295369557065,0.2974752279843521,45.36162222523159,11.020331660859279
506,-0.9547295369557065,0.2974752279843521,45.36159434508097,11.020341877135554
507,-0.9547295369557065,0.2974752279843521,45.361558404350674,11.020352937628486
508,-0.9547295369557065,0.2974752279843521,45.36152369100113,11.020373303088517
509,-0.9547295369557065,0.2974752279843521,45.361498261664124,11.020371311609857
510,-0.9547295369557065,0.2974752279843521,45.361459689515584,11.020389642515418
511,-0.9547295369557065,0.2974752279843521,45.36142645869654,11.02039819770652
512,-0.9547295369557065,0.2974752279843521,45.361396164230094,11.020397030691864
513,-0.9547295369557065,0.2974752279843521,45.361352105772454,11.02041354215045
514,-0.9547295369557065,0.2974752279843521,45.361333273763464,11.020428877500514
515,-0.9547295369557065,0.2974752279843521,45.361298639235685,11.020432014807223
516,-0.9547295369557065,0.2974752279843521,45.36127171914403,11.020448221479585
517,-0.9547295369557065,0.2974752279843521,45.3612335421529,11.020456597106032
518,-0.9547295369557065,0.2974752279843521,45.361198302730365,11.020465358603747
519,-0.9547295369557065,0.2974752279843521,45.36116863447719,11.020484655685806
520,-0.9547295369557065,0.2974752279843521,45.36113234117791,11.020498197226358
521,-0.9547295369557065,0.2974752279843521,45.36109437658139,11.02050003343745
522,-0.9547295369557065,0.2974752279843521,45.36107188408576,11.020504688617772
523,-0.9547295369557065,0.2974752279843521,45.36103898385855,11.020512591808703
524,-0.9547295369557065,0.2974752279843521,45.361014657683036,11.020525967650189
525,-0.9547295369557065,0.2974752279843521,45.360965610462834,11.020533201220168
526,-0.9547295369557065,0.2974752279843521,45.36093842957118,11.020543214724674
527,-0.9547295369557065,0.2974752279843521,45.360915377375285,11.020551552214068
528,-0.9547295369557065,0.2974752279843521,45.360880682896365,11.02057385411426
529,-0.9547295369557065,0.2974752279843521,45.360847009711726,11.02057488079686
530,-0.9547295369557065,0.2974752279843521,45.360811176133524,11.020585293901302
531,-0.9547295369557065,0.2974752279843521,45.36077816773689,11.02060258533597
532,-0.9547295369557065,0.2974752279843521,45.36074512281478,11.020612176739762
533,-0.9547295369557065,0.2974752279843521,45.36071363252251,11.020629295914832
534,-0.9547295369557065,0.2974752279843521,45.360679268892,11.020628025730623
535,-0.9547295369557065,0.2974752279843521,45.360647012427826,11.020634288967418
536,-0.9547295369557065,0.2974752279843521,45.360620470442626,11.020644304814763
537,-0.9547295369557065,0.2974752279843521,45.3605792183085,11.020658447838947
538,-0.9547295369557065,0.2974752279843521,45.36055402870588,11.02065723338233
539,-0.9547295369557065,0.2974752279843521,45.3605253469822,11.020670943218262
540,-0.9547295369557065,0.2974752279843521,45.36049089608985,11.02068063162078
541,-0.9547295369557065,0.2974752279843521,45.360459346833785,11.02069299770045
542,-0.9547295369557065,0.2974752279843521,45.360429952589165,11.020704040978485
543,-0.9547295369557065,0.2974752279843521,45.36039130307342,11.020714624205658
544,-0.9547295369557065,0.2974752279843521,45.36035975342612,11.02073430047252
545,-0.9547295369557065,0.2974752279843521,45.360335419181574,11.020739080966658
546,-0.9547295369557065,0.2974752279843521,45.36029741905364,11.020747733206406
547,-0.9547295369557065,0.2974752279843521,45.36026407301131,11.020761600025638
548,-0.9547295369557065,0.2974752279843521,45.36023088604143,11.020771183961692
549,-0.9547295369557065,0.2974752279843521,45.36019419222467,11.020769730895804
550,-0.9547295369557065,0.2974752279843521,45.36017143205625,11.020794395616388
551,-0.9547295369557065,0.2974752279843521,45.36012924956323,11.020800397814437
552,-0.9547295369557065,0.2974752279843521,45.36008719686927,11.020801943052783
553,-0.9547295369557065,0.2974752279843521,45.360063137665776,11.020817508703937
554,-0.9547295369557065,0.2974752279843521,45.36002213045942,11.020828484821093
555,-0.9547295369557065,0.2974752279843521,45.36000588582686,11.020834442856524
556,-0.9547295369557065,0.2974752279843521,45.359972084946605,11.020854041767247
557,-0.9547295369557065,0.2974752279843521,45.359935566007024,11.020855994978643
558,-0.9547295369557065,0.2974752279843521,45.359905107021326,11.02087807629184
559,-0.9547295369557065,0.2974752279843521,45.35986917685938,11.020879328307903
560,-0.9547295369557065,0.2974752279843521,45.35983634633573,11.020887249332887
561,-0.9547295369557065,0.2974752279843521,45.35981427625061,11.020904320131454
562,-0.9547295369557065,0.2974752279843521,45.35977878795244,11.020906923209877
563,-0.9547295369557065,0.2974752279843521,45.35975770723335,11.020923757455513
564,-0.9547295369557065,0.2974752279843521,45.35971167,11.02093044
565,0.158371280329442,0.9873796319384015,45.3597119252676,11.020934547147306
566,0.158371280329442,0.9873796319384015,45.35971576133977,11.020933711859245
567,0.158371280329442,0.9873796319384015,45.35971006067858,11.0209510500543
568,0.158371280329442,0.9873796319384015,45.35971289411541,11.020956134851614
569,0.158371280329442,0.9873796319384015,45.35972195409585,11.020967662883793
570,0.158371280329442,0.9873796319384015,45.35971424160766,11.02096419412015
571,0.158371280329442,0.9873796319384015,45.35972733608325,11.020974717385757
572,0.158371280329442,0.9873796319384015,45.35971607923807,11.020977163456687
573,0.158371280329442,0.9873796319384015,45.359729591239144,11.021000370495448
574,0.158371280329442,0.9873796319384015,45.35973110785969,11.020998145831536
575,0.158371280329442,0.9873796319384015,45.3597340924451,11.021005655246139
