,Sin,Cosin,Lat,Lon
0,0.9537169507482269,0.30070579950427306,45.3596665575,11.020597651
1,0.955040636077442,0.2964749288570535,45.35969561194954,11.020588186674608
2,0.955040636077442,0.2964749288570535,45.359751693161726,11.020579097884324
3,0.955040636077442,0.2964749288570535,45.35977407985715,11.020563232512291
4,0.955040636077442,0.2964749288570535,45.35981487564214,11.020562462883538
5,0.955040636077442,0.2964749288570535,45.35986300151764,11.020535121589383
6,0.955040636077442,0.2964749288570535,45.3598894178126,11.020527719124722
7,0.955040636077442,0.2964749288570535,45.35993185137141,11.02052172888639
8,0.955040636077442,0.2964749288570535,45.359963995106575,11.020500615973345
9,0.955040636077442,0.2964749288570535,45.35998884549287,11.02048859196528
10,0.955040636077442,0.2964749288570535,45.3600348064278,11.02048814886083
11,0.955040636077442,0.2964749288570535,45.36007679831704,11.020469702095188
12,0.955040636077442,0.2964749288570535,45.36011141649685,11.020458744746778
13,0.955040636077442,0.2964749288570535,45.360142683497074,11.020447674881144
14,0.955040636077442,0.2964749288570535,45.36018581658123,11.02042952529412
15,0.955040636077442,0.2964749288570535,45.36022251301942,11.020426496211899
16,0.955040636077442,0.2964749288570535,45.360254682360114,11.020411847601956
17,0.955040636077442,0.2964749288570535,45.360297740028436,11.020396307091847
18,0.955040636077442,0.2964749288570535,45.360340309859815,11.020391617189995
19,0.955040636077442,0.2964749288570535,45.36037227071674,11.020377909593
20,0.955040636077442,0.2964749288570535,45.3604138042892,11.020362410556007
21,0.955040636077442,0.2964749288570535,45.36043976255055,11.020351106232074
22,0.955040636077442,0.2964749288570535,45.360473301934015,11.020344017427592
23,0.955040636077442,0.2964749288570535,45.36051788067121,11.020333815045564
24,0.955040636077442,0.2964749288570535,45.36056186807532,11.020327978698612
25,0.955040636077442,0.2964749288570535,45.36059073735103,11.02030880995572
26,0.955040636077442,0.2964749288570535,45.360637060849456,11.020296235921267
27,0.955040636077442,0.2964749288570535,45.360671089266624,11.02029618859081
28,0.955040636077442,0.2964749288570535,45.36069839562965,11.020270083712774
29,0.955040636077442,0.2964749288570535,45.36073311410857,11.020265834999396
30,0.955040636077442,0.2964749288570535,45.3607659777182,11.02025735881574
31,0.955040636077442,0.2964749288570535,45.36081152803639,11.020240533266776
32,0.955040636077442,0.2964749288570535,45.360851148492586,11.020229196507572
33,0.955040636077442,0.2964749288570535,45.360876567757906,11.020223884500698
34,0.955040636077442,0.2964749288570535,45.36092257201694,11.020206818653559
35,0.955040636077442,0.2964749288570535,45.360961415206845,11.020204755492959
36,0.955040636077442,0.2964749288570535,45.36100204566986,11.020193718950349
37,0.955040636077442,0.2964749288570535,45.36103962016555,11.020178395314161
38,0.955040636077442,0.2964749288570535,45.36107598343456,11.020151466471269
39,0.955040636077442,0.2964749288570535,45.361115233350624,11.020144119803767
40,0.955040636077442,0.2964749288570535,45.36114226466638,11.020125468302117
41,0.955040636077442,0.2964749288570535,45.361188025152124,11.020132052280708
42,0.955040636077442,0.2964749288570535,45.36122370373488,11.020114283633642
43,0.955040636077442,0.2964749288570535,45.361261549816945,11.020099955841118
44,0.955040636077442,0.2964749288570535,45.36130007626966,11.020098489840572
45,0.955040636077442,0.2964749288570535,45.361333518911024,11.020082707430136
46,0.955040636077442,0.2964749288570535,45.361363365168444,11.020068689822804
47,0.955040636077442,0.2964749288570535,45.36141698002764,11.020054133764596
48,0.955040636077442,0.2964749288570535,45.36144577310253,11.020048358929662
49,0.955040636077442,0.2964749288570535,45.36148240383303,11.02003732482668
50,0.955040636077442,0.2964749288570535,45.36150863944726,11.020018452078098
51,0.955040636077442,0.2964749288570535,45.361552253332924,11.02000691983751
52,0.955040636077442,0.2964749288570535,45.36159180152271,11.020000470363074
53,0.955040636077442,0.2964749288570535,45.36162503464614,11.01999109867338
54,0.955040636077442,0.2964749288570535,45.36166928201039,11.01997816784053
55,0.955040636077442,0.2964749288570535,45.36170228666257,11.019964972206498
56,0.955040636077442,0.2964749288570535,45.361741285454535,11.019958131210444
57,0.955040636077442,0.2964749288570535,45.36177302411583,11.019949203292454
58,0.955040636077442,0.2964749288570535,45.36181540046827,11.01992643932594
59,0.955040636077442,0.2964749288570535,45.36185117201633,11.019918958838737
60,0.955040636077442,0.2964749288570535,45.3618866956535,11.01990837825245
61,0.955040636077442,0.2964749288570535,45.361920076047234,11.01989804924736
62,0.955040636077442,0.2964749288570535,45.361956560619355,11.01988984828427
63,0.955040636077442,0.2964749288570535,45.36199257758619,11.01987879194681
64,0.955040636077442,0.2964749288570535,45.362038265182164,11.019870510267278
65,0.955040636077442,0.2964749288570535,45.36206346717331,11.01984570265517
66,0.955040636077442,0.2964749288570535,45.36210195499949,11.019839029718602
67,0.955040636077442,0.2964749288570535,45.36214942653031,11.019818477672397
68,0.955040636077442,0.2964749288570535,45.36219199842988,11.019817596618541
69,0.955040636077442,0.2964749288570535,45.36221014533402,11.01980291157524
70,0.955040636077442,0.2964749288570535,45.36225589,11.01979384
71,0.1871863868101744,0.9823244151465196,45.36225122835622,11.019792069505556
72,0.1871863868101744,0.9823244151465196,45.36225939435595,11.019798503001951
73,0.1871863868101744,0.9823244151465196,45.36224641993847,11.019805903214712
74,0.1871863868101744,0.9823244151465196,45.36225467454359,11.019815723489073
75,0.1871863868101744,0.9823244151465196,45.36225616926186,11.019808485696942
76,0.1871863868101744,0.9823244151465196,45.362256859650174,11.019817363283046
77,0.1871863868101744,0.9823244151465196,45.36226066551921,11.019814690051499
78,0.1871863868101744,0.9823244151465196,45.36225729042569,11.019818907367362
79,0.1871863868101744,0.9823244151465196,45.362266282109786,11.019819255233724
80,0.1871863868101744,0.9823244151465196,45.36226283791227,11.019824305628852
81,0.1871863868101744,0.9823244151465196,45.362260061286406,11.019824243259643
82,0.1871863868101744,0.9823244151465196,45.3622590215846,11.01982509557689
83,0.1871863868101744,0.9823244151465196,45.36226236144099,11.019829311645998
84,0.1871863868101744,0.9823244151465196,45.362256276088154,11.019838255093358
85,0.1871863868101744,0.9823244151465196,45.3622634530436,11.019835463274841
86,0.1871863868101744,0.9823244151465196,45.362262375045425,11.01984544753177
87,0.1871863868101744,0.9823244151465196,45.36226543759676,11.019851865118989
88,0.1871863868101744,0.9823244151465196,45.36226473240159,11.019846508225262
89,0.1871863868101744,0.9823244151465196,45.36226235416732,11.019853935979734
90,0.1871863868101744,0.9823244151465196,45.36226747,11.01985461
91,-0.9543794601316677,0.29859646025829967,45.36223844198637,11.019864138828753
92,-0.954400475100299,0.29852928353567526,45.36221583898803,11.019866242076116
93,-0.9544256030688738,0.29844893735213157,45.362176588255444,11.019893568115414
94,-0.9544554756023352,0.2983533896115815,45.362152212368464,11.01988306933645
95,-0.9544907821295194,0.29824041783396527,45.36211231561148,11.01990558743057
96,-0.9545322667361467,0.2981076177482784,45.362086021158596,11.019915148250083
97,-0.9545807226909322,0.2979524187967898,45.36205176513194,11.01992066436176
98,-0.954636984410773,0.29777210748339983,45.36202969708093,11.01992652938855
99,-0.9547019166140489,0.2975638593872946,45.36198601236836,11.019943424159052
100,-0.9547764004756086,0.2973247804923769,45.361974472406565,11.019952609653295
101,-0.9548613166841587,0.2970519582500589,45.361929956491494,11.019962532062799
102,-0.9549575254124429,0.29674252249743954,45.36189492421849,11.019958682995075
103,-0.9550658433413378,0.29639371599731873,45.3618621864679,11.019978111304875
104,-0.9551870180275323,0.29600297395747693,45.361833173872476,11.019988960571677
105,-0.9553217000657789,0.2955680114346443,45.36181017398975,11.020001383582724
106,-0.9554704136638691,0.29508691704817225,45.361776462361775,11.019999342589092
107,-0.9556335264128492,0.2945582509381502,45.361744302597536,11.020018327808652
108,-0.95581121918651,0.29398114442459955,45.36171370663286,11.020028614494457
109,-0.9560034572319562,0.293355398383168,45.361682128018714,11.020040186699905
110,-0.9562099636059759,0.29268157697514596,45.36164656381559,11.020045247833432
111,-0.9564301961596514,0.2919610930826413,45.36161620610975,11.020048689650084
112,-0.956663329267398,0.2911962816297932,45.36159066376659,11.02006637685601
113,-0.9569082414303467,0.2903904569414797,45.361556580514666,11.020071238657303
114,-0.9571635097550184,0.2895479504217822,45.36152332169039,11.020066241148069
115,-0.957427412118159,0.2886741251389272,45.36149462746359,11.020087811375042
116,-0.9576979375833636,0.28777536438787077,45.3614632604239,11.020093043830993
117,-0.9579728053452454,0.286859031963368,45.36142784761655,11.020099459628483
118,-0.9582494921566638,0.28593340270331474,45.3614030335005,11.02010863798706
119,-0.9585252678613352,0.28500756283185813,45.361369584040396,11.020122381150745
120,-0.9587972383269259,0.28409128071213313,45.36134417433666,11.020133765023454
121,-0.9590623947714748,0.28319484976814785,45.3613129091176,11.02013440598279
122,-0.959317668216074,0.282328906505293,45.36128197619888,11.020148131809995
123,-0.9595599875932853,0.2815042276946728,45.36125408101014,11.020152093142466
124,-0.9597863399034049,0.2807315118308339,45.36121841969916,11.020156021726962
125,-0.959993830743825,0.2800211508686373,45.36117768932895,11.020159656513961
126,-0.9601797435393085,0.2793829989401426,45.36114578274394,11.020172101697408
127,-0.9603415958669765,0.27882614520103527,45.361118848907225,11.020185713061073
128,-0.9604771913893038,0.27835869812332914,45.36109665620587,11.020200599179674
129,-0.9605846660690353,0.27798758841545435,45.361050577279826,11.020208239218833
130,-0.9606625275286388,0.2777183973061334,45.36102451302263,11.0202080649288
131,-0.9607096866215693,0.2775552161849713,45.36099906999479,11.020213797108669
132,-0.9607254804934284,0.27750054257725515,45.36096772215761,11.02023208498638
133,-0.9607096866215693,0.2775552161849713,45.36092480983621,11.020238406969868
134,-0.9606625275286388,0.2777183973061334,45.3608987481897,11.020243191441462
135,-0.9605846660690353,0.27798758841545435,45.36087292758216,11.020258944982132
136,-0.9604771913893038,0.27835869812332914,45.360844519145495,11.020269994579007
137,-0.9603415958669765,0.27882614520103527,45.360806983768406,11.020276448591051
138,-0.9601797435393085,0.2793829989401426,45.36077944023675,11.020284275649773
139,-0.959993830743825,0.2800211508686373,45.360751213954174,11.020286099569093
140,-0.9597863399034049,0.2807315118308339,45.36071199690823,11.02030829413685
141,-0.9595599875932853,0.2815042276946728,45.36068165358439,11.020318559527336
142,-0.959317668216074,0.282328906505293,45.360658134156594,11.020330479726256
143,-0.9590623947714748,0.28319484976814785,45.36062381414173,11.02034521566024
144,-0.9587972383269259,0.28409128071213313,45.36059884024388,11.020349871033273
145,-0.9585252678613352,0.28500756283185813,45.360566532359556,11.020355409821159
146,-0.9582494921566638,0.28593340270331474,45.36053064247884,11.02037441826891
147,-0.9579728053452454,0.286859031963368,45.36049838932053,11.020384596356129
148,-0.9576979375833636,0.28777536438787077,45.360473287546704,11.020395888323215
149,-0.957427412118159,0.2886741251389272,45.36044732161581,11.020407362654874
150,-0.9571635097550184,0.2895479504217822,45.360415513298065,11.02041940202547
151,-0.9569082414303467,0.2903904569414797,45.360369881730946,11.02042787451474
152,-0.956663329267398,0.2911962816297932,45.360354310449466,11.020443258636568
153,-0.9564301961596514,0.2919610930826413,45.36032658069067,11.020457329012467
154,-0.9562099636059759,0.29268157697514596,45.3602922755933,11.020464824908373
155,-0.9560034572319562,0.293355398383168,45.360258302624075,11.020468212256459
156,-0.95581121918651,0.29398114442459955,45.36022620072214,11.020482873971014
157,-0.9556335264128492,0.2945582509381502,45.36019465025658,11.020496628629214
158,-0.9554704136638691,0.29508691704817225,45.36016096331046,11.020501716501458
159,-0.9553217000657789,0.2955680114346443,45.36013367327319,11.020519550832091
160,-0.9551870180275323,0.29600297395747693,45.360110039056984,11.02052406050847
161,-0.9550658433413378,0.29639371599731873,45.36007606354511,11.020544133583478
162,-0.9549575254124429,0.29674252249743954,45.36004488165244,11.02054635220013
163,-0.9548613166841587,0.2970519582500589,45.3600148812339,11.020543261688973
164,-0.9547764004756086,0.2973247804923769,45.35998012428005,11.020565972382288
165,-0.9547019166140489,0.2975638593872946,45.35995677739485,11.02057851432649
166,-0.954636984410773,0.29777210748339983,45.359923903985,11.020590573746064
167,-0.9545807226909322,0.2979524187967898,45.359891991969114,11.020596544203007
168,-0.9545322667361467,0.2981076177482784,45.359861383821226,11.020606322595903
169,-0.9544907821295194,0.29824041783396527,45.35984042755028,11.02061361361412
170,-0.9544554756023352,0.2983533896115815,45.35981047186991,11.020632158416998
171,-0.9544256030688738,0.29844893735213157,45.35977051864542,11.020633816084382
172,-0.954400475100299,0.29852928353567526,45.3597426532366,11.020640362098051
173,-0.9543794601316677,0.29859646025829967,45.35970778435912,11.020647826932091
174,-0.9543794601316677,0.29859646025829967,45.35967972,11.02066511
175,0.18092866714612515,0.9834962213474573,45.35968582391682,11.02067215201551
176,0.18092866714612515,0.9834962213474573,45.35969040495418,11.020677844438582
177,0.18092866714612515,0.9834962213474573,45.35968962829506,11.020676849171647
178,0.18092866714612515,0.9834962213474573,45.35967635014239,11.02068277850737
179,0.18092866714612515,0.9834962213474573,45.35967756992311,11.020684132399676
180,0.18092866714612515,0.9834962213474573,45.35968902737392,11.020685214825885
181,0.18092866714612515,0.9834962213474573,45.35968532338821,11.020695970203512
182,0.18092866714612515,0.9834962213474573,45.35968896666506,11.020702974227301
183,0.18092866714612515,0.9834962213474573,45.35968637788356,11.020708715827778
184,0.18092866714612515,0.9834962213474573,45.35968830101813,11.020705861493559
185,0.18092866714612515,0.9834962213474573,45.35969321683711,11.02071433928352
186,0.18092866714612515,0.9834962213474573,45.35968017394536,11.020719137015337
187,0.18092866714612515,0.9834962213474573,45.35968567912717,11.020730776062413
188,0.18092866714612515,0.9834962213474573,45.359688620082885,11.02073050814466
189,0.18092866714612515,0.9834962213474573,45.35968602286728,11.020728642963624
190,0.18092866714612515,0.9834962213474573,45.35969253973326,11.020737320305157
191,0.18092866714612515,0.9834962213474573,45.35969351,11.02074007
192,0.9528471844721362,0.30345056111914304,45.359730899061205,11.020723379979126
193,0.9528471844721362,0.30345056111914304,45.35975590706646,11.020721600391978
194,0.9528471844721362,0.30345056111914304,45.359787888243815,11.020705199559552
195,0.9528471844721362,0.30345056111914304,45.359827066487554,11.020701061400468
196,0.9528471844721362,0.30345056111914304,45.35985136279743,11.020685409967738
197,0.9528471844721362,0.30345056111914304,45.35989766688827,11.020670380191875
198,0.9528471844721362,0.30345056111914304,45.35992421366534,11.02066874615784
199,0.9528471844721362,0.30345056111914304,45.35995779392558,11.020662403966071
200,0.9528471844721362,0.30345056111914304,45.359983798901,11.02064057075019
201,0.9528471844721362,0.30345056111914304,45.360024603585344,11.020637937691326
202,0.9528471844721362,0.30345056111914304,45.360048879007316,11.020624634968428
203,0.9528471844721362,0.30345056111914304,45.360089706548095,11.02062071142756
204,0.9528471844721362,0.30345056111914304,45.36011818483865,11.020607351257038
205,0.9528471844721362,0.30345056111914304,45.360165476672094,11.020595002520746
206,0.9528471844721362,0.30345056111914304,45.36019714156785,11.020568457985094
207,0.9528471844721362,0.30345056111914304,45.36022351983705,11.020562286192483
208,0.9528471844721362,0.30345056111914304,45.36026280759735,11.020553556956084
209,0.9528471844721362,0.30345056111914304,45.36028839756756,11.020554721441457
210,0.9528471844721362,0.30345056111914304,45.36031689127676,11.020540041068987
211,0.9528471844721362,0.30345056111914304,45.36035977334992,11.020527423792721
212,0.9528471844721362,0.30345056111914304,45.360388118863085,11.020516488633998
213,0.9528471844721362,0.30345056111914304,45.36042092096721,11.020515469429121
214,0.9528471844721362,0.30345056111914304,45.360448451056065,11.020500562619977
215,0.9528471844721362,0.30345056111914304,45.36049410037911,11.02048872130431
216,0.9528471844721362,0.30345056111914304,45.36051716445027,11.02048750808578
217,0.9528471844721362,0.30345056111914304,45.36055251369125,11.020466628832821
218,0.9528471844721362,0.30345056111914304,45.36060182904045,11.020451083379948
219,0.9528471844721362,0.30345056111914304,45.360620716473115,11.020447166084328
220,0.9528471844721362,0.30345056111914304,45.360647264296105,11.020437164289726
221,0.9528471844721362,0.30345056111914304,45.36068505636255,11.020424841581473
222,0.9528471844721362,0.30345056111914304,45.360708465128816,11.020418800789196
223,0.9528471844721362,0.30345056111914304,45.3607503082018,11.020401186640376
224,0.9528471844721362,0.30345056111914304,45.36078913441417,11.020399587337309
225,0.9528471844721362,0.30345056111914304,45.36080985976292,11.020378130832286
226,0.9528471844721362,0.30345056111914304,45.36084590193445,11.020371667519466
227,0.9528471844721362,0.30345056111914304,45.36088122985246,11.020361649220938
228,0.9528471844721362,0.30345056111914304,45.36091984274896,11.020344484637079
229,0.9528471844721362,0.30345056111914304,45.3609501370703,11.020348060442366
230,0.9528471844721362,0.30345056111914304,45.36097345923077,11.020336945289054
231,0.9528471844721362,0.30345056111914304,45.36101307609466,11.020322879006674
232,0.9528471844721362,0.30345056111914304,45.36105411878548,11.02030377348328
233,0.9528471844721362,0.30345056111914304,45.36108404742995,11.020294333420086
234,0.9528471844721362,0.30345056111914304,45.3611185133458,11.02029113067234
235,0.9528471844721362,0.30345056111914304,45.361141684603986,11.020273570747207
236,0.9528471844721362,0.30345056111914304,45.361176413335905,11.02026506619794
237,0.9528471844721362,0.30345056111914304,45.36121561627721,11.020254647311724
238,0.9528471844721362,0.30345056111914304,45.361242595808,11.020249810465433
239,0.9528471844721362,0.30345056111914304,45.36127227500064,11.020241815380164
240,0.9528471844721362,0.30345056111914304,45.36130615213149,11.020238872106159
241,0.9528471844721362,0.30345056111914304,45.36134643165011,11.020212593603983
242,0.9528471844721362,0.30345056111914304,45.36138746593724,11.020200474296683
243,0.9528471844721362,0.30345056111914304,45.36140517771481,11.020191421256905
244,0.9528471844721362,0.30345056111914304,45.36145038384458,11.02018486008427
245,0.9528471844721362,0.30345056111914304,45.36147429271186,11.02016828826008
246,0.9528471844721362,0.30345056111914304,45.36150191740321,11.020159019466753
247,0.9528471844721362,0.30345056111914304,45.3615425736182,11.020146846353098
248,0.9528471844721362,0.30345056111914304,45.36157331565629,11.020142774006848
249,0.9528471844721362,0.30345056111914304,45.361617687394045,11.020130004116089
250,0.9528471844721362,0.30345056111914304,45.36164557663101,11.020121862606072
251,0.9528471844721362,0.30345056111914304,45.3616721390163,11.020109783531444
252,0.9528471844721362,0.30345056111914304,45.36170517479925,11.02009094584047
253,0.9528471844721362,0.30345056111914304,45.3617396151278,11.020075177816762
254,0.9528471844721362,0.30345056111914304,45.36176752192483,11.02007311617191
255,0.9528471844721362,0.30345056111914304,45.36180698625783,11.020063897482126
256,0.9528471844721362,0.30345056111914304,45.361847253378635,11.020057573487748
257,0.9528471844721362,0.30345056111914304,45.36187019787992,11.020043887992
258,0.9528471844721362,0.30345056111914304,45.361902559495476,11.020041872829333
259,0.9528471844721362,0.30345056111914304,45.36194729379729,11.020019338880745
260,0.9528471844721362,0.30345056111914304,45.36197253993185,11.020008498685018
261,0.9528471844721362,0.30345056111914304,45.36200750022196,11.020001608283476
262,0.9528471844721362,0.30345056111914304,45.362047594980965,11.019988981384534
263,0.9528471844721362,0.30345056111914304,45.3620798049198,11.019978325756213
264,0.9528471844721362,0.30345056111914304,45.362100199062894,11.019976754937662
265,0.9528471844721362,0.30345056111914304,45.36213622743983,11.019966849774534
266,0.9528471844721362,0.30345056111914304,45.362173211903034,11.019959677404362
267,0.9528471844721362,0.30345056111914304,45.36220289475732,11.019933272671743
268,0.9528471844721362,0.30345056111914304,45.36223385957099,11.019923558466326
269,0.9528471844721362,0.30345056111914304,45.36227073,11.01991931
270,0.2108778085845649,0.9775124295100148,45.362271651378705,11.019923061092094
271,0.2108778085845649,0.9775124295100148,45.36226916221575,11.01992678179811
272,0.2108778085845649,0.9775124295100148,45.3622742747188,11.01992600282939
273,0.2108778085845649,0.9775124295100148,45.36226898089399,11.019933831513569
274,0.2108778085845649,0.9775124295100148,45.36227523121563,11.019931493027675
275,0.2108778085845649,0.9775124295100148,45.36226874352184,11.019933071024777
276,0.2108778085845649,0.9775124295100148,45.362272764917,11.019939439895312
277,0.2108778085845649,0.9775124295100148,45.36227743588045,11.01993994629263
278,0.2108778085845649,0.9775124295100148,45.362275631598564,11.019949925062877
279,0.2108778085845649,0.9775124295100148,45.36228030281168,11.01995394054231
280,0.2108778085845649,0.9775124295100148,45.36227892865109,11.019951635449885
281,0.2108778085845649,0.9775124295100148,45.362279519209594,11.019950807691316
282,0.2108778085845649,0.9775124295100148,45.36228086050014,11.019951242412946
283,0.2108778085845649,0.9775124295100148,45.36228255178632,11.019960885398904
284,0.2108778085845649,0.9775124295100148,45.3622886922975,11.019965604262396
285,0.2108778085845649,0.9775124295100148,45.36227555556644,11.019954440886114
286,0.2108778085845649,0.9775124295100148,45.36228764687914,11.019964651473199
287,0.2108778085845649,0.9775124295100148,45.36227995577822,11.019972142223391
288,0.2108778085845649,0.9775124295100148,45.36227532250478,11.019962866077956
289,0.2108778085845649,0.9775124295100148,45.36228327128823,11.019981523719439
290,0.2108778085845649,0.9775124295100148,45.36228306081957,11.019978778124116
291,0.2108778085845649,0.9775124295100148,45.36228328626203,11.01998475375791
292,0.2108778085845649,0.9775124295100148,45.36228557,11.0199881
293,-0.9549046182034857,0.2969127315115591,45.3622455225804,11.020000180281885
294,-0.9550392696345539,0.2964793305711174,45.36221237527158,11.020017157536243
295,-0.9552045462230926,0.2959464054093843,45.36217975221216,11.020015402391389
296,-0.9554057564133149,0.29529619132711743,45.36214687503437,11.020029466684907
297,-0.9556486825162033,0.2945090755902861,45.362105835245316,11.020032123285146
298,-0.9559395035538313,0.29356373336169206,45.36207325007728,11.020054439838125
299,-0.9562846799062055,0.2924373624841499,45.3620419905421,11.020062824751085
300,-0.9566907959340276,0.2911060304684819,45.361998249190684,11.020077340288598
301,-0.9571643585962428,0.2895451443782871,45.36196719511229,11.020078837642956
302,-0.957711552655394,0.28773005041252575,45.361928200594996,11.020094957275147
303,-0.9583379563455454,0.2856367648385683,45.361879618073395,11.020105173608576
304,-0.9590482252542816,0.2832428315714501,45.36185539716787,11.020122135019243
305,-0.9598457564194873,0.2805282942654843,45.36181519196035,11.020125966633612
306,-0.9607323489216871,0.2774767625143007,45.36178877232233,11.020133039945295
307,-0.9617078811103367,0.2740765429770788,45.361745987496526,11.020142559911037
308,-0.9627700274997066,0.2703217973974984,45.36170045856161,11.020147916344902
309,-0.9639140397358518,0.26621368109116933,45.36166929424261,11.020164240197344
310,-0.9651326153401236,0.2617614081692198,45.36162532380166,11.020157054083835
311,-0.9664158747780497,0.25698318422997435,45.36159899941825,11.020174521977959
312,-0.9677514616155027,0.2519069442096787,45.36155095197133,11.020174765521123
313,-0.9691247722535318,0.246570833239741,45.36152453673653,11.02018477696806
314,-0.9705193114997368,0.24102337232326004,45.36149057769326,11.020192616064312
315,-0.9719171589409151,0.23532325885092595,45.361452715462505,11.02018648312796
316,-0.9732995199590848,0.22953876458545105,45.361414534926226,11.020204466693228
317,-0.9746473257111936,0.2237467105546325,45.361362874954324,11.020199559863984
318,-0.9759418399122023,0.2180310186849231,45.3613208615109,11.020185408980268
319,-0.9771652280405003,0.21248086292312793,45.361287887892786,11.020204745816303
320,-0.9783010473845483,0.20718846658609105,45.36125049874402,11.020212121352419
321,-0.9793346242775229,0.20224661601916363,45.36121563312565,11.020202919959308
322,-0.9802532972675277,0.19774598149176084,45.36117618697714,11.02019936094164
323,-0.981046520440886,0.193772352854658,45.3611430022496,11.020210838507946
324,-0.9817058376537243,0.19040390835431806,45.361102802285544,11.020209743270303
325,-0.9822247537102456,0.18770863911617705,45.36106572094703,11.020224416802376
326,-0.9825985402736794,0.18574204869128166,45.36102637835734,11.020222868137365
327,-0.9828240206537548,0.18454523680113696,45.360997288090175,11.020230326351838
328,-0.9828993774918021,0.18414345963467688,45.36095376115238,11.020230462678406
329,-0.9828240206537548,0.18454523680113696,45.360911252773114,11.02023905527882
330,-0.9825985402736794,0.18574204869128166,45.360878890185795,11.020247314769966
331,-0.9822247537102456,0.18770863911617705,45.36084062345158,11.020259462180492
332,-0.9817058376537244,0.1904039083543172,45.360815968393055,11.02027159468994
333,-0.981046520440886,0.193772352854658,45.36077076808706,11.020281257146657
334,-0.9802532972675277,0.19774598149176084,45.360725380387976,11.020296853161563
335,-0.9793346242775229,0.20224661601916363,45.36069595864853,11.020311990245792
336,-0.9783010473845483,0.20718846658609105,45.36066527962328,11.020327169076719
337,-0.9771652280405003,0.21248086292312793,45.36063317185385,11.020345060859206
338,-0.9759418399122023,0.2180310186849231,45.36059457621492,11.020362692186094
339,-0.9746473257111936,0.2237467105546325,45.36055259658613,11.020388737141701
340,-0.9732995199590848,0.22953876458545105,45.360525121713735,11.020400933976449
341,-0.9719171589409151,0.23532325885092595,45.36049437555497,11.020416743845471
342,-0.9705193114997368,0.24102337232326004,45.360460683146236,11.020443502512114
343,-0.9691247722535318,0.246570833239741,45.36042515171919,11.020459509357188
344,-0.9677514616155027,0.2519069442096787,45.36039144783791,11.02048450914906
345,-0.9664158747780497,0.25698318422997435,45.36035599425275,11.020507390005722
346,-0.9651326153401236,0.2617614081692198,45.36033064164539,11.02051360826247
347,-0.9639140397358518,0.26621368109116933,45.36029589931896,11.020540871685176
348,-0.9627700274997066,0.2703217973974984,45.36025659588686,11.020558529896336
349,-0.9617078811103367,0.2740765429770788,45.36022346469917,11.020583371586826
350,-0.9607323489216871,0.2774767625143007,45.360185645128375,11.020595751943157
351,-0.9598457564194876,0.2805282942654835,45.3601525797818,11.02061346762601
352,-0.9590482252542816,0.2832428315714501,45.36012362235825,11.020635065964028
353,-0.9583379563455454,0.2856367648385683,45.3600895067292,11.020646362393132
354,-0.957711552655394,0.28773005041252575,45.36005408569692,11.020663691126904
355,-0.9571643585962428,0.2895451443782871,45.360024483917734,11.020679187699345
356,-0.9566907959340276,0.2911060304684819,45.35998054463765,11.020692725281597
357,-0.9562846799062055,0.2924373624841499,45.35993966489585,11.020703778912601
358,-0.9559395035538313,0.29356373336169206,45.35992294358567,11.020714119408979
359,-0.9556486825162033,0.2945090755902861,45.35987878126492,11.020722628142893
360,-0.9554057564133149,0.29529619132711743,45.35984120561626,11.020739646218336
361,-0.9552045462230926,0.2959464054093843,45.35981122767584,11.020750256393564
362,-0.9550392696345539,0.2964793305711174,45.3597644633406,11.020771321193424
363,-0.9549046182034857,0.2969127315115591,45.359735381197915,11.020788482434922
364,-0.9549046182034857,0.2969127315115591,45.35970006,11.02079678
365,0.18563850809759755,0.9826181070544641,45.35970192162322,11.02080707466772
366,0.18563850809759755,0.9826181070544641,45.35970699171272,11.020803192468227
367,0.18563850809759755,0.9826181070544641,45.35971034930802,11.020811516897933
368,0.18563850809759755,0.9826181070544641,45.35970458846996,11.02082144748685
369,0.18563850809759755,0.9826181070544641,45.359716972378095,11.02083750445135
370,0.18563850809759755,0.9826181070544641,45.35970988879798,11.020835459873021
371,0.18563850809759755,0.9826181070544641,45.35970592986646,11.020847897615663
372,0.18563850809759755,0.9826181070544641,45.359712968331216,11.020838814654859
373,0.18563850809759755,0.9826181070544641,45.359716447686225,11.020862082685616
374,0.18563850809759755,0.9826181070544641,45.35971787959364,11.020866067796653
375,0.18563850809759755,0.9826181070544641,45.35971333161938,11.020878780445619
376,0.18563850809759755,0.9826181070544641,45.35971575,11.02087983
377,0.9539872079080639,0.29984730638739515,45.35974508269043,11.020868525843236
378,0.9539872079080639,0.29984730638739515,45.35977895592681,11.02086127848408
379,0.9539872079080639,0.29984730638739515,45.35981630056957,11.020852120975839
380,0.9539872079080639,0.29984730638739515,45.35984495019641,11.020839559748993
381,0.9539872079080639,0.29984730638739515,45.35986801779218,11.020829980542155
382,0.9539872079080639,0.29984730638739515,45.35990377764243,11.020821518148558
383,0.9539872079080639,0.29984730638739515,45.35993567169621,11.020804767029086
384,0.9539872079080639,0.29984730638739515,45.35997002077879,11.020799366701652
385,0.9539872079080639,0.29984730638739515,45.35999903641236,11.020784047651647
386,0.9539872079080639,0.29984730638739515,45.36003174732767,11.020778354772453
387,0.9539872079080639,0.29984730638739515,45.36005116141345,11.02077231267569
388,0.9539872079080639,0.29984730638739515,45.36009696739831,11.020756098355452
389,0.9539872079080639,0.29984730638739515,45.36012254015235,11.02074739698422
390,0.9539872079080639,0.29984730638739515,45.36015834641085,11.020734848970978
391,0.9539872079080639,0.29984730638739515,45.36018922653535,11.02073712133928
392,0.9539872079080639,0.29984730638739515,45.36021906787505,11.020725142540332
393,0.9539872079080639,0.29984730638739515,45.36025458921567,11.020711800782394
394,0.9539872079080639,0.29984730638739515,45.360288265620504,11.020696808672255
395,0.9539872079080639,0.29984730638739515,45.36031437201037,11.020695748756447
396,0.9539872079080639,0.29984730638739515,45.36035274693299,11.020685811170662
397,0.9539872079080639,0.29984730638739515,45.360376257274346,11.020666454555016
398,0.9539872079080639,0.29984730638739515,45.36040837972414,11.020663926309155
399,0.9539872079080639,0.29984730638739515,45.36044673679726,11.02064944838746
400,0.9539872079080639,0.29984730638739515,45.36047464452404,11.020654591501966
401,0.9539872079080639,0.29984730638739515,45.3605086604327,11.020625946414535
402,0.9539872079080639,0.29984730638739515,45.36054207252988,11.020626176257151
403,0.9539872079080639,0.29984730638739515,45.360569516843306,11.02060989957809
404,0.9539872079080639,0.29984730638739515,45.36060336492259,11.02060569101354
405,0.9539872079080639,0.29984730638739515,45.360628859490326,11.020590952145874
406,0.9539872079080639,0.29984730638739515,45.3606635481065,11.020577373338186
407,0.9539872079080639,0.29984730638739515,45.36069009298711,11.02057001473342
408,0.9539872079080639,0.29984730638739515,45.360724442158585,11.020569539487095
409,0.9539872079080639,0.29984730638739515,45.3607635596678,11.020557448010578
410,0.9539872079080639,0.29984730638739515,45.36078924947174,11.020541190014315
411,0.9539872079080639,0.29984730638739515,45.360826898533396,11.020535238029685
412,0.9539872079080639,0.29984730638739515,45.36085462602806,11.02051475663374
413,0.9539872079080639,0.29984730638739515,45.36087760485639,11.02051171807712
414,0.9539872079080639,0.29984730638739515,45.36091321385682,11.020501921122142
415,0.9539872079080639,0.29984730638739515,45.360944432319535,11.020495807730702
416,0.9539872079080639,0.29984730638739515,45.360977762233794,11.020472626754685
417,0.9539872079080639,0.29984730638739515,45.361010139321024,11.020470735115108
418,0.9539872079080639,0.29984730638739515,45.361044181286935,11.020458843155055
419,0.9539872079080639,0.29984730638739515,45.361071263839044,11.02045877503761
420,0.9539872079080639,0.29984730638739515,45.361104394020565,11.020444936636403
421,0.9539872079080639,0.29984730638739515,45.3611341134448,11.020436037087514
422,0.9539872079080639,0.29984730638739515,45.361159204466844,11.020423958102068
423,0.9539872079080639,0.29984730638739515,45.36119471841059,11.020416122762159
424,0.9539872079080639,0.29984730638739515,45.361220285544505,11.020402719107636
425,0.9539872079080639,0.29984730638739515,45.36126423368678,11.020406620478786
426,0.9539872079080639,0.29984730638739515,45.361296381417695,11.020382819499915
427,0.9539872079080639,0.29984730638739515,45.361328854122064,11.02037152168105
428,0.9539872079080639,0.29984730638739515,45.36135957750257,11.02036532301076
429,0.9539872079080639,0.29984730638739515,45.361388812801835,11.020346899086489
430,0.9539872079080639,0.29984730638739515,45.36142199747145,11.020346653071798
431,0.9539872079080639,0.29984730638739515,45.36144478852612,11.020338190944551
432,0.9539872079080639,0.29984730638739515,45.36147552601615,11.02032805258412
433,0.9539872079080639,0.29984730638739515,45.36151177799941,11.020315875175177
434,0.9539872079080639,0.29984730638739515,45.361542235504636,11.020301335186481
435,0.9539872079080639,0.29984730638739515,45.36158094340328,11.020303402799629
436,0.9539872079080639,0.29984730638739515,45.361604732391115,11.020286056121849
437,0.9539872079080639,0.29984730638739515,45.36163896829641,11.020270481090801
438,0.9539872079080639,0.29984730638739515,45.361674364784285,11.020257872683798
439,0.9539872079080639,0.29984730638739515,45.361698244621266,11.020257872834343
440,0.9539872079080639,0.29984730638739515,45.36173567134686,11.020245950426958
441,0.9539872079080639,0.29984730638739515,45.361760617862245,11.020234873937822
442,0.9539872079080639,0.29984730638739515,45.36179323321468,11.0202268908772
443,0.9539872079080639,0.29984730638739515,45.361828122223336,11.020221021844485
444,0.9539872079080639,0.29984730638739515,45.36185661127551,11.020206205582594
445,0.9539872079080639,0.29984730638739515,45.361896881911434,11.020187546255388
446,0.9539872079080639,0.29984730638739515,45.36192706579449,11.020187859506306
447,0.9539872079080639,0.29984730638739515,45.36196024270993,11.02016857639623
448,0.9539872079080639,0.29984730638739515,45.36198067447515,11.02016626662196
449,0.9539872079080639,0.29984730638739515,45.36202119267721,11.020161381110581
450,0.9539872079080639,0.29984730638739515,45.36204961954019,11.020145525138421
451,0.9539872079080639,0.29984730638739515,45.36208858658105,11.020136167491188
452,0.9539872079080639,0.29984730638739515,45.36210978104048,11.020131830469182
453,0.9539872079080639,0.29984730638739515,45.36214229362441,11.020121594583925
454,0.9539872079080639,0.29984730638739515,45.36218881301738,11.020112208824528
455,0.9539872079080639,0.29984730638739515,45.362212966205334,11.020101025761168
456,0.9539872079080639,0.29984730638739515,45.36224328035873,11.020089135058585
457,0.9539872079080639,0.29984730638739515,45.362278834066025,11.020076115918775
458,0.9539872079080639,0.29984730638739515,45.36230304,11.02006662
459,0.05017981546841942,0.9987401995111418,45.362300035010456,11.020072740993575
460,0.05017981546841942,0.9987401995111418,45.36229648993247,11.020078495213173
461,0.05017981546841942,0.9987401995111418,45.362296858590994,11.020077802884815
462,0.05017981546841942,0.9987401995111418,45.36229395260277,11.020077673874995
463,0.05017981546841942,0.9987401995111418,45.362300224940036,11.020086138085828
464,0.05017981546841942,0.9987401995111418,45.362298274330115,11.020094060606587
465,0.05017981546841942,0.9987401995111418,45.36229720120591,11.020094605010241
466,0.05017981546841942,0.9987401995111418,45.362307617735226,11.020098606504652
467,0.05017981546841942,0.9987401995111418,45.36230100723319,11.020099232441654
468,0.05017981546841942,0.9987401995111418,45.36230660088616,11.020106019846114
469,0.05017981546841942,0.9987401995111418,45.36231317200603,11.020107518774587
470,0.05017981546841942,0.9987401995111418,45.36230741775171,11.020112288315326
471,0.05017981546841942,0.9987401995111418,45.36230276698458,11.020108229683242
472,0.05017981546841942,0.9987401995111418,45.36230217036857,11.020120519558112
473,0.05017981546841942,0.9987401995111418,45.36230583,11.02012215
474,-0.9549990992879982,0.2966086990617641,45.36227964927022,11.020141006351919
475,-0.9550608611825958,0.296409769469831,45.36225063711613,11.020135587066369
476,-0.955134674801052,0.2961718301808744,45.362217245590415,11.020157638629572
477,-0.9552223743207321,0.2958888568315192,45.36217049084525,11.020160820126538
478,-0.955325954983126,0.29555425853060935,45.362155028178265,11.020165090630536
479,-0.9554475609107357,0.2951609024747789,45.36212102245576,11.020174103503775
480,-0.9555894657024835,0.29470115886850884,45.36209651085266,11.020183089124616
481,-0.9557540449305254,0.29416696891211164,45.362061758799,11.020204923921257
482,-0.9559437398306518,0.29354993830451936,45.36202027591885,11.020208076657399
483,-0.9561610117269067,0.29284145822164265,45.361994006599765,11.020213379324769
484,-0.9564082870626456,0.2920328550658233,45.361968522937815,11.020232227718042
485,-0.9566878933238714,0.2911155694351176,45.361939048004665,11.02023617990825
486,-0.957001986628559,0.2900813637395402,45.361903187117576,11.02024998426365
487,-0.9573524723022186,0.2889225567117072,45.361868134210134,11.020245493356153
488,-0.9577409203410884,0.28763228174911976,45.36183331084103,11.020262784555818
489,-0.9581684782473558,0.2862047646234186,45.36181347509953,11.02027133928661
490,-0.9586357842652273,0.28463561464825976,45.36178208945798,11.020269658885264
491,-0.9591428845062016,0.282922121971972,45.361745771510705,11.020286245214265
492,-0.9596891577775194,0.2810635523227363,45.361707487790106,11.020297460388036
493,-0.960273252071739,0.2790614293584236,45.361690135411514,11.020301027068518
494,-0.9608930365965729,0.27691979383969156,45.36164861411922,11.020309169977287
495,-0.9615455728931546,0.27464542823352295,45.36162426147015,11.020315027615895
496,-0.9622271079957718,0.27224803514092316,45.3615884132082,11.020316364835496
497,-0.9629330917365494,0.26974035819411646,45.36154764396408,11.02032713036209
498,-0.9636582192289468,0.2671382348382484,45.361523935920566,11.020328456599541
499,-0.9643964983337957,0.26446057173331766,45.361491902091764,11.020347543277655
500,-0.9651413406031455,0.26172923539177506,45.361459420466836,11.020350893608285
501,-0.9658856729099157,0.25896885308345363,45.36143411084353,11.020349325035045
502,-0.9666220658132044,0.2562065219369191,45.3613951335808,11.020359523138723
503,-0.9673428737859194,0.25347142745406,45.36135902242591,11.020361671358916
504,-0.9680403818344132,0.25079437620864503,45.3613356603754,11.020373068072876
505,-0.9687069528339703,0.24820725116548054,45.36130599145497,11.020377087893092
506,-0.9693351701178787,0.2457424016577993,45.361271064082494,11.020385674880831
507,-0.9699179704771788,0.24343198340692754,45.36124532035473,11.0203869383106
508,-0.970448763694436,0.2413072668693188,45.361214809569574,11.020397605839317
509,-0.9709215359492487,0.23939793447302718,45.36117395696816,11.02039539804215
510,-0.9713309357664047,0.2377313888050138,45.361141570970105,11.020412945903937
511,-0.971672342484447,0.23633209441543826,45.361111692879675,11.020412573186917
512,-0.9719419183592831,0.23522097554443686,45.361082413005846,11.02041627023863
513,-0.9721366462607494,0.23441489073201513,45.36104912230502,11.020422031885136
514,-0.9722543553825285,0.23392620297799915,45.36102150020871,11.02042570859098
515,-0.9722937374289996,0.23376246096485973,45.36097589830172,11.020439335469966
516,-0.9722543553825285,0.23392620297799915,45.36095790209887,11.020448794509825
517,-0.9721366462607494,0.23441489073201513,45.360929857277,11.020452725513305
518,-0.9719419183592831,0.23522097554443686,45.36088859912746,11.020467146049068
519,-0.971672342484447,0.23633209441543826,45.360869255130694,11.020476036056227
520,-0.9713309357664047,0.2377313888050138,45.360820811794824,11.020483391541482
521,-0.9709215359492487,0.23939793447302718,45.36080283439314,11.020489782634831
522,-0.970448763694436,0.2413072668693188,45.360766239982034,11.02049584504771
523,-0.9699179704771788,0.24343198340692754,45.36073737113302,11.020509223052764
524,-0.9693351701178787,0.2457424016577993,45.3607019333023,11.020526110044335
525,-0.9687069528339703,0.24820725116548054,45.360681088637094,11.020542118816387
526,-0.9680403818344132,0.25079437620864503,45.36064410382158,11.020556954406281
527,-0.9673428737859194,0.25347142745406,45.360617856583424,11.020568854495933
528,-0.9666220658132044,0.2562065219369191,45.36059081697099,11.020583323786706
529,-0.9658856729099157,0.25896885308345363,45.36054333809602,11.02059102226864
530,-0.9651413406031455,0.26172923539177506,45.360531740741294,11.020599510338647
531,-0.9643964983337957,0.26446057173331766,45.360501034509646,11.020614452869825
532,-0.9636582192289468,0.2671382348382484,45.360466138469036,11.020627175005481
533,-0.9629330917365494,0.26974035819411646,45.360436809339724,11.020646001216614
534,-0.9622271079957718,0.27224803514092316,45.36040162198531,11.020654389265914
535,-0.9615455728931546,0.27464542823352295,45.36037201595879,11.020682828205594
536,-0.9608930365965729,0.27691979383969156,45.36034694908232,11.020690063696334
537,-0.960273252071739,0.2790614293584236,45.36030617269148,11.02070325379233
538,-0.9596891577775194,0.2810635523227363,45.360287107566094,11.020701734259934
539,-0.9591428845062016,0.282922121971972,45.360265583365226,11.020738786171355
540,-0.9586357842652273,0.28463561464825976,45.36023265342635,11.020739767736375
541,-0.9581684782473558,0.2862047646234186,45.36019916146919,11.020765221274745
542,-0.9577409203410884,0.28763228174911976,45.3601708960933,11.020767883854187
543,-0.9573524723022186,0.2889225567117072,45.36014180071878,11.020772205979918
544,-0.957001986628559,0.2900813637395402,45.36011566232362,11.020790803868769
545,-0.9566878933238714,0.2911155694351176,45.360080582944676,11.020800882757289
546,-0.9564082870626456,0.2920328550658233,45.36004546707267,11.02080764234268
547,-0.9561610117269067,0.29284145822164265,45.360019253149105,11.020822840288464
548,-0.9559437398306518,0.29354993830451936,45.35998685870692,11.020830819788923
549,-0.9557540449305254,0.29416696891211164,45.35995274811764,11.020845532805954
550,-0.9555894657024835,0.29470115886850884,45.35992471921384,11.020852943078019
551,-0.9554475609107357,0.2951609024747789,45.35989154590792,11.020870634141968
552,-0.955325954983126,0.29555425853060935,45.35986721403994,11.020878755295087
553,-0.9552223743207321,0.2958888568315192,45.359830715768716,11.020890735728937
554,-0.955134674801052,0.2961718301808744,45.35980424022278,11.020890245177437
555,-0.9550608611825958,0.296409769469831,45.359760992492255,11.02091108599311
556,-0.9549990992879982,0.2966086990617641,45.359741728832304,11.020916720109808
557,-0.9549990992879982,0.2966086990617641,45.35971167,11.02093044
558,0.158371280329442,0.9873796319384015,45.3597037837816,11.020936213728417
559,0.158371280329442,0.9873796319384015,45.359710413286784,11.020940885663403
560,0.158371280329442,0.9873796319384015,45.35970978065242,11.020951979163117
561,0.158371280329442,0.9873796319384015,45.35971097247765,11.02094834714609
562,0.158371280329442,0.9873796319384015,45.359714463298765,11.020954487333015
563,0.158371280329442,0.9873796319384015,45.35972005730773,11.020952427779653
564,0.158371280329442,0.9873796319384015,45.35971535929632,11.020965366518947
565,0.158371280329442,0.9873796319384015,45.35970925764162,11.02096551234771
566,0.158371280329442,0.9873796319384015,45.35971786706478,11.020974896759968
567,0.158371280329442,0.9873796319384015,45.359713446445035,11.020981310562021
568,0.158371280329442,0.9873796319384015,45.35973395029872,11.020976262164142
569,0.158371280329442,0.9873796319384015,45.359722374793186,11.020987526215402
570,0.158371280329442,0.9873796319384015,45.359718265895104,11.020986367209257
571,0.158371280329442,0.9873796319384015,45.35971511582323,11.020998912263256
572,0.158371280329442,0.9873796319384015,45.35971831956488,11.021000925999978
573,0.158371280329442,0.9873796319384015,45.359729171071514,11.02100579005499
574,0.158371280329442,0.9873796319384015,45.35972416,11.02100831
575,0.9551369713188397,0.29616442396053255,45.35975968168522,11.020992397613139
576,0.9551369713188397,0.29616442396053255,45.3597886015985,11.020983025103643
577,0.9551369713188397,0.29616442396053255,45.35982595928993,11.0209862043137
578,0.9551369713188397,0.29616442396053255,45.35987101248003,11.020968646354488
579,0.9551369713188397,0.29616442396053255,45.35989852063841,11.020955352729011
580,0.9551369713188397,0.29616442396053255,45.35993586758861,11.020937259277362
581,0.9551369713188397,0.29616442396053255,45.35996114237148,11.020937068083802
582,0.9551369713188397,0.29616442396053255,45.36000097400481,11.020929070351801
583,0.9551369713188397,0.29616442396053255,45.36003891235395,11.02091028026313
584,0.9551369713188397,0.29616442396053255,45.36007680628262,11.020896840516611
585,0.9551369713188397,0.29616442396053255,45.36011106893412,11.02089812067949
586,0.9551369713188397,0.29616442396053255,45.36013895057367,11.020870811886999
587,0.9551369713188397,0.29616442396053255,45.36017929625249,11.020872168376883
588,0.9551369713188397,0.29616442396053255,45.36021847845793,11.020861482784518
589,0.9551369713188397,0.29616442396053255,45.36024105742462,11.020843554659068
590,0.9551369713188397,0.29616442396053255,45.360278831811804,11.020826272179994
591,0.9551369713188397,0.29616442396053255,45.360315442273894,11.020820318815682
592,0.9551369713188397,0.29616442396053255,45.36034820179941,11.020810065118765
593,0.9551369713188397,0.29616442396053255,45.36038520424616,11.020804713940572
594,0.9551369713188397,0.29616442396053255,45.36042103885333,11.020788293030634
595,0.9551369713188397,0.29616442396053255,45.36045368555436,11.020788706654763
596,0.9551369713188397,0.29616442396053255,45.360480857590865,11.020779911655241
597,0.9551369713188397,0.29616442396053255,45.36051526203737,11.020755088607162
598,0.9551369713188397,0.29616442396053255,45.36054975375334,11.020747274137669
599,0.9551369713188397,0.29616442396053255,45.36059523087087,11.020735747863451
600,0.9551369713188397,0.29616442396053255,45.360624550532954,11.020731997676817
601,0.9551369713188397,0.29616442396053255,45.36067309640519,11.020714862728619
602,0.9551369713188397,0.29616442396053255,45.36069893544648,11.020710317676
603,0.9551369713188397,0.29616442396053255,45.360731871574345,11.020691433338857
604,0.9551369713188397,0.29616442396053255,45.3607676248166,11.020693429300456
605,0.9551369713188397,0.29616442396053255,45.3607895925683,11.020685270674791
606,0.9551369713188397,0.29616442396053255,45.360831892015554,11.02066529740019
607,0.9551369713188397,0.29616442396053255,45.36087517558569,11.020650081242762
608,0.9551369713188397,0.29616442396053255,45.36090184422602,11.020639615197153
609,0.9551369713188397,0.29616442396053255,45.36093363069053,11.020635135061038
610,0.9551369713188397,0.29616442396053255,45.36097236914136,11.020627879504252
611,0.9551369713188397,0.29616442396053255,45.36100396851373,11.020617061517624
612,0.9551369713188397,0.29616442396053255,45.36104202418795,11.020601283661797
613,0.9551369713188397,0.29616442396053255,45.361080763316686,11.020582612695701
614,0.9551369713188397,0.29616442396053255,45.36110865657706,11.020580745653492
615,0.9551369713188397,0.29616442396053255,45.36115102911104,11.020566593487144
616,0.9551369713188397,0.29616442396053255,45.36117755101824,11.020559366956952
617,0.9551369713188397,0.29616442396053255,45.36121046832563,11.020549634220044
618,0.9551369713188397,0.29616442396053255,45.36125079325955,11.020538296887867
619,0.9551369713188397,0.29616442396053255,45.36128359842816,11.020517750614248
620,0.9551369713188397,0.29616442396053255,45.361322942207515,11.020513176366153
621,0.9551369713188397,0.29616442396053255,45.361348335822306,11.020510761807
622,0.9551369713188397,0.29616442396053255,45.3613913172412,11.020493749398222
623,0.9551369713188397,0.29616442396053255,45.36142868416467,11.020482626602718
624,0.9551369713188397,0.29616442396053255,45.361456098452905,11.020476832292221
625,0.9551369713188397,0.29616442396053255,45.36149118074646,11.020460691873899
626,0.9551369713188397,0.29616442396053255,45.361531220313786,11.02044499302751
627,0.9551369713188397,0.29616442396053255,45.36155953563113,11.02043540027586
628,0.9551369713188397,0.29616442396053255,45.36160492637571,11.020426172451781
629,0.9551369713188397,0.29616442396053255,45.36163367605684,11.020418192913745
630,0.9551369713188397,0.29616442396053255,45.3616695517048,11.020407705084066
631,0.9551369713188397,0.29616442396053255,45.36170266992005,11.020405709323025
632,0.9551369713188397,0.29616442396053255,45.36173719514052,11.020381417978102
633,0.9551369713188397,0.29616442396053255,45.36177203242839,11.02037898991445
634,0.9551369713188397,0.29616442396053255,45.36180391218861,11.020360873047645
635,0.9551369713188397,0.29616442396053255,45.361834935549254,11.020356260317703
636,0.9551369713188397,0.29616442396053255,45.36187388857594,11.020341195808335
637,0.9551369713188397,0.29616442396053255,45.36190344700132,11.020335564949889
638,0.9551369713188397,0.29616442396053255,45.36193990582509,11.020326433703088
639,0.9551369713188397,0.29616442396053255,45.361983121850436,11.020309153959412
640,0.9551369713188397,0.29616442396053255,45.36200427168452,11.020303077295896
641,0.9551369713188397,0.29616442396053255,45.36204839351967,11.020283273631108
642,0.9551369713188397,0.29616442396053255,45.362079602089985,11.02027565336593
643,0.9551369713188397,0.29616442396053255,45.36211621166665,11.020274713122653
644,0.9551369713188397,0.29616442396053255,45.36214875776076,11.020249759699453
645,0.9551369713188397,0.29616442396053255,45.362194261926675,11.020250189356037
646,0.9551369713188397,0.29616442396053255,45.362225316860126,11.02023150177057
647,0.9551369713188397,0.29616442396053255,45.36225445118777,11.020228244348585
648,0.9551369713188397,0.29616442396053255,45.362293689310555,11.020212395308041
649,0.9551369713188397,0.29616442396053255,45.36232427,11.02020208
650,0.096011835949402,0.9953801923675321,45.36231977746698,11.020211580844139
651,0.096011835949402,0.9953801923675321,45.3623233535138,11.020206699107602
652,0.096011835949402,0.9953801923675321,45.362319316034025,11.020208706670102
653,0.096011835949402,0.9953801923675321,45.362320253213944,11.020204681151375
654,0.096011835949402,0.9953801923675321,45.36233021088926,11.020224411041522
655,0.096011835949402,0.9953801923675321,45.36232661885035,11.02021497120378
656,0.096011835949402,0.9953801923675321,45.36232544319935,11.020231580157263
657,0.096011835949402,0.9953801923675321,45.362337377642575,11.020233624609604
658,0.096011835949402,0.9953801923675321,45.36233051389139,11.020230890476407
659,0.096011835949402,0.9953801923675321,45.362324697476325,11.02024581609873
660,0.096011835949402,0.9953801923675321,45.36233064783355,11.020239167178934
661,0.096011835949402,0.9953801923675321,45.36232804391579,11.020248070139175
662,0.096011835949402,0.9953801923675321,45.362318291700575,11.020254664924236
663,0.096011835949402,0.9953801923675321,45.36232928,11.02025402
664,-0.9522559819720718,0.30530074483761926,45.36229989971576,11.020270127979462
665,-0.9523732657110638,0.3049346860539866,45.36225825525412,11.020278632102714
666,-0.9525145260273743,0.30449314886684486,45.362227303115766,11.020294159674854
667,-0.9526835446773766,0.3039639184195207,45.36220631836365,11.020303578107576
668,-0.9528844285706789,0.3033335882943574,45.3621595742838,11.020296992925626
669,-0.9531215725996128,0.3025876201123253,45.36213462566835,11.020311707681595
670,-0.953399603379637,0.3017104510545678,45.36209963200409,11.020322935934296
671,-0.9537233017685682,0.3006856558994134,45.362069261891534,11.020339942736772
672,-0.9540975026546029,0.29949616930480105,45.3620375468729,11.02033981509095
673,-0.9545269713943827,0.29812457275553006,45.36200743763626,11.020357889908928
674,-0.9550162574512803,0.29655344881445894,45.361975356020665,11.02037348632546
675,-0.9555695272159859,0.2947658030644283,45.36194040374899,11.020380675317114
676,-0.9561903796423545,0.2927455514254828,45.36191052197599,11.020385873644816
677,-0.9568816501233214,0.29047806742897064,45.36186299063575,11.020386592809501
678,-0.9576452098502148,0.2879507806048424,45.36184835735388,11.020402355879835
679,-0.9584817695952149,0.28515381350005725,45.36180647276151,11.020412670422814
680,-0.9593906982544591,0.2820806411344484,45.361775653820544,11.020412294532402
681,-0.9603698673963753,0.27872875308634454,45.36174470977224,11.020418351293667
682,-0.9614155332871178,0.27510029508207895,45.361707393196525,11.020428106494634
683,-0.9625222672492122,0.2712026641636033,45.361673175503725,11.020445129648195
684,-0.963682943639406,0.2670490294655449,45.361654646810585,11.020440581376562
685,-0.9648887921742394,0.262658749590676,45.36161392202068,11.020451747606565
686,-0.966129517854111,0.258057657764661,45.361574962487666,11.020453032196988
687,-0.9673934875201919,0.25327818757942855,45.36153563165936,11.020461718573351
688,-0.9686679774205434,0.24835931534773079,45.36151016700707,11.020461653081863
689,-0.9699394714605724,0.24334629995704798,45.361472313380595,11.020469353775905
690,-0.9711939955363329,0.2382902075918636,45.361432756777674,11.020470705588528
691,-0.9724174699864633,0.23324721662889322,45.36140794212115,11.020470575065753
692,-0.9735960602005931,0.22827770710668008,45.36136048876238,11.020469898284817
693,-0.9747165051361826,0.2234451490077734,45.361342442145904,11.02047712964079
694,-0.9757664051053156,0.21881481363895147,45.361300204606884,11.020476225444696
695,-0.9767344536713758,0.21445234205127967,45.361280640696364,11.020487951817728
696,-0.97761060358494,0.21042221308191106,45.36123514995603,11.02048347477751
697,-0.9783861629092884,0.20678616062889543,45.3612003037665,11.020496295021296
698,-0.979053824181161,0.20360159468001257,45.36115812658333,11.020498004171163
699,-0.9796076358602543,0.20092008302875902,45.36112022066451,11.020499744729872
700,-0.9800429306716415,0.19878595030972415,45.36108891668921,11.020502755141935
701,-0.9803562290653235,0.19723504793220448,45.36106379510249,11.020509696901968
702,-0.980545137426719,0.1962937428162617,45.36103311027447,11.02051947569994
703,-0.9806082596597739,0.1959781648220777,45.360999875277784,11.020521304522068
704,-0.980545137426719,0.1962937428162617,45.36096278321936,11.020532984755413
705,-0.9803562290653235,0.19723504793220448,45.36094329470957,11.02053005431667
706,-0.9800429306716415,0.19878595030972415,45.36090385502497,11.020539427758315
707,-0.9796076358602543,0.20092008302875902,45.36087356213209,11.020546024627167
708,-0.979053824181161,0.20360159468001257,45.36084034337986,11.020566649085996
709,-0.9783861629092884,0.20678616062889543,45.360799525287455,11.020578781638704
710,-0.97761060358494,0.21042221308191106,45.36077016012997,11.020590870133804
711,-0.9767344536713758,0.21445234205127967,45.3607419192387,11.020605259688669
712,-0.9757664051053156,0.21881481363895147,45.36071868356859,11.020615884608684
713,-0.9747165051361826,0.2234451490077734,45.360685642985366,11.020628459909402
714,-0.9735960602005931,0.22827770710668008,45.36064638954263,11.02064931461475
715,-0.9724174699864633,0.23324721662889322,45.360615944265945,11.020662598812706
716,-0.9711939955363329,0.2382902075918636,45.36058004934365,11.02069345172525
717,-0.9699394714605724,0.24334629995704798,45.3605502656125,11.020698224099773
718,-0.9686679774205434,0.24835931534773079,45.36051215187273,11.020721179616828
719,-0.9673934875201919,0.25327818757942855,45.360496120474956,11.020740590812638
720,-0.966129517854111,0.258057657764661,45.3604741141094,11.02074827762747
721,-0.9648887921742394,0.262658749590676,45.36043814713945,11.020776643220113
722,-0.963682943639406,0.2670490294655449,45.36040690062769,11.020786903893413
723,-0.9625222672492122,0.2712026641636033,45.360379284242235,11.020802245070835
724,-0.9614155332871178,0.27510029508207895,45.360349495395695,11.02082106592427
725,-0.9603698673963753,0.27872875308634454,45.3603156561125,11.020840440713215
726,-0.9593906982544591,0.2820806411344484,45.360279771707084,11.020865316231871
727,-0.9584817695952149,0.28515381350005725,45.360247416272756,11.020867046987982
728,-0.9576452098502148,0.2879507806048424,45.360216153490896,11.020891748604226
729,-0.9568816501233214,0.29047806742897064,45.3601996672468,11.020905183119746
730,-0.9561903796423545,0.2927455514254828,45.36015861154042,11.020912501349574
731,-0.9555695272159859,0.2947658030644283,45.36012961991519,11.020927885205497
732,-0.9550162574512803,0.29655344881445894,45.36009793043354,11.020943459337584
733,-0.9545269713943827,0.29812457275553006,45.36006740872595,11.020961994798105
734,-0.9540975026546029,0.29949616930480105,45.360029419023824,11.020968978139338
735,-0.9537233017685682,0.3006856558994134,45.35999826503224,11.020978227750668
736,-0.953399603379637,0.3017104510545678,45.35997327683249,11.020994982698904
737,-0.9531215725996128,0.3025876201123253,45.35993784210793,11.02101087044232
738,-0.9528844285706789,0.3033335882943574,45.35990949087788,11.021035291924848
739,-0.9526835446773766,0.3039639184195207,45.359868241667584,11.021028733765132
740,-0.9525145260273743,0.30449314886684486,45.35984874932212,11.02105449624262
741,-0.9523732657110638,0.3049346860539866,45.35981109780102,11.021059214313642
742,-0.9522559819720718,0.30530074483761926,45.359788570929446,11.02107332294069
743,-0.9522559819720718,0.30530074483761926,45.35974926,11.02108572
744,0.08350296661483732,0.9965075286050383,45.359745497770746,11.021094222775654
745,0.08350296661483732,0.9965075286050383,45.35974393561755,11.021093660600359
746,0.08350296661483732,0.9965075286050383,45.35974851632587,11.021094823333447
747,0.08350296661483732,0.9965075286050383,45.35975860034513,11.021094538866425
748,0.08350296661483732,0.9965075286050383,45.35974643058896,11.021112352874681
749,0.08350296661483732,0.9965075286050383,45.35975491852095,11.02111371809548
750,0.08350296661483732,0.9965075286050383,45.359747419460625,11.021108461678288
751,0.08350296661483732,0.9965075286050383,45.35974939678722,11.021122668930246
752,0.08350296661483732,0.9965075286050383,45.3597488364143,11.021123383878221
753,0.08350296661483732,0.9965075286050383,45.35975681191093,11.021130381354727
754,0.08350296661483732,0.9965075286050383,45.35975701624861,11.021132126810159
755,0.08350296661483732,0.9965075286050383,45.35975365000853,11.021137031479514
756,0.08350296661483732,0.9965075286050383,45.3597534810948,11.02113263367139
757,0.08350296661483732,0.9965075286050383,45.35975600955205,11.02114609120117
758,0.08350296661483732,0.9965075286050383,45.35975685875924,11.021150653373608
