,Sin,Cosin,Lat,Lon
0,0.9551128724958533,-0.2962421320351307,45.35967274735374,11.020588010335224
1,0.9555615455411274,-0.2947916767533505,45.35969763522141,11.020583974511743
2,0.953012015470282,-0.30293249804085215,45.35973256848389,11.020570814977612
3,0.9562686732533927,-0.2924896999112891,45.35976673467603,11.020550721714974
4,0.9599631173270833,-0.2801264239083284,45.35981101037917,11.02054647342724
5,0.9587018318109022,-0.28441307579367847,45.359837813689964,11.020543929873877
6,0.9538472370194897,-0.3002922716792516,45.35986556109502,11.020531278085208
7,0.9540182866557788,-0.29974840904727457,45.359907609411806,11.020518414157928
8,0.9561066753414036,-0.29301881401645147,45.359934538839475,11.020516377855348
9,0.9496111884792832,-0.3134303602316843,45.3599655995964,11.020495952593953
10,0.9596842573553419,-0.2810802842326831,45.35999927523235,11.02048964531828
11,0.9534636329912377,-0.3015080439443537,45.36002576179733,11.020488986957632
12,0.9512348420179744,-0.30846762444548265,45.360063161897386,11.020468484492879
13,0.9623126033759993,-0.2719456809432845,45.36008373544745,11.020454259171478
14,0.9557621694116747,-0.29414057102257957,45.360121126667075,11.02045370195664
15,0.9561702164023814,-0.29281140221142854,45.36015549993135,11.020439918574954
16,0.9474528223162321,-0.31989552901690654,45.36020163442913,11.020434532939566
17,0.9629032771965609,-0.2698467690451808,45.36022866320471,11.020420371134247
18,0.9576334071968177,-0.28799003007155305,45.360258021388006,11.02041216800722
19,0.945744851699135,-0.3249102575859696,45.36029041213352,11.020402353351239
20,0.9539258932739005,-0.30004231391853853,45.36031634107932,11.02038324070178
21,0.9518567658478292,-0.3065431410253878,45.36035593575547,11.020371336145162
22,0.9570119815921789,-0.29004838749596756,45.36037764779001,11.020364558218102
23,0.9557382332018479,-0.29421833660771396,45.360423761002004,11.02036275725571
24,0.9584820472833537,-0.2851528801108465,45.36045380883522,11.020348565616203
25,0.951429907404002,-0.3078654434931147,45.360482586509264,11.0203390526243
26,0.9593712125821184,-0.28214690582871155,45.360518728930096,11.020327589332181
27,0.9458665603732342,-0.3245557732774243,45.36055275946301,11.020316153397339
28,0.9396714368160243,-0.3420783401972543,45.36057904774553,11.020303843587698
29,0.9516066748431998,-0.3073186235714791,45.36061210823173,11.020304355815039
30,0.9545210520011075,-0.29814352464324806,45.36063604671325,11.020291601932083
31,0.957277955244773,-0.28916935591861437,45.36067662406866,11.020277542981171
32,0.9474724746149567,-0.3198373177836044,45.36069935248553,11.02027469539583
33,0.9576875431314532,-0.28780995418998445,45.360736009067736,11.020261949339961
34,0.9555539140648758,-0.2948164129001232,45.360768361559366,11.020252165952687
35,0.9584078562911931,-0.28540213909380524,45.36080571892903,11.020234158408382
36,0.9567310337612352,-0.2909737600508991,45.36083546057758,11.020233681655963
37,0.9545640083662683,-0.298005962913031,45.36086786358007,11.020220639806054
38,0.9558939738359067,-0.2937119520622184,45.36090647963631,11.020210356905569
39,0.9461042079209465,-0.3238623592736249,45.360922662715005,11.02019162072749
40,0.9377685502272285,-0.3472609194895417,45.36096915989433,11.020191038968493
41,0.9447714978340936,-0.3277297924820434,45.3609919685228,11.020173448926116
42,0.9566532272721477,-0.2912294675162257,45.36103195430362,11.020165839325076
43,0.9614397715634667,-0.2750155734790102,45.36106218879871,11.020156648148728
44,0.951381714505001,-0.3080143394478979,45.36109011159621,11.020154544590978
45,0.9613592297168404,-0.27529698770281374,45.36112534127738,11.020132494316016
46,0.9537142823470042,-0.30071426246079336,45.36116292875532,11.020131946274667
47,0.9654928076784207,-0.2604297185830377,45.361184703615294,11.020120519615862
48,0.957199205004928,-0.28942992578158483,45.36122123914081,11.020113834773568
49,0.9551868330940237,-0.2960035707281412,45.361254738087304,11.02010379307688
50,0.9570597719593812,-0.28989065679503595,45.361284892602164,11.020089062592325
51,0.9491834905113584,-0.31472321385730984,45.36133023430897,11.020082902753844
52,0.9528631951594794,-0.303400282317713,45.36134881441008,11.020068646237059
53,0.9472319141666029,-0.32054906143096645,45.3613848084674,11.020052523169364
54,0.9469760802780687,-0.32130406686063717,45.361413646764895,11.020059978789018
55,0.9566308328320301,-0.29130302036727423,45.36144533277676,11.020039707192076
56,0.9482645748542397,-0.31748117436551737,45.36148003688755,11.020033542156442
57,0.9443265160554603,-0.32900977352436894,45.36151725858589,11.020017005845384
58,0.9538749108838965,-0.3002043543758791,45.36154462246493,11.02001133884428
59,0.9484401918838558,-0.31695615220297396,45.36157465051151,11.020007353103173
60,0.9578553531355999,-0.28725097470587513,45.36161270059445,11.019984610691674
61,0.9531898823408856,-0.30237236679790813,45.361640477124915,11.019984207685537
62,0.9521891549622414,-0.30550910489262423,45.3616793059046,11.019973561377919
63,0.9554816648845834,-0.2950504839334866,45.36170798645145,11.019962011829996
64,0.9573140085139697,-0.2890499768256609,45.361737030427356,11.019952711620801
65,0.9501500609141853,-0.3117929789856884,45.36177653848342,11.01993250182328
66,0.9535274335859817,-0.30130621201517127,45.36179793069228,11.019926479192819
67,0.9523206791464671,-0.30509887589109796,45.36182401897386,11.01991370064496
68,0.9550707680173361,-0.2963778468083868,45.36188102415911,11.01990781997894
69,0.9557956028413022,-0.2940319125354113,45.36190081964211,11.019904037358476
70,0.9533565329678914,-0.3018465190248877,45.36193509211306,11.019893780397881
71,0.9643660036035907,-0.26457175036961,45.361962886556846,11.019888922257893
72,0.9506636683936448,-0.3102234510741219,45.36200314707481,11.019871607222168
73,0.958531957167745,-0.2849850646756287,45.36202621652905,11.019859811062977
74,0.9655229560369815,-0.26031792363494516,45.36207042693812,11.019843288554545
75,0.9515798209885664,-0.3074017636373738,45.362100529847396,11.019843495852793
76,0.9572401890132154,-0.2892943493017858,45.36212585453995,11.019827960233354
77,0.9532928389515366,-0.3020476174442033,45.362154932481964,11.019827470626028
78,0.9453930872865703,-0.3259323710691641,45.36218539509939,11.019808451112306
79,0.9579042215569143,-0.287087969659897,45.36221880077959,11.019804393556615
80,0.10950909028418161,0.9939857942370861,45.36225665203415,11.019791504803411
81,0.13939236304516522,0.9902372287107191,45.362256353766675,11.019800801362686
82,0.10924747566468862,0.9940145819156242,45.36226068793046,11.019799521868073
83,0.11180401815601375,0.9937302760428354,45.36227143808832,11.019812161305424
84,0.12479176523482656,0.9921829545651225,45.362255889011166,11.019823060449983
85,0.13315097462248887,0.9910957662895555,45.36226570415467,11.01982338312735
86,0.12527633534973462,0.9921218875729639,45.362256966810904,11.019835235569081
87,0.11935591164924836,0.9928515328861495,45.36225967666973,11.019839374066338
88,0.14210182041472802,0.989852045830497,45.36227288540798,11.019847220875372
89,0.1323756214183617,0.9911996241192299,45.36227135354572,11.019856091622795
90,-0.9554928246546122,0.2950143420811107,45.362267564673346,11.019860661607556
91,-0.946512259088609,0.322667853054775,45.36223451128784,11.01987120280343
92,-0.9547123527079916,0.2975303742255091,45.362209720463085,11.019884313424608
93,-0.9426942146715607,0.33365793505440494,45.36216911757094,11.019892150148305
94,-0.9506426872959308,0.31028773918859737,45.36214052704991,11.019900882334266
95,-0.9545346904782823,0.29809985688277285,45.36211136744414,11.019913371774356
96,-0.9521076215988253,0.3057631058408257,45.362081738289355,11.019917033886033
97,-0.9569153617953148,0.29036699254588466,45.362044573627855,11.019926252219484
98,-0.9593219895249947,0.28231422283300917,45.36200615577364,11.019944665878679
99,-0.9437151144435169,0.33075940314805846,45.361977327198765,11.019954718899854
100,-0.9504057472360483,0.3110127258179134,45.3619488479719,11.019972826497808
101,-0.956917457032169,0.2903600875242445,45.36190493334443,11.01996656747926
102,-0.9613429804504908,0.2753537251220095,45.36188536368916,11.0199798406925
103,-0.9584845389643348,0.28514450471002684,45.36184701000186,11.019995089028924
104,-0.9546146654791665,0.29784365101861576,45.36181455914419,11.019995823222514
105,-0.9544027577611115,0.2985219857531185,45.36178682442026,11.020011649603223
106,-0.963028237900516,0.2694004695731378,45.36174862548004,11.020012442621427
107,-0.9593548880634167,0.28220240741146957,45.36171606500465,11.020029558558837
108,-0.959170811368304,0.2828274290429935,45.36168417973563,11.020036664014626
109,-0.9563722006438294,0.2921510120394568,45.36165064274152,11.020054553791601
110,-0.9500534964602121,0.31208709339497825,45.36162102854905,11.020062525882112
111,-0.9468763802066644,0.3215977621295339,45.361591928070574,11.020072795089769
112,-0.944906976140178,0.32733897788321037,45.36155743698354,11.020082029419893
113,-0.9516247441110527,0.3072626667780737,45.36152250081667,11.0200905869778
114,-0.9613918387881413,0.27518308870923835,45.361490554401406,11.020103528244078
115,-0.9437443441590843,0.33067599378808843,45.361456716797896,11.020105062632117
116,-0.9509169902791416,0.30944608189224,45.3614279026014,11.020124280622857
117,-0.9525008769436816,0.3045358425892059,45.36138888580291,11.020126630286118
118,-0.9584278613709126,0.28533495150082594,45.36135530856268,11.020139668917427
119,-0.9430812109253771,0.3325625198357811,45.36133563424214,11.020152504103374
120,-0.9556715476971747,0.2944348704248305,45.36130362790161,11.020160114749343
121,-0.9601752615697635,0.27939840205240285,45.36127133209926,11.020179451953767
122,-0.9510624623684052,0.30899869364407667,45.361228963069614,11.020179039351172
123,-0.9548587859898457,0.29706009294080216,45.361197507901124,11.020193651412834
124,-0.9505985147906668,0.31042303986298836,45.36117289002427,11.020196839036442
125,-0.9515424976521358,0.3075172762007609,45.36114005161694,11.020207911640936
126,-0.9551124751578738,0.296243413087616,45.36110436711695,11.020227217323304
127,-0.9648614696616357,0.26275909948541953,45.36108214304863,11.020222267599898
128,-0.9499497853632598,0.3124026332928336,45.36103505493054,11.020228858498031
129,-0.953112350686563,0.30261666670679954,45.361011997869184,11.020253831730836
130,-0.9538617278282002,0.300246239251386,45.36097372254329,11.020261130676364
131,-0.9609625936296691,0.27667832160207173,45.36094104908888,11.020264164920237
132,-0.9518074436394054,0.3066962507638789,45.36091528348893,11.020287024502563
133,-0.9620048327878807,0.2730324187578494,45.360875056011295,11.020288437481087
134,-0.958346202671342,0.2856090961881625,45.360841860071204,11.020297364014692
135,-0.9581189079790154,0.28637066569936753,45.36081247884629,11.020316129925076
136,-0.9550526231316184,0.29643631196163334,45.36077569662953,11.020329639797058
137,-0.9564453315437327,0.2919115067416823,45.360753576748635,11.020329497839436
138,-0.9601706771009395,0.2794141564694305,45.360721378298095,11.020345916038965
139,-0.9570546394891247,0.2899076008529986,45.36068802290501,11.02034978811473
140,-0.951426316893265,0.30787653941623516,45.360650000790784,11.020368292596388
141,-0.9559884433522501,0.29340432201476147,45.36062304752884,11.020369578202736
142,-0.946350336707279,0.32314244570161266,45.36059535225236,11.020378752864916
143,-0.9540422341857476,0.2996721798730525,45.36055197067176,11.020398119566451
144,-0.950330636398776,0.31124215897255536,45.3605163023641,11.020403501223768
145,-0.950938868375097,0.30937884318985037,45.36048187827002,11.020416664140331
146,-0.9598423375021206,0.28053999204830915,45.36047541135273,11.020426669256599
147,-0.962216088072726,0.2722869806913654,45.36042071333167,11.020425722589064
148,-0.9502608712057095,0.3114550957286877,45.36039925239835,11.020448025319993
149,-0.9543146676254737,0.2988034724612178,45.36036660522575,11.020453843556341
150,-0.9495932543959161,0.3134846905444873,45.360328225052676,11.02046274710685
151,-0.9578215955390437,0.28736351737658117,45.36030948508955,11.020476956643298
152,-0.9500568638580748,0.3120768421978145,45.3602798972869,11.02048158552221
153,-0.9478366485425659,0.31875647080427477,45.3602283167026,11.020492913188306
154,-0.9607633715061181,0.2773693277422663,45.36019999855811,11.02049474870066
155,-0.9533380250116718,0.301904968602448,45.360178165203735,11.020515989529947
156,-0.955276308246255,0.29571468496408176,45.36013729245116,11.020514511172168
157,-0.9567586557479677,0.2908829225845716,45.36010768465232,11.020540964136199
158,-0.949701405961832,0.31315689280953046,45.36007149458862,11.020536552124511
159,-0.9495051212747307,0.3137515333397732,45.360046221432455,11.020554353912292
160,-0.9556845215421716,0.29439275684824595,45.36001006609121,11.020554380797348
161,-0.9499090512336205,0.3125264698940604,45.359976343132864,11.02057038826855
162,-0.9546507951669755,0.29772782753223037,45.35994788734007,11.020593504770922
163,-0.9509032747588579,0.3094882260327199,45.359908860245525,11.02060358920882
164,-0.9592795023159116,0.28245855702480815,45.35988760133864,11.020613705421106
165,-0.9600466330517973,0.27984006569093645,45.35984024875906,11.020611810232474
166,-0.9560219450540212,0.29329514243356664,45.35980995780235,11.020620873701773
167,-0.9457279157453832,0.3249595503749559,45.35976809100558,11.020623522542841
168,-0.9498376209034687,0.31274349540228424,45.35974721170878,11.020645949309085
169,-0.9543365864834418,0.29873345928960177,45.3597149817918,11.02065056076354
170,0.14139976845784186,0.9899525773894772,45.359686121362486,11.020664707624114
171,0.13337796611943428,0.9910652441458347,45.35968482104932,11.020673859172819
172,0.1368109814337319,0.9905971710837554,45.359681483192325,11.020683005162729
173,0.11937027768428303,0.9928498057639822,45.35968422620137,11.020693257047386
174,0.13087054462981804,0.9913994656788427,45.35968611537978,11.020693143647955
175,0.10578498953056846,0.9943890264831051,45.35968847342515,11.020703599592064
176,0.12603387056569515,0.9920259389099811,45.35969416977991,11.020714686610434
177,0.15634519636968164,0.9877024752283077,45.359700844509725,11.020725813963228
178,0.1343224882652736,0.9909376716757848,45.35968257528022,11.020736462096751
179,0.12576530642866246,0.9920600222259259,45.35969081213593,11.020749297939627
180,0.9504502569325668,-0.3108766782774447,45.35969535155073,11.020749225065119
181,0.9590261170737063,-0.28331767818215975,45.35972237566699,11.020741977037748
182,0.9577094451541602,-0.2877370651523897,45.35975085858036,11.020725062811035
183,0.9515347924585651,-0.30754111715482124,45.35979067835435,11.020717935328573
184,0.9518542758836549,-0.30655087258398545,45.359821338533166,11.02070592712017
185,0.950029465424526,-0.31216023902026546,45.35986354201247,11.0206925984131
186,0.9550334437460453,-0.2964980966660148,45.359884298175814,11.020685699330759
187,0.9547005456085721,-0.29756825807652065,45.359918495752716,11.020680010375354
188,0.9433515359962944,-0.3317949359671302,45.359959589523505,11.020665299280662
189,0.9611550168513002,-0.27600911865657046,45.359989534129205,11.020655450420339
190,0.9631095764971244,-0.2691095384031002,45.36002171829805,11.020646059618805
191,0.9557861091490187,-0.2940627714583742,45.36005068436483,11.020630201413258
192,0.9454582939442107,-0.32574317247196827,45.360080448011196,11.020620078074659
193,0.9586123543163177,-0.2847145134202441,45.360114322831876,11.020616867402147
194,0.9494094666445169,-0.3140408646112382,45.36014712612932,11.020604914754799
195,0.9519309547748389,-0.3063126790413085,45.36017738272128,11.020596370464364
196,0.9439650667691315,-0.3300453797882181,45.36021245751124,11.020580150242036
197,0.9569923243189867,-0.290113238571671,45.360237379145076,11.020576607380098
198,0.9575890802522203,-0.2881373862963755,45.36026709791042,11.020561148755009
199,0.9552133529976573,-0.2959179789316171,45.360316317040045,11.020555648767637
200,0.9506409066826469,-0.31029319448159837,45.36034122563356,11.020551733960447
201,0.9579230540550817,-0.28702512522388185,45.360366584157966,11.020528132269463
202,0.9519371771683498,-0.3062933409735735,45.3604091464623,11.020520237635404
203,0.9497400930435568,-0.31303954329384026,45.36043873383639,11.020519962636552
204,0.9504402585581622,-0.31090724486877735,45.36046883011997,11.020493207147073
205,0.9549176320418792,-0.29687087431327824,45.36050358045614,11.020493141509572
206,0.9541952564223987,-0.29918457951738225,45.360526938817586,11.020474308117212
207,0.9494996692153177,-0.3137680324061109,45.36055318613944,11.020470560183616
208,0.9455716129377556,-0.32541408206513023,45.36059260121565,11.020453255247535
209,0.9520077913092669,-0.3060737905905229,45.36063427460413,11.020439573064488
210,0.9454515097380044,-0.32576286273012806,45.36067162456054,11.0204353660347
211,0.9556083348317141,-0.294639967418133,45.36069327197579,11.020422968892046
212,0.9483338287287169,-0.3172742493312886,45.36072774097804,11.020418449432531
213,0.9562319337798906,-0.2926097893433694,45.36075474983535,11.020404695195555
214,0.9480434958887913,-0.31814073914379365,45.360789894372004,11.020402938339956
215,0.9589664383998596,-0.28351961135464393,45.360810933749285,11.02038461699265
216,0.9583150028291434,-0.28571376472368093,45.36085264179969,11.0203714369658
217,0.9543828526530924,-0.2985856168031972,45.3608813499241,11.020360709220098
218,0.9494704796178076,-0.31385634983911087,45.36091703630319,11.020349724726149
219,0.955386363639553,-0.29535892769915006,45.36094923783483,11.020340849148418
220,0.948300815589012,-0.3173729086630026,45.360983512942575,11.020328870305203
221,0.9513037073297499,-0.30825518068748425,45.36101707837699,11.02032929257201
222,0.9468839922348896,-0.3215753492563096,45.361049597856976,11.0203114065874
223,0.9492979278071279,-0.3143778685930246,45.36108029397705,11.020304660039972
224,0.9508866555952568,-0.3095392837926514,45.36110240060236,11.020289319048024
225,0.9580654839962457,-0.28654934719004255,45.36113643178664,11.020278566198252
226,0.9551663260497575,-0.2960697376980774,45.36117833552823,11.020273898119791
227,0.9451422489345335,-0.32665904132439433,45.36120230615804,11.020251466598882
228,0.9487918793645441,-0.3159018354677546,45.36124139960922,11.020259919844936
229,0.955694449564413,-0.2943605256683947,45.361270437643256,11.020232779981356
230,0.9467221602549464,-0.3220514730321966,45.36131099057543,11.020229562650472
231,0.9575803062595311,-0.28816654397050123,45.36132194563521,11.020209810910494
232,0.9486795150278645,-0.31623911485851286,45.36137108756972,11.020214062625085
233,0.9500459162703038,-0.3121101680146273,45.36140316328907,11.020194331725554
234,0.9508516737520724,-0.30964672535468973,45.36142628263099,11.020183091325048
235,0.9584201138505286,-0.2853609737976442,45.36146151590589,11.020176480269805
236,0.9500351291857538,-0.3121430013839938,45.361488950540846,11.02016428049562
237,0.9595961880326256,-0.2813808023182356,45.36152633071813,11.020169435116287
238,0.9624896220628627,-0.27131849811851716,45.36155524948917,11.02014510072936
239,0.9474923365434069,-0.31977847362121675,45.361585692948076,11.020141559719647
240,0.9471674162511798,-0.3207395915568644,45.361638072426196,11.020124351312447
241,0.9537988492743021,-0.3004459271200346,45.36164455138654,11.02010852283413
242,0.9421501651211114,-0.33519108932407865,45.36168392513038,11.020100591011056
243,0.950308609911753,-0.311309405459571,45.361724024990345,11.020086566603444
244,0.9627044964570007,-0.27055508219486957,45.36175246016505,11.020079570111351
245,0.954950784068525,-0.2967642161833354,45.361780889979634,11.020068450373508
246,0.943002506295336,-0.3327856263733678,45.36181357143457,11.020057974901126
247,0.9505543136057375,-0.3105583630906198,45.36185197494163,11.020053596176664
248,0.9521712756240068,-0.3055648243442816,45.36187484869267,11.020044266591025
249,0.9610246982140509,-0.27646252806229,45.36191650821363,11.020035150519918
250,0.9539938003550777,-0.29982633120537644,45.3619460536291,11.020012861669912
251,0.9522168264180496,-0.30542284702742517,45.36197244781084,11.020010901877443
252,0.9624199000414918,-0.2715657121289889,45.36201418883011,11.019995777948774
253,0.9536458059999596,-0.30093134881345834,45.362040633719594,11.019990286060343
254,0.951914250066466,-0.3063645875756492,45.36207282206103,11.019980203405254
255,0.952990159741481,-0.30300124659134064,45.36211253217654,11.019960606936968
256,0.9555843604968942,-0.29471771235156813,45.36214477648245,11.019955879614884
257,0.9434553584313369,-0.33149960278588225,45.36217008308776,11.019939451054725
258,0.9625740124000968,-0.27101894887992317,45.36219613116624,11.019923289648437
259,0.9549152021329236,-0.2968786902683279,45.36223078131111,11.019924681724415
260,0.12101136571524339,0.9926511216775669,45.36226657485672,11.019914718707511
261,0.12778972795655313,0.9918012832361078,45.36226701642714,11.019919327463386
262,0.10194626850525138,0.9947899066324785,45.36227032116939,11.019934001245861
263,0.12060051146740598,0.9927011215032449,45.36227052240298,11.019932985212721
264,0.14300530818556167,0.9897219214662029,45.362274541062355,11.019953083553562
265,0.08629799158649935,0.9962693695221873,45.36227019807342,11.019946982371147
266,0.10521948603373436,0.9944490232077242,45.362276403909846,11.019957460642093
267,0.1164722392336677,0.9931939475691016,45.36228913956164,11.019964177269975
268,0.1153031114642271,0.9933303541554884,45.362284015573664,11.019976556264785
269,0.14541418276726856,0.989370868506915,45.362286713086014,11.01998057925969
270,-0.9581389702554908,0.2863035341691537,45.36228854802615,11.01999165112963
271,-0.9559999590057331,0.293366798361772,45.36225453896964,11.020007826286745
272,-0.9458407356651964,0.3246310255602812,45.36222032263565,11.020012321449162
273,-0.9459138798051998,0.3244178355021099,45.36219033186638,11.020025644346957
274,-0.9606116052369332,0.2778944833639604,45.36216138687461,11.020025356908741
275,-0.9631074949553837,0.2691169878710103,45.36212963708146,11.0200426528935
276,-0.950657629469711,0.3102419564324428,45.36208337988447,11.020048342742385
277,-0.9534534183226501,0.30154034404844354,45.36206635026559,11.020063043087356
278,-0.9465506851597332,0.32255511222679406,45.36202878465026,11.020073399185748
279,-0.9458039951555751,0.3247380525096386,45.362009876307695,11.020080541285282
280,-0.9498984583510486,0.3125586646092238,45.36195424410781,11.020096384982065
281,-0.9575966793111299,0.28811213055388185,45.36192737757883,11.020096254716886
282,-0.9494202132565898,0.3140083735504701,45.3618949898274,11.020110153788504
283,-0.966968738258282,0.2548949964812688,45.3618648519759,11.0201317091855
284,-0.9532473010942252,0.3021913019207795,45.36183480433131,11.020133944101303
285,-0.9581670368419362,0.2862095901774498,45.36179848278544,11.020150631554309
286,-0.9562579833932324,0.2925246471610699,45.361777239052344,11.020145467260294
287,-0.9526583854692041,0.30404276112943274,45.36174007296276,11.020160323914148
288,-0.9495506781625379,0.3136136310830004,45.36170774137142,11.020172723759485
289,-0.9493841315220507,0.3141174474844107,45.361682345466534,11.02018248757211
290,-0.9690442762439981,0.24688699981721554,45.361641631312104,11.020201842863766
291,-0.951626866406445,0.3072560937287493,45.36159918602548,11.02020309422038
292,-0.9571701306783402,0.2895260626216734,45.36157531925656,11.020216670152829
293,-0.9468026383923824,0.3218147975672086,45.36154482104414,11.02023076022548
294,-0.9551716449898372,0.29605257743753627,45.36151251069544,11.020235673760945
295,-0.9460969137581478,0.3238836670431343,45.361480358142465,11.020237885330271
296,-0.9447230203743427,0.3278695087603895,45.36144301111454,11.02025297986535
297,-0.958371364841209,0.28552465226736246,45.36141905588547,11.02026331861793
298,-0.9582861339699835,0.28581057615291766,45.361387393693455,11.02028065974126
299,-0.9459818760195724,0.3242195093489754,45.36133994647984,11.020283813459107
300,-0.9531165650240114,0.30260339303588335,45.36131502774997,11.020288999552946
301,-0.959079753076908,0.2831360578201535,45.361282510894334,11.020307977351745
302,-0.9567369696804415,0.2909542418434313,45.361251778711065,11.020313306876824
303,-0.9507650396832765,0.30991263174652567,45.361220790965284,11.020325723588059
304,-0.9498337162183832,0.31275535412647365,45.361182889061666,11.020337878268883
305,-0.9542593913295234,0.2989799559492367,45.36115114127583,11.020348349409524
306,-0.9499747136274025,0.3123268215644224,45.361121018371286,11.020353255341854
307,-0.9565302651173265,0.29163307753850065,45.36108938668452,11.020365237393959
308,-0.9412427878412579,0.3377306831438575,45.36106372542704,11.020371132222149
309,-0.9530533019932029,0.3028025818249454,45.36102936060843,11.020383402339233
310,-0.9499214436398048,0.31248880126057194,45.360988871104475,11.020404743581249
311,-0.9503132588691553,0.3112952136115905,45.36095472213954,11.020405058926618
312,-0.95576948640289,0.2941167945921417,45.360923040170924,11.02041736921076
313,-0.9581324064481925,0.28632549958708825,45.360890650355145,11.020424534073388
314,-0.9560044076950508,0.2933523009414364,45.360867554005694,11.020424456461074
315,-0.9501594906177954,0.3117642416777967,45.36082901985598,11.020448201092194
316,-0.952275334402488,0.3052403765700559,45.360792052364914,11.020451591710371
317,-0.9572666105028164,0.28920690935115845,45.360766286184486,11.020475769982523
318,-0.9581424359573918,0.2862919356489726,45.360728189518944,11.02046808413081
319,-0.9417843171360024,0.33621763784292125,45.36069919505095,11.020492627017136
320,-0.9585991674743083,0.28475890875890614,45.360666969544916,11.020488640199817
321,-0.9522048091724108,0.30546031066070245,45.360639074484034,11.020503787539013
322,-0.9474903742661864,0.3197842877205227,45.36060486923601,11.020507325177368
323,-0.9479384793443555,0.31845351211489403,45.36057085678252,11.02052912383988
324,-0.9591879631035346,0.28276925475958714,45.36054328379687,11.020539224457874
325,-0.9505886525958908,0.3104532389200166,45.360500016984226,11.020548891365557
326,-0.9558477063449196,0.29386248871735293,45.36047126581774,11.02055133132234
327,-0.9536929228669275,0.300781995594046,45.360446188059974,11.020563673477554
328,-0.9515713527077643,0.3074279764528852,45.36040605978675,11.020582069365988
329,-0.9579833543673435,0.28682380088669895,45.36038082535522,11.020584721201216
330,-0.9562305942760302,0.29261416672900536,45.36033483751203,11.020599276166237
331,-0.9456030891895771,0.32532260560116116,45.36031156080643,11.020604265110684
332,-0.9586418687943734,0.2846151215140043,45.36027932284772,11.020624194140987
333,-0.954382352046964,0.2985872169087365,45.36025525547852,11.020627776924973
334,-0.9485207664063987,0.3167149439098478,45.360216535035384,11.020639887871274
335,-0.9572585694697625,0.28923352360455007,45.360179410880725,11.020645460915421
336,-0.9499307210762404,0.3124605977648604,45.360161224597086,11.02065630355622
337,-0.9520498488928095,0.30594294439188896,45.36011916084493,11.020665219667535
338,-0.9635488341533339,0.26753251055105637,45.36008437089577,11.020673476037265
339,-0.9554601910925643,0.2951200149724863,45.3600574361266,11.020696219775301
340,-0.9520434557300446,0.305962838268955,45.36003172057906,11.020698107118491
341,-0.9547033829646906,0.2975591547167981,45.35998524306106,11.020714575620646
342,-0.9506587604877579,0.31023849069365933,45.35995424541323,11.020714137691535
343,-0.9499978691203638,0.3122563829079691,45.35993094109882,11.020734459893424
344,-0.9568617174037717,0.2905437209218339,45.35990271774735,11.020748558711825
345,-0.9524759529415588,0.3046137867334133,45.35986374813174,11.02074343230998
346,-0.9493532353618375,0.3142108122073645,45.35982056050371,11.020758700207878
347,-0.9501433142915211,0.311813537722665,45.359796530574535,11.020761683248658
348,-0.9552160166264184,0.2959093806900315,45.35975805195466,11.020778690954188
349,-0.9412898305509301,0.3375995481356592,45.35972980115355,11.020785560365107
350,0.13562188520531315,0.9907606695127521,45.35969814993941,11.020798719442762
351,0.10160111869088423,0.9948252171516164,45.359698224804646,11.020811054532308
352,0.11187233133736237,0.9937225877885354,45.3597042919584,11.02081222345727
353,0.1035992388705611,0.994619121928309,45.35970361531182,11.020824017840946
354,0.09230785096714259,0.9957305160784357,45.359696659390586,11.020834416623506
355,0.1240692877070259,0.9922735569629331,45.35970852725492,11.020850700889804
356,0.13681411384590672,0.9905967384625084,45.35970475061655,11.020850769101324
357,0.13076344110371566,0.991413598086447,45.359707753386935,11.020853228113422
358,0.14436490002046667,0.989524519980218,45.35971932015546,11.020861493106494
359,0.15220565055392055,0.988348845266416,45.35971426830402,11.020875559455172
