,Sin,Cosin,Lat,Lon
0,0.9537169507482269,0.30070579950427306,45.3596665575,11.020597651
1,0.955040636077442,0.2964749288570535,45.35970256192988,11.02059732204088
2,0.955040636077442,0.2964749288570535,45.35972991834868,11.020582101696025
3,0.955040636077442,0.2964749288570535,45.359762183209675,11.020565928289964
4,0.955040636077442,0.2964749288570535,45.359788850599976,11.020563999481594
5,0.955040636077442,0.2964749288570535,45.359825447351696,11.02054531418295
6,0.955040636077442,0.2964749288570535,45.35984715394973,11.020530689224225
7,0.955040636077442,0.2964749288570535,45.35988527677687,11.02052652701265
8,0.955040636077442,0.2964749288570535,45.35991407120521,11.02052203092476
9,0.955040636077442,0.2964749288570535,45.3599438224909,11.02050785698547
10,0.955040636077442,0.2964749288570535,45.35998160929243,11.020492655530791
11,0.955040636077442,0.2964749288570535,45.36000709809142,11.02048983630832
12,0.955040636077442,0.2964749288570535,45.360038678277064,11.020484151444029
13,0.955040636077442,0.2964749288570535,45.36006794988727,11.020459623302827
14,0.955040636077442,0.2964749288570535,45.360110300275714,11.02046501273835
15,0.955040636077442,0.2964749288570535,45.36013296807671,11.020440159894786
16,0.955040636077442,0.2964749288570535,45.360168401436965,11.020446168652272
17,0.955040636077442,0.2964749288570535,45.36020649271764,11.020433661889637
18,0.955040636077442,0.2964749288570535,45.36022792913134,11.02042815084799
19,0.955040636077442,0.2964749288570535,45.36025880971953,11.020416925681397
20,0.955040636077442,0.2964749288570535,45.36029474084725,11.020402593344453
21,0.955040636077442,0.2964749288570535,45.360311967559284,11.020394424948806
22,0.955040636077442,0.2964749288570535,45.360358666020865,11.020393457850307
23,0.955040636077442,0.2964749288570535,45.36038493548242,11.020379053732858
24,0.955040636077442,0.2964749288570535,45.36041282704682,11.020370005052952
25,0.955040636077442,0.2964749288570535,45.36043515647284,11.020356794084353
26,0.955040636077442,0.2964749288570535,45.360485814656606,11.02033929798603
27,0.955040636077442,0.2964749288570535,45.36050729860922,11.020334523357896
28,0.955040636077442,0.2964749288570535,45.360543720887485,11.020319556426587
29,0.955040636077442,0.2964749288570535,45.36057432417031,11.02031196733305
30,0.955040636077442,0.2964749288570535,45.360601170412835,11.020304252737457
31,0.955040636077442,0.2964749288570535,45.36063043354389,11.020290031079881
32,0.955040636077442,0.2964749288570535,45.36065057762023,11.020288144605153
33,0.955040636077442,0.2964749288570535,45.36069875934942,11.020273238215728
34,0.955040636077442,0.2964749288570535,45.36072634579326,11.020274103025727
35,0.955040636077442,0.2964749288570535,45.36075235852573,11.02026066192845
36,0.955040636077442,0.2964749288570535,45.36078485708292,11.020252052899737
37,0.955040636077442,0.2964749288570535,45.36082186008862,11.02024533282066
38,0.955040636077442,0.2964749288570535,45.360843779635246,11.020229153929074
39,0.955040636077442,0.2964749288570535,45.36088312289641,11.020224632620888
40,0.955040636077442,0.2964749288570535,45.36092045574026,11.020205089973043
41,0.955040636077442,0.2964749288570535,45.36094944751926,11.020202380076245
42,0.955040636077442,0.2964749288570535,45.36097688692578,11.02018801603757
43,0.955040636077442,0.2964749288570535,45.36101642978676,11.020178244277773
44,0.955040636077442,0.2964749288570535,45.3610439791484,11.020166334345548
45,0.955040636077442,0.2964749288570535,45.36107000540537,11.020157259534068
46,0.955040636077442,0.2964749288570535,45.36111208359268,11.02014747453425
47,0.955040636077442,0.2964749288570535,45.361130395452946,11.02013807342964
48,0.955040636077442,0.2964749288570535,45.36116210483987,11.020133931281418
49,0.955040636077442,0.2964749288570535,45.36119643529183,11.02011967010974
50,0.955040636077442,0.2964749288570535,45.36122299502761,11.02012488158122
51,0.955040636077442,0.2964749288570535,45.3612626221344,11.02011247340049
52,0.955040636077442,0.2964749288570535,45.36128776350326,11.02009224226316
53,0.955040636077442,0.2964749288570535,45.36131920212592,11.020085634905303
54,0.955040636077442,0.2964749288570535,45.36135465464493,11.020074891521373
55,0.955040636077442,0.2964749288570535,45.36139273005394,11.020064502936464
56,0.955040636077442,0.2964749288570535,45.36141909783873,11.020060426985827
57,0.955040636077442,0.2964749288570535,45.3614500465936,11.020047843040782
58,0.955040636077442,0.2964749288570535,45.36147764701078,11.020029986949005
59,0.955040636077442,0.2964749288570535,45.36150136121123,11.020024107376006
60,0.955040636077442,0.2964749288570535,45.36153884659103,11.020013329668014
61,0.955040636077442,0.2964749288570535,45.36156726804034,11.020004373888737
62,0.955040636077442,0.2964749288570535,45.36160223684359,11.019993190876447
63,0.955040636077442,0.2964749288570535,45.36163326592435,11.019997431819855
64,0.955040636077442,0.2964749288570535,45.36166589266362,11.01998463441258
65,0.955040636077442,0.2964749288570535,45.36169987727955,11.019975585313748
66,0.955040636077442,0.2964749288570535,45.36172870054031,11.019966883306578
67,0.955040636077442,0.2964749288570535,45.36175051023452,11.019941298548789
68,0.955040636077442,0.2964749288570535,45.36178226531215,11.019926868999066
69,0.955040636077442,0.2964749288570535,45.36182055642842,11.019932248018456
70,0.955040636077442,0.2964749288570535,45.36184432605682,11.019919666760925
71,0.955040636077442,0.2964749288570535,45.361886765508245,11.01991708738109
72,0.955040636077442,0.2964749288570535,45.36191631955942,11.01990088346082
73,0.955040636077442,0.2964749288570535,45.36194403675628,11.019889489335982
74,0.955040636077442,0.2964749288570535,45.36198600890713,11.01987906070517
75,0.955040636077442,0.2964749288570535,45.362004632112004,11.019872264222212
76,0.955040636077442,0.2964749288570535,45.36204285649765,11.019857672632764
77,0.955040636077442,0.2964749288570535,45.362070560062634,11.019854939471388
78,0.955040636077442,0.2964749288570535,45.36209660338647,11.019843123592782
79,0.955040636077442,0.2964749288570535,45.36213622542715,11.01983263053608
80,0.955040636077442,0.2964749288570535,45.362161070534945,11.019828455979896
81,0.955040636077442,0.2964749288570535,45.36219276857485,11.019820933638837
82,0.955040636077442,0.2964749288570535,45.362222873732065,11.019803842560194
83,0.955040636077442,0.2964749288570535,45.36225589,11.01979384
84,0.1871863868101744,0.9823244151465196,45.362253747569646,11.019797357277726
85,0.1871863868101744,0.9823244151465196,45.36225259324716,11.01980816734323
86,0.1871863868101744,0.9823244151465196,45.36225708767575,11.01980542645492
87,0.1871863868101744,0.9823244151465196,45.362262508260336,11.019806963371085
88,0.1871863868101744,0.9823244151465196,45.36225872453044,11.019818723305
89,0.1871863868101744,0.9823244151465196,45.36226436866129,11.019822674247584
90,0.1871863868101744,0.9823244151465196,45.3622609160773,11.019823161823775
91,0.1871863868101744,0.9823244151465196,45.362262820206766,11.01983208695392
92,0.1871863868101744,0.9823244151465196,45.36226204199382,11.019831279520801
93,0.1871863868101744,0.9823244151465196,45.36225997357782,11.019831109430605
94,0.1871863868101744,0.9823244151465196,45.36227257139728,11.019839239192718
95,0.1871863868101744,0.9823244151465196,45.362266892028146,11.019844814590373
96,0.1871863868101744,0.9823244151465196,45.36226636751748,11.019858699281691
97,0.1871863868101744,0.9823244151465196,45.36226747,11.01985461
98,-0.954287848765298,0.29888911271389534,45.36223719823261,11.019864618433488
99,-0.954287848765298,0.29888911271389534,45.36220008500956,11.019881889714387
100,-0.954287848765298,0.29888911271389534,45.36215942729982,11.019885433895855
101,-0.954287848765298,0.29888911271389534,45.362129264440114,11.019896135258168
102,-0.954287848765298,0.29888911271389534,45.36208680878896,11.01990150262432
103,-0.954287848765298,0.29888911271389534,45.36206232116894,11.019909110541533
104,-0.954287848765298,0.29888911271389534,45.362027479773886,11.01992669947323
105,-0.954287848765298,0.29888911271389534,45.361992454474084,11.01993727325634
106,-0.954287848765298,0.29888911271389534,45.36196147622621,11.01994812475693
107,-0.954287848765298,0.29888911271389534,45.36193243504888,11.019956044136306
108,-0.954287848765298,0.29888911271389534,45.36188414178762,11.019969868372302
109,-0.954287848765298,0.29888911271389534,45.36185398250367,11.019981079787275
110,-0.954287848765298,0.29888911271389534,45.36182470934115,11.01998672342563
111,-0.954287848765298,0.29888911271389534,45.36178550357667,11.020008968778622
112,-0.954287848765298,0.29888911271389534,45.361756014775985,11.020022180929304
113,-0.954287848765298,0.29888911271389534,45.36171892338783,11.020023123686949
114,-0.954287848765298,0.29888911271389534,45.36168334693398,11.020037382656279
115,-0.954287848765298,0.29888911271389534,45.361659065824604,11.020046486331477
116,-0.954287848765298,0.29888911271389534,45.36162645036506,11.020067459192308
117,-0.954287848765298,0.29888911271389534,45.36158796595629,11.020066308041606
118,-0.954287848765298,0.29888911271389534,45.36154901909971,11.020078820601697
119,-0.954287848765298,0.29888911271389534,45.36151815861984,11.020097263385585
120,-0.954287848765298,0.29888911271389534,45.36149069090805,11.020100493936143
121,-0.954287848765298,0.29888911271389534,45.36145119147065,11.020120262292163
122,-0.954287848765298,0.29888911271389534,45.36142361602714,11.020120802455626
123,-0.954287848765298,0.29888911271389534,45.36138500387897,11.020135718451764
124,-0.954287848765298,0.29888911271389534,45.36134340490343,11.02014637223397
125,-0.954287848765298,0.29888911271389534,45.36130751891261,11.020153308377813
126,-0.954287848765298,0.29888911271389534,45.36127671330681,11.020167879917576
127,-0.954287848765298,0.29888911271389534,45.361250365755616,11.020162828931396
128,-0.954287848765298,0.29888911271389534,45.36122122834572,11.020179618607855
129,-0.954287848765298,0.29888911271389534,45.361181842168115,11.020194523161454
130,-0.954287848765298,0.29888911271389534,45.36114728492908,11.020206902177769
131,-0.954287848765298,0.29888911271389534,45.36110794234693,11.020213596352304
132,-0.954287848765298,0.29888911271389534,45.36107976966682,11.020234721892338
133,-0.954287848765298,0.29888911271389534,45.36104826631125,11.020234853482986
134,-0.954287848765298,0.29888911271389534,45.36101202782435,11.020255605897832
135,-0.954287848765298,0.29888911271389534,45.360971159641274,11.020245568193097
136,-0.954287848765298,0.29888911271389534,45.36094224603555,11.020276103155767
137,-0.954287848765298,0.29888911271389534,45.360910859762164,11.020286310190945
138,-0.954287848765298,0.29888911271389534,45.36087274031961,11.020300931980575
139,-0.954287848765298,0.29888911271389534,45.36083538232478,11.020301671396094
140,-0.954287848765298,0.29888911271389534,45.36080533786202,11.02031070830503
141,-0.954287848765298,0.29888911271389534,45.3607728166552,11.02032359500975
142,-0.954287848765298,0.29888911271389534,45.3607330499378,11.020334808820003
143,-0.954287848765298,0.29888911271389534,45.36070363809413,11.020349842283098
144,-0.954287848765298,0.29888911271389534,45.36067719411111,11.020362135056116
145,-0.954287848765298,0.29888911271389534,45.36063559892137,11.020373113733703
146,-0.954287848765298,0.29888911271389534,45.36059704033801,11.020368259346649
147,-0.954287848765298,0.29888911271389534,45.36057122869667,11.020396327974955
148,-0.954287848765298,0.29888911271389534,45.36053795994204,11.020396571323888
149,-0.954287848765298,0.29888911271389534,45.360501912540016,11.020408967046514
150,-0.954287848765298,0.29888911271389534,45.36046398005805,11.02041852863897
151,-0.954287848765298,0.29888911271389534,45.36043117970426,11.020441026267232
152,-0.954287848765298,0.29888911271389534,45.36038347290798,11.02043874995452
153,-0.954287848765298,0.29888911271389534,45.36036877817586,11.020449738100739
154,-0.954287848765298,0.29888911271389534,45.360323229426164,11.02047008386615
155,-0.954287848765298,0.29888911271389534,45.36029083934083,11.02047712680926
156,-0.954287848765298,0.29888911271389534,45.36024534936176,11.020482770419955
157,-0.954287848765298,0.29888911271389534,45.36021851090799,11.020495358758676
158,-0.954287848765298,0.29888911271389534,45.360192649453104,11.020495436694212
159,-0.954287848765298,0.29888911271389534,45.36015511680332,11.020512609978775
160,-0.954287848765298,0.29888911271389534,45.360126901149826,11.020518787726425
161,-0.954287848765298,0.29888911271389534,45.36008386384219,11.020540914766425
162,-0.954287848765298,0.29888911271389534,45.36004597546946,11.020539867182604
163,-0.954287848765298,0.29888911271389534,45.36002047001075,11.020554417658438
164,-0.954287848765298,0.29888911271389534,45.359987807109995,11.020567722368892
165,-0.954287848765298,0.29888911271389534,45.35995438945472,11.02058181593864
166,-0.954287848765298,0.29888911271389534,45.35990961045553,11.020592958691845
167,-0.954287848765298,0.29888911271389534,45.35988525124273,11.020595491924588
168,-0.954287848765298,0.29888911271389534,45.35984643572083,11.020612666502478
169,-0.954287848765298,0.29888911271389534,45.35981616693713,11.020616363502967
170,-0.954287848765298,0.29888911271389534,45.359771464189116,11.020629480510445
171,-0.954287848765298,0.29888911271389534,45.359744178572114,11.020631269141528
172,-0.954287848765298,0.29888911271389534,45.35971553389597,11.020644418050635
173,-0.954287848765298,0.29888911271389534,45.35967972,11.02066511
174,0.18092866714612515,0.9834962213474573,45.35968853536943,11.02066657980343
175,0.18092866714612515,0.9834962213474573,45.3596781342794,11.020671292704005
176,0.18092866714612515,0.9834962213474573,45.359685582387385,11.020678358071823
177,0.18092866714612515,0.9834962213474573,45.359679836075394,11.020684501525214
178,0.18092866714612515,0.9834962213474573,45.3596877042735,11.02068227886766
179,0.18092866714612515,0.9834962213474573,45.359686226614514,11.020692254566727
180,0.18092866714612515,0.9834962213474573,45.359675383325566,11.020699762823378
181,0.18092866714612515,0.9834962213474573,45.35968581882376,11.020703112442737
182,0.18092866714612515,0.9834962213474573,45.35968744864197,11.02071348037736
183,0.18092866714612515,0.9834962213474573,45.359687789676414,11.020701163474378
184,0.18092866714612515,0.9834962213474573,45.35968462369588,11.020710330074296
185,0.18092866714612515,0.9834962213474573,45.35969266061369,11.020708445415545
186,0.18092866714612515,0.9834962213474573,45.359695903159746,11.020725244342593
187,0.18092866714612515,0.9834962213474573,45.35969122659855,11.020728558621354
188,0.18092866714612515,0.9834962213474573,45.35968971102313,11.020729983151389
189,0.18092866714612515,0.9834962213474573,45.35969725283649,11.020748693036756
190,0.18092866714612515,0.9834962213474573,45.35969351,11.02074007
191,0.9528471844721362,0.30345056111914304,45.35972102525407,11.020719789280044
192,0.9528471844721362,0.30345056111914304,45.35976459108926,11.020723205947808
193,0.9528471844721362,0.30345056111914304,45.359778435594365,11.020709297518836
194,0.9528471844721362,0.30345056111914304,45.359816159442545,11.0207032007484
195,0.9528471844721362,0.30345056111914304,45.359842287016434,11.020690115664806
196,0.9528471844721362,0.30345056111914304,45.3598848691212,11.020679097775746
197,0.9528471844721362,0.30345056111914304,45.35990587065509,11.020669766509705
198,0.9528471844721362,0.30345056111914304,45.359936836932285,11.02065900445992
199,0.9528471844721362,0.30345056111914304,45.3599734279073,11.020656896595431
200,0.9528471844721362,0.30345056111914304,45.36000501570485,11.020637066466588
201,0.9528471844721362,0.30345056111914304,45.36002675255593,11.020630344983154
202,0.9528471844721362,0.30345056111914304,45.36007201665995,11.020621479640976
203,0.9528471844721362,0.30345056111914304,45.360085838889425,11.020612820746559
204,0.9528471844721362,0.30345056111914304,45.36012734884738,11.020611093354766
205,0.9528471844721362,0.30345056111914304,45.36014838406275,11.020585615691955
206,0.9528471844721362,0.30345056111914304,45.36017728442453,11.020584038086986
207,0.9528471844721362,0.30345056111914304,45.36021039818332,11.020564704301052
208,0.9528471844721362,0.30345056111914304,45.360242918310945,11.02057090797756
209,0.9528471844721362,0.30345056111914304,45.36027379119601,11.020550768718506
210,0.9528471844721362,0.30345056111914304,45.36030754733564,11.020538257664423
211,0.9528471844721362,0.30345056111914304,45.36034373985391,11.020526920006965
212,0.9528471844721362,0.30345056111914304,45.360371788988225,11.02052256188224
213,0.9528471844721362,0.30345056111914304,45.360398696969554,11.020515280369601
214,0.9528471844721362,0.30345056111914304,45.36044052578101,11.020502758752075
215,0.9528471844721362,0.30345056111914304,45.36045876838083,11.02049952951719
216,0.9528471844721362,0.30345056111914304,45.36048805911145,11.020481006010453
217,0.9528471844721362,0.30345056111914304,45.360521221871736,11.020469833174667
218,0.9528471844721362,0.30345056111914304,45.360554359046134,11.02046710905492
219,0.9528471844721362,0.30345056111914304,45.36058135765381,11.020447914039604
220,0.9528471844721362,0.30345056111914304,45.360617064836894,11.020441969288408
221,0.9528471844721362,0.30345056111914304,45.36064052124848,11.020437568937227
222,0.9528471844721362,0.30345056111914304,45.36067777823953,11.020434121568371
223,0.9528471844721362,0.30345056111914304,45.36070307876445,11.020435129648803
224,0.9528471844721362,0.30345056111914304,45.36073577563815,11.020403552405245
225,0.9528471844721362,0.30345056111914304,45.360766010715615,11.020391656975992
226,0.9528471844721362,0.30345056111914304,45.360796762436095,11.020391469317254
227,0.9528471844721362,0.30345056111914304,45.360838556314626,11.020386055516795
228,0.9528471844721362,0.30345056111914304,45.36086239471372,11.020358062851724
229,0.9528471844721362,0.30345056111914304,45.36089535346681,11.020359865226688
230,0.9528471844721362,0.30345056111914304,45.3609195073752,11.020353271701559
231,0.9528471844721362,0.30345056111914304,45.360958583539286,11.020339880244581
232,0.9528471844721362,0.30345056111914304,45.36097020457125,11.020328409851704
233,0.9528471844721362,0.30345056111914304,45.361007754524124,11.020321352968928
234,0.9528471844721362,0.30345056111914304,45.36104293501493,11.020314452965877
235,0.9528471844721362,0.30345056111914304,45.361075384388,11.020304578272903
236,0.9528471844721362,0.30345056111914304,45.3611057201917,11.020289141943792
237,0.9528471844721362,0.30345056111914304,45.361135004974436,11.02027287493961
238,0.9528471844721362,0.30345056111914304,45.36116677425829,11.020266082481665
239,0.9528471844721362,0.30345056111914304,45.361196371057424,11.020263528064595
240,0.9528471844721362,0.30345056111914304,45.361228560950536,11.020251261379295
241,0.9528471844721362,0.30345056111914304,45.36126327192329,11.020241292110915
242,0.9528471844721362,0.30345056111914304,45.36128819936087,11.020236606923977
243,0.9528471844721362,0.30345056111914304,45.361314081989676,11.020226106957981
244,0.9528471844721362,0.30345056111914304,45.361353058586474,11.020212939468003
245,0.9528471844721362,0.30345056111914304,45.36138285083053,11.02020245623849
246,0.9528471844721362,0.30345056111914304,45.36141103413944,11.020194473449735
247,0.9528471844721362,0.30345056111914304,45.361450781328976,11.02018321615639
248,0.9528471844721362,0.30345056111914304,45.36147604194786,11.020169049413111
249,0.9528471844721362,0.30345056111914304,45.361497075801545,11.020156875007453
250,0.9528471844721362,0.30345056111914304,45.36152400309683,11.020156745790189
251,0.9528471844721362,0.30345056111914304,45.36155592491444,11.020143131786902
252,0.9528471844721362,0.30345056111914304,45.36159767365541,11.020131226810475
253,0.9528471844721362,0.30345056111914304,45.36162765342723,11.020117942176274
254,0.9528471844721362,0.30345056111914304,45.361650889941735,11.020115091941674
255,0.9528471844721362,0.30345056111914304,45.36168668181515,11.020107189268405
256,0.9528471844721362,0.30345056111914304,45.361712073769205,11.020094612949716
257,0.9528471844721362,0.30345056111914304,45.36174260824708,11.020079960155728
258,0.9528471844721362,0.30345056111914304,45.361786662905196,11.020078450568839
259,0.9528471844721362,0.30345056111914304,45.36180352188497,11.020061664203086
260,0.9528471844721362,0.30345056111914304,45.361841755434575,11.020057560474477
261,0.9528471844721362,0.30345056111914304,45.36187263401849,11.020041043733643
262,0.9528471844721362,0.30345056111914304,45.361898791576834,11.020045237819751
263,0.9528471844721362,0.30345056111914304,45.36193095185026,11.020021465000346
264,0.9528471844721362,0.30345056111914304,45.36196703381424,11.02001989450113
265,0.9528471844721362,0.30345056111914304,45.36200153780674,11.020006662303224
266,0.9528471844721362,0.30345056111914304,45.362023499346506,11.020003470555041
267,0.9528471844721362,0.30345056111914304,45.36205988933294,11.019991269605772
268,0.9528471844721362,0.30345056111914304,45.362080292008486,11.01997666090052
269,0.9528471844721362,0.30345056111914304,45.36212314359698,11.019964361849263
270,0.9528471844721362,0.30345056111914304,45.36214974589671,11.019963926887717
271,0.9528471844721362,0.30345056111914304,45.36218155206772,11.01994842346581
272,0.9528471844721362,0.30345056111914304,45.36221342272623,11.019934442253058
273,0.9528471844721362,0.30345056111914304,45.36224252677234,11.019930741223119
274,0.9528471844721362,0.30345056111914304,45.36227073,11.01991931
275,0.2108778085845649,0.9775124295100148,45.36226679346072,11.019923553344851
276,0.2108778085845649,0.9775124295100148,45.36227126268632,11.019924020442888
277,0.2108778085845649,0.9775124295100148,45.36226860509179,11.01993459853848
278,0.2108778085845649,0.9775124295100148,45.36227493549609,11.019938010293984
279,0.2108778085845649,0.9775124295100148,45.3622878911165,11.019942261667035
280,0.2108778085845649,0.9775124295100148,45.36227844763509,11.019955303191024
281,0.2108778085845649,0.9775124295100148,45.36227917614185,11.019951606859507
282,0.2108778085845649,0.9775124295100148,45.36227518603729,11.019960136897653
283,0.2108778085845649,0.9775124295100148,45.362273275090054,11.019958203399973
284,0.2108778085845649,0.9775124295100148,45.36227973613334,11.019970153396702
285,0.2108778085845649,0.9775124295100148,45.36227692724771,11.019967906060486
286,0.2108778085845649,0.9775124295100148,45.362291502357316,11.019976591196802
287,0.2108778085845649,0.9775124295100148,45.362277498981555,11.01999429458304
288,0.2108778085845649,0.9775124295100148,45.36228557,11.0199881
289,-0.9544055299292257,0.29851312272748404,45.36226039241103,11.019985366090284
290,-0.9544055299292257,0.29851312272748404,45.36222226086742,11.019997963497415
291,-0.9544055299292257,0.29851312272748404,45.36219746402193,11.020013017510276
292,-0.9544055299292257,0.29851312272748404,45.3621628814539,11.02002511654348
293,-0.9544055299292257,0.29851312272748404,45.36212911498229,11.020034172693286
294,-0.9544055299292257,0.29851312272748404,45.362095289624506,11.020045714923121
295,-0.9544055299292257,0.29851312272748404,45.362056284096546,11.020059532019443
296,-0.9544055299292257,0.29851312272748404,45.36203224366976,11.020068275467928
297,-0.9544055299292257,0.29851312272748404,45.36199894987112,11.020073547429659
298,-0.9544055299292257,0.29851312272748404,45.36196968650436,11.020085198048303
299,-0.9544055299292257,0.29851312272748404,45.36193146161825,11.020090798295113
300,-0.9544055299292257,0.29851312272748404,45.36191055898606,11.020102357597382
301,-0.9544055299292257,0.29851312272748404,45.36188088428781,11.020112933242117
302,-0.9544055299292257,0.29851312272748404,45.3618364061142,11.020140306829283
303,-0.9544055299292257,0.29851312272748404,45.361809557822156,11.020141220384984
304,-0.9544055299292257,0.29851312272748404,45.361777119477594,11.020148371895715
305,-0.9544055299292257,0.29851312272748404,45.36174264627644,11.020154813296731
306,-0.9544055299292257,0.29851312272748404,45.36172049749995,11.020159508245852
307,-0.9544055299292257,0.29851312272748404,45.3616788425907,11.020172536558023
308,-0.9544055299292257,0.29851312272748404,45.36165987167508,11.02018643464079
309,-0.9544055299292257,0.29851312272748404,45.36162793356354,11.020197385423932
310,-0.9544055299292257,0.29851312272748404,45.36158973852642,11.020199380326163
311,-0.9544055299292257,0.29851312272748404,45.36155687780233,11.02021252813789
312,-0.9544055299292257,0.29851312272748404,45.361521546969385,11.02023778076308
313,-0.9544055299292257,0.29851312272748404,45.36148967528524,11.020226840928423
314,-0.9544055299292257,0.29851312272748404,45.36146046593478,11.020247546593756
315,-0.9544055299292257,0.29851312272748404,45.36143146414398,11.020246220034156
316,-0.9544055299292257,0.29851312272748404,45.361401981659235,11.02026450391111
317,-0.9544055299292257,0.29851312272748404,45.36136706129191,11.020273619627083
318,-0.9544055299292257,0.29851312272748404,45.36133200084606,11.020289928616634
319,-0.9544055299292257,0.29851312272748404,45.36130493926393,11.020292204596636
320,-0.9544055299292257,0.29851312272748404,45.361278744901796,11.020302972168322
321,-0.9544055299292257,0.29851312272748404,45.361245493893946,11.020304786868294
322,-0.9544055299292257,0.29851312272748404,45.36120996942258,11.020317780412562
323,-0.9544055299292257,0.29851312272748404,45.361171176384744,11.020330547533364
324,-0.9544055299292257,0.29851312272748404,45.361161704768854,11.02034678639634
325,-0.9544055299292257,0.29851312272748404,45.36112827085183,11.020350732334483
326,-0.9544055299292257,0.29851312272748404,45.36108721569676,11.020375399646033
327,-0.9544055299292257,0.29851312272748404,45.36104588557281,11.020369732676699
328,-0.9544055299292257,0.29851312272748404,45.361025114770406,11.020384149698254
329,-0.9544055299292257,0.29851312272748404,45.3609891027693,11.020394380394594
330,-0.9544055299292257,0.29851312272748404,45.360956786147746,11.020412837769108
331,-0.9544055299292257,0.29851312272748404,45.36093323792079,11.02041174623689
332,-0.9544055299292257,0.29851312272748404,45.36089944897993,11.020423590959775
333,-0.9544055299292257,0.29851312272748404,45.36086202187425,11.020436485218127
334,-0.9544055299292257,0.29851312272748404,45.36083260064771,11.020441414541335
335,-0.9544055299292257,0.29851312272748404,45.360797201272966,11.020453254337921
336,-0.9544055299292257,0.29851312272748404,45.36077242858845,11.020449797897108
337,-0.9544055299292257,0.29851312272748404,45.36074767444289,11.020476717401047
338,-0.9544055299292257,0.29851312272748404,45.36070615389706,11.020475836493889
339,-0.9544055299292257,0.29851312272748404,45.36067165367417,11.020485161871001
340,-0.9544055299292257,0.29851312272748404,45.36064769513503,11.020501876013407
341,-0.9544055299292257,0.29851312272748404,45.36061782062217,11.020516579863635
342,-0.9544055299292257,0.29851312272748404,45.36057788548185,11.020524282735629
343,-0.9544055299292257,0.29851312272748404,45.36054343504876,11.020526447684412
344,-0.9544055299292257,0.29851312272748404,45.360518021967266,11.020537341635805
345,-0.9544055299292257,0.29851312272748404,45.36049500848332,11.020559182846469
346,-0.9544055299292257,0.29851312272748404,45.36046083859003,11.020557287041381
347,-0.9544055299292257,0.29851312272748404,45.36041883648168,11.020573472442239
348,-0.9544055299292257,0.29851312272748404,45.36039200196261,11.020582640816752
349,-0.9544055299292257,0.29851312272748404,45.36036449645883,11.020591239331065
350,-0.9544055299292257,0.29851312272748404,45.360330956133275,11.02060474698761
351,-0.9544055299292257,0.29851312272748404,45.3603114069596,11.020611373515571
352,-0.9544055299292257,0.29851312272748404,45.36027136883376,11.020620516861928
353,-0.9544055299292257,0.29851312272748404,45.36023607725721,11.020623754675466
354,-0.9544055299292257,0.29851312272748404,45.3602080214938,11.020642198966756
355,-0.9544055299292257,0.29851312272748404,45.36017193794597,11.020651918008937
356,-0.9544055299292257,0.29851312272748404,45.36013931927873,11.020667489390016
357,-0.9544055299292257,0.29851312272748404,45.36011163427832,11.020666743339733
358,-0.9544055299292257,0.29851312272748404,45.36008190827393,11.020683784172677
359,-0.9544055299292257,0.29851312272748404,45.36004983402891,11.020692370285293
360,-0.9544055299292257,0.29851312272748404,45.36002093883388,11.020689679146777
361,-0.9544055299292257,0.29851312272748404,45.359980661098874,11.020712844652362
362,-0.9544055299292257,0.29851312272748404,45.35994840350869,11.020714908505303
363,-0.9544055299292257,0.29851312272748404,45.35992913463333,11.020722256074306
364,-0.9544055299292257,0.29851312272748404,45.3598847769915,11.020738872971116
365,-0.9544055299292257,0.29851312272748404,45.359857693254625,11.020742515126091
366,-0.9544055299292257,0.29851312272748404,45.35981857405926,11.020760512778969
367,-0.9544055299292257,0.29851312272748404,45.35978775015063,11.020774006697726
368,-0.9544055299292257,0.29851312272748404,45.359762396800555,11.020774033379995
369,-0.9544055299292257,0.29851312272748404,45.35973709123359,11.020787055087197
370,-0.9544055299292257,0.29851312272748404,45.35970006,11.02079678
371,0.18563850809759755,0.9826181070544641,45.359705465485895,11.020789255840059
372,0.18563850809759755,0.9826181070544641,45.359704840474095,11.02079798103322
373,0.18563850809759755,0.9826181070544641,45.359713710930215,11.020807641301339
374,0.18563850809759755,0.9826181070544641,45.359705493249116,11.020822405180757
375,0.18563850809759755,0.9826181070544641,45.35970277462293,11.020822860381879
376,0.18563850809759755,0.9826181070544641,45.35969616243307,11.020831357153678
377,0.18563850809759755,0.9826181070544641,45.359714062275536,11.020826970657371
378,0.18563850809759755,0.9826181070544641,45.35970259803116,11.020841047536118
379,0.18563850809759755,0.9826181070544641,45.3597085630594,11.020842654347168
380,0.18563850809759755,0.9826181070544641,45.359704063066424,11.020856647758801
381,0.18563850809759755,0.9826181070544641,45.359712052752286,11.020857113146661
382,0.18563850809759755,0.9826181070544641,45.35971207773273,11.020856963199359
383,0.18563850809759755,0.9826181070544641,45.359724643783615,11.020867786045239
384,0.18563850809759755,0.9826181070544641,45.3597186538076,11.02086352570638
385,0.18563850809759755,0.9826181070544641,45.35971575,11.02087983
386,0.9539872079080639,0.29984730638739515,45.35974465338136,11.020873716617864
387,0.9539872079080639,0.29984730638739515,45.35978261716267,11.020864514839745
388,0.9539872079080639,0.29984730638739515,45.35981411822832,11.020854938698625
389,0.9539872079080639,0.29984730638739515,45.35983726939096,11.02083975560397
390,0.9539872079080639,0.29984730638739515,45.35987628421533,11.020820838580997
391,0.9539872079080639,0.29984730638739515,45.35991445901242,11.02081630975736
392,0.9539872079080639,0.29984730638739515,45.359948451886645,11.020802330201482
393,0.9539872079080639,0.29984730638739515,45.359985260981375,11.02079494178677
394,0.9539872079080639,0.29984730638739515,45.360011584872716,11.02078332055884
395,0.9539872079080639,0.29984730638739515,45.360052839234655,11.020774663659196
396,0.9539872079080639,0.29984730638739515,45.36007786677674,11.020775146717666
397,0.9539872079080639,0.29984730638739515,45.36010148745013,11.020753369653722
398,0.9539872079080639,0.29984730638739515,45.36014304914663,11.020743885028335
399,0.9539872079080639,0.29984730638739515,45.360179256667166,11.020732419749434
400,0.9539872079080639,0.29984730638739515,45.360206073750284,11.02072133228752
401,0.9539872079080639,0.29984730638739515,45.360234984555355,11.020705906217543
402,0.9539872079080639,0.29984730638739515,45.3602667590601,11.020706593158813
403,0.9539872079080639,0.29984730638739515,45.360297116169505,11.020695686921215
404,0.9539872079080639,0.29984730638739515,45.360342091102055,11.020684147214203
405,0.9539872079080639,0.29984730638739515,45.36035764109268,11.020667101177539
406,0.9539872079080639,0.29984730638739515,45.360404653103096,11.020659991920352
407,0.9539872079080639,0.29984730638739515,45.36043581017741,11.02064988117172
408,0.9539872079080639,0.29984730638739515,45.360468530020285,11.02064692281948
409,0.9539872079080639,0.29984730638739515,45.36050308856372,11.020625378649848
410,0.9539872079080639,0.29984730638739515,45.36053976430884,11.020627654219444
411,0.9539872079080639,0.29984730638739515,45.360565023910645,11.020614917295896
412,0.9539872079080639,0.29984730638739515,45.36059935848302,11.020604457526076
413,0.9539872079080639,0.29984730638739515,45.360639955560444,11.020595920213172
414,0.9539872079080639,0.29984730638739515,45.360657353908046,11.020584558155601
415,0.9539872079080639,0.29984730638739515,45.36070001173698,11.020572351940137
416,0.9539872079080639,0.29984730638739515,45.360733635555334,11.020562529935916
417,0.9539872079080639,0.29984730638739515,45.36076044300009,11.020549754033189
418,0.9539872079080639,0.29984730638739515,45.360794041723295,11.02053608131265
419,0.9539872079080639,0.29984730638739515,45.360825846004424,11.02053317828934
420,0.9539872079080639,0.29984730638739515,45.36085301653816,11.0205261017134
421,0.9539872079080639,0.29984730638739515,45.360905180462105,11.02052443989598
422,0.9539872079080639,0.29984730638739515,45.36093313853847,11.02049491994341
423,0.9539872079080639,0.29984730638739515,45.3609590471191,11.020489623903261
424,0.9539872079080639,0.29984730638739515,45.36099457718392,11.020478006629448
425,0.9539872079080639,0.29984730638739515,45.3610253837715,11.020468934520258
426,0.9539872079080639,0.29984730638739515,45.36105855691144,11.020457689985589
427,0.9539872079080639,0.29984730638739515,45.36108407072419,11.020448468215918
428,0.9539872079080639,0.29984730638739515,45.36112674721086,11.020436657685153
429,0.9539872079080639,0.29984730638739515,45.36114903528023,11.020432161238094
430,0.9539872079080639,0.29984730638739515,45.36118170466184,11.020421940851625
431,0.9539872079080639,0.29984730638739515,45.361223388457375,11.02039596868586
432,0.9539872079080639,0.29984730638739515,45.36125898618479,11.020403341780451
433,0.9539872079080639,0.29984730638739515,45.361293300649486,11.020388849457966
434,0.9539872079080639,0.29984730638739515,45.36132170023706,11.020377499180672
435,0.9539872079080639,0.29984730638739515,45.36135392240261,11.020351124570833
436,0.9539872079080639,0.29984730638739515,45.361385942889626,11.02035839624843
437,0.9539872079080639,0.29984730638739515,45.36141856803965,11.020340096110246
438,0.9539872079080639,0.29984730638739515,45.36144096508802,11.020332468199832
439,0.9539872079080639,0.29984730638739515,45.36148528789788,11.0203300743599
440,0.9539872079080639,0.29984730638739515,45.36152111049038,11.020318466490437
441,0.9539872079080639,0.29984730638739515,45.36155144960801,11.020299728929587
442,0.9539872079080639,0.29984730638739515,45.361576584213374,11.020295950463343
443,0.9539872079080639,0.29984730638739515,45.3616103131439,11.02027939076425
444,0.9539872079080639,0.29984730638739515,45.36164631211684,11.020273445293741
445,0.9539872079080639,0.29984730638739515,45.36168363506241,11.020261028652412
446,0.9539872079080639,0.29984730638739515,45.36171398361026,11.020256082846085
447,0.9539872079080639,0.29984730638739515,45.361749786872466,11.020243304143616
448,0.9539872079080639,0.29984730638739515,45.361773114807825,11.0202354283378
449,0.9539872079080639,0.29984730638739515,45.36180789338569,11.020220007441507
450,0.9539872079080639,0.29984730638739515,45.3618474151353,11.020218432101796
451,0.9539872079080639,0.29984730638739515,45.36187837783467,11.020211342559126
452,0.9539872079080639,0.29984730638739515,45.36190989754966,11.020188985652151
453,0.9539872079080639,0.29984730638739515,45.361947874841974,11.020191315289635
454,0.9539872079080639,0.29984730638739515,45.36197705266754,11.020169601133748
455,0.9539872079080639,0.29984730638739515,45.362009047748074,11.020160573743837
456,0.9539872079080639,0.29984730638739515,45.36204615229247,11.02015002231846
457,0.9539872079080639,0.29984730638739515,45.362068382914366,11.02013237528269
458,0.9539872079080639,0.29984730638739515,45.36210468287418,11.020123634247076
459,0.9539872079080639,0.29984730638739515,45.36213983115219,11.020117120321697
460,0.9539872079080639,0.29984730638739515,45.36218196291381,11.020115515441079
461,0.9539872079080639,0.29984730638739515,45.36221508944337,11.020097239001572
462,0.9539872079080639,0.29984730638739515,45.36223829375803,11.020085287186191
463,0.9539872079080639,0.29984730638739515,45.36226758082575,11.020072084584788
464,0.9539872079080639,0.29984730638739515,45.36230304,11.02006662
465,0.05017981546841942,0.9987401995111418,45.36229965243302,11.02006454851661
466,0.05017981546841942,0.9987401995111418,45.36230648607393,11.020070903278416
467,0.05017981546841942,0.9987401995111418,45.36230317178218,11.020076061654036
468,0.05017981546841942,0.9987401995111418,45.36229783632109,11.020083383067375
469,0.05017981546841942,0.9987401995111418,45.362310463355854,11.020087470610788
470,0.05017981546841942,0.9987401995111418,45.36230769982975,11.020081789538962
471,0.05017981546841942,0.9987401995111418,45.36230353843489,11.020092317398626
472,0.05017981546841942,0.9987401995111418,45.36230322953088,11.020101233015383
473,0.05017981546841942,0.9987401995111418,45.36230830225417,11.020095675547106
474,0.05017981546841942,0.9987401995111418,45.36230838795355,11.020104675362099
475,0.05017981546841942,0.9987401995111418,45.36230220676842,11.02010649956276
476,0.05017981546841942,0.9987401995111418,45.36230459036927,11.020115340995106
477,0.05017981546841942,0.9987401995111418,45.36230343038096,11.020114737494465
478,0.05017981546841942,0.9987401995111418,45.36230703929858,11.02011836090781
479,0.05017981546841942,0.9987401995111418,45.36231101866335,11.020114385614354
480,0.05017981546841942,0.9987401995111418,45.36230583,11.02012215
481,-0.9547295369557065,0.2974752279843521,45.362282279035014,11.0201296235634
482,-0.9547295369557065,0.2974752279843521,45.36224623087346,11.020137869089703
483,-0.9547295369557065,0.2974752279843521,45.36221732824724,11.020153325523566
484,-0.9547295369557065,0.2974752279843521,45.362183028085525,11.02015947837413
485,-0.9547295369557065,0.2974752279843521,45.36215170724393,11.020171110030049
486,-0.9547295369557065,0.2974752279843521,45.36212002762647,11.020175269525296
487,-0.9547295369557065,0.2974752279843521,45.36209318002532,11.020191878490447
488,-0.9547295369557065,0.2974752279843521,45.36206228087254,11.02019959214992
489,-0.9547295369557065,0.2974752279843521,45.36203785630683,11.020211142611618
490,-0.9547295369557065,0.2974752279843521,45.361999430128755,11.020219175845469
491,-0.9547295369557065,0.2974752279843521,45.36196810367911,11.020228556556964
492,-0.9547295369557065,0.2974752279843521,45.361932077851876,11.020230919346785
493,-0.9547295369557065,0.2974752279843521,45.361887738742944,11.020245818978452
494,-0.9547295369557065,0.2974752279843521,45.36187127396351,11.020252652241018
495,-0.9547295369557065,0.2974752279843521,45.361845195748906,11.020263961752915
496,-0.9547295369557065,0.2974752279843521,45.36181754266526,11.02027934023674
497,-0.9547295369557065,0.2974752279843521,45.361784277835206,11.02028820100593
498,-0.9547295369557065,0.2974752279843521,45.36174277468227,11.020298427777742
499,-0.9547295369557065,0.2974752279843521,45.36172516176731,11.020309278324316
500,-0.9547295369557065,0.2974752279843521,45.36169699001486,11.020309764999011
501,-0.9547295369557065,0.2974752279843521,45.36164941839739,11.020322028689971
502,-0.9547295369557065,0.2974752279843521,45.361626312329506,11.0203365340213
503,-0.9547295369557065,0.2974752279843521,45.36160120922133,11.020343982950564
504,-0.9547295369557065,0.2974752279843521,45.36156536003564,11.02034671639736
505,-0.9547295369557065,0.2974752279843521,45.36153512856863,11.020359226032754
506,-0.9547295369557065,0.2974752279843521,45.361500837106334,11.020373255775588
507,-0.9547295369557065,0.2974752279843521,45.36146814542709,11.020393782618802
508,-0.9547295369557065,0.2974752279843521,45.36143893788991,11.020392384774336
509,-0.9547295369557065,0.2974752279843521,45.36140320363494,11.020407849143357
510,-0.9547295369557065,0.2974752279843521,45.36137660297081,11.020410641794452
511,-0.9547295369557065,0.2974752279843521,45.361345812371006,11.020422957799163
512,-0.9547295369557065,0.2974752279843521,45.36131693304565,11.0204315806016
513,-0.9547295369557065,0.2974752279843521,45.36128357711024,11.020444014687524
514,-0.9547295369557065,0.2974752279843521,45.361258076128046,11.020442745072828
515,-0.9547295369557065,0.2974752279843521,45.36122444068089,11.020453851111936
516,-0.9547295369557065,0.2974752279843521,45.36119915034193,11.02046812394633
517,-0.9547295369557065,0.2974752279843521,45.36117285373914,11.020480991923721
518,-0.9547295369557065,0.2974752279843521,45.361132722212446,11.020491941701536
519,-0.9547295369557065,0.2974752279843521,45.361098333114455,11.020495826410338
520,-0.9547295369557065,0.2974752279843521,45.36107324134573,11.020508370193323
521,-0.9547295369557065,0.2974752279843521,45.361037616643976,11.020513155088842
522,-0.9547295369557065,0.2974752279843521,45.3610162101586,11.020524182283593
523,-0.9547295369557065,0.2974752279843521,45.36097680217838,11.020540020315124
524,-0.9547295369557065,0.2974752279843521,45.36094511705931,11.020548428285341
525,-0.9547295369557065,0.2974752279843521,45.36092382780585,11.020554247319005
526,-0.9547295369557065,0.2974752279843521,45.36088908745773,11.02055799174327
527,-0.9547295369557065,0.2974752279843521,45.36085040755655,11.020585017244363
528,-0.9547295369557065,0.2974752279843521,45.36083799483467,11.020586286751492
529,-0.9547295369557065,0.2974752279843521,45.36079289098109,11.02059777862045
530,-0.9547295369557065,0.2974752279843521,45.36075904324191,11.020605218758082
531,-0.9547295369557065,0.2974752279843521,45.36072983636712,11.020605845572955
532,-0.9547295369557065,0.2974752279843521,45.36070330521281,11.020624429988478
533,-0.9547295369557065,0.2974752279843521,45.360670367718086,11.020643533146234
534,-0.9547295369557065,0.2974752279843521,45.360641502097444,11.02064330207795
535,-0.9547295369557065,0.2974752279843521,45.36060482018483,11.020647047709385
536,-0.9547295369557065,0.2974752279843521,45.360574845698835,11.020662884211973
537,-0.9547295369557065,0.2974752279843521,45.36054125134774,11.020669711908322
538,-0.9547295369557065,0.2974752279843521,45.36052141967543,11.020693701893418
539,-0.9547295369557065,0.2974752279843521,45.36048855126591,11.020694274230447
540,-0.9547295369557065,0.2974752279843521,45.36045576562413,11.020701493932014
541,-0.9547295369557065,0.2974752279843521,45.36043341634062,11.020718359665063
542,-0.9547295369557065,0.2974752279843521,45.36038972324941,11.020720599824118
543,-0.9547295369557065,0.2974752279843521,45.360350631534686,11.020737789080515
544,-0.9547295369557065,0.2974752279843521,45.360328642453986,11.020737234633827
545,-0.9547295369557065,0.2974752279843521,45.360284971198176,11.020734497287078
546,-0.9547295369557065,0.2974752279843521,45.36026917712576,11.020758270280274
547,-0.9547295369557065,0.2974752279843521,45.36023021152359,11.020771826818287
548,-0.9547295369557065,0.2974752279843521,45.360208841457684,11.020770981221924
549,-0.9547295369557065,0.2974752279843521,45.36018564607651,11.020783198962748
550,-0.9547295369557065,0.2974752279843521,45.360142763605175,11.020799745074223
551,-0.9547295369557065,0.2974752279843521,45.360116827506694,11.020800244088123
552,-0.9547295369557065,0.2974752279843521,45.360079932761344,11.02080879205688
553,-0.9547295369557065,0.2974752279843521,45.360050953290326,11.0208286401748
554,-0.9547295369557065,0.2974752279843521,45.360015775900386,11.020831503235566
555,-0.9547295369557065,0.2974752279843521,45.35998630084287,11.020852190946695
556,-0.9547295369557065,0.2974752279843521,45.35996172845768,11.020850469985781
557,-0.9547295369557065,0.2974752279843521,45.359938211955594,11.020867713864822
558,-0.9547295369557065,0.2974752279843521,45.35989836696655,11.020867090998436
559,-0.9547295369557065,0.2974752279843521,45.35986028154338,11.020872870087214
560,-0.9547295369557065,0.2974752279843521,45.359830772112495,11.020889206525789
561,-0.9547295369557065,0.2974752279843521,45.35980423891082,11.020892320667167
562,-0.9547295369557065,0.2974752279843521,45.35977650204449,11.020899583727825
563,-0.9547295369557065,0.2974752279843521,45.359742123725624,11.020923807074844
564,-0.9547295369557065,0.2974752279843521,45.35971167,11.02093044
565,0.158371280329442,0.9873796319384015,45.35970292238898,11.020935329786017
566,0.158371280329442,0.9873796319384015,45.35970761822331,11.020943922104228
567,0.158371280329442,0.9873796319384015,45.359718994010635,11.020929199977573
568,0.158371280329442,0.9873796319384015,45.359714996513475,11.020942785682411
569,0.158371280329442,0.9873796319384015,45.35971583349517,11.020947067511393
570,0.158371280329442,0.9873796319384015,45.35971381706876,11.020951941952035
571,0.158371280329442,0.9873796319384015,45.35971098532298,11.020970834290496
572,0.158371280329442,0.9873796319384015,45.35971654658835,11.020962288206105
573,0.158371280329442,0.9873796319384015,45.35971756067196,11.020965227704362
574,0.158371280329442,0.9873796319384015,45.35972272798051,11.020966631086477
575,0.158371280329442,0.9873796319384015,45.3597186939583,11.020972213757334
576,0.158371280329442,0.9873796319384015,45.35972742446357,11.020980646151935
577,0.158371280329442,0.9873796319384015,45.359718035921404,11.020985254057443
578,0.158371280329442,0.9873796319384015,45.359721000702805,11.020988275993805
579,0.158371280329442,0.9873796319384015,45.35971526218735,11.020993961956899
580,0.158371280329442,0.9873796319384015,45.359725135041074,11.020992741461708
581,0.158371280329442,0.9873796319384015,45.35972565460401,11.021010432159299
582,0.158371280329442,0.9873796319384015,45.35971636883409,11.020994520781304
583,0.158371280329442,0.9873796319384015,45.35972416,11.02100831
584,0.9551369713188397,0.29616442396053255,45.35975373391055,11.0210061077829
585,0.9551369713188397,0.29616442396053255,45.35979627877126,11.020982528882344
586,0.9551369713188397,0.29616442396053255,45.35982357368008,11.020984839637348
587,0.9551369713188397,0.29616442396053255,45.35985655192765,11.020967812667484
588,0.9551369713188397,0.29616442396053255,45.35988410697024,11.020948769729156
589,0.9551369713188397,0.29616442396053255,45.35991297631937,11.020938652797993
590,0.9551369713188397,0.29616442396053255,45.359948664248414,11.020930128837916
591,0.9551369713188397,0.29616442396053255,45.35997954410029,11.020929841826566
592,0.9551369713188397,0.29616442396053255,45.36001028509101,11.020924668470743
593,0.9551369713188397,0.29616442396053255,45.36004300220306,11.020914980630753
594,0.9551369713188397,0.29616442396053255,45.36008070944295,11.020899347175227
595,0.9551369713188397,0.29616442396053255,45.36010174980429,11.020888388662472
596,0.9551369713188397,0.29616442396053255,45.36013976297322,11.020889664012895
597,0.9551369713188397,0.29616442396053255,45.36016800367093,11.020867366388085
598,0.9551369713188397,0.29616442396053255,45.36021338259415,11.020866391761878
599,0.9551369713188397,0.29616442396053255,45.36023729681725,11.020845762345298
600,0.9551369713188397,0.29616442396053255,45.36027177265331,11.020828665002064
601,0.9551369713188397,0.29616442396053255,45.360295712985454,11.020829559959042
602,0.9551369713188397,0.29616442396053255,45.36032569573058,11.02081664590542
603,0.9551369713188397,0.29616442396053255,45.360368325620875,11.020818069268381
604,0.9551369713188397,0.29616442396053255,45.36040258411818,11.020795405247801
605,0.9551369713188397,0.29616442396053255,45.36043352289254,11.020788320541588
606,0.9551369713188397,0.29616442396053255,45.36045725076913,11.020783394259661
607,0.9551369713188397,0.29616442396053255,45.36049714611022,11.02077654108053
608,0.9551369713188397,0.29616442396053255,45.36052938572862,11.020759923370324
609,0.9551369713188397,0.29616442396053255,45.36056267104655,11.020755842744983
610,0.9551369713188397,0.29616442396053255,45.360596194150375,11.020732078197307
611,0.9551369713188397,0.29616442396053255,45.36062420354596,11.020726191508535
612,0.9551369713188397,0.29616442396053255,45.36065691457356,11.020716147604874
613,0.9551369713188397,0.29616442396053255,45.360683368467484,11.020705792239982
614,0.9551369713188397,0.29616442396053255,45.36072200185778,11.020707277893226
615,0.9551369713188397,0.29616442396053255,45.36074940663446,11.020705020793997
616,0.9551369713188397,0.29616442396053255,45.36079327736465,11.020683843511549
617,0.9551369713188397,0.29616442396053255,45.36081465300273,11.020672775456966
618,0.9551369713188397,0.29616442396053255,45.360847107754,11.020657542265829
619,0.9551369713188397,0.29616442396053255,45.360876074866155,11.020653104281617
620,0.9551369713188397,0.29616442396053255,45.360903761515104,11.020635939700163
621,0.9551369713188397,0.29616442396053255,45.360933275625904,11.02063380184174
622,0.9551369713188397,0.29616442396053255,45.36097756559968,11.020620699579782
623,0.9551369713188397,0.29616442396053255,45.36101135616868,11.020600593778223
624,0.9551369713188397,0.29616442396053255,45.36103202162927,11.02059789359946
625,0.9551369713188397,0.29616442396053255,45.361079010736034,11.020589960359882
626,0.9551369713188397,0.29616442396053255,45.36110472524515,11.02058297580399
627,0.9551369713188397,0.29616442396053255,45.361130913931405,11.020572329405507
628,0.9551369713188397,0.29616442396053255,45.36117501235017,11.020565246968342
629,0.9551369713188397,0.29616442396053255,45.36120086532194,11.020548862150347
630,0.9551369713188397,0.29616442396053255,45.361228014248844,11.020541769880335
631,0.9551369713188397,0.29616442396053255,45.3612663904798,11.020527882529237
632,0.9551369713188397,0.29616442396053255,45.361302417724644,11.020517452547084
633,0.9551369713188397,0.29616442396053255,45.36133000626328,11.020512526581015
634,0.9551369713188397,0.29616442396053255,45.361362083226815,11.020506098195051
635,0.9551369713188397,0.29616442396053255,45.36139074019718,11.020479657374315
636,0.9551369713188397,0.29616442396053255,45.361432112825185,11.020480602495933
637,0.9551369713188397,0.29616442396053255,45.361450125482435,11.020467982430686
638,0.9551369713188397,0.29616442396053255,45.36149895486259,11.020457455395318
639,0.9551369713188397,0.29616442396053255,45.361520408086825,11.020452880908046
640,0.9551369713188397,0.29616442396053255,45.361558271425935,11.020437278283248
641,0.9551369713188397,0.29616442396053255,45.36158033951805,11.020430592009992
642,0.9551369713188397,0.29616442396053255,45.36161345957125,11.020428153232489
643,0.9551369713188397,0.29616442396053255,45.361656830029254,11.020402262143337
644,0.9551369713188397,0.29616442396053255,45.36167553539994,11.020394057848856
645,0.9551369713188397,0.29616442396053255,45.36171523365967,11.02039061573994
646,0.9551369713188397,0.29616442396053255,45.361745260866066,11.020386441107751
647,0.9551369713188397,0.29616442396053255,45.36179330951296,11.02037241921462
648,0.9551369713188397,0.29616442396053255,45.361800864459724,11.020362497914544
649,0.9551369713188397,0.29616442396053255,45.361835539517564,11.020353536260208
650,0.9551369713188397,0.29616442396053255,45.361874943375355,11.020340761116675
651,0.9551369713188397,0.29616442396053255,45.36190765040807,11.020331249586928
652,0.9551369713188397,0.29616442396053255,45.36193883900369,11.020323138264466
653,0.9551369713188397,0.29616442396053255,45.36196512105362,11.020315179494768
654,0.9551369713188397,0.29616442396053255,45.36200521640826,11.02030453951001
655,0.9551369713188397,0.29616442396053255,45.36203289288842,11.02029708428718
656,0.9551369713188397,0.29616442396053255,45.362071893144275,11.020281376108777
657,0.9551369713188397,0.29616442396053255,45.36210241898786,11.020273136913227
658,0.9551369713188397,0.29616442396053255,45.362141174859005,11.02025769559223
659,0.9551369713188397,0.29616442396053255,45.36216056191811,11.020254722512767
660,0.9551369713188397,0.29616442396053255,45.362200774600836,11.02023048377489
661,0.9551369713188397,0.29616442396053255,45.362228463317464,11.02023282047177
662,0.9551369713188397,0.29616442396053255,45.36226229254278,11.020223120102067
663,0.9551369713188397,0.29616442396053255,45.36229346252263,11.020209536952644
664,0.9551369713188397,0.29616442396053255,45.36232427,11.02020208
665,0.096011835949402,0.9953801923675321,45.36233209211505,11.02020142464721
666,0.096011835949402,0.9953801923675321,45.362322284337566,11.020209904598067
667,0.096011835949402,0.9953801923675321,45.362323981785856,11.020211270619317
668,0.096011835949402,0.9953801923675321,45.36231797572682,11.020222492875646
669,0.096011835949402,0.9953801923675321,45.36233870187432,11.02022305636351
670,0.096011835949402,0.9953801923675321,45.362323735420716,11.020221711923835
671,0.096011835949402,0.9953801923675321,45.3623203659988,11.020224018552383
672,0.096011835949402,0.9953801923675321,45.36231904879698,11.020230467619111
673,0.096011835949402,0.9953801923675321,45.36232459340629,11.020236374249377
674,0.096011835949402,0.9953801923675321,45.362321042276506,11.020231293358343
675,0.096011835949402,0.9953801923675321,45.362324929215426,11.02024337400143
676,0.096011835949402,0.9953801923675321,45.362325909465206,11.02023698142581
677,0.096011835949402,0.9953801923675321,45.36232943004307,11.020247233955994
678,0.096011835949402,0.9953801923675321,45.36233409989102,11.02025193861939
679,0.096011835949402,0.9953801923675321,45.36232928,11.02025402
680,-0.9517694449728636,0.30681415159025344,45.36229430587821,11.020257181972152
681,-0.9517694449728636,0.30681415159025344,45.36226620480352,11.020270520221462
682,-0.9517694449728636,0.30681415159025344,45.36223054528344,11.020278831975892
683,-0.9517694449728636,0.30681415159025344,45.36220864292692,11.020290296405197
684,-0.9517694449728636,0.30681415159025344,45.36218175466868,11.02030254313731
685,-0.9517694449728636,0.30681415159025344,45.362136225964356,11.020317220276594
686,-0.9517694449728636,0.30681415159025344,45.36211230329076,11.020309632957073
687,-0.9517694449728636,0.30681415159025344,45.36209809496245,11.02032671756709
688,-0.9517694449728636,0.30681415159025344,45.362058779824146,11.020340839022666
689,-0.9517694449728636,0.30681415159025344,45.36202833927682,11.020348953558734
690,-0.9517694449728636,0.30681415159025344,45.36198883505886,11.02036091859789
691,-0.9517694449728636,0.30681415159025344,45.361961769041294,11.02036139831711
692,-0.9517694449728636,0.30681415159025344,45.36192984723524,11.020393156567568
693,-0.9517694449728636,0.30681415159025344,45.36190313125577,11.020389992919407
694,-0.9517694449728636,0.30681415159025344,45.361870284734685,11.020398611812881
695,-0.9517694449728636,0.30681415159025344,45.36184468960961,11.020413082848068
696,-0.9517694449728636,0.30681415159025344,45.3618145593119,11.020425394900604
697,-0.9517694449728636,0.30681415159025344,45.361784716010916,11.020427472751924
698,-0.9517694449728636,0.30681415159025344,45.36174816729954,11.020442855434412
699,-0.9517694449728636,0.30681415159025344,45.361710701619344,11.020450501675615
700,-0.9517694449728636,0.30681415159025344,45.36169806906125,11.020459083974922
701,-0.9517694449728636,0.30681415159025344,45.36165391169418,11.020473467867859
702,-0.9517694449728636,0.30681415159025344,45.36162786712091,11.020476270328729
703,-0.9517694449728636,0.30681415159025344,45.36159946485031,11.020488865033109
704,-0.9517694449728636,0.30681415159025344,45.36157667553395,11.020506278130153
705,-0.9517694449728636,0.30681415159025344,45.361531320448705,11.020505612769536
706,-0.9517694449728636,0.30681415159025344,45.361506647440066,11.020522457749989
707,-0.9517694449728636,0.30681415159025344,45.36148300396318,11.020518472233444
708,-0.9517694449728636,0.30681415159025344,45.3614400951306,11.020542602245756
709,-0.9517694449728636,0.30681415159025344,45.36141679746261,11.020554200936026
710,-0.9517694449728636,0.30681415159025344,45.361391344380884,11.020560062397553
711,-0.9517694449728636,0.30681415159025344,45.36135686392283,11.020571080133763
712,-0.9517694449728636,0.30681415159025344,45.361327506463084,11.02057332536723
713,-0.9517694449728636,0.30681415159025344,45.36129814834237,11.020591061706545
714,-0.9517694449728636,0.30681415159025344,45.36127871030041,11.020594533270717
715,-0.9517694449728636,0.30681415159025344,45.36124078041611,11.020606321610016
716,-0.9517694449728636,0.30681415159025344,45.361196018909226,11.020623779476509
717,-0.9517694449728636,0.30681415159025344,45.36116964199982,11.020624054108303
718,-0.9517694449728636,0.30681415159025344,45.36114031249805,11.02063036152996
719,-0.9517694449728636,0.30681415159025344,45.36111489251902,11.020648364047561
720,-0.9517694449728636,0.30681415159025344,45.361089704725266,11.020654144643503
721,-0.9517694449728636,0.30681415159025344,45.36105015067653,11.020662069484805
722,-0.9517694449728636,0.30681415159025344,45.36101507294352,11.020678642503201
723,-0.9517694449728636,0.30681415159025344,45.36099494738939,11.02067698934592
724,-0.9517694449728636,0.30681415159025344,45.36096599191854,11.020699287662177
725,-0.9517694449728636,0.30681415159025344,45.36093129344897,11.020704130307246
726,-0.9517694449728636,0.30681415159025344,45.36090400513256,11.020711795287024
727,-0.9517694449728636,0.30681415159025344,45.36087129387972,11.020717181505645
728,-0.9517694449728636,0.30681415159025344,45.36084898568869,11.020735670881239
729,-0.9517694449728636,0.30681415159025344,45.360815267196045,11.020741816248883
730,-0.9517694449728636,0.30681415159025344,45.360776579090356,11.020752397822683
731,-0.9517694449728636,0.30681415159025344,45.36074992664052,11.0207668472781
732,-0.9517694449728636,0.30681415159025344,45.36071888771742,11.020766335781518
733,-0.9517694449728636,0.30681415159025344,45.36069073496307,11.020785445325858
734,-0.9517694449728636,0.30681415159025344,45.360657873451316,11.020799302127434
735,-0.9517694449728636,0.30681415159025344,45.36063759381735,11.020796858502141
736,-0.9517694449728636,0.30681415159025344,45.3605982304088,11.02081880032944
737,-0.9517694449728636,0.30681415159025344,45.360569326356305,11.020827938727464
738,-0.9517694449728636,0.30681415159025344,45.360536562389356,11.020839069783843
739,-0.9517694449728636,0.30681415159025344,45.36051810723646,11.020846691413906
740,-0.9517694449728636,0.30681415159025344,45.36047957044174,11.020848128710812
741,-0.9517694449728636,0.30681415159025344,45.36044958759462,11.020861860612563
742,-0.9517694449728636,0.30681415159025344,45.36041451919029,11.020873635354565
743,-0.9517694449728636,0.30681415159025344,45.36038534906859,11.020879938700268
744,-0.9517694449728636,0.30681415159025344,45.360346264928026,11.020894202589215
745,-0.9517694449728636,0.30681415159025344,45.360331157073055,11.020903895904555
746,-0.9517694449728636,0.30681415159025344,45.360298054905854,11.020908719743023
747,-0.9517694449728636,0.30681415159025344,45.3602674897005,11.020914036539919
748,-0.9517694449728636,0.30681415159025344,45.3602361370592,11.020930736964594
749,-0.9517694449728636,0.30681415159025344,45.36020356549377,11.020936560159392
750,-0.9517694449728636,0.30681415159025344,45.36017001084295,11.020945476682007
751,-0.9517694449728636,0.30681415159025344,45.36014635328066,11.020963310001928
752,-0.9517694449728636,0.30681415159025344,45.36012003184284,11.020963927927347
753,-0.9517694449728636,0.30681415159025344,45.360080826576684,11.02098871067507
754,-0.9517694449728636,0.30681415159025344,45.3600496702096,11.020987251188586
755,-0.9517694449728636,0.30681415159025344,45.36002166375663,11.020996788321305
756,-0.9517694449728636,0.30681415159025344,45.35999396661739,11.021004769274652
757,-0.9517694449728636,0.30681415159025344,45.359958240470235,11.021022283620312
758,-0.9517694449728636,0.30681415159025344,45.359929582149555,11.021025099540532
759,-0.9517694449728636,0.30681415159025344,45.35989954132175,11.021038496047215
760,-0.9517694449728636,0.30681415159025344,45.3598703512754,11.021045971180182
761,-0.9517694449728636,0.30681415159025344,45.35984120180835,11.02106247443342
762,-0.9517694449728636,0.30681415159025344,45.3598066024239,11.021062183965029
763,-0.9517694449728636,0.30681415159025344,45.35977560436021,11.021070323209772
764,-0.9517694449728636,0.30681415159025344,45.35974926,11.02108572
765,0.08350296661483732,0.9965075286050383,45.35976376065458,11.021091840317476
766,0.08350296661483732,0.9965075286050383,45.359754438892345,11.021094546721594
767,0.08350296661483732,0.9965075286050383,45.35975542524491,11.021091541450092
768,0.08350296661483732,0.9965075286050383,45.35975213521403,11.021100491975691
769,0.08350296661483732,0.9965075286050383,45.35974987940288,11.021101078574937
770,0.08350296661483732,0.9965075286050383,45.35974915484896,11.021104617170797
771,0.08350296661483732,0.9965075286050383,45.359746705498765,11.021104923227913
772,0.08350296661483732,0.9965075286050383,45.35974745285452,11.021119723654229
773,0.08350296661483732,0.9965075286050383,45.35975088461927,11.021122941596238
774,0.08350296661483732,0.9965075286050383,45.359756580684156,11.021123197772159
775,0.08350296661483732,0.9965075286050383,45.35975117715281,11.021128530274215
776,0.08350296661483732,0.9965075286050383,45.35975551136152,11.021137226637823
777,0.08350296661483732,0.9965075286050383,45.359749735614415,11.021130524198492
778,0.08350296661483732,0.9965075286050383,45.35975052739615,11.021129824588172
779,0.08350296661483732,0.9965075286050383,45.35975435010953,11.021139976497814
780,0.08350296661483732,0.9965075286050383,45.359756245256364,11.021143792161684
781,0.08350296661483732,0.9965075286050383,45.35975301991568,11.021147803013417
782,0.08350296661483732,0.9965075286050383,45.359753943047984,11.021157231785638
783,0.08350296661483732,0.9965075286050383,45.359755,11.02115422
784,0.9533506941210361,0.3018649599058138,45.35977074167016,11.021141810148558
785,0.9533506941210361,0.3018649599058138,45.35981917777992,11.02113166940938
786,0.9533506941210361,0.3018649599058138,45.359844483142986,11.021123006899256
787,0.9533506941210361,0.3018649599058138,45.359884254485166,11.021124160151308
788,0.9533506941210361,0.3018649599058138,45.35990671849828,11.021104246239798
789,0.9533506941210361,0.3018649599058138,45.35993425647538,11.021092329284647
790,0.9533506941210361,0.3018649599058138,45.359975372156114,11.02109071472926
791,0.9533506941210361,0.3018649599058138,45.36000660100713,11.021075726686336
792,0.9533506941210361,0.3018649599058138,45.36002958765413,11.021068968814419
793,0.9533506941210361,0.3018649599058138,45.36007080859944,11.021056411564242
794,0.9533506941210361,0.3018649599058138,45.36008121866227,11.021050972187526
795,0.9533506941210361,0.3018649599058138,45.360121108896735,11.021030822855256
796,0.9533506941210361,0.3018649599058138,45.36015098113958,11.021027122186755
797,0.9533506941210361,0.3018649599058138,45.36018511978932,11.02101092587099
798,0.9533506941210361,0.3018649599058138,45.360219214940734,11.021008738965048
799,0.9533506941210361,0.3018649599058138,45.36024246568487,11.020997841007285
800,0.9533506941210361,0.3018649599058138,45.360274477818905,11.020988392951143
801,0.9533506941210361,0.3018649599058138,45.36030537032441,11.020973580016605
802,0.9533506941210361,0.3018649599058138,45.36034174796025,11.020972253074271
803,0.9533506941210361,0.3018649599058138,45.360376597700366,11.02095733827245
804,0.9533506941210361,0.3018649599058138,45.36039556816427,11.020947144670751
805,0.9533506941210361,0.3018649599058138,45.360438565614565,11.020936338294183
806,0.9533506941210361,0.3018649599058138,45.36045695645026,11.020924606632704
807,0.9533506941210361,0.3018649599058138,45.36049083036048,11.020921693713317
808,0.9533506941210361,0.3018649599058138,45.36052608368412,11.020908034855045
809,0.9533506941210361,0.3018649599058138,45.36055272935824,11.02090632477615
810,0.9533506941210361,0.3018649599058138,45.36058780911942,11.020888057531314
811,0.9533506941210361,0.3018649599058138,45.3606219066809,11.020886170858708
812,0.9533506941210361,0.3018649599058138,45.3606440408067,11.020865600133769
813,0.9533506941210361,0.3018649599058138,45.36068520984512,11.02086544497477
814,0.9533506941210361,0.3018649599058138,45.360709442838875,11.020852921478953
815,0.9533506941210361,0.3018649599058138,45.36073132979419,11.020846869257067
816,0.9533506941210361,0.3018649599058138,45.360772260269144,11.020832857965214
817,0.9533506941210361,0.3018649599058138,45.36079615387535,11.020829689326284
818,0.9533506941210361,0.3018649599058138,45.36083667916111,11.020812156207594
819,0.9533506941210361,0.3018649599058138,45.36085801724533,11.020798018334714
820,0.9533506941210361,0.3018649599058138,45.36089976950563,11.020798119101448
821,0.9533506941210361,0.3018649599058138,45.36092544349633,11.020783939051764
822,0.9533506941210361,0.3018649599058138,45.36095590611428,11.020771790693056
823,0.9533506941210361,0.3018649599058138,45.360988135031945,11.020758832147388
824,0.9533506941210361,0.3018649599058138,45.36100910484824,11.020754298572918
825,0.9533506941210361,0.3018649599058138,45.36105961140154,11.020745040605155
826,0.9533506941210361,0.3018649599058138,45.36108025845414,11.020727890040195
827,0.9533506941210361,0.3018649599058138,45.36110591763172,11.02072481280156
828,0.9533506941210361,0.3018649599058138,45.36114286266306,11.020720793434956
829,0.9533506941210361,0.3018649599058138,45.36117285834622,11.020703795673713
830,0.9533506941210361,0.3018649599058138,45.361197441095236,11.020692082344775
831,0.9533506941210361,0.3018649599058138,45.361232799411965,11.020684743135256
832,0.9533506941210361,0.3018649599058138,45.361267605590996,11.020681262400055
833,0.9533506941210361,0.3018649599058138,45.361300194900544,11.020668556198558
834,0.9533506941210361,0.3018649599058138,45.361328027131606,11.020653840860403
835,0.9533506941210361,0.3018649599058138,45.36134981546082,11.020652958883788
836,0.9533506941210361,0.3018649599058138,45.36138965990175,11.020641022081628
837,0.9533506941210361,0.3018649599058138,45.361412209059424,11.02063011189012
838,0.9533506941210361,0.3018649599058138,45.361451739895024,11.020620060160873
839,0.9533506941210361,0.3018649599058138,45.361480614766336,11.020598542757016
840,0.9533506941210361,0.3018649599058138,45.36150952603322,11.020601270572573
841,0.9533506941210361,0.3018649599058138,45.361535175527294,11.02058212908398
842,0.9533506941210361,0.3018649599058138,45.36157825685892,11.020585266295978
843,0.9533506941210361,0.3018649599058138,45.36160180837639,11.020570049321476
844,0.9533506941210361,0.3018649599058138,45.361629854441766,11.020567404817234
845,0.9533506941210361,0.3018649599058138,45.361663055983776,11.020546868756986
846,0.9533506941210361,0.3018649599058138,45.3616823265103,11.020536873602683
847,0.9533506941210361,0.3018649599058138,45.361719357578636,11.020529348215744
848,0.9533506941210361,0.3018649599058138,45.36176318501123,11.020523200407764
849,0.9533506941210361,0.3018649599058138,45.36178404831788,11.020503708885363
850,0.9533506941210361,0.3018649599058138,45.36182794752839,11.02050735968167
851,0.9533506941210361,0.3018649599058138,45.361858739224566,11.02049496524557
852,0.9533506941210361,0.3018649599058138,45.36187953108124,11.020480375861748
853,0.9533506941210361,0.3018649599058138,45.36190257964024,11.020472346320487
854,0.9533506941210361,0.3018649599058138,45.361934208297306,11.020456683089593
855,0.9533506941210361,0.3018649599058138,45.36197244834236,11.020461580238704
856,0.9533506941210361,0.3018649599058138,45.362000186793516,11.020439797547922
857,0.9533506941210361,0.3018649599058138,45.36202306526368,11.020440848188358
858,0.9533506941210361,0.3018649599058138,45.36206748590826,11.020418435451749
859,0.9533506941210361,0.3018649599058138,45.36210212856486,11.020413645294266
860,0.9533506941210361,0.3018649599058138,45.3621191466728,11.020399184653964
861,0.9533506941210361,0.3018649599058138,45.362158044342266,11.020398805461866
862,0.9533506941210361,0.3018649599058138,45.36218568985222,11.020377140954153
863,0.9533506941210361,0.3018649599058138,45.36221602743918,11.020369702020817
864,0.9533506941210361,0.3018649599058138,45.362243742717496,11.020360687286441
865,0.9533506941210361,0.3018649599058138,45.36227999887009,11.020356915086827
866,0.9533506941210361,0.3018649599058138,45.36231021527116,11.020346727995827
867,0.9533506941210361,0.3018649599058138,45.36234141,11.02033527
868,0.21419411244230444,0.9767911149242982,45.36233697524717,11.020340064101644
869,0.21419411244230444,0.9767911149242982,45.362353922548124,11.020347311079755
870,0.21419411244230444,0.9767911149242982,45.36234254850635,11.02034501869287
871,0.21419411244230444,0.9767911149242982,45.362341715605375,11.020341892902549
872,0.21419411244230444,0.9767911149242982,45.36234469773679,11.020349758925704
873,0.21419411244230444,0.9767911149242982,45.36234467814581,11.020358853544275
874,0.21419411244230444,0.9767911149242982,45.36235017856014,11.020360424284586
875,0.21419411244230444,0.9767911149242982,45.36235591281723,11.020360382744395
876,0.21419411244230444,0.9767911149242982,45.36235475218391,11.02036764961639
877,0.21419411244230444,0.9767911149242982,45.362355616768575,11.020371105528225
878,0.21419411244230444,0.9767911149242982,45.362352323779675,11.020366780503123
879,0.21419411244230444,0.9767911149242982,45.36236016210842,11.02036774415219
880,0.21419411244230444,0.9767911149242982,45.362346076279835,11.020381383599888
881,0.21419411244230444,0.9767911149242982,45.36235153503958,11.02037742178932
882,0.21419411244230444,0.9767911149242982,45.36234934168597,11.020393713647351
883,0.21419411244230444,0.9767911149242982,45.3623531,11.02038858
884,-0.9554868306864682,0.2950337546531385,45.362315715515294,11.020395075535896
885,-0.9554868306864682,0.2950337546531385,45.36228919119595,11.020414135237006
886,-0.9554868306864682,0.2950337546531385,45.36224680906126,11.02042073915173
887,-0.9554868306864682,0.2950337546531385,45.362226089289514,11.020436747282332
888,-0.9554868306864682,0.2950337546531385,45.3621849359085,11.020437409634999
889,-0.9554868306864682,0.2950337546531385,45.36215087455919,11.02044668877979
890,-0.9554868306864682,0.2950337546531385,45.36211334436211,11.020466885090114
891,-0.9554868306864682,0.2950337546531385,45.362077442288246,11.020477785503381
892,-0.9554868306864682,0.2950337546531385,45.362053485210126,11.020479670013883
893,-0.9554868306864682,0.2950337546531385,45.362004912192525,11.020492237891826
894,-0.9554868306864682,0.2950337546531385,45.36197952803088,11.02050875761812
895,-0.9554868306864682,0.2950337546531385,45.36194996447581,11.02051272675737
896,-0.9554868306864682,0.2950337546531385,45.36191861520582,11.02051674247918
897,-0.9554868306864682,0.2950337546531385,45.361880264629185,11.02052548646801
898,-0.9554868306864682,0.2950337546531385,45.361846760368465,11.020544611698902
899,-0.9554868306864682,0.2950337546531385,45.36181687277532,11.020562473525882
900,-0.9554868306864682,0.2950337546531385,45.36178751456372,11.020568230258274
901,-0.9554868306864682,0.2950337546531385,45.36174522752474,11.020572530040818
902,-0.9554868306864682,0.2950337546531385,45.36171998986777,11.02058394464964
903,-0.9554868306864682,0.2950337546531385,45.36168291371071,11.020591440955863
904,-0.9554868306864682,0.2950337546531385,45.3616462138742,11.020599732512459
905,-0.9554868306864682,0.2950337546531385,45.3616073534953,11.020609076218767
906,-0.9554868306864682,0.2950337546531385,45.36158110933942,11.020621188478303
907,-0.9554868306864682,0.2950337546531385,45.36154302681024,11.020638962668295
908,-0.9554868306864682,0.2950337546531385,45.36150558028841,11.020644228068242
909,-0.9554868306864682,0.2950337546531385,45.361482322354746,11.02066144389789
910,-0.9554868306864682,0.2950337546531385,45.361441270744095,11.020670261771267
911,-0.9554868306864682,0.2950337546531385,45.36141121650926,11.02067753575211
912,-0.9554868306864682,0.2950337546531385,45.36137880105155,11.020688411447892
913,-0.9554868306864682,0.2950337546531385,45.361342420923,11.020690021545187
914,-0.9554868306864682,0.2950337546531385,45.36130432637231,11.020715425860283
915,-0.9554868306864682,0.2950337546531385,45.36127377148422,11.020721046160935
916,-0.9554868306864682,0.2950337546531385,45.36123937490506,11.020726008998627
917,-0.9554868306864682,0.2950337546531385,45.36119775592493,11.020743371936
918,-0.9554868306864682,0.2950337546531385,45.36117593010037,11.020757060278255
919,-0.9554868306864682,0.2950337546531385,45.36114548098207,11.020760654044555
920,-0.9554868306864682,0.2950337546531385,45.361103524932005,11.02077304926176
921,-0.9554868306864682,0.2950337546531385,45.36107235043071,11.020788939250615
922,-0.9554868306864682,0.2950337546531385,45.36104786541797,11.020784302347113
923,-0.9554868306864682,0.2950337546531385,45.361005399637435,11.020801335582018
924,-0.9554868306864682,0.2950337546531385,45.3609661698127,11.020826239808878
925,-0.9554868306864682,0.2950337546531385,45.36093659613579,11.020824745377237
926,-0.9554868306864682,0.2950337546531385,45.360904481406195,11.02083777084068
927,-0.9554868306864682,0.2950337546531385,45.360867436985416,11.02084995887262
928,-0.9554868306864682,0.2950337546531385,45.36083182614365,11.020844983598812
929,-0.9554868306864682,0.2950337546531385,45.36079881214607,11.020867759455895
930,-0.9554868306864682,0.2950337546531385,45.36077153462565,11.020880987119943
931,-0.9554868306864682,0.2950337546531385,45.360735558864555,11.02089471238669
932,-0.9554868306864682,0.2950337546531385,45.36069886581062,11.020903822480253
933,-0.9554868306864682,0.2950337546531385,45.360677231352945,11.020913359617358
934,-0.9554868306864682,0.2950337546531385,45.360633024060796,11.020916653750387
935,-0.9554868306864682,0.2950337546531385,45.360610237998465,11.020931040137706
936,-0.9554868306864682,0.2950337546531385,45.36056409424494,11.020935546618382
937,-0.9554868306864682,0.2950337546531385,45.36053656323882,11.020951038623643
938,-0.9554868306864682,0.2950337546531385,45.36049848364246,11.020949592684298
939,-0.9554868306864682,0.2950337546531385,45.36046812217828,11.02097332688028
940,-0.9554868306864682,0.2950337546531385,45.36043377561207,11.020981458633523
941,-0.9554868306864682,0.2950337546531385,45.360400534424386,11.020992892814183
942,-0.9554868306864682,0.2950337546531385,45.36036922249682,11.021008110142489
943,-0.9554868306864682,0.2950337546531385,45.36033153524817,11.021007663673759
944,-0.9554868306864682,0.2950337546531385,45.360295524755934,11.021017037408885
945,-0.9554868306864682,0.2950337546531385,45.36026309806838,11.02102969262638
946,-0.9554868306864682,0.2950337546531385,45.36023029323573,11.021051537759021
947,-0.9554868306864682,0.2950337546531385,45.3601999126636,11.021047889272026
948,-0.9554868306864682,0.2950337546531385,45.36015919185726,11.021059062205433
949,-0.9554868306864682,0.2950337546531385,45.36013018460321,11.021072285682807
950,-0.9554868306864682,0.2950337546531385,45.36009581510421,11.02109116799492
951,-0.9554868306864682,0.2950337546531385,45.360055714681124,11.02109372694099
952,-0.9554868306864682,0.2950337546531385,45.360039200612874,11.021097529777917
953,-0.9554868306864682,0.2950337546531385,45.36000192176209,11.021120553074732
954,-0.9554868306864682,0.2950337546531385,45.35996549939265,11.02111931792378
955,-0.9554868306864682,0.2950337546531385,45.35992401077089,11.021138945180214
956,-0.9554868306864682,0.2950337546531385,45.35989555577782,11.021146496105983
957,-0.9554868306864682,0.2950337546531385,45.359869851327595,11.021166768608808
958,-0.9554868306864682,0.2950337546531385,45.35982652354907,11.021166174089625
959,-0.9554868306864682,0.2950337546531385,45.359789216582975,11.021187050370015
960,-0.9554868306864682,0.2950337546531385,45.35975891,11.02118961
961,0.18848834669738865,0.9820754264104591,45.359759414854764,11.02119365205211
962,0.18848834669738865,0.9820754264104591,45.359764147599634,11.021198260769669
963,0.18848834669738865,0.9820754264104591,45.35975751372573,11.021199130696964
964,0.18848834669738865,0.9820754264104591,45.35975414991174,11.02120409074378
965,0.18848834669738865,0.9820754264104591,45.35975264684032,11.02121165243418
966,0.18848834669738865,0.9820754264104591,45.3597673273897,11.021209298119084
967,0.18848834669738865,0.9820754264104591,45.35976006311549,11.021206027913774
968,0.18848834669738865,0.9820754264104591,45.35977159380843,11.021214627984168
969,0.18848834669738865,0.9820754264104591,45.35975881287056,11.021215120425722
970,0.18848834669738865,0.9820754264104591,45.35977581442688,11.02122704774349
971,0.18848834669738865,0.9820754264104591,45.35976284886412,11.021229918197314
972,0.18848834669738865,0.9820754264104591,45.3597643129435,11.021220593903223
973,0.18848834669738865,0.9820754264104591,45.35976448298404,11.021230804048278
974,0.18848834669738865,0.9820754264104591,45.35977623500937,11.021232859502684
975,0.18848834669738865,0.9820754264104591,45.35976212279681,11.021232406074992
976,0.18848834669738865,0.9820754264104591,45.359774957620346,11.021235707422123
