,Sin,Cosin,Lat,Lon
0,0.9485482048114722,-0.3166327575424461,45.35965595278967,11.020591947119476
1,0.9515105505250719,-0.30761611180085247,45.359693702674875,11.020584716648822
2,0.9602494926250719,-0.2791431745776565,45.35971462518489,11.020566770107129
3,0.9584731583769585,-0.2851827566156445,45.35975801893306,11.020563782064812
4,0.9534472909105418,-0.30155971789240793,45.359784760516355,11.020553887757426
5,0.9498682194236825,-0.3126505489022576,45.3598305368803,11.020544365559653
6,0.9541458498894595,-0.2993421071929593,45.35985177095171,11.020524088821546
7,0.9441162289461184,-0.3296127216000024,45.359881628453,11.020523738539962
8,0.9584567528496228,-0.2852378882914347,45.359919938381886,11.020499162141853
9,0.962366503885888,-0.271754875206413,45.35994646706362,11.020496011553963
10,0.9601006560255047,-0.279654662574032,45.3599830342683,11.020492615743233
11,0.9541355855369569,-0.29937482260879655,45.360008708818384,11.020479680744101
12,0.9454484046329317,-0.3257718744413708,45.3600453207874,11.020464387589186
13,0.9500615402335276,-0.3120626055282772,45.36007695891204,11.02045915306421
14,0.9549562341121514,-0.29674667804431765,45.360108743496525,11.020450691847591
15,0.9545700868774121,-0.29798649170532887,45.36014454636582,11.02043727929409
16,0.9539624444362113,-0.29992608190233905,45.36017920524257,11.020429887960596
17,0.9381011953801353,-0.3463612957972661,45.36019939123273,11.02042147394797
18,0.9532879525675176,-0.3020630389333165,45.3602366336081,11.02041639872319
19,0.9525692772725427,-0.30432182306969996,45.36027153078593,11.020398432948458
20,0.9527067419635514,-0.303891203915472,45.36030294889614,11.02038816794178
21,0.9477345120066321,-0.3190600174756325,45.36034115529902,11.02037918926905
22,0.9516958806828325,-0.30704226206066115,45.36036700977407,11.020366741515371
23,0.9465671153252805,-0.3225068932360626,45.36039207021471,11.020375440121548
24,0.9489469608014086,-0.3154356758291138,45.36043877908941,11.020353299186834
25,0.9525816465711012,-0.30428310274461456,45.36046601187189,11.020352566626476
26,0.9585129454873839,-0.28504900163498115,45.36049946557886,11.02032977111763
27,0.9511634048752373,-0.30868783135417804,45.360534478928805,11.0203295582338
28,0.951534020511802,-0.30754350555432874,45.360566907731226,11.02031916803653
29,0.9551084720906391,-0.2962563189886165,45.36059723045027,11.02030533077526
30,0.9512524016982987,-0.30841346965270255,45.36063611780803,11.020288372714468
31,0.9604678002516388,-0.2783911002165444,45.360663929711194,11.020280194879689
32,0.9554351584779879,-0.295201046651502,45.36068340603379,11.020266687092473
33,0.9460710509483011,-0.3239592050823327,45.36072883293078,11.020265240142209
34,0.9584105530222107,-0.28539308305503885,45.36075326890662,11.020261756061053
35,0.9408983075014303,-0.3386892010988006,45.36078269875767,11.020244920402433
36,0.9612848195714855,-0.27555670135457905,45.360816516458016,11.020230080997234
37,0.9429189085321645,-0.3330224195643763,45.36085066473167,11.020228065998005
38,0.9485881550066384,-0.31651305214967324,45.36088861195454,11.020214613385589
39,0.9534879068569969,-0.3014312715652821,45.3609154053099,11.020207770391664
40,0.9585825240669849,-0.28481493035543004,45.36094926430241,11.020192710944437
41,0.9545806184140249,-0.2979527528792073,45.36098939991578,11.020188235880802
42,0.9549840719767315,-0.2966570785785177,45.36102320764634,11.020167977960389
43,0.9489228124485174,-0.31550831370155036,45.3610572742658,11.020168053760656
44,0.9585133200742821,-0.28504774203662236,45.36107524424798,11.02015490166888
45,0.9544018029874617,-0.2985250382367991,45.361120818695554,11.02014540738092
46,0.9529682114610997,-0.30307026898828743,45.36115711983952,11.020137309505527
47,0.9485318386780662,-0.3166817819420736,45.361183719325,11.020122776646327
48,0.9558255705627676,-0.29393448021346474,45.361213579860014,11.020113834862851
49,0.9500674529911588,-0.3120446038099236,45.36124299532195,11.020105537101674
50,0.9575673066948075,-0.2882097381235624,45.36127852501953,11.020094442877735
51,0.9529743779521307,-0.3030508785117602,45.36131127203292,11.020078929957682
52,0.9549435919202119,-0.2967873586433958,45.36133673210554,11.020071500010957
53,0.9545441356110981,-0.2980696112831054,45.361379403744614,11.020065554535396
54,0.9560030894596119,-0.2933565968981731,45.36140275950662,11.020046546428055
55,0.9498051388954311,-0.31284212972013686,45.36143585824206,11.020045369098035
56,0.9469496394018779,-0.3213819852397663,45.36147004359856,11.020033409731624
57,0.9543544320199159,-0.29867644380490366,45.36150049215039,11.020020709369922
58,0.953678523797887,-0.3008276470783281,45.361537450348884,11.02001363345773
59,0.9582796512297456,-0.28583231104792417,45.36157610631907,11.02000541852564
60,0.9617405002508405,-0.2739620597405107,45.36160527508201,11.019989188727822
61,0.9546206320950762,-0.2978245268247684,45.361637759806065,11.01998742940347
62,0.9545862313793279,-0.29793476947313885,45.36167298260686,11.01997450742035
63,0.9521626580112731,-0.30559167640645496,45.361699988968866,11.019973244330934
64,0.958716253393575,-0.2843644588885652,45.36172712844628,11.01995656454585
65,0.9395957034775789,-0.34228630414679695,45.36176214383501,11.01995600277688
66,0.9526313669325231,-0.3041274054344207,45.36179925308946,11.019929980049602
67,0.9535047218538327,-0.3013780771762359,45.3618355457999,11.01993152580744
68,0.9572618595964508,-0.2892226342490244,45.36187126205453,11.019906466967235
69,0.9574455729797235,-0.28861388528885573,45.36189285610397,11.019903857572462
70,0.9529889901532093,-0.30300492511965277,45.36191963909842,11.019887799648146
71,0.9616713258947329,-0.2742047792287113,45.36196843613771,11.019883823115492
72,0.9538476831237557,-0.3002908546716721,45.36198427226741,11.019880086892211
73,0.9481938635383487,-0.3176922994789445,45.362020839298644,11.019865488143218
74,0.9619747278666559,-0.27313846844754985,45.36204825427724,11.019854246693109
75,0.9524566948728831,-0.3046739969078812,45.36209097882634,11.019847367346594
76,0.9488726576692648,-0.31565911918977774,45.36211903973964,11.019837725958329
77,0.9551443691096179,-0.2961405648643733,45.36215237865783,11.019825758647418
78,0.9519829138467256,-0.306151158325259,45.362186112394696,11.019806862209325
79,0.9549463724917716,-0.29677841172296626,45.36221858280041,11.01980434108544
80,0.12501905531919366,0.9921543407187696,45.362249694343646,11.01979578004123
81,0.12700024327375414,0.9919026858560306,45.36226354669808,11.01979820767041
82,0.12327212048194244,0.9923729058735358,45.36225017364676,11.019803260399957
83,0.1223312724306628,0.9924893247715539,45.36226122847518,11.019802447035612
84,0.1417879317847717,0.9898970564660736,45.36225077823843,11.019822776670543
85,0.1451921621118093,0.9894034748581076,45.36226267557906,11.019831990121405
86,0.13542791014047537,0.9907872027610083,45.36226386112606,11.019837327888569
87,0.10213994255001459,0.9947700398262302,45.36226251211615,11.019838666887024
88,0.11509325376545892,0.993354691405683,45.3622713595971,11.019849422291355
89,0.13206721679017736,0.9912407630083099,45.3622602297263,11.019853925458346
90,-0.9488611802062179,0.31569361839869886,45.3622740539208,11.01985778939976
91,-0.9591540074138909,0.28288441113266327,45.36223639839816,11.01987441924292
92,-0.9539302076054073,0.30002859700019363,45.362219643267544,11.019867932397114
93,-0.9502103584309919,0.3116091698433247,45.3621740714438,11.019886800383308
94,-0.9622386378693684,0.2722072809299974,45.36213788603683,11.01990439448359
95,-0.961590854854053,0.2744868446047124,45.362117285051575,11.019905858830588
96,-0.9489398160324516,0.31545716911856175,45.36208021059248,11.019918396624313
97,-0.9569920270142881,0.29011421928455017,45.36205422665233,11.019928163640458
98,-0.9541649529928513,0.2992812097010935,45.36201195297041,11.019945724457793
99,-0.9546530802193236,0.297720500516437,45.36198194102981,11.019944793273607
100,-0.9533987101064886,0.30171327376713764,45.36194349029468,11.019957761781306
101,-0.9544308967507545,0.2984320078804391,45.36191200912938,11.019969748591578
102,-0.9597833008985062,0.28074190160424517,45.36189129376143,11.019976578751939
103,-0.9575946679588535,0.28811881558963326,45.361848196046154,11.019991122823754
104,-0.9556183032901674,0.29460763468861695,45.36182075754849,11.020003832742878
105,-0.9554397748621277,0.29518610504460846,45.36178580022234,11.02001599073422
106,-0.9536255062929442,0.30099567064581834,45.36174026849534,11.020014541253458
107,-0.9580634821111919,0.2865560403219203,45.36172391040428,11.020032335603853
108,-0.9446606963780659,0.3280490340155073,45.36168994963315,11.020045788796542
109,-0.9610132696854321,0.27650225223045655,45.36165732696854,11.02005534157065
110,-0.957478171896518,0.28850571977293954,45.36162655329348,11.020069254380386
111,-0.9533100189242028,0.301993390356041,45.36159351912175,11.020077770048884
112,-0.9643444069506282,0.26465045774198326,45.361560223013946,11.02008624023925
113,-0.9617245631530337,0.2740180005549026,45.36152968422159,11.020093686089638
114,-0.9596416938243175,0.28122556689247646,45.36149799908583,11.0201044989039
115,-0.95571116584652,0.29430624776970926,45.36146556626255,11.020119407868055
116,-0.9650888261146214,0.26192280868359274,45.36143554424932,11.020126131773475
117,-0.9610685120018684,0.2763101793972032,45.36140788895232,11.02014253542765
118,-0.9648018588602193,0.2629778947741909,45.361374789848895,11.020159201389237
119,-0.9628260016164737,0.27012236229389475,45.36133731428835,11.02017112387889
120,-0.9614529561249938,0.27496947677607914,45.36129693248945,11.020183032025736
121,-0.9619456327280764,0.2732409187427476,45.36127579578766,11.020206488294443
122,-0.9631733201486607,0.2688813034664282,45.361246528014064,11.020201261833645
123,-0.9652283102070355,0.26140831887082505,45.36121445975364,11.020222305923177
124,-0.9665004927797782,0.2566647569426817,45.361181682925206,11.020227291702293
125,-0.9612463805606434,0.2756907612871035,45.36114776102861,11.020245165343841
126,-0.9650419853459795,0.2620953386069472,45.36111761013119,11.020262674910926
127,-0.9579333694377844,0.28699069622127676,45.361083916784736,11.020268155826473
128,-0.963281388520457,0.26849388546129005,45.36105677190065,11.020282872085488
129,-0.9707999261557211,0.23989060710258447,45.36102477689514,11.020290431053965
130,-0.9692095104662695,0.24623753739374157,45.36098455600344,11.020303475692012
131,-0.9597664119093402,0.2807996342067966,45.3609584544295,11.02031154303678
132,-0.9629532407537694,0.2696684188439815,45.360935176835184,11.020328291033252
133,-0.9642794685519257,0.26488696934582434,45.36089749380723,11.020333544274234
134,-0.9614108923060768,0.27511651378140345,45.360868922146366,11.02034164608318
135,-0.9640737736086109,0.26563463448890273,45.36083257468195,11.020351181038924
136,-0.9594369362079533,0.2819233325567356,45.360792071052884,11.020363838247652
137,-0.9632324089683894,0.2686695485404953,45.36076276072238,11.02037953169088
138,-0.9639142128257793,0.26621305436146137,45.360732370568655,11.020391354584971
139,-0.9539454025594454,0.2999802809114253,45.36069713687076,11.020390796645806
140,-0.9600548550569067,0.27981185693544486,45.36067240282569,11.020392072030088
141,-0.9607325328663553,0.2774761256256067,45.360620719896424,11.02040873908198
142,-0.9570975126011564,0.28976602867258133,45.36059693135262,11.020412958436324
143,-0.9506890606833303,0.31014562691910913,45.3605655174207,11.0204198282861
144,-0.9627597915986549,0.2703582506248229,45.36053512335277,11.020420552695501
145,-0.9549148724801902,0.29687975059970323,45.36050439649713,11.020444439906958
146,-0.9633345095149932,0.26830322915967186,45.3604713099599,11.020444367103284
147,-0.9595488839552506,0.2815420737655974,45.360435801989325,11.02045796628984
148,-0.9545995763023437,0.29789200882767214,45.360391293591725,11.020462417329638
149,-0.9581231280239217,0.28635654618963324,45.36036595647016,11.02047195358502
150,-0.9507292572977067,0.31002238518879716,45.36033911413457,11.020473997969695
151,-0.9588968554129316,0.2837548601860266,45.36029504136509,11.020489892381448
152,-0.9608344507399643,0.2771230020608739,45.3602621183705,11.020482419478766
153,-0.963511814455471,0.26766580544538393,45.36023184281149,11.020506328522584
154,-0.9535729658061752,0.3011620807532299,45.36019791904363,11.02051435160743
155,-0.9542835843809617,0.29890272762392756,45.36017128112411,11.020520145469325
156,-0.95728434926704,0.28914818804270565,45.36014091683185,11.020525829533446
157,-0.9543766805624241,0.29860534422318813,45.360099789158305,11.020526141082135
158,-0.9504783610517388,0.3107907417739474,45.360072717949514,11.020533500886758
159,-0.9525623848916451,0.304343396329773,45.36003349545735,11.020550311417525
160,-0.9548766775322903,0.2970025769330872,45.359997477603166,11.020556001099166
161,-0.9587053605426554,0.2844011808463126,45.35997241395057,11.0205695203038
162,-0.9575016593436882,0.28842775933339615,45.35993983754415,11.020578745287922
163,-0.944834358141224,0.3275485241546073,45.3599008158187,11.020590167852605
164,-0.9639226945602276,0.26618234147243897,45.35986573446082,11.020591448632349
165,-0.942171911035401,0.3351299599497193,45.359847492967106,11.020600937659948
166,-0.9592367088973045,0.2826038504760115,45.35980772493051,11.020610286767331
167,-0.9477865652996635,0.3189053568654288,45.35977079884713,11.020619672999683
168,-0.9583968191736981,0.2854392001770915,45.359746012187365,11.020623719340362
169,-0.9472697487349292,0.32043723742983443,45.35970787660336,11.020638563626688
170,0.12986294101882606,0.9915319543766308,45.35967640569103,11.02065112572591
171,0.14521338709084985,0.9894003599198875,45.35967044832682,11.020664091525791
172,0.13287446326982674,0.9911328755574378,45.359685986148776,11.020670981086214
173,0.11555067318369545,0.9933015865923073,45.3596828796627,11.020663225672068
174,0.1313186554152822,0.9913402093831978,45.359672199859446,11.020692044041969
175,0.12763966334247226,0.991820606935458,45.35968876808264,11.020695341017001
176,0.1378024194021203,0.9904597383068744,45.35967885381444,11.02070976298753
177,0.11842962574379994,0.9929624483061701,45.359694470267186,11.020709919147153
178,0.13373406327177895,0.9910172553093209,45.359692040215755,11.020723489045713
179,0.12443311113247317,0.9922279984226879,45.35968670635337,11.020729883076436
