,Sin,Cosin,Lat,Lon
0,0.9606330635796013,-0.27782029651857615,45.3596683832654,11.02060060257426
1,0.9596659824462428,-0.2811426722066354,45.35970950582812,11.020583228382481
2,0.9482671302907683,-0.3174735415906514,45.35973602942999,11.020568515101466
3,0.9635404479301057,-0.2675627126537835,45.359772578780614,11.020564242048675
4,0.9517409412832173,-0.3069025589423058,45.35980146245346,11.020558330893373
5,0.9463477173770902,-0.32315011653281356,45.359849250437364,11.020550114177235
6,0.9568326258186912,-0.29063951240137414,45.3598715127711,11.020530806600647
7,0.954174854853471,-0.29924963887256006,45.359909098018726,11.020526854031557
8,0.9571190497746483,-0.28969488182995956,45.35994345233233,11.020516266589656
9,0.9567455019379233,-0.29092618397378944,45.35997684271373,11.020496797023643
10,0.9533531403104221,-0.30185723423541927,45.36001815073491,11.020491808931867
11,0.9479734491789739,-0.3183493986985359,45.36005731019104,11.02047751065227
12,0.949442050114578,-0.31394234100265467,45.36008263309294,11.020467965238833
13,0.9448350472426275,-0.32754653639142933,45.36012433442162,11.020458681299504
14,0.9529056165344344,-0.30326702091907287,45.36015177066182,11.02045331269759
15,0.9510156303547933,-0.3091428000469609,45.3601917656059,11.020431086490744
16,0.9483995626771368,-0.31707770264371427,45.36021867476287,11.020434773868754
17,0.952891775303268,-0.303310508488226,45.36025453468245,11.020418679223098
18,0.9503605833485675,-0.3111507056353405,45.36029230076132,11.020408093109737
19,0.9527123462757068,-0.30387363369308257,45.36032309343561,11.02040466715809
20,0.9471446229220507,-0.32080689404974816,45.36035433430976,11.020385551825417
21,0.962511774841121,-0.2712398998897381,45.360398842338256,11.020376248521261
22,0.9613262908914387,-0.27541198674151596,45.36043507206015,11.020368275269309
23,0.9616513289811217,-0.27427490127396353,45.36045897694777,11.020358577448665
24,0.9559512369864424,-0.29352552274732546,45.36049197017224,11.020344376601281
25,0.9493054249475272,-0.31435522926332043,45.360547218437254,11.020339268187753
26,0.9580917660109985,-0.2864614597147859,45.36055718819743,11.020315683505057
27,0.9510651086476481,-0.3089905485820516,45.36059384236342,11.020304818599366
28,0.956276620350062,-0.29246371633394713,45.36063586839986,11.020299869301159
29,0.9455805786716082,-0.32538802872734357,45.36066830091215,11.02028353432052
30,0.9604505372499318,-0.27845065181521383,45.360710200504734,11.020282456146994
31,0.9604514287739463,-0.2784475766927863,45.360744518499594,11.020260062370104
32,0.9514808445616585,-0.307707982399276,45.36076822767042,11.020255641480109
33,0.9513623933664196,-0.3080740113805739,45.3608006114688,11.020245059099492
34,0.9662206182477471,-0.25771634964227913,45.36083189130066,11.02023541239201
35,0.956297737135404,-0.29239466128796826,45.3608782351371,11.020222484771953
36,0.9518677152958696,-0.3065091394680123,45.36090728682702,11.020211225362958
37,0.9532499817608315,-0.3021828457622544,45.360945443565754,11.020200549959554
38,0.9502979608076116,-0.3113419112244528,45.36097635149134,11.02019319656719
39,0.9475738972626889,-0.31953671029538866,45.361009884399685,11.020187802601676
40,0.9404621742784373,-0.3398983653262757,45.36104608998211,11.020175649486651
41,0.9610794893323961,-0.2762719949335815,45.36108196682809,11.020156903693728
42,0.9557001352559246,-0.2943420654133682,45.36110957370982,11.02015016909594
43,0.9595522041917974,-0.2815307575215593,45.3611434772163,11.020143577043056
44,0.9512966919053708,-0.3082768300892851,45.3611891042282,11.020125771703889
45,0.9502114510822934,-0.3116058379300398,45.36121893912721,11.020120924055592
46,0.957458417859282,-0.28857127034824626,45.36125130853158,11.020110609907979
47,0.9556947651370241,-0.2943595011031381,45.361274106968565,11.020092914056088
48,0.9502769149248728,-0.31140614149509993,45.36132706859138,11.020081610967193
49,0.9514818817086744,-0.3077047753612546,45.3613662378708,11.020074186282326
50,0.9451294565833642,-0.32669605185620876,45.36140088042367,11.020063449667612
51,0.9570349919807527,-0.28997245407866024,45.36142870276091,11.02005784422925
52,0.9446018016669062,-0.32821858004633847,45.361467897446,11.020043910065807
53,0.9438788617604563,-0.33029183205429913,45.361497328310946,11.020031837734054
54,0.9546487540277263,-0.29773437227386024,45.36153397116159,11.02001573405934
55,0.9592448202986861,-0.2825763166476297,45.36156845961484,11.020009100700339
56,0.9615740368084928,-0.2745457552682598,45.36159951141294,11.019997284649454
57,0.949344573133539,-0.3142369829633339,45.36162818142261,11.019979068182261
58,0.9596986245732956,-0.28103122600900543,45.36166453663154,11.019977009852797
59,0.9608065983611547,-0.27721955296419243,45.36170345151071,11.019965816292068
60,0.9550096702102238,-0.29657466143445166,45.361732301103835,11.01995329672616
61,0.9470374214331926,-0.3211232199719751,45.36176627179011,11.019941762571941
62,0.9576987994109997,-0.28777249626524376,45.36180374749859,11.019930108738711
63,0.9608666595608578,-0.27701130400104373,45.36184540493754,11.019920313120238
64,0.9492260611072144,-0.31459479479941005,45.36186918531399,11.019910431036005
65,0.951197298812789,-0.30858337403569497,45.36190361226052,11.019896630023286
66,0.955966515396452,-0.2934757595454266,45.361959548640414,11.019895774128841
67,0.956024948613985,-0.29328535188042926,45.36197539338856,11.019881366676731
68,0.958750845093392,-0.28424780919596665,45.362012056261655,11.019873631022982
69,0.953231139256297,-0.30224227889582567,45.36204911618152,11.019861903564417
70,0.9512340234189316,-0.30847014878304124,45.36208097976131,11.019846316829002
71,0.952351224843986,-0.3050035156160656,45.36211044859397,11.019840051245342
72,0.9511788345032669,-0.3086402838143571,45.36214559387023,11.019828237779997
73,0.9475895590138125,-0.31949026221155546,45.36218511554173,11.019813814231133
74,0.9512045332435106,-0.3085610732691264,45.3622253090313,11.019802369391469
75,0.12885171167824544,0.9916638726895249,45.3622549894352,11.019794482653097
76,0.1362100481822472,0.9906799800007012,45.362261067464715,11.019798750714259
77,0.11072821151745005,0.9938507247942957,45.362247929091346,11.019802746577136
78,0.12738141373389397,0.9918538074913835,45.362263856241064,11.019801043980593
79,0.13776146869624556,0.9904654349055566,45.36226547173539,11.019814785137045
80,0.14482928374452492,0.9894566582574741,45.362259840470145,11.019818199674981
81,0.13206554400701018,0.9912409858788792,45.362271939270244,11.019820668724659
82,0.11816119372361475,0.9929944271232394,45.362263997809634,11.019816583829213
83,0.1409335624194245,0.9900190558690122,45.362254697085426,11.019831550834958
84,0.12382779826090881,0.9923037218401711,45.36226144958126,11.01983087242297
85,0.11941602802049293,0.9928443041342428,45.36226434364604,11.0198303220739
86,0.12832040503592165,0.9917327632237513,45.36226679534909,11.019833410414549
87,0.15031064875333616,0.9886388161868576,45.36225459955932,11.019835501211327
88,0.10198766966456152,0.9947856629628276,45.362271473469995,11.019852163594708
89,-0.9584858930779346,0.28513995295397315,45.362265860446136,11.01985088898707
90,-0.9547602808097073,0.29737653940445413,45.36222910690876,11.019869283611726
91,-0.9426599862111841,0.33375462602985784,45.362196251689895,11.019870273707639
92,-0.95243045434402,0.3047560165739861,45.36215668446175,11.019870390741115
93,-0.9618914022119126,0.27343176543847375,45.362128910202685,11.01989305543052
94,-0.9565286399164734,0.29163840799788643,45.36209559932249,11.019906438787192
95,-0.9468697175960863,0.32161737810558044,45.362047737441316,11.019917203394629
96,-0.9481569132500083,0.3178025611228082,45.362027495181756,11.019925721761357
97,-0.954556565031204,0.2980298041401711,45.36199339268043,11.019942480456907
98,-0.9448506361566259,0.3275015654228533,45.361961454037065,11.019946720578751
99,-0.95221077077914,0.30544172604966097,45.361913438140995,11.019961227419106
100,-0.9606342876781296,0.27781606385724417,45.3618785707327,11.01996435643724
101,-0.9441259676379323,0.32958482554835256,45.36185766385222,11.019979184733076
102,-0.9637223733365455,0.26690670117210596,45.36181965768236,11.019990248716168
103,-0.9561645296747661,0.2928299714712164,45.36178534554941,11.020004971198928
104,-0.9537130582686626,0.30071814459362867,45.361740679421786,11.02001091948923
105,-0.9505209186844013,0.31066055936240405,45.3617163699457,11.020016041611449
106,-0.9553695746823735,0.2954132288358473,45.361679531684715,11.020037647353014
107,-0.9436284201257903,0.33100665360518805,45.361641367684044,11.020051482494837
108,-0.9564458489261474,0.2919098115376413,45.36160471795093,11.020057429976534
109,-0.9499420516941478,0.31242614875056973,45.36158197901934,11.020056545823905
110,-0.955430462637764,0.29521624457977963,45.36155127905345,11.020074323972747
111,-0.9563030508768683,0.29237728175012834,45.3615074054565,11.020089526435369
112,-0.9492679612643828,0.3144683413588119,45.36147610076989,11.02010217039743
113,-0.9506645797201637,0.3102206583473842,45.36144659956428,11.020119594066848
114,-0.9468128880839412,0.32178464064983964,45.361406851942576,11.02012395300464
115,-0.9590880310672149,0.28310801589431056,45.36136519274583,11.020135763968302
116,-0.9531472234104496,0.30250681067531454,45.361340879795144,11.020141938418233
117,-0.9580141840106886,0.2867208106056037,45.361293410904835,11.020160923328957
118,-0.9522202562070683,0.30541215376756903,45.36126600695452,11.02016893517685
119,-0.959683405092764,0.28108319407171595,45.361232553889835,11.020173111068608
120,-0.9553217660907024,0.29556779803175665,45.361198833763375,11.020182576093603
121,-0.9513771431008233,0.30802845905097054,45.36116347808494,11.020200533170032
122,-0.9592775664715513,0.2824651314134517,45.36112999061122,11.0202164795553
123,-0.9455855179973547,0.3253736746475879,45.36109127426432,11.020222313629061
124,-0.9460258862344118,0.32409107142035837,45.361061795156694,11.020217415275912
125,-0.9504007120971371,0.31102811198548413,45.36102091119132,11.020239462902008
126,-0.9552934330509926,0.295659359347288,45.36098623754982,11.020253918396962
127,-0.9521843627976005,0.30552404036953856,45.36095246521757,11.020250862531386
128,-0.9573539161249028,0.28891777252414313,45.36092044294353,11.020274031806068
129,-0.9561974622708196,0.29272241654312126,45.36089225554176,11.020299449412342
130,-0.9590990997883262,0.2830705155702767,45.36084785866833,11.020299591548987
131,-0.9494027687216056,0.3140611130715636,45.360811423374265,11.02031209047303
132,-0.9533680412863017,0.30181016857276466,45.36078922319807,11.020317861668067
133,-0.9500625555304573,0.3120595144823129,45.36075460833309,11.020325165906515
134,-0.9549911817331621,0.296634190227456,45.36071044989141,11.020345327141586
135,-0.9450790529665484,0.32684183276296214,45.360675922114424,11.020349785424923
136,-0.9536834193895202,0.30081212671950686,45.36064331710679,11.020364724879322
137,-0.9498086365309023,0.3128315105153386,45.36061055756987,11.020364567113127
138,-0.9592921010886059,0.2824157658294028,45.36058002684471,11.020381958606505
139,-0.9538095594236333,0.3004119244505693,45.36053619170893,11.02039386013626
140,-0.9650686064726088,0.2619972992246617,45.360512259853614,11.020405782748936
141,-0.9581559664079001,0.28624664895321134,45.36047065904147,11.020419593787699
142,-0.9624694867708544,0.2713899169738039,45.36043262829621,11.020420237989187
143,-0.95734058305898,0.2889619491010752,45.3604027635093,11.02043658318361
144,-0.9560837735320644,0.29309353112733183,45.360373077512655,11.02044869062798
145,-0.9585708867825412,0.28485409425341335,45.360331795336414,11.020460636395464
146,-0.9577949526752023,0.2874523067047941,45.36030217748972,11.020464173875862
147,-0.9565812276143286,0.2914658727464745,45.36026649875894,11.020472410724045
148,-0.947279946620219,0.3204070890776218,45.360229986764494,11.020487770651282
149,-0.9526560814706009,0.3040499801629327,45.360197779604825,11.02050070649215
150,-0.9569596464462975,0.29022101073729534,45.36016647596791,11.020518670458499
151,-0.9562678733923974,0.29249231497183276,45.36012903940383,11.020534317558642
152,-0.9518049576042511,0.30670396586932125,45.360099038392356,11.020533703972418
153,-0.958383689564329,0.285483280731226,45.360064114909996,11.020552349942026
154,-0.9566990769147523,0.2910788144651905,45.36003148203146,11.020552635752319
155,-0.9502993210456121,0.31133775938721076,45.35999370167239,11.020567354293034
156,-0.9601939457855881,0.2793341842251014,45.359963354293434,11.02057364430315
157,-0.9502182601203633,0.31158507366982385,45.35992241249515,11.020584216179119
158,-0.9545805799640517,0.2979528760651501,45.35988929351677,11.020606391882549
159,-0.9495157835194772,0.3137192643867975,45.35985479551649,11.020601781078053
160,-0.9548736748795521,0.2970122304249766,45.359815702471316,11.020619879155381
161,-0.9513690728045753,0.3080533838654637,45.35977503974293,11.02062700046251
162,-0.9623193721398371,0.27192172771661666,45.35974872629717,11.020644875013588
163,-0.9544838924919885,0.29826246658495614,45.3597168242044,11.020651626435658
164,0.12085131686530193,0.9926706196981566,45.359680963029355,11.0206643617745
165,0.15020917066347708,0.9886542393822981,45.35967819511833,11.020671313322623
166,0.10344355196505327,0.9946353259144043,45.35967638741321,11.02067572578934
167,0.13874353249174734,0.9903283456468928,45.3596880342426,11.020678299073337
168,0.15918580510340444,0.9872486411505366,45.35968511341229,11.020682096287754
169,0.12098069859023464,0.9926548597416016,45.35969003508857,11.020693206868383
170,0.13516640849573203,0.9908229115307967,45.359692252346434,11.02069691903238
171,0.13816459766125203,0.9904092810313847,45.35969773276677,11.020694755684598
172,0.12669871013016615,0.991941246673084,45.359692058735625,11.020699726947718
173,0.11896593816446255,0.9928983359622723,45.35968084388861,11.02070200997007
174,0.14726400495319936,0.9890972211290172,45.3596989387088,11.020713010935985
175,0.13537183071660588,0.9907948664826814,45.3596941138886,11.020710482903773
176,0.1277733355152117,0.9918033952005393,45.35969219436902,11.020726907597325
177,0.13741352395015538,0.9905137674134571,45.35970072956882,11.020723926894403
178,0.9537224096680091,-0.30068848547466215,45.359700076723534,11.020732182176125
179,0.9543458398925205,-0.29870389665995245,45.35973162894966,11.020718799780074
180,0.956126086258388,-0.29295546961307556,45.35977101802508,11.0207139644444
181,0.9428057038044846,-0.3333427738435775,45.35979749499205,11.02070326258509
182,0.9560012875705947,-0.2933624689072635,45.35983380395409,11.020692564779994
183,0.9556859602756697,-0.294388086260248,45.3598724977687,11.020663031958016
184,0.9564766633272621,-0.2918088287052798,45.35990797183194,11.020671716131325
185,0.9627875446994212,-0.27025940089414124,45.35994323808288,11.020650818344567
186,0.9555980851330611,-0.29467320830035937,45.35997512595414,11.020655381609476
187,0.9511834401509305,-0.3086260896013836,45.36000750002269,11.020632960536316
188,0.9431368949658648,-0.332404568792529,45.36004051208511,11.02062321806989
189,0.9549106945841336,-0.29689318848509727,45.36007866691126,11.020621775446333
190,0.957420511273626,-0.28869701174856066,45.36010793153656,11.020603668469212
191,0.9578366442613236,-0.28731335317072626,45.36014704170229,11.020590879378172
192,0.9536089554845023,-0.3010481025015046,45.360171805962,11.020575786645411
193,0.959836404785,-0.2805602895090564,45.36020817007108,11.020560291726213
194,0.9544418854067996,-0.2983968622172721,45.36024612735869,11.020549718562876
195,0.9506835700669003,-0.3101624567945855,45.360283523783615,11.020544608512516
196,0.9547805608598433,-0.29731142023838075,45.36031528360061,11.020543749801421
197,0.9528296732430941,-0.3035055416091418,45.36035213434791,11.020519968730238
198,0.9586363748905199,-0.2846336254499151,45.36038201293823,11.020511827438925
199,0.953843942522998,-0.3003027361050574,45.36042611827246,11.020502692036327
200,0.943761446372688,-0.33062718028095006,45.360445883589904,11.020506099918736
201,0.9631999656978965,-0.2687858368284518,45.360489861513486,11.020478793090463
202,0.9651103610031321,-0.26184344766368317,45.360528504426576,11.020479703568402
203,0.9575528758288042,-0.28825767984910067,45.360562288038906,11.020460128799346
204,0.9577915265907129,-0.28746372221731187,45.36059561946598,11.020439953199295
205,0.9610939849385798,-0.2762215634502148,45.36062354545313,11.020439161219773
206,0.9554437813931319,-0.2951731366455851,45.36065253215071,11.020426969225452
207,0.9459962834874048,-0.32417746934051056,45.36069358071146,11.020414632896859
208,0.9573851105114105,-0.28881438705690266,45.36073544915417,11.020406971874463
209,0.9490206774944571,-0.3152138221714931,45.36075936756314,11.020395925787932
210,0.9525132989625911,-0.3044969873404359,45.3607892299498,11.02038449501079
211,0.9482922366085446,-0.31739854125052974,45.36083156505345,11.020372874665526
212,0.9614459448438436,-0.2749939911040401,45.360868820429374,11.020365315966641
213,0.9557941511382831,-0.2940366314761629,45.36089458024986,11.020351674323955
214,0.952681491393237,-0.30397035374647585,45.36093003117738,11.020338273987
215,0.9483401936549781,-0.317255223910401,45.36095524950754,11.020337005651623
216,0.9532055842851148,-0.30232286398430563,45.36100666961981,11.020324948677818
217,0.9529339226883816,-0.3031780648228588,45.361032829411535,11.020309839805869
218,0.9477692620892568,-0.31895677738337164,45.36106019426073,11.020294301571282
219,0.9560849859370396,-0.2930895761806804,45.36110838020324,11.020283132577154
220,0.9657792340181394,-0.25936551648076894,45.361139431671816,11.020270065827006
221,0.9522043439846083,-0.3054617607767653,45.36117845349612,11.020264471066616
222,0.950508333250302,-0.31069906408248604,45.36120425862375,11.020245326253884
223,0.9605399289535556,-0.2781421307279759,45.36124157906307,11.020245973713726
224,0.949830811964354,-0.31276417416823155,45.361278532507086,11.02023412686331
225,0.9557822783014113,-0.2940752224941155,45.36130911851823,11.0202200268536
226,0.9526226743895808,-0.3041546321180113,45.361355974432875,11.02020481342404
227,0.9590708661783959,-0.2831661590794731,45.361362849983635,11.020201153064
228,0.961634495512467,-0.27433391522100026,45.3614143042446,11.020192351877812
229,0.9523279802047376,-0.3050760857870784,45.36143048521363,11.020181515947876
230,0.9597868947657724,-0.2807296148180239,45.36147963258638,11.02016808877213
231,0.9538029869597286,-0.30043279126403566,45.36151047990089,11.020158231496994
232,0.9556694073005223,-0.29444181759707383,45.36154991720834,11.020143053705029
233,0.9669433943077557,-0.25499112181524297,45.36159012919444,11.020133439618599
234,0.9525029037158733,-0.3045295033536648,45.36161698619129,11.020124127870465
235,0.9643081127446015,-0.2647826725730839,45.36165660657121,11.020113643679718
236,0.9608903678769689,-0.2769290539493163,45.36168619854816,11.020101465795632
237,0.9580481405957013,-0.2866073277170691,45.36172451996555,11.020093736218952
238,0.9428254660238377,-0.3332868743544117,45.36176159207318,11.020075750049498
239,0.948287721918496,-0.31741202948002667,45.36179024561168,11.020070574552543
240,0.9574056238468924,-0.2887463790705309,45.36182200722311,11.020059176956684
241,0.9511298089981925,-0.30879133154132066,45.36185759776615,11.020044749372293
242,0.9582951264570166,-0.2857804237674975,45.36188905045109,11.020036603045149
243,0.9538003630312566,-0.30044112148879226,45.36192334837259,11.020030005555652
244,0.95740659482234,-0.2887431595565366,45.36196469235387,11.020028412369644
245,0.9539075958598806,-0.3001004807740613,45.36199203108523,11.020011769479371
246,0.9577143068979108,-0.28772088273716645,45.36201942136463,11.019997383133788
247,0.9494090213467942,-0.31404221083370715,45.36206280586403,11.019981554713777
248,0.954285363159954,-0.2988970485947874,45.36209806484164,11.019977729660638
249,0.9435663851874144,-0.3311834487777974,45.36212465158705,11.01996287486756
250,0.9564259865472509,-0.2919748829216613,45.362171672610046,11.019935205762208
251,0.9441974482898435,-0.32937999126077516,45.36219755690766,11.019947698722348
252,0.9580225133199254,-0.28669297858889636,45.362239264837754,11.019926375910364
253,0.11142274915315623,0.9937730983333937,45.362269207774474,11.019918527057396
254,0.17791655142923596,0.9840455785823785,45.362275808504876,11.019924363508999
255,0.1287320543946612,0.9916794130016666,45.3622733930066,11.019922678698588
256,0.13165249987272423,0.9912959292145118,45.36227757453571,11.019931461908483
257,0.13586971176490523,0.990726713793931,45.36226907767588,11.01994134318995
258,0.10475893936676116,0.9944976443525401,45.36227185212058,11.019934776558143
259,0.14641679391152124,0.9892229892499825,45.36227820533083,11.01994041903784
260,0.1505960029481924,0.9885953893762747,45.36227981186813,11.019951432748647
261,0.12966914441681743,0.9915573170453691,45.36228178937787,11.019950895908787
262,0.14428457189338478,0.9895362359780174,45.36228560086509,11.019955701820283
263,0.14066109868667648,0.9900578040277532,45.362286371498,11.019972314378789
264,0.14502797525837313,0.9894275548985164,45.36229240638674,11.019978887746383
265,0.12225584138122678,0.9924986192676383,45.36228663857523,11.01997547931086
266,0.14541105813487665,0.9893713277491396,45.36228431301707,11.019976023341485
267,-0.9551733520760548,0.29604706970985717,45.362289312886304,11.01999014776451
268,-0.9519066194510405,0.3063882958686443,45.3622556094081,11.019999823881745
269,-0.9494672812755974,0.3138660252195601,45.36222854683874,11.020011144614571
270,-0.9505619216981689,0.31053507534171443,45.362186358395974,11.020018353960147
271,-0.9598909912679829,0.2803734739282038,45.36215181222084,11.020029270432328
272,-0.9541193455720851,0.2994265759833219,45.362126666140455,11.020047415091812
273,-0.9502221441958012,0.3115732284390526,45.362080185002846,11.020048204880913
274,-0.9486674182192254,0.31627540152416106,45.36205341941798,11.0200653905572
275,-0.9541562796911598,0.2993088604200105,45.362013997947706,11.020087163251114
276,-0.9565428615095656,0.2915917593058692,45.36197782078412,11.020080878694648
277,-0.9620371468199623,0.2729185375501383,45.361953083826656,11.020094777043035
278,-0.9571809185853202,0.2894903955162635,45.3619071756878,11.020099893642323
279,-0.9454126999766447,0.3258754773266484,45.36187344154998,11.02012783065572
280,-0.9465294569869477,0.32261740042346426,45.36183188812928,11.020129500343533
281,-0.9519044309495868,0.30639509516071456,45.36181720229348,11.02014595806849
282,-0.9555311597247911,0.2948901537776326,45.36177338061994,11.020150745299803
283,-0.9552177657012347,0.2959037344961045,45.361741162534706,11.020169913169696
284,-0.9550358084297836,0.2964904798081544,45.36169571525207,11.020176443908886
285,-0.9426967827875926,0.33365067918696406,45.36166684929232,11.020184892486839
286,-0.9524550892507886,0.30467901627823396,45.361634187950976,11.020197032727307
287,-0.9493855728509654,0.31411309119876607,45.361595067927745,11.020205242442582
288,-0.9526882695452665,0.30394910934372815,45.36157010675747,11.020214204008713
289,-0.9563503586362232,0.2922225034735815,45.36152259835157,11.020227236132348
290,-0.9464975796149859,0.32271091054219625,45.36149330520587,11.020240146614983
291,-0.9551988152617698,0.29596490218015964,45.36146133670507,11.020247699583264
292,-0.9630966178828648,0.26915591136474604,45.36141920411087,11.0202539619239
293,-0.9539511990033397,0.29996184744078813,45.36139102174279,11.02027686121079
294,-0.953490265314319,0.30142381118755274,45.36136441722867,11.020286653483744
295,-0.9497641990300582,0.312966397942003,45.36132841727056,11.020281437927805
296,-0.9529379202825108,0.30316549950092136,45.36128124785726,11.020302323887526
297,-0.9496978195179839,0.31316776909954636,45.36125632079743,11.020308482698734
298,-0.9587488998323279,0.28425437036271023,45.36122265634283,11.020326386548753
299,-0.9510635091452849,0.30899547176658837,45.361194258141204,11.020338129216896
300,-0.9597685398590082,0.28079236082362957,45.36114375026801,11.020356456318206
301,-0.9531962227430916,0.30235237877070287,45.361112909111405,11.020358563416213
302,-0.9536353902539477,0.3009643541271969,45.361079449435,11.020360511302663
303,-0.9573117951257567,0.2890573073165617,45.36104599563783,11.02037583389287
304,-0.9490339630957869,0.31517382012264994,45.36101034629741,11.020386408705235
305,-0.9486560503415224,0.3163094974078755,45.36097595841919,11.020409585635894
306,-0.9490322590100445,0.31517895132494445,45.360941865749716,11.020406967078106
307,-0.9555322362240251,0.2948866655797003,45.36090530832124,11.02041504294803
308,-0.9508971517300251,0.3095070384203333,45.360872579385706,11.020434104640449
309,-0.9539510127917338,0.29996243963807423,45.36083641713866,11.020440384624946
310,-0.9537519743674508,0.30059469621100987,45.36080007860257,11.020442682623226
311,-0.9562682489982682,0.292491086971528,45.3607682003182,11.020444936590069
312,-0.9657818900146806,0.2593556263505216,45.36074032366618,11.02047461601759
313,-0.9508806443811643,0.3095577492831698,45.36069459753374,11.020491280267777
314,-0.9633079548122597,0.268398554756581,45.36065249486038,11.020495447087361
315,-0.9628241604536738,0.2701289248612193,45.3606359591371,11.020498004034538
316,-0.9500329546907198,0.31214961957628706,45.36060321038034,11.020516023174283
317,-0.9542912232270684,0.29887833857907053,45.36055974022362,11.020520877961962
318,-0.9508639663285822,0.30960897522177394,45.360529569300276,11.020541812355367
319,-0.956818530421781,0.29068591269874666,45.360495429405276,11.020548100950336
320,-0.9567071311280827,0.2910523410809018,45.36045538069186,11.020551258212473
321,-0.94306308010062,0.3326139307833205,45.360423604386284,11.020564337887254
322,-0.9597741493346982,0.28077318652046623,45.36039191901942,11.020584639026858
323,-0.9476204106477689,0.3193987434598855,45.36035610946569,11.0205953161717
324,-0.9491506129982855,0.314822352835657,45.360329987061874,11.020596500925782
325,-0.9578035291258805,0.2874237283071954,45.360287034493275,11.020613030738986
326,-0.9456577430920489,0.3251637017412193,45.36024171507596,11.02062258759789
327,-0.9563940722630914,0.2920794045118908,45.36021770833383,11.020634664189522
328,-0.9487655741193359,0.3159808306938996,45.36018729434454,11.020653659784845
329,-0.9567562338288794,0.29089088852966605,45.360135825025914,11.020650372654165
330,-0.9559643423141783,0.29348283803967246,45.36011073871588,11.020673237854334
331,-0.9535007843174689,0.30139053453280795,45.36007526931293,11.020680649846694
332,-0.951258548287748,0.30839451082904545,45.36004110144064,11.0206886910474
333,-0.9533720407176035,0.30179753474465665,45.36001322591522,11.020700458118274
334,-0.9562521183802604,0.2925438190994036,45.359966792840595,11.02070984297568
335,-0.9597307663412369,0.2809214412216737,45.35994684350775,11.020711610234377
336,-0.9596028457800228,0.28135809633078246,45.35990400533726,11.020719331431009
337,-0.9529007995870752,0.3032821559972046,45.35987437155804,11.020732620980842
338,-0.9480340550514733,0.31816887098309926,45.35983895946502,11.020753719018266
339,-0.9525369776150979,0.30442290695001,45.359797336633896,11.020760114315726
340,-0.9597063509702219,0.2810048396512435,45.35977087903168,11.020770435602559
341,-0.9535905411591183,0.30110642605540616,45.35973716977652,11.020781362190199
342,0.14356332618359727,0.9896411326208617,45.35969795744772,11.020793819740883
343,0.12270529441635589,0.9924431523881836,45.35970311678549,11.020800521678463
344,0.1180945020806147,0.9930023608120636,45.359697496313395,11.02080744708012
345,0.14811410611709222,0.9889702784053395,45.35970165041592,11.020811142138475
346,0.1503321652037613,0.9886355446296421,45.35970236595851,11.020819386199811
347,0.14324443091894135,0.9896873410379202,45.35970912645219,11.02081436397899
348,0.13724482754422604,0.9905371559473959,45.359712436166355,11.020824475920927
349,0.148429588426293,0.9889229784364408,45.35970870024155,11.020827463469944
350,0.12104348857256896,0.9926472051409717,45.35970638241107,11.02083680084993
351,0.16161804287255097,0.9868533873975639,45.3597109261693,11.020844424305047
352,0.14999457140390038,0.9886868202567284,45.35971007766161,11.020854047167184
353,0.15898168687513622,0.9872815319038112,45.35969725679042,11.020858647689588
354,0.11264326628065052,0.9936354938113002,45.35970520377798,11.020861154882338
355,0.13864200759151077,0.9903425638287973,45.359712105637996,11.0208690841841
