,Choice,Sin,Cosin,Lat,Lon,Msx,Mdx
0,4,0.9537169507482269,0.30070579950427306,45.3596665575,11.020597651,0.9949878545528192,0.9996607667020795
1,4,0.955040636077442,0.2964749288570535,45.359697945367394,11.020588252916903,1.254133913532585,0.7451687499145403
2,4,0.955040636077442,0.2964749288570535,45.35972800173109,11.020577935847818,1.009155089197501,0.9843516835051161
3,4,0.955040636077442,0.2964749288570535,45.35976000255328,11.020567849978432,0.9994242726592585,1.0151204767326818
4,4,0.955040636077442,0.2964749288570535,45.35979135482542,11.020560838291571,1.0016351265985697,0.9929389476339908
5,4,0.955040636077442,0.2964749288570535,45.35982369605977,11.020549382058736,1.0098987958921013,1.0150491701209887
6,4,0.955040636077442,0.2964749288570535,45.35985436531074,11.020541517202883,1.0059151681551104,1.0136771549030579
7,4,0.955040636077442,0.2964749288570535,45.359883955924964,11.02053150001873,1.0008893182695737,0.9837307963803484
8,4,0.955040636077442,0.2964749288570535,45.3599152665072,11.02051992153565,1.0176927097458586,1.0057758962266365
9,4,0.955040636077442,0.2964749288570535,45.35994705640148,11.020510355445696,0.9990307392393522,1.0004121545926583
10,4,0.955040636077442,0.2964749288570535,45.35997777670599,11.02050242925323,0.9935088018239293,0.9936727570528863
11,4,0.955040636077442,0.2964749288570535,45.360009463625516,11.020490457648304,1.0079863000233038,1.001347459320299
12,4,0.955040636077442,0.2964749288570535,45.36003995641825,11.020481416311247,1.0035822295109784,1.0170273357296247
13,4,0.955040636077442,0.2964749288570535,45.36007231075035,11.020471634856362,1.0097495021615461,1.0058748572270415
14,4,0.955040636077442,0.2964749288570535,45.36010434427683,11.02046078798599,1.0088382435194894,0.9913308333795345
15,4,0.955040636077442,0.2964749288570535,45.360132673531446,11.020450744849207,1.0085263945493954,1.006282117123005
16,4,0.955040636077442,0.2964749288570535,45.360163906314575,11.02044324086081,1.0094603958722763,1.0006197737595315
17,4,0.955040636077442,0.2964749288570535,45.360196716934574,11.020433892737257,0.9838777454271583,1.0055565276075833
18,4,0.955040636077442,0.2964749288570535,45.36022688612966,11.020422278417502,0.9947069823763633,0.9920281237245988
19,4,0.955040636077442,0.2964749288570535,45.36026018149246,11.02041397427329,1.0009478089298325,0.988292981703076
20,4,0.955040636077442,0.2964749288570535,45.360289500705115,11.02040534346531,0.9831991045139287,1.0050556117098133
21,4,0.955040636077442,0.2964749288570535,45.360322255103696,11.020393572232036,1.0197326502478092,1.0064430664554578
22,4,0.955040636077442,0.2964749288570535,45.360351459505964,11.020383995624226,0.9915917938273268,0.9776130075796293
23,4,0.955040636077442,0.2964749288570535,45.36038401209473,11.020373251175213,1.0084056752210693,1.0003783129294412
24,4,0.955040636077442,0.2964749288570535,45.36041601219456,11.020364081981379,0.9997434989225332,0.9865308812041315
25,4,0.955040636077442,0.2964749288570535,45.360446153469034,11.020355117438134,0.9968907366597023,1.0059902399017864
26,4,0.955040636077442,0.2964749288570535,45.36047857744048,11.020345317006301,0.9875580795933038,0.9837410008900989
27,4,0.955040636077442,0.2964749288570535,45.3605086407138,11.02033475903374,1.009559840531752,0.9726517905818333
28,4,0.955040636077442,0.2964749288570535,45.36053967909845,11.020327657905796,0.9953012071358199,1.0015818150203615
29,4,0.955040636077442,0.2964749288570535,45.360571537182054,11.020315860770594,0.9943429429503005,1.0187508327604362
30,4,0.955040636077442,0.2964749288570535,45.360603733872274,11.020308474844445,1.01065457285426,0.9896867555727046
31,4,0.955040636077442,0.2964749288570535,45.360633638619234,11.020297843755985,1.0080885169960958,1.014180182998861
32,4,0.955040636077442,0.2964749288570535,45.36066293745279,11.020289107622634,0.9989737693906843,1.0038583758668058
33,4,0.955040636077442,0.2964749288570535,45.36069619970139,11.020277876695065,0.9721190105816776,0.9986956392808862
34,4,0.955040636077442,0.2964749288570535,45.36072764791818,11.020266956962656,0.9973736830655323,0.9800833528671157
35,4,0.955040636077442,0.2964749288570535,45.36075744451537,11.020259404373334,0.9911102708242319,1.0100168024506704
36,4,0.955040636077442,0.2964749288570535,45.36078975528083,11.02024737949398,0.983822203882629,0.9751983169092943
37,4,0.955040636077442,0.2964749288570535,45.36081986195921,11.020239613923579,1.0034536298044543,0.9914770327731881
38,4,0.955040636077442,0.2964749288570535,45.360852829912055,11.020229647098295,0.9750751207086332,1.0157754595931294
39,4,0.955040636077442,0.2964749288570535,45.360882674282884,11.020220911495516,1.0083991171252644,0.9882361574110754
40,4,0.955040636077442,0.2964749288570535,45.36091570448552,11.020210186205857,0.9949864546284161,1.0254630716153237
41,4,0.955040636077442,0.2964749288570535,45.36094621809892,11.020202605117422,1.019347168630376,0.9939526564887785
42,4,0.955040636077442,0.2964749288570535,45.36097820811816,11.020191805900504,0.9997314776427585,0.9966079787665196
43,4,0.955040636077442,0.2964749288570535,45.361006484688005,11.020182554677955,1.0014268280327159,1.0053236206566203
44,4,0.955040636077442,0.2964749288570535,45.36103870734281,11.020171712797636,0.9865539700856446,1.009748199974105
45,4,0.955040636077442,0.2964749288570535,45.361069121137916,11.020162320009796,1.0020275810180193,1.0037605920632788
46,4,0.955040636077442,0.2964749288570535,45.3611021886365,11.020151950949222,0.9862515534349355,1.0061219875453722
47,4,0.955040636077442,0.2964749288570535,45.361133328807206,11.020141914668665,0.9898423645904884,0.9968906747593897
48,4,0.955040636077442,0.2964749288570535,45.36116588023806,11.02013408380049,0.9956882113980149,1.007619816567516
49,4,0.955040636077442,0.2964749288570535,45.36119622983599,11.020120901398403,1.0031004921292557,1.0074351731348465
50,4,0.955040636077442,0.2964749288570535,45.36122664890416,11.020112805064922,1.0008358885975968,1.0000998946570048
51,4,0.955040636077442,0.2964749288570535,45.36125917409597,11.020103355375605,1.0017269696903415,0.9969811458029354
52,4,0.955040636077442,0.2964749288570535,45.36128985279636,11.02009316214986,0.9925372163000807,0.9822186848404505
53,4,0.955040636077442,0.2964749288570535,45.361320666194054,11.02008400134933,0.9904238835290923,1.014236558221912
54,4,0.955040636077442,0.2964749288570535,45.3613507652012,11.020074134156975,1.0116211954716592,0.9998787114566915
55,4,0.955040636077442,0.2964749288570535,45.36138033522632,11.02006593176487,0.9936215210695691,0.9837618605554395
56,4,0.955040636077442,0.2964749288570535,45.36141329312216,11.020055763725157,1.0024228033565423,0.9984757422876306
57,4,0.955040636077442,0.2964749288570535,45.361444542350775,11.020046149228499,1.0008369095240621,1.003695150600699
58,4,0.955040636077442,0.2964749288570535,45.36147473032438,11.020037693160686,1.0076161512364958,0.9989322733833181
59,4,0.955040636077442,0.2964749288570535,45.36150673206934,11.020027565637797,1.0130286578787833,0.9938468295133525
60,4,0.955040636077442,0.2964749288570535,45.36153728910244,11.020016516528507,1.0050601812103286,0.9956085974513383
61,4,0.955040636077442,0.2964749288570535,45.361568904959974,11.020006531361037,1.00923865579261,0.9969914612773108
62,4,0.955040636077442,0.2964749288570535,45.36160021731223,11.019998619023402,0.9943451696936754,1.0093640330227382
63,4,0.955040636077442,0.2964749288570535,45.36163284802376,11.019986865428013,0.9889556199486753,0.9910079634148004
64,4,0.955040636077442,0.2964749288570535,45.3616618464193,11.0199767847415,0.9837812358195,0.9864514028333677
65,4,0.955040636077442,0.2964749288570535,45.36169329844189,11.019968677542403,0.9995319932777442,0.9984784996979498
66,4,0.955040636077442,0.2964749288570535,45.36172523333698,11.019961627971652,1.0136712039169211,0.9787035629091079
67,4,0.955040636077442,0.2964749288570535,45.3617564866554,11.01994694268205,1.0075571694745027,0.9858416561534588
68,4,0.955040636077442,0.2964749288570535,45.36178760288739,11.01993870596424,1.0071727216038218,1.0097909210515532
69,4,0.955040636077442,0.2964749288570535,45.361818205281125,11.01992965318223,1.0108995624712573,1.0106430924871517
70,4,0.955040636077442,0.2964749288570535,45.361851746225774,11.019918235900946,1.0067190574748497,1.0095441799336022
71,4,0.955040636077442,0.2964749288570535,45.36188216415705,11.019908628201186,1.002660849019158,1.0061503071686275
72,4,0.955040636077442,0.2964749288570535,45.361911500641284,11.019902524637521,1.0093025628929302,1.0053043021164665
73,4,0.955040636077442,0.2964749288570535,45.36194393172792,11.019892185551077,0.9934795662947941,1.0025050274999152
74,4,0.955040636077442,0.2964749288570535,45.36197462171973,11.01988073217236,1.0009656076145446,0.9961200156070773
75,4,0.955040636077442,0.2964749288570535,45.36200651586281,11.019871512667644,1.0176095921451664,1.0097562487039216
76,4,0.955040636077442,0.2964749288570535,45.36203614485221,11.019863000945607,1.008905478401165,0.9997301665445444
77,4,0.955040636077442,0.2964749288570535,45.36206779115764,11.019851349584968,0.9838142548611682,1.0008915043241668
78,4,0.955040636077442,0.2964749288570535,45.36209995034575,11.019841481601235,0.9998020264177625,1.006278564719214
79,4,0.955040636077442,0.2964749288570535,45.36213121410665,11.019831724185606,1.0028258134395411,0.9937052941012763
80,4,0.955040636077442,0.2964749288570535,45.36216328692841,11.019820935675167,0.9932077976404585,1.0021852627003736
81,4,0.955040636077442,0.2964749288570535,45.362193696560375,11.019812774268372,1.0061792130828533,1.0008892574114667
82,4,0.955040636077442,0.2964749288570535,45.36222414640982,11.019801291245232,1.0042474423976562,0.9938187158429378
83,4,0.955040636077442,0.2964749288570535,45.36225589,11.01979384,1.008225011885008,0.9843906748990994
84,4,0.1871863868101744,0.9823244151465196,45.362257426081264,11.019798009953185,0.49892380919462553,1.4999601941984564
85,4,0.1871863868101744,0.9823244151465196,45.36225875425027,11.019804454040866,0.9920308266525484,1.0045552380982345
86,4,0.1871863868101744,0.9823244151465196,45.36225803672613,11.01980769378563,0.9760653847394215,0.9843332126847596
87,4,0.1871863868101744,0.9823244151465196,45.362259881030575,11.019810636700322,0.9888565436913771,0.9960130567926039
88,4,0.1871863868101744,0.9823244151465196,45.36225762138696,11.019814262271233,1.0095855883099027,1.0083959046698188
89,4,0.1871863868101744,0.9823244151465196,45.36225846165183,11.01982104995078,0.9836642099053952,0.9995495234001137
90,4,0.1871863868101744,0.9823244151465196,45.3622625483613,11.0198237754484,1.0078157836319532,0.999424892091409
91,4,0.1871863868101744,0.9823244151465196,45.36226125080389,11.019829043589466,0.9974767160932457,0.9904335901390647
92,4,0.1871863868101744,0.9823244151465196,45.362261412273625,11.01983299907587,0.9980458484504856,0.9994842572887431
93,4,0.1871863868101744,0.9823244151465196,45.362265358026505,11.019835580448643,0.9939145969063043,0.9971314969160031
94,4,0.1871863868101744,0.9823244151465196,45.36226385897297,11.019840632801017,1.007953631262829,0.9933508570085592
95,4,0.1871863868101744,0.9823244151465196,45.362264899440554,11.019845423758758,1.0083523370062657,1.0016540231370246
96,4,0.1871863868101744,0.9823244151465196,45.3622682771723,11.019850406994495,1.0076218042439364,0.9805546735207035
97,4,0.1871863868101744,0.9823244151465196,45.36226747,11.01985461,0.998918719011432,1.0051939792085038
98,4,-0.9539959184879134,0.29981959160202043,45.36223105908135,11.019868409899154,1.5016399478235507,0.4992473678438011
99,4,-0.9539155297865504,0.3000752606131418,45.362194914041204,11.019877962050733,1.0155479317378107,0.9852859879948932
100,4,-0.9538163367561832,0.3003904055342237,45.36215770811385,11.019889225497387,1.019522199165909,0.98110264864908
101,4,-0.953694896699626,0.30077573706848354,45.36212105758347,11.019899902542212,1.0253739112415716,0.9758022186663899
102,4,-0.9535473844778126,0.30124306723229777,45.36208506796661,11.019911947410765,1.0269128823587765,0.9731992519275195
103,4,-0.9533696102790072,0.3018052123414271,45.36204703428753,11.019925548966338,1.0323017310284346,0.9671192275795116
104,4,-0.9531570550200102,0.30247583120900945,45.36201194724504,11.01993463294527,1.0396649304669716,0.9600955245787711
105,4,-0.9529049261251019,0.3032691902691636,45.361976743475545,11.019948561839145,1.04638487997343,0.9518566151696176
106,4,-0.9526082361625056,0.30419984943349326,45.361941596073336,11.019958239966707,1.054295591161544,0.9445053257769703
107,4,-0.9522619063980033,0.3052822654908737,45.36190280984638,11.019970868678914,1.0626975775244567,0.9363586075744044
108,4,-0.9518608967377218,0.30653031377281453,45.36186623040316,11.019983063216792,1.076092826420848,0.9244135138738243
109,4,-0.9514003627600657,0.3079567335519965,45.36182969226973,11.019995420598148,1.0839488239564594,0.9149365421004326
110,4,-0.9508758395577219,0.30957250805812436,45.36179362578957,11.020007527648824,1.0964658528385027,0.902532099460756
111,4,-0.9502834508960976,0.3113861958292374,45.361760190051044,11.020020475712322,1.1096470689609077,0.8915832680426549
112,4,-0.9496201407137428,0.3134032360247918,45.36172487356947,11.020033153557733,1.1210727896350416,0.8774160065875707
113,4,-0.9488839222187623,0.31562525588859003,45.36168736556242,11.020045138211549,1.1337089317778555,0.8658082826634961
114,4,-0.9480741377686794,0.3180494132900972,45.36165288294795,11.020060880564731,1.1467527473949297,0.853785568773799
115,4,-0.9471917203941723,0.32066781069625316,45.361615929283865,11.020074847213078,1.1587333471157597,0.8410097601643712
116,4,-0.9462394453331919,0.3234670185591311,45.361580563045614,11.020087869005883,1.1683946950755904,0.8319362083419455
117,4,-0.9452221574517992,0.3264277455458807,45.361545933382274,11.020104374169124,1.1784661398651766,0.8210397641130966
118,4,-0.944146958198533,0.3295246900073765,45.36150946929514,11.020118163167815,1.18875735106618,0.8114976216587653
119,4,-0.94302333410846,0.33272660147178473,45.36147581600455,11.020133751260362,1.194400348047427,0.8044470133260629
120,4,-0.9418632082361545,0.3359965728561798,45.361440558103396,11.02014814999479,1.1994405462074407,0.8023031376229192
121,4,-0.9406808966596184,0.3392925738351141,45.361406739822044,11.020165789514733,1.2011468759606092,0.8006250770632372
122,4,-0.9394929547116112,0.3425682239310099,45.361371372611956,11.020179897369097,1.2003399863269477,0.7988029014181508
123,4,-0.9383179020835417,0.34577379112584716,45.361338150564144,11.020197608255437,1.194869082151981,0.8028854147381247
124,4,-0.9371758224281617,0.3488573889945559,45.36129945854241,11.02021497503973,1.1900238409758135,0.8126499353560256
125,4,-0.936087841317128,0.3517663334349087,45.3612657423111,11.020231339091934,1.177712129365604,0.8221655718731815
126,4,-0.935075495856798,0.3544486098832432,45.36123189357104,11.020246705439222,1.1631566412651761,0.835385858522763
127,4,-0.934160019130698,0.3568543941970365,45.36119667880217,11.020264298562266,1.1466864019030851,0.8544282825231863
128,4,-0.9333615719199584,0.3589375656895002,45.3611628977859,11.02027878485653,1.1274330982366647,0.8716797552693015
129,4,-0.932698461766776,0.36065714940631644,45.36112768328371,11.02029538214854,1.1066446484077224,0.8943987737784366
130,4,-0.9321863943614167,0.3619786266721577,45.36109233737809,11.020312762354475,1.0818505933347078,0.9185124174024796
131,4,-0.9318378036326467,0.36287505800355724,45.361058473507725,11.020326102383006,1.0549400645192526,0.9435118033443876
132,4,-0.9316613043356696,0.36332797030170794,45.361022159188764,11.020341347502109,1.028712825930123,0.9714439101479763
133,4,-0.9316613043356696,0.36332797030170794,45.360986452678304,11.020353357343296,0.9928707283887016,0.9909195841033409
134,4,-0.9318378036326467,0.36287505800355724,45.360952920841385,11.020367069763212,0.971885533045639,1.0280425156268158
135,4,-0.9321863943614167,0.3619786266721577,45.36091562859722,11.020379638955754,0.9445731034219397,1.0550971804012115
136,4,-0.932698461766776,0.36065714940631644,45.360877641409004,11.020391646014794,0.9218150448191835,1.0805929924523296
137,4,-0.9333615719199584,0.3589375656895002,45.360840064602414,11.020401608418881,0.8954054360053617,1.1058004530389596
138,4,-0.934160019130698,0.3568543941970365,45.36080396710404,11.0204135834216,0.8745508258888384,1.1288630349543396
139,4,-0.935075495856798,0.3544486098832432,45.360766563144715,11.020422649544729,0.8526209961105103,1.1469325871928095
140,4,-0.936087841317128,0.3517663334349087,45.36073076763522,11.02043233211058,0.8372567715175159,1.1650689231764082
141,4,-0.9371758224281617,0.3488573889945559,45.360692565897864,11.02044081453377,0.8220481894771646,1.1784818807830864
142,4,-0.9383179020835417,0.34577379112584716,45.3606549859579,11.02044842583009,0.81099770957587,1.186640882442545
143,4,-0.9394929547116112,0.3425682239310099,45.360616236590126,11.020457520122681,0.8046253716633263,1.1957894320814306
144,4,-0.9406808966596184,0.3392925738351141,45.36057953346901,11.02046209101976,0.7991047893626214,1.201092587046926
145,4,-0.9418632082361545,0.3359965728561798,45.360541341848766,11.020469390381411,0.8007489303010172,1.2005865720452387
146,4,-0.94302333410846,0.33272660147178473,45.36050155524967,11.020477747364378,0.8015550305785666,1.1988828936254217
147,4,-0.944146958198533,0.3295246900073765,45.360465902634836,11.020483542894599,0.8043508150552184,1.1935321441141682
148,4,-0.9452221574517992,0.3264277455458807,45.360426467766466,11.020489513460543,0.8122966489922108,1.1889591107777289
149,4,-0.9462394453331919,0.3234670185591311,45.360386100801605,11.020497428876089,0.8210799492995451,1.1796277591857103
150,4,-0.9471917203941723,0.32066781069625316,45.36035095569568,11.020502286624273,0.8303691993796289,1.1677962081369417
151,4,-0.9480741377686794,0.3180494132900972,45.36031221352139,11.020510897172887,0.8433647228561214,1.159816118449166
152,4,-0.9488839222187623,0.31562525588859003,45.360272427468466,11.020517067650093,0.8528128596292112,1.1467940923881208
153,4,-0.9496201407137428,0.3134032360247918,45.360237322020694,11.020526032168283,0.8662706225106483,1.1360666861482198
154,4,-0.9502834508960976,0.3113861958292374,45.36019867043709,11.020532614906763,0.8775591957805051,1.1205213557061295
155,4,-0.9508758395577219,0.30957250805812436,45.36016196724605,11.020541355644992,0.8899198288232655,1.1093425036857396
156,4,-0.9514003627600657,0.3079567335519965,45.36012284564202,11.02054999288042,0.9029414191374538,1.0972603111535348
157,4,-0.9518608967377218,0.30653031377281453,45.36008670323275,11.020556523639698,0.9136342996869669,1.0826543950578809
158,4,-0.9522619063980033,0.3052822654908737,45.36004878145094,11.020567091131774,0.9247117712232777,1.074828665774218
159,4,-0.9526082361625056,0.30419984943349326,45.36001015907444,11.020575583971524,0.9326813631306217,1.0658790031242658
160,4,-0.9529049261251019,0.3032691902691636,45.359972712172215,11.020583636988283,0.943830932490375,1.0579578257579312
161,4,-0.9531570550200102,0.30247583120900945,45.359936719646605,11.020592518843754,0.9524434600375087,1.0486852775259614
162,4,-0.9533696102790072,0.3018052123414271,45.359901679837655,11.020602675165204,0.9580563390893994,1.0398629629132292
163,4,-0.9535473844778126,0.30124306723229777,45.35986452140658,11.020613164948399,0.9644052521679743,1.032776578873871
164,4,-0.953694896699626,0.30077573706848354,45.359826524371876,11.020623042567903,0.971990034609768,1.0282953032830988
165,4,-0.9538163367561832,0.3003904055342237,45.35978828152881,11.020635588659589,0.9767307939592179,1.0238351447034504
166,4,-0.9539155297865504,0.3000752606131418,45.35975532519855,11.020646781672138,0.9820733608996906,1.0195744294727382
167,4,-0.9539959184879134,0.29981959160202043,45.35971576194992,11.020656350230249,0.9851255001646965,1.0145434575416044
168,4,-0.9539959184879134,0.29981959160202043,45.35967972,11.02066511,0.985411039204748,1.0147692646432052
169,4,0.18092866714612515,0.9834962213474573,45.35968177404703,11.0206683704577,0.5006912891905757,1.4990192361193508
170,4,0.18092866714612515,0.9834962213474573,45.359681936136646,11.020674609127363,0.995638618572996,0.9965623369077639
171,4,0.18092866714612515,0.9834962213474573,45.35968288345287,11.020679636741692,0.9996738325285723,0.9876619303381343
172,4,0.18092866714612515,0.9834962213474573,45.35968319188031,11.02068517432099,0.9812035429158978,0.9985034878766936
173,4,0.18092866714612515,0.9834962213474573,45.35968403705071,11.020691284616483,1.0158682385285884,1.010836953880551
174,4,0.18092866714612515,0.9834962213474573,45.359685458883135,11.020694875003452,0.9927383291369264,1.0112407353249324
175,4,0.18092866714612515,0.9834962213474573,45.3596864390083,11.020699619657156,0.9914769634134678,1.000251343612895
176,4,0.18092866714612515,0.9834962213474573,45.35968674747544,11.020704249686954,0.9946821761042391,0.9999844166639901
177,4,0.18092866714612515,0.9834962213474573,45.3596888538088,11.020709658388517,1.0038823540522528,0.9958173343421797
178,4,0.18092866714612515,0.9834962213474573,45.359688620363045,11.02071461804882,1.0041711488049634,1.0031083825504237
179,4,0.18092866714612515,0.9834962213474573,45.35968992534285,11.0207207364578,0.9918206262212087,0.9996889291083277
180,4,0.18092866714612515,0.9834962213474573,45.359690140386924,11.020725115620118,0.9879796989395313,0.9980932387017137
181,4,0.18092866714612515,0.9834962213474573,45.35969203841994,11.020730061792944,1.0075566378798801,0.989882339467113
182,4,0.18092866714612515,0.9834962213474573,45.35969485148799,11.020735614011501,1.0026048599405295,0.9954739127555876
183,4,0.18092866714612515,0.9834962213474573,45.35969351,11.02074007,1.0062870887301003,0.9989501662562571
184,4,0.9528471844721362,0.30345056111914304,45.359726109328385,11.02072988560825,1.4996522319043775,0.5014902610197591
185,4,0.9528471844721362,0.30345056111914304,45.359762155950364,11.020718980684833,1.0050290378288091,0.9949950705022489
186,4,0.9528471844721362,0.30345056111914304,45.359794470822315,11.02070722948768,1.0095253218321771,0.9883087290298606
187,4,0.9528471844721362,0.30345056111914304,45.35982947294532,11.02069709693828,1.0053869427636992,1.0109271386611518
188,4,0.9528471844721362,0.30345056111914304,45.359862999869044,11.020686205496348,0.9927221933370339,0.9983387180258294
189,4,0.9528471844721362,0.30345056111914304,45.35989465168018,11.020674950013131,0.99903155560916,1.0030342228419022
190,4,0.9528471844721362,0.30345056111914304,45.35993157573458,11.020665662150318,1.000719090798448,0.9966389730078914
191,4,0.9528471844721362,0.30345056111914304,45.359965987419194,11.02065296084059,0.986751814274065,0.9887256078535426
192,4,0.9528471844721362,0.30345056111914304,45.35999770077103,11.020644953445698,0.9877804131644612,0.9847586825238644
193,4,0.9528471844721362,0.30345056111914304,45.36003260988247,11.02063208008425,1.0032291123160022,1.0214812674962628
194,4,0.9528471844721362,0.30345056111914304,45.36006735236823,11.020622127166202,0.9912199666899836,1.0024679239831489
195,4,0.9528471844721362,0.30345056111914304,45.36009982386693,11.020609304394258,1.0029001838279998,0.9991045074176693
196,4,0.9528471844721362,0.30345056111914304,45.360133744489005,11.0205993522504,1.0040591544427397,1.0006612372742507
197,4,0.9528471844721362,0.30345056111914304,45.36016798475985,11.020587759008407,1.026651665661398,1.0209306329950036
198,4,0.9528471844721362,0.30345056111914304,45.36020159250473,11.020577836398589,0.9931319098595983,1.0073717816117906
199,4,0.9528471844721362,0.30345056111914304,45.36023507223425,11.020566463098909,0.9989186688430295,1.0026245689463473
200,4,0.9528471844721362,0.30345056111914304,45.360269927334954,11.020556941470602,1.001490375912716,0.9827375300181137
201,4,0.9528471844721362,0.30345056111914304,45.360303997119715,11.020546246659237,0.9982014309277559,1.0080831716432168
202,4,0.9528471844721362,0.30345056111914304,45.36033822025904,11.020536222220098,0.999371813541866,0.9927111643059345
203,4,0.9528471844721362,0.30345056111914304,45.36037136546535,11.020523293740533,0.9864185582662988,1.0063078693416414
204,4,0.9528471844721362,0.30345056111914304,45.36040551932313,11.020513674350914,1.0010520102044267,0.997457145607843
205,4,0.9528471844721362,0.30345056111914304,45.36043774210772,11.02050218532905,1.0066190656809384,1.0015506408741002
206,4,0.9528471844721362,0.30345056111914304,45.36047107268063,11.020491761719546,1.0020629438457513,1.003531873450477
207,4,0.9528471844721362,0.30345056111914304,45.36050845917739,11.020479629471934,1.0034608714134878,0.9893681913848074
208,4,0.9528471844721362,0.30345056111914304,45.360542473914656,11.02046849004495,0.9872147981244849,0.9991467704933856
209,4,0.9528471844721362,0.30345056111914304,45.36057652075291,11.020457841800042,0.9823428473464647,1.006804277547823
210,4,0.9528471844721362,0.30345056111914304,45.360608112461755,11.020447547405993,1.0053501552817685,1.0022650022599997
211,4,0.9528471844721362,0.30345056111914304,45.36064331268418,11.020438232498412,1.0101364149177048,0.991001454689172
212,4,0.9528471844721362,0.30345056111914304,45.360678907249536,11.020427340965286,1.0190091886770443,1.0208548690789858
213,4,0.9528471844721362,0.30345056111914304,45.36071026168513,11.020415433011793,1.0020806711807309,0.9911047821194571
214,4,0.9528471844721362,0.30345056111914304,45.36074481362027,11.020406002050867,0.9725227661785389,1.0090223993303127
215,4,0.9528471844721362,0.30345056111914304,45.36077908589799,11.020396156441697,1.032582711062348,0.9957075295246081
216,4,0.9528471844721362,0.30345056111914304,45.3608131539678,11.020383087764943,1.0108479362256457,1.0103517167573413
217,4,0.9528471844721362,0.30345056111914304,45.36084657522853,11.020371475032173,0.9920004577021493,1.001329646583579
218,4,0.9528471844721362,0.30345056111914304,45.36088029670352,11.02036142552846,0.9931793976540428,0.9957260168107411
219,4,0.9528471844721362,0.30345056111914304,45.36091395809812,11.020351696563033,0.9938891272882822,0.9959693149158652
220,4,0.9528471844721362,0.30345056111914304,45.3609490413497,11.020340057601407,0.9952575506186271,0.98995706416857
221,4,0.9528471844721362,0.30345056111914304,45.360981594401224,11.020328686071064,1.0027416419434467,0.9871930057588367
222,4,0.9528471844721362,0.30345056111914304,45.36101494255968,11.020318766591078,0.9941233001381844,0.9969840565346175
223,4,0.9528471844721362,0.30345056111914304,45.36105003439037,11.02030836655506,1.003748440576503,1.0170886927505252
224,4,0.9528471844721362,0.30345056111914304,45.36108222706055,11.020296476489385,1.0100022544569291,1.0107719667370358
225,4,0.9528471844721362,0.30345056111914304,45.361116864786204,11.020286951345337,0.9957389805846001,0.9867943625208612
226,4,0.9528471844721362,0.30345056111914304,45.36115195229403,11.020274931111029,0.9971362202089282,1.0086623601815716
227,4,0.9528471844721362,0.30345056111914304,45.361183178098315,11.020265109122446,0.9876217045503589,0.9952086016006881
228,4,0.9528471844721362,0.30345056111914304,45.36122090867472,11.02025200157522,0.9910180528298592,0.9926284075274978
229,4,0.9528471844721362,0.30345056111914304,45.361253354473085,11.02024530060547,1.0157820402599336,0.9914789957046757
230,4,0.9528471844721362,0.30345056111914304,45.36128561442053,11.020231632282213,0.9942445363894412,0.9998790048393351
231,4,0.9528471844721362,0.30345056111914304,45.36132110082749,11.020221969242723,0.9848361854539942,1.0118179252081803
232,4,0.9528471844721362,0.30345056111914304,45.36135496909957,11.020211963770238,0.9991597113086007,1.0078592468910545
233,4,0.9528471844721362,0.30345056111914304,45.3613880494813,11.020200686521509,0.9824479567124978,0.9837298815438547
234,4,0.9528471844721362,0.30345056111914304,45.36142350363082,11.020189701676232,0.9933927124174157,1.0031096829596255
235,4,0.9528471844721362,0.30345056111914304,45.361457639177566,11.02017739022712,1.0139341146860261,1.0114358167887076
236,4,0.9528471844721362,0.30345056111914304,45.361492821362106,11.020167429449728,1.0038194305364079,0.9996270612498097
237,4,0.9528471844721362,0.30345056111914304,45.36152601668155,11.020157951030884,0.9899578388755087,1.0074916015394868
238,4,0.9528471844721362,0.30345056111914304,45.36155840834368,11.020143164731154,1.0092512609884723,1.0008104914622191
239,4,0.9528471844721362,0.30345056111914304,45.36159191593662,11.020134703554923,1.0159543214775195,0.9974655290292983
240,4,0.9528471844721362,0.30345056111914304,45.361625906894226,11.020123709770418,1.0010469425791948,1.0037679227774683
241,4,0.9528471844721362,0.30345056111914304,45.36166177051248,11.020114622028242,0.989200423817494,0.9867075749456605
242,4,0.9528471844721362,0.30345056111914304,45.36169458278086,11.020101847050924,0.9910276631170635,0.9741399482247072
243,4,0.9528471844721362,0.30345056111914304,45.361729033941,11.020092370296663,0.9947676037905887,0.994892460126473
244,4,0.9528471844721362,0.30345056111914304,45.36176043835086,11.020082721603915,0.9978437498502979,0.9920626902600137
245,4,0.9528471844721362,0.30345056111914304,45.36179564214412,11.020070304146058,0.9877659878619774,0.9981870739199604
246,4,0.9528471844721362,0.30345056111914304,45.36183010303292,11.020060252637958,0.9974611179470121,1.0116000317963318
247,4,0.9528471844721362,0.30345056111914304,45.36186488594948,11.020048126018612,1.004505158205854,1.0020001583560854
248,4,0.9528471844721362,0.30345056111914304,45.36189901979052,11.020038415947054,1.0137028987025425,1.0004399782515039
249,4,0.9528471844721362,0.30345056111914304,45.36193278909744,11.020026046308915,1.0004772212633748,0.9967855389595034
250,4,0.9528471844721362,0.30345056111914304,45.361964778406616,11.02001590837138,0.99249935970711,0.9888957656412921
251,4,0.9528471844721362,0.30345056111914304,45.36199970132394,11.020006591671049,1.0148777743567925,1.006947667252406
252,4,0.9528471844721362,0.30345056111914304,45.36203219980809,11.01999423647045,0.9977180012765736,0.9965340007158427
253,4,0.9528471844721362,0.30345056111914304,45.36206625064652,11.019982978425569,0.9887082431287919,0.9943226442718629
254,4,0.9528471844721362,0.30345056111914304,45.36210053091012,11.019973324713092,1.0112039793350007,1.0046650707199016
255,4,0.9528471844721362,0.30345056111914304,45.36213589103365,11.01996195296935,0.9829825662425611,1.009055806068409
256,4,0.9528471844721362,0.30345056111914304,45.3621690652549,11.019950419653547,1.009029551220683,0.9990189592162999
257,4,0.9528471844721362,0.30345056111914304,45.36220301006748,11.019940703624428,0.9776110494698175,0.9995900320158175
258,4,0.9528471844721362,0.30345056111914304,45.36223654552308,11.01993066885994,0.9984243539958647,0.9996616848066836
259,4,0.9528471844721362,0.30345056111914304,45.36227073,11.01991931,1.010872736268458,1.0052082281965278
260,4,0.2108778085845649,0.9775124295100148,45.3622721808701,11.019923894894516,0.499369274380058,1.5006355111774627
261,4,0.2108778085845649,0.9775124295100148,45.362272410521264,11.019927758912834,0.9956910768296816,0.9926048288057271
262,4,0.2108778085845649,0.9775124295100148,45.362272070213265,11.019930234721679,1.0003115629672577,0.9974521599865998
263,4,0.2108778085845649,0.9775124295100148,45.362273530121435,11.019935876135742,0.987383720021295,0.9817056558513347
264,4,0.2108778085845649,0.9775124295100148,45.36227455285487,11.0199376515897,0.9914206247847843,0.9821736544154054
265,4,0.2108778085845649,0.9775124295100148,45.3622740052175,11.019941600915995,0.9947016693818105,1.009787705779434
266,4,0.2108778085845649,0.9775124295100148,45.36227681712891,11.019943917176327,1.0008773694589557,0.9915406321396805
267,4,0.2108778085845649,0.9775124295100148,45.36227486565871,11.019948941129883,1.001151896920721,1.0088304167053408
268,4,0.2108778085845649,0.9775124295100148,45.36227738018,11.019951790576787,0.9992176351627884,1.0033290241695878
269,4,0.2108778085845649,0.9775124295100148,45.36227905171774,11.019956820244035,1.031768317650071,1.0065076753298847
270,4,0.2108778085845649,0.9775124295100148,45.362278437389605,11.019958805538277,1.0103808081020538,0.9983730098656732
271,4,0.2108778085845649,0.9775124295100148,45.36228020590401,11.019965300924664,0.987053799986399,0.9946642746207721
272,4,0.2108778085845649,0.9775124295100148,45.362282019551714,11.019968265614567,1.000370622828471,1.0044988085571123
273,4,0.2108778085845649,0.9775124295100148,45.36228186885673,11.019969966167793,0.9882438511970922,1.0030244740738106
274,4,0.2108778085845649,0.9775124295100148,45.36228204041512,11.019973677941868,1.0137541115774955,1.0023958146656538
275,4,0.2108778085845649,0.9775124295100148,45.36228588627634,11.01997654453659,1.0107488608408965,1.0182724953039326
276,4,0.2108778085845649,0.9775124295100148,45.3622848377033,11.019979767703095,1.0055739688493812,0.995843009527683
277,4,0.2108778085845649,0.9775124295100148,45.36228367712009,11.019986228382486,0.9851732182700351,0.9956760018509168
278,4,0.2108778085845649,0.9775124295100148,45.36228557,11.0199881,1.0073574773218301,0.9978834148398074
279,4,-0.953502972490626,0.30138361178328943,45.36225119938979,11.019997787909945,1.5001086010195839,0.4977788534954188
280,4,-0.9532804608836517,0.3020866810990721,45.3622191253791,11.02000901474825,1.041687831599273,0.9588334546535412
281,4,-0.9530108207621342,0.3029362565132861,45.362187684185045,11.020019711810361,1.050491040672301,0.9456979328282066
282,4,-0.9526860185345529,0.30395616474876996,45.36215408935628,11.020030037571537,1.0619735454420944,0.9385103988223934
283,4,-0.9522970882478872,0.30517250157017056,45.3621232145289,11.020041227176955,1.0734636563350488,0.9272405653302046
284,4,-0.9518341116085232,0.30661347651141085,45.362087638311294,11.020050753235063,1.0852917853765391,0.9124396726532803
285,4,-0.9512862169266065,0.30830915245166696,45.362056429261784,11.020060993964986,1.1026612272430203,0.8965223398636887
286,4,-0.9506416013231047,0.3102910663132975,45.36202571519696,11.020073580239178,1.1197044997749412,0.8808459289732534
287,4,-0.9498875811652828,0.31259171957677995,45.361991339941845,11.020083913237402,1.1382323776915881,0.8605271544363583
288,4,-0.949010676455517,0.3152439309065952,45.36196135588052,11.020095505151975,1.1612248835837486,0.8392765357783926
289,4,-0.9479967357718375,0.3182800480173723,45.36192718340236,11.020107452596546,1.1819262093175567,0.8153190465431185
290,4,-0.9468311092805037,0.3217310219712281,45.3618976516416,11.020121185386929,1.207245397906869,0.7913910693522435
291,4,-0.9454988781828483,0.32562535428767725,45.361863289383756,11.020132405279135,1.2351492054021425,0.7623624673302962
292,4,-0.9439851495188625,0.32998793536711424,45.361832049776524,11.020146840917429,1.2641646017460615,0.7361454987861129
293,4,-0.9422754252518727,0.3348388014648281,45.361802050798836,11.02016032465029,1.2959860947562845,0.7071560058241192
294,4,-0.9403560536632963,0.34019184637317773,45.36176840977206,11.020174846879792,1.3268612692430788,0.6746054074231119
295,4,-0.9382147689228197,0.34605353252798887,45.36173781624599,11.020188487739416,1.355805023641086,0.6410869204638174
296,4,-0.9358413209142344,0.3524216538033677,45.361707867188834,11.020206050834963,1.3887010272370084,0.6113345990008312
297,4,-0.9332281917228955,0.3592842080771356,45.3616767768194,11.020224194567632,1.4216847549605696,0.5792596412621472
298,4,-0.9303713875253515,0.36661844099029184,45.36164594499414,11.02024035182321,1.451314883494077,0.5498982395962102
299,4,-0.9272712851099989,0.37439012247981523,45.36161808870157,11.020257162986251,1.476233561470714,0.5204920180988166
300,4,-0.923933501359444,0.3825531140451981,45.36158970140315,11.020275952902624,1.506959102416343,0.49588297374012785
301,4,-0.9203697425521427,0.3910492769389845,45.36155966511955,11.02029603079342,1.528151289978918,0.4704187667630056
302,4,-0.9165985794445812,0.3998087594840509,45.361532219970876,11.020317096062527,1.5470527952934956,0.45306855636358995
303,4,-0.9126460851955566,0.4087506858431247,45.36150455196229,11.020337839397765,1.559449216902934,0.440638309362148
304,4,-0.908546267840973,0.4177842495741539,45.36147525124543,11.02035939080196,1.567249506585623,0.4309500233102669
305,4,-0.9043412287060955,0.4268101944217706,45.361450910138224,11.020383727660038,1.5695872635322219,0.42965663611508026
306,4,-0.9000809840417553,0.43572264362369945,45.361419781774856,11.020405491454653,1.5671333593543406,0.4346724670151141
307,4,-0.8958228999521403,0.4444112193918349,45.36139400838586,11.020432676110993,1.5533870101936555,0.44573849327164217
308,4,-0.8916307102832834,0.45276337802402633,45.36136851249306,11.020454278394558,1.5339346054245244,0.46369526337398664
309,4,-0.8875731126676151,0.46066687494275194,45.36134222591872,11.020477502760128,1.509345390721802,0.49141165581946894
310,4,-0.8837219676416935,0.46801226897111736,45.361314865899146,11.020501451569245,1.4759889488198885,0.5244133280374726
311,4,-0.8801501572354599,0.4746953767611343,45.361288416929185,11.02052629980837,1.4337050180276516,0.5659392661296133
312,4,-0.8769291897731523,0.48061959606720434,45.36126325997131,11.020548380786265,1.3869613522652295,0.6151054552234965
313,4,-0.8741266637952481,0.4856980292755875,45.36123673555314,11.020571406987807,1.33188502666141,0.6655754410786738
314,4,-0.8718037232030307,0.48985535437446587,45.36121005528733,11.020592406973263,1.2725128872342495,0.7274063810909291
315,4,-0.8700126457090485,0.49302940714154336,45.36118125815627,11.020613655324663,1.2103244821998125,0.7920230423479482
316,4,-0.8687947060543716,0.4951724535269486,45.36115430295007,11.020632045775983,1.1417725970440824,0.8584200636004434
317,4,-0.8681784438368089,0.4962521432267038,45.36112587876793,11.020650622618163,1.0711917096287351,0.9278966783291078
318,4,-0.8681784438368089,0.4962521432267038,45.361095588295754,11.020666975024834,0.9990775222606022,0.9872595667499513
319,4,-0.8687947060543716,0.4951724535269486,45.36106379008113,11.02068404438704,0.9291953727600146,1.071827266342327
320,4,-0.8700126457090485,0.49302940714154336,45.36103226219181,11.020698923852791,0.8589803660307147,1.1401864714354393
321,4,-0.8718037232030307,0.48985535437446587,45.36099927757754,11.020708498877978,0.7931290257572355,1.209335194485969
322,4,-0.8741266637952481,0.4856980292755875,45.36096646155825,11.020721273678918,0.725603892028933,1.2721860769402937
323,4,-0.8769291897731523,0.48061959606720434,45.36093438476544,11.020730819451432,0.6667328776715156,1.3323015300007202
324,4,-0.8801501572354599,0.4746953767611343,45.360897755465245,11.020737030859848,0.6153938742983741,1.3850875122822575
325,4,-0.8837219676416935,0.46801226897111736,45.360860301768554,11.020742395427794,0.5657547315773438,1.4340539123393983
326,4,-0.8875731126676151,0.46066687494275194,45.36082475064799,11.020746522570116,0.525542655157282,1.4749860172198017
327,4,-0.8916307102832834,0.45276337802402633,45.3607869739541,11.020748248738863,0.49259649640058834,1.5085508696065941
328,4,-0.8958228999521403,0.4444112193918349,45.360749500592675,11.020750324019607,0.4637120783356355,1.534804217345213
329,4,-0.9000809840417553,0.43572264362369945,45.3607114474643,11.020750044996015,0.44450698134318695,1.5542830947699084
330,4,-0.9043412287060955,0.4268101944217706,45.360672826573015,11.020747942595255,0.43412171832937363,1.567615599362387
331,4,-0.908546267840973,0.4177842495741539,45.36063533887964,11.020747775599968,0.43020395773524645,1.5693349675420114
332,4,-0.9126460851955566,0.4087506858431247,45.36059603694671,11.020747181562939,0.43163883453432816,1.5695001741491486
333,4,-0.9165985794445812,0.3998087594840509,45.36055659371454,11.020741639871458,0.44050509098277946,1.561053193480069
334,4,-0.9203697425521427,0.3910492769389845,45.36051941943203,11.020738191410889,0.4512785613202801,1.545690809594148
335,4,-0.923933501359444,0.3825531140451981,45.36048050711036,11.020738009748444,0.47119873302792836,1.5299469299084918
336,4,-0.9272712851099989,0.37439012247981523,45.36044230736234,11.020731342374742,0.49336918691700377,1.5058155081131543
337,4,-0.9303713875253515,0.36661844099029184,45.36040317944775,11.020729445084323,0.519878005860723,1.480249197390257
338,4,-0.9332281917228955,0.3592842080771356,45.36036705421893,11.020724887071372,0.5481013464311936,1.44899199244405
339,4,-0.9358413209142344,0.3524216538033677,45.36032781615718,11.020726925991168,0.5794145420774908,1.4195777106723488
340,4,-0.9382147689228197,0.34605353252798887,45.36029098679518,11.020723199154295,0.6095246316010141,1.3910948334969337
341,4,-0.9403560536632963,0.34019184637317773,45.360255934782714,11.020723769093133,0.6416936432233271,1.358379486298539
342,4,-0.9422754252518727,0.3348388014648281,45.36021864549993,11.020721945626818,0.6727926159607277,1.325188092512317
343,4,-0.9439851495188625,0.32998793536711424,45.360182179954684,11.020722841908727,0.7032660042767737,1.293508421115062
344,4,-0.9454988781828483,0.32562535428767725,45.36014502859925,11.020725349667147,0.7342494928007166,1.2655858176821932
345,4,-0.9468311092805037,0.3217310219712281,45.36010938532201,11.020726369364118,0.7636150466679056,1.2357766295479282
346,4,-0.9479967357718375,0.3182800480173723,45.360075850212425,11.020730356537818,0.7915628559159749,1.20859277859221
347,4,-0.949010676455517,0.3152439309065952,45.360039725882274,11.020733099503195,0.8170041181017292,1.1834201130086726
348,4,-0.9498875811652828,0.31259171957677995,45.36000552329227,11.020738119523523,0.8402585927021612,1.1577511493670583
349,4,-0.9506416013231047,0.3102910663132975,45.35997042875698,11.0207431980079,0.8614153427691321,1.1392547587235882
350,4,-0.9512862169266065,0.30830915245166696,45.35993710436592,11.020749585555837,0.8804172095481779,1.1195855188766686
351,4,-0.9518341116085232,0.30661347651141085,45.35990383266858,11.020754079075978,0.8964194185129645,1.1006494346389601
352,4,-0.9522970882478872,0.30517250157017056,45.35986776263228,11.020761321492468,0.9125435790946207,1.086617515938535
353,4,-0.9526860185345529,0.30395616474876996,45.35983513215258,11.020771055578738,0.927717922716664,1.072401665402015
354,4,-0.9530108207621342,0.3029362565132861,45.359802022703185,11.020778827768417,0.9393480570512367,1.0622163206587438
355,4,-0.9532804608836517,0.3020866810990721,45.359769334321555,11.020785751099845,0.9487431726212769,1.050893366961465
356,4,-0.953502972490626,0.30138361178328943,45.359735181414706,11.020794409596748,0.9556924388853096,1.0448074701032422
357,4,-0.953502972490626,0.30138361178328943,45.35970006,11.02079678,0.9593339603774796,1.043505608282243
358,4,0.18563850809759755,0.9826181070544641,45.35970097987769,11.020801713891464,0.5004664189561271,1.4984867806641933
359,4,0.18563850809759755,0.9826181070544641,45.35970573864147,11.020808113479301,0.9793109492417891,0.999886021454249
360,4,0.18563850809759755,0.9826181070544641,45.35970215162911,11.02081559355803,1.0074563184430028,0.9897152246573631
361,4,0.18563850809759755,0.9826181070544641,45.3597032872035,11.020822489338343,0.9948251203959739,1.0166276959771199
362,4,0.18563850809759755,0.9826181070544641,45.359706859460374,11.020828417882631,1.0066084505037967,0.991273615654463
363,4,0.18563850809759755,0.9826181070544641,45.35970630618095,11.020832889284565,0.9927526822943147,0.9809312630867849
364,4,0.18563850809759755,0.9826181070544641,45.359708312006454,11.02084196736781,0.99965461605651,0.9883842422046186
365,4,0.18563850809759755,0.9826181070544641,45.359711450376544,11.02084625901129,0.9885120269550417,1.0111173762263808
366,4,0.18563850809759755,0.9826181070544641,45.35971306273975,11.02085561413306,1.004591725443643,1.000338834313619
367,4,0.18563850809759755,0.9826181070544641,45.3597113824255,11.020860147654343,0.9833691676210162,1.0082492882923788
368,4,0.18563850809759755,0.9826181070544641,45.35971336899955,11.020866229858592,1.0000642458087368,0.9940256326115273
369,4,0.18563850809759755,0.9826181070544641,45.35971405386748,11.020874391743924,0.9915799258561884,1.0161727398259102
