,Sin,Cosin,Lat,Lon
0,0.9578620276012995,-0.28722871736566896,45.35967043379511,11.020605184753599
1,0.9548082809363715,-0.29722238585835187,45.35970131568662,11.020597605628128
2,0.9563842682871245,-0.29211150503343986,45.359737349419404,11.020576702458097
3,0.9463104095941176,-0.3232593520593232,45.3597590144935,11.020574751712045
4,0.9501714562171586,-0.3117277719263464,45.35979407571859,11.020568821077154
5,0.9602340765112894,-0.2791962003797887,45.35983330478669,11.02056650819152
6,0.9542989041696766,-0.2988538129262442,45.35985222486914,11.020554414453715
7,0.9558886087713249,-0.29372941225083493,45.35989862063972,11.020545228813779
8,0.9511895970700245,-0.3086071133751853,45.359929169543356,11.020523267428342
9,0.9573665561220929,-0.2888758854922362,45.35995502542955,11.020510251898786
10,0.9542371905412284,-0.2990508053625396,45.35999663160725,11.020493642487322
11,0.9511185233975588,-0.3088260909477169,45.360029346266856,11.020490817478466
12,0.9585280563565465,-0.28499818451586906,45.36005256304232,11.02047646836804
13,0.9543876450036044,-0.29857029836283766,45.36008322159316,11.020471517102177
14,0.9478365230899527,-0.31875684384299824,45.36012010252701,11.020459033898847
15,0.9591738822480405,-0.28281701436303675,45.36015285202634,11.020457592278154
16,0.9462470255924326,-0.32344484314558825,45.36018941634205,11.020442963821427
17,0.9486627390401391,-0.3162894363662198,45.360224129153366,11.020433662695542
18,0.9526648905879717,-0.30402237786223574,45.36024922548777,11.020422844630316
19,0.9583274300796131,-0.28567207906444814,45.360281668205786,11.020412549320726
20,0.9456347483653322,-0.32523056849569765,45.360316497652335,11.020403444961884
21,0.9538802555525395,-0.3001873715981768,45.36034333318933,11.020388933048938
22,0.9453808361912053,-0.3259679041906081,45.36039433846455,11.020382301607526
23,0.9601912660268505,-0.2793433955649465,45.360414147699295,11.020366060812622
24,0.9520651047817835,-0.3058954662247409,45.36045005523051,11.020371143183034
25,0.9440121661388375,-0.3299106396918108,45.36047508341078,11.020343881496458
26,0.9640253595568099,-0.2658102822152736,45.36051774584334,11.020338404531447
27,0.9586626015676488,-0.2845452799741148,45.3605433304803,11.020327608259748
28,0.9522378584507555,-0.30535726769330224,45.36058415348882,11.020309068779746
29,0.9550117734773598,-0.29656788855105015,45.360603752131965,11.020317125174483
30,0.959148268952257,-0.282903867357604,45.360642179631235,11.020299763088358
31,0.9582545497066514,-0.2859164527733631,45.36066668572823,11.020286259744347
32,0.9604133860441693,-0.27857876427892614,45.36070460058876,11.020285688602817
33,0.9544238698840823,-0.29845447993872065,45.36073113700056,11.020255809483523
34,0.9564661687324618,-0.2918432251573537,45.3607613009781,11.020258697975846
35,0.9447712641415132,-0.327730466164571,45.36080329299467,11.020244866647557
36,0.9568016180106579,-0.29074157558248737,45.36082250560468,11.02023750490738
37,0.9535579260524844,-0.3012096971587814,45.360861948145605,11.020224046505282
38,0.9609828169357149,-0.2766080721061813,45.360893765234835,11.020212241790155
39,0.9620146801459404,-0.272997720107154,45.360929502101364,11.020211369834515
40,0.9587785105809191,-0.28415447849406555,45.360956390087196,11.02019428191367
41,0.9512491246157705,-0.30842357711065216,45.36099882956061,11.020189703643334
42,0.9575180207903731,-0.2883734382041568,45.36102313927607,11.020176187865362
43,0.9507087137186664,-0.310085378016118,45.361061348517964,11.020170748588432
44,0.9502502365312593,-0.3114875406373195,45.3610832054882,11.02015334016681
45,0.9545486065671771,-0.29805529302574135,45.361119847756875,11.020153259371167
46,0.9580003426373103,-0.2867670544305884,45.36115192723343,11.020140962504382
47,0.9539047013179623,-0.30010968128917304,45.36118791618684,11.020122985751803
48,0.9618419625701156,-0.27360562684138734,45.361221496023795,11.020109964630961
49,0.9597478166085265,-0.28086318469170396,45.361251576457185,11.02010565745069
50,0.9609176375584803,-0.2768344159042175,45.36127993776082,11.020088580176735
51,0.9507531496600811,-0.3099491061633111,45.36132002517089,11.020077783628219
52,0.9488594187520483,-0.3156989126454588,45.361356830694675,11.020075392865207
53,0.9465748248787696,-0.3224842645862377,45.361376911710174,11.020056867187282
54,0.9463848758468958,-0.3230412771895499,45.36142483234893,11.020050161738089
55,0.9565376186451837,-0.2916089575383463,45.36144226969509,11.020044746427097
56,0.9481778956854526,-0.31773995363112095,45.36147254915584,11.020037676889473
57,0.9525287659526164,-0.3044485999849332,45.361524899520354,11.02002688935516
58,0.9581071909508391,-0.2864098647887193,45.36153593572689,11.020007788548728
59,0.9513560583940336,-0.30809357370280904,45.3615700396725,11.020001938978941
60,0.9548018953078631,-0.2972428985131731,45.361605702623706,11.019982144730053
61,0.9573234283673503,-0.2890187770699036,45.361635016407156,11.019982025789737
62,0.9448506612419749,-0.32750149305095205,45.36168153426221,11.019974485238704
63,0.9515015948575976,-0.30764381187250994,45.36171018385854,11.019959756278736
64,0.9548118013818235,-0.29721107641202943,45.36173285896986,11.01995209066681
65,0.9612688571865339,-0.27561238035199925,45.36177250319283,11.019950858647581
66,0.9609106466070764,-0.27685868098575195,45.36179697658159,11.019935605507392
67,0.9521739963282946,-0.3055563462214535,45.36182941264581,11.019924045983638
68,0.9529871644895709,-0.30301066700386553,45.361866752745414,11.019911439213933
69,0.9491088519127487,-0.31494822942963796,45.36189617407299,11.01989479520792
70,0.9548194048489003,-0.2971866486301023,45.361922713527285,11.01989146791003
71,0.9570908688065214,-0.28978797222655395,45.36196189428865,11.019882955242364
72,0.9486566390615326,-0.3163077317494421,45.36199076022086,11.019862787591446
73,0.9546595741223296,-0.29769967674919007,45.36203104761967,11.01986341889767
74,0.9440642578997543,-0.3297615455995226,45.36205795296019,11.019847851112088
75,0.9564430475104836,-0.29191899025047835,45.36209044112781,11.019835115411452
76,0.9471531665129685,-0.32078166899693156,45.36212124643151,11.019828432342928
77,0.9654428973043949,-0.2606146811760527,45.362151526409754,11.019819746701732
78,0.9487780518895215,-0.31594336241282933,45.362189243749,11.019808715231411
79,0.9615637098693197,-0.2745819219510833,45.362224581096456,11.019801220399984
80,0.15232714887455723,0.9883301268886568,45.36225207553688,11.019788124737811
81,0.13194443990450394,0.9912571133557059,45.36225031898215,11.019794298712727
82,0.11333673911115182,0.993556633296588,45.36226006687175,11.019795343601105
83,0.1099091475795767,0.9939416377626661,45.36226526608897,11.019807870516853
84,0.10609258481909399,0.994356255798898,45.362249067257586,11.019805200591815
85,0.10040867625420745,0.9949462788175438,45.36225281553911,11.019815794661731
86,0.10488515418339944,0.9944843409686874,45.362256242715986,11.019824086415161
87,0.12014004487254507,0.9927569539509773,45.362249232260346,11.019824347006836
88,0.1465261483969944,0.9892067973057717,45.362246460632996,11.019836979006504
89,0.11836893877586835,0.9929696844985121,45.362255828799164,11.019844161146109
90,-0.9569324941360967,0.290310526275692,45.362260675008166,11.019847253868651
91,-0.9465973715560511,0.32241807666936956,45.36222543679481,11.019861417411201
92,-0.9596182709672159,0.2813054816847533,45.36219145727579,11.019868204137131
93,-0.9636096622505683,0.2673133345296221,45.36216558826137,11.019880488345496
94,-0.9558539497515072,0.29384217999539003,45.36213569026616,11.019899524190484
95,-0.9612543394045424,0.2756630098071498,45.36210106746739,11.019897459841824
96,-0.9536127836135784,0.3010359761370103,45.36206302094835,11.019907985783762
97,-0.9632652516370392,0.26855177338575026,45.36203505243598,11.019908042454917
98,-0.9499390845843305,0.31243517020189043,45.362002313066775,11.019929359131629
99,-0.9470867831428856,0.32097760855869806,45.36196699741758,11.019940036024172
100,-0.9529550970152793,0.3031115027058518,45.36193227642666,11.019944994267039
101,-0.9486183546819752,0.31642252947674615,45.36191315945885,11.019953284450049
102,-0.9591380573193128,0.28293848625051826,45.36186876879394,11.019962816533916
103,-0.9542226875570382,0.2990970788079065,45.36183785463234,11.019970873119824
104,-0.9540752867326575,0.29956693283137475,45.361809882474574,11.019986792582008
105,-0.9585119461125189,0.2850523621364884,45.361775050501656,11.020004743116818
106,-0.9587716431956013,0.2841776490225905,45.361748617433314,11.020014258407373
107,-0.9499024245125115,0.3125466107723013,45.36171750835975,11.020020293926285
108,-0.9599567434287715,0.28014826564808115,45.361676093315,11.02002818384177
109,-0.9550471070952861,0.29645408283396135,45.36165586282141,11.020038802797673
110,-0.9622270218961085,0.27224833944938204,45.361610977459804,11.020054197441581
111,-0.9479207023309318,0.31850642394217554,45.361584074155196,11.020056348376746
112,-0.9478252406406434,0.31879039070289794,45.3615496979598,11.020068259090591
113,-0.9492999081183603,0.3143718887662712,45.36152171809176,11.0200766715341
114,-0.9577014757924937,0.28776358919237804,45.361488485931716,11.020089346420788
115,-0.9475654180628987,0.3195618539364233,45.36145731293719,11.020103862652414
116,-0.9532568159705281,0.30216128608034937,45.36142106079149,11.02010465000217
117,-0.9625989190696237,0.27093047264195297,45.36139333235009,11.020120645269209
118,-0.9539341143337818,0.30001617541429887,45.36135761006084,11.020127927612021
119,-0.9540175904293132,0.2997506249392103,45.36132952737547,11.020142361350628
120,-0.9569558618960657,0.29023348942318467,45.361294878670954,11.020143036067516
121,-0.9493462706830391,0.3142318544326878,45.36127009544633,11.020171556291668
122,-0.9518386263069349,0.3065994609749453,45.361228964172554,11.020173961933812
123,-0.9516382347972498,0.30722088156890387,45.36120356958047,11.020182640303284
124,-0.9561417118629861,0.2929044670805116,45.36116241171497,11.020188643770451
125,-0.9538029244643225,0.3004329896720832,45.36113337989104,11.02019853276596
126,-0.9475504090991915,0.3196063550931907,45.3610968259153,11.02022163105858
127,-0.950446205658533,0.31088906405548844,45.36106657723381,11.02021592774142
128,-0.9571555431061168,0.28957428459936574,45.361035293413366,11.020232054817281
129,-0.9441542167986409,0.32950389208831055,45.361013229921554,11.020248598972698
130,-0.9513912414289254,0.30798491153354934,45.36096857567763,11.020250845731162
131,-0.9490318037699603,0.3151803220906019,45.360944293554766,11.02026525600041
132,-0.9565420748692913,0.2915943398023205,45.3609019971803,11.020273203048207
133,-0.9417327263649091,0.3363621145333035,45.36086787546302,11.020285658539342
134,-0.9553834474970276,0.29536836027017904,45.36084746838274,11.020289572038038
135,-0.9601090076132354,0.27962598859892895,45.36080833679394,11.020306952958697
136,-0.95817871102973,0.28617050464610305,45.36077572686366,11.02030745994301
137,-0.9505284503619212,0.3106375139170487,45.36074389979456,11.020331393359752
138,-0.9592821924103249,0.28244942082511065,45.36071142403602,11.020334425263904
139,-0.9403550222405435,0.34019469741162484,45.3606870535491,11.020339588232451
140,-0.9597587336279892,0.28082587705693784,45.36065077222825,11.020358224799873
141,-0.9492448724224682,0.31453802978281026,45.36061837953112,11.020361937025251
142,-0.9606718866575462,0.2776860208685895,45.36058565454625,11.02037166386555
143,-0.9480842635986847,0.3180192275893703,45.360555296924794,11.020383792014536
144,-0.9520182038518974,0.3060414016674985,45.36052649094533,11.020402941042034
145,-0.9486963849731133,0.3161885025407256,45.36048331163902,11.020407173077823
146,-0.9627702255795649,0.27032109192120707,45.3604584200437,11.020411134837016
147,-0.9519014613844223,0.30640432081516267,45.36041503384296,11.02043230981769
148,-0.9522727747641578,0.30524836190055377,45.36039214054016,11.020417453016295
149,-0.9639056688935294,0.2662439886174294,45.3603593908541,11.020448579678254
150,-0.9516585142373669,0.3071580574875536,45.36032474122089,11.020458902671267
151,-0.9438038179712998,0.3305062074799772,45.36029734648537,11.020466546640105
152,-0.9557136752383256,0.2942980988087627,45.36026069445226,11.020471098376015
153,-0.9501594039888155,0.3117645056955954,45.36023056217642,11.020486606630188
154,-0.957612843893528,0.28805839895783214,45.36019744532202,11.020501761232756
155,-0.9581502705250479,0.28626571414121094,45.3601675911539,11.020509280425962
156,-0.9522746615526512,0.30524247568905566,45.360126362482205,11.020514578475458
157,-0.9522849370029214,0.30521041718352604,45.3601025886675,11.020513453755767
158,-0.9557483257181312,0.29418555009889413,45.36006747355572,11.020532038135286
159,-0.9549242573183415,0.29684956254812606,45.36004233844791,11.020549443115145
160,-0.957033005490619,0.2899790102776283,45.36000986142795,11.020553987537134
161,-0.9565760080134883,0.29148300275141054,45.35997596818248,11.020570926364131
162,-0.9538982154231271,0.30013029605918373,45.35992833965083,11.020580902496484
163,-0.9480613079995037,0.31808765501708836,45.35991035790261,11.020585641526704
164,-0.9597816214366836,0.2807476431822193,45.359875335029734,11.020596000964726
165,-0.9498890168884805,0.31258735674149735,45.35984984932397,11.02060520071842
166,-0.9544558855892356,0.2983520780287414,45.359811533387074,11.020617529730519
167,-0.9583889194220532,0.28546572321213864,45.359776530448634,11.020624217462018
168,-0.9527888090909791,0.30363380126559353,45.35975379671588,11.020645642321565
169,-0.9570645618013558,0.2898748428959968,45.35971198952122,11.02065037072353
170,0.14796759701348516,0.9889922093899703,45.359683233158286,11.020660162339803
171,0.1275547953491913,0.9918315251006221,45.35968716724455,11.020664949994714
172,0.11999591426193397,0.9927743855279721,45.35968088496359,11.020678499124362
173,0.12758452318125602,0.9918277014908444,45.359698173586565,11.0206917882546
174,0.14691677541740694,0.9891488568971564,45.359691938365685,11.020694175354382
175,0.12622030123916766,0.9920022356603304,45.35968948529754,11.02070833543492
176,0.11230312238268972,0.9936739951830774,45.35968868428001,11.0207005775171
177,0.13218432475295888,0.9912251531764135,45.35968551156486,11.020716544688547
178,0.1423518196166792,0.9898161240613432,45.35969860833639,11.0207201256168
179,0.14299240379276004,0.9897237859410919,45.359695625543566,11.020738118750543
180,0.950611161949617,-0.31038430820001045,45.35969758234294,11.020741993472507
181,0.9566226585350943,-0.291329863174458,45.35972919678023,11.020733398506096
182,0.9497628836481357,-0.312970389724616,45.35976216664791,11.020721408121183
183,0.9583890842651185,-0.28546516978690684,45.359795161712235,11.020704881050596
184,0.9572071877773856,-0.28940352393726826,45.359824151161895,11.02070128563115
185,0.9455460860948096,-0.32548824720838526,45.35985711597743,11.02068643566399
186,0.9612495086880722,-0.27567985426385405,45.359890905735774,11.020690742812016
187,0.9640699810513227,-0.2656483985189864,45.35991244845858,11.020669478396126
188,0.947786341340542,-0.31890602247105615,45.35995812285307,11.020659454925436
189,0.956132908773061,-0.29293320187572686,45.35999263482501,11.020651511431003
190,0.9558636457077638,-0.2938106376805688,45.360019790898384,11.020641292494382
191,0.9561971912176563,-0.29272330195504537,45.36005517191434,11.020631502974906
192,0.9548922218888868,-0.2969525965134923,45.36008498570504,11.020622528479468
193,0.9609635037163881,-0.2766751606579878,45.36011376200402,11.020604161182337
194,0.9492863256641161,-0.3144129003509903,45.36013456369695,11.02059773428221
195,0.9541989244638441,-0.2991728807095374,45.360185819286855,11.020586690682
196,0.9500651251961043,-0.31205169104831115,45.360214209838226,11.020577823552074
197,0.9495535211967434,-0.3136050228916395,45.36024442988614,11.020576930118546
198,0.9517909382188043,-0.30674746930426056,45.36027692216162,11.020566764597808
199,0.9542047271771137,-0.2991543725785234,45.36030619596347,11.020543063336037
200,0.9533007158284491,-0.30202275609789164,45.360341799377814,11.020544336205777
201,0.9491803946651695,-0.3147325505620178,45.36037016834047,11.020516430452266
202,0.9566906920940067,-0.2911063717280859,45.36039227898985,11.020504111140433
203,0.9504113455765522,-0.3109956176529946,45.36043503265291,11.02050995433295
204,0.9548918618080371,-0.2969537544008842,45.36047043568046,11.020493387242153
205,0.9552922952664737,-0.29566303557345874,45.360505219852385,11.020483996711599
206,0.9506803802996605,-0.31017223362721064,45.36054319487133,11.020465232491178
207,0.9618418168581043,-0.27360613908152864,45.36056410567236,11.020460051048914
208,0.9591541678769094,-0.28288386706271074,45.360595315474285,11.020449641060214
209,0.9572916592171995,-0.2891239858489454,45.36062639689912,11.020440789937863
210,0.9528138601611725,-0.30355518095523526,45.36066356341769,11.020437493730427
211,0.9545287217086722,-0.298118968590072,45.36069817838632,11.020411641293082
212,0.9540724856679306,-0.2995758536521534,45.36072707867809,11.020405335316703
213,0.9535663871303052,-0.3011829100982606,45.36076247024142,11.020402411454016
214,0.9549322683398676,-0.2968237909657431,45.36078872147883,11.020398755482303
215,0.9497188181114093,-0.3131040825748969,45.36081654320904,11.020379507910537
216,0.9466843779483874,-0.3221625188448755,45.36086026365953,11.02037470878199
217,0.9483351960502504,-0.317270162373226,45.360887801913314,11.020361193612212
218,0.9521750824724968,-0.3055529615606661,45.360927591432656,11.020354920735857
219,0.9523009472825338,-0.30516045911092216,45.36094928007669,11.020341468429043
220,0.9554762411906469,-0.29506804727078273,45.360977112140866,11.02033433221774
221,0.9464015912164512,-0.3229923035351913,45.36101860423592,11.020323583719849
222,0.9574493641297601,-0.28860130825676805,45.36104324167033,11.020304655204644
223,0.9525680855719462,-0.3043255532317284,45.36107829647739,11.02029915265189
224,0.9495451224210377,-0.3136304521031344,45.3611103123972,11.020290812227982
225,0.9590331124402521,-0.28329399789470083,45.36114926684151,11.020274485347413
226,0.9414302475971473,-0.3372077829902118,45.361183842361015,11.020270683138003
227,0.9476784744245922,-0.31922642295442516,45.36121059940027,11.02026105065906
228,0.9363875149687535,-0.3509678358634057,45.36124068532038,11.020242731367635
229,0.9515306999244443,-0.30755377920177995,45.36126978428564,11.020243778601186
230,0.9528527659639703,-0.30343303444880754,45.361300366003505,11.020222009946094
231,0.9504892609813514,-0.31075740499483595,45.36132770019318,11.020216667995731
232,0.9563460432322496,-0.2922366260310643,45.361374414542595,11.020204878405996
233,0.9555874206634033,-0.29470778997146313,45.36139749218574,11.020196605577345
234,0.9513120902957207,-0.30822930888737105,45.361435072254864,11.020172703150722
235,0.9546040510829223,-0.29787766894494344,45.36146596028961,11.020179077242933
236,0.9621942750335698,-0.2723640524970634,45.36150284193534,11.020165700124199
237,0.9461731009223061,-0.32366103115924777,45.36152493819165,11.020158760109776
238,0.9474310745493744,-0.31995993339513285,45.361562052175046,11.020139946017743
239,0.9520845484407595,-0.3058349434259517,45.36159530221022,11.020128991818417
240,0.939991065594114,-0.34119905715467896,45.361634754239226,11.020126140904821
241,0.9556890081333734,-0.29437819167365104,45.36166025920183,11.020115423241913
242,0.9504255778855564,-0.3109521199492075,45.36169084219437,11.020107927803124
243,0.9506719972405939,-0.3101979265929741,45.361728691386006,11.020089954053713
244,0.9541432509357919,-0.29935039117007767,45.36176112637474,11.020084719930653
245,0.9573176831002926,-0.2890378065642759,45.36178624612726,11.02007732333466
246,0.9518677783103475,-0.30650894377574534,45.36182753558909,11.020059328779242
247,0.9601935813964122,-0.2793354367872641,45.361854261802975,11.020051896239321
248,0.9457238218886322,-0.324971464458587,45.36188113630458,11.020043792054096
249,0.9585279944731555,-0.28499839264681875,45.36192179245482,11.020033449338822
250,0.953686576830094,-0.30080211630588194,45.36194853440987,11.020013661673103
251,0.9591340956156272,-0.2829519157517632,45.36197918234327,11.020011184098436
252,0.9535258126893097,-0.3013113415309677,45.362015996411614,11.019998358618336
253,0.9564208719572973,-0.2919916363261851,45.36204776388082,11.019991832623274
254,0.9555053267678322,-0.29497384717682734,45.362075853237705,11.019977849205425
255,0.9567369379347321,-0.29095434623196903,45.36211320743472,11.019969382091588
256,0.9544319730285631,-0.29842856575871607,45.36213834449054,11.019954937064835
257,0.9452883008318891,-0.3262361542048337,45.36217278494925,11.019940865366348
258,0.9496906185940583,-0.3131896054380393,45.36221480279035,11.019938059136422
259,0.948626415729863,-0.31639836184707604,45.362233289567556,11.019927046526705
260,0.13974475499364025,0.9901875597338958,45.36227071804345,11.019918650571503
261,0.16475017189351013,0.9863353288111801,45.36227834806525,11.019930195463985
262,0.14660017466068603,0.9891958293429347,45.362278475212015,11.019932847850006
263,0.1375867828776878,0.9904897158362463,45.36227958594966,11.019941697294685
264,0.1247966306311205,0.9921823426080105,45.36227824569039,11.019942194444326
265,0.1345334580794354,0.9909090516577134,45.362280697633054,11.019958091067226
266,0.14042595236885239,0.9900911836297205,45.362281565817156,11.01995650872872
267,0.12010506681505886,0.9927611862504246,45.36227971167517,11.019968312407245
268,0.14361475060243012,0.9896336713195453,45.36227559200026,11.01997539573476
269,0.13846269833657424,0.990367649496567,45.362300002584014,11.019983240002755
270,-0.9510824121557798,0.30893728374533147,45.36229095503706,11.01998343560667
271,-0.959704275043214,0.2810119293976308,45.36226118053293,11.020003259364316
272,-0.9556644892356786,0.29445777967971853,45.362220572444855,11.020003144011632
273,-0.9447857643913102,0.3276886623054384,45.36219096579259,11.020003463764976
274,-0.9554127794937103,0.29527346778893454,45.362165039345385,11.020018922441585
275,-0.9502049195644632,0.3116257544483319,45.36212733970788,11.020029924896969
276,-0.9456784767608553,0.3251033967698101,45.3621031084489,11.020036687948613
277,-0.954679753204218,0.2976349590050424,45.36205934710074,11.020042818946092
278,-0.9562092113614725,0.2926840345961337,45.36203542026531,11.020063313488802
279,-0.9500019144502734,0.31224407526935627,45.36199586775136,11.020079902776269
280,-0.9526071685255526,0.3042031927408543,45.36197135596493,11.020087862671241
281,-0.94765373467078,0.31929985775838193,45.361939746987446,11.020093332957794
282,-0.9528825804982607,0.30333939372092067,45.36190468974263,11.02009690501023
283,-0.9581515314676453,0.2862614936490864,45.3618736818566,11.020117865047967
284,-0.953048237831967,0.30281852051250496,45.3618337215661,11.020114738095721
285,-0.9527941578204666,0.3036170166890976,45.36180637598794,11.020127243858495
286,-0.9539221591881855,0.30005418545614426,45.3617726988874,11.020146038254984
287,-0.9580774500947586,0.2865093360083147,45.36173782879062,11.020152244289921
288,-0.9516641298247466,0.3071406583389897,45.36170950751545,11.02017298215424
289,-0.9535855246759873,0.301122312571523,45.36167981123303,11.020178763455585
290,-0.9498139095202192,0.31281550038627715,45.36164455656041,11.02018693298584
291,-0.960101475751182,0.2796518483049996,45.361607436590134,11.020199322802997
292,-0.9426573068536312,0.333762193538242,45.36157923704579,11.020203006859141
293,-0.954542439248051,0.2980750436960143,45.36154540766376,11.02022011153226
294,-0.9570185434928269,0.29002673568288195,45.36151570162104,11.020227072083632
295,-0.952307699665318,0.3051393864419184,45.361482516304505,11.020244297826775
296,-0.9525809196840344,0.3042853783110835,45.36144625017743,11.02024227539121
297,-0.9538205932314673,0.3003768898027475,45.36141756304169,11.02026030738991
298,-0.9591961784275416,0.28274138588116127,45.361387794837654,11.020266026963846
299,-0.9529005893590023,0.30328281652488326,45.361344393455724,11.020282645920974
300,-0.9475134104140656,0.3197160256939065,45.36132116706656,11.020291880749427
301,-0.9563817204048087,0.2921198467676209,45.361288032723294,11.020302432818177
302,-0.9550388145962515,0.29648079636729724,45.36126632122768,11.02030459656262
303,-0.9588338282268775,0.28396776198679835,45.36122980872003,11.02032207623827
304,-0.9551582423895385,0.29609581556538006,45.36119342387871,11.020329393202191
305,-0.9458990256923161,0.324461142811165,45.36115388856656,11.02033199652812
306,-0.953006667769663,0.30294932115217404,45.361123022448325,11.020359113839275
307,-0.9571685723797462,0.28953121429047785,45.36109811370573,11.020351698299898
308,-0.9491164819952331,0.3149252349447283,45.361067200915095,11.020372610235723
309,-0.9541154321871752,0.29943904565416973,45.36103801602601,11.020384229925767
310,-0.9598145106578095,0.2806351815626644,45.360987703648576,11.020395659823913
311,-0.9599344286902062,0.28022471806606836,45.360954927950154,11.020401659672451
312,-0.9554542999394648,0.2951390870880832,45.36093549537427,11.02040901605689
313,-0.9486347880063247,0.31637325895877383,45.36090520733744,11.020430270451655
314,-0.9585286775391647,0.28499609529784803,45.36085950901475,11.020435478690956
315,-0.9596912494329397,0.28105641028420464,45.360832193337636,11.020446736068982
316,-0.9573177420469983,0.28903761132772493,45.360798821602394,11.020455098018832
317,-0.9485749794865841,0.3165525363853947,45.36076665791224,11.020466880221987
318,-0.9560681130611602,0.293144611391157,45.360746416746736,11.02047337848784
319,-0.9586196840326185,0.2846898336527009,45.36070802461983,11.020479497106312
320,-0.949254060090935,0.3145103009455738,45.360682104571964,11.020498713910774
321,-0.947968972134799,0.3183627300261333,45.36064141229608,11.020506573022296
322,-0.9591518762116218,0.28289163713288834,45.36060664349473,11.02051191668718
323,-0.9666256166862456,0.25619312474368916,45.36057384140207,11.02052787096013
324,-0.9524387570112693,0.30473006767109195,45.360546765310936,11.020539070682496
325,-0.9623463072283625,0.27182638754163324,45.360497893495854,11.020555246581193
326,-0.9561537897609833,0.2928650377319038,45.360468819074754,11.020549784009658
327,-0.957089268703792,0.28979325687814195,45.36044496276244,11.020557992953911
328,-0.9509260140407113,0.3094183508143061,45.36041973948193,11.020572050678114
329,-0.9547762243721515,0.2973253459993934,45.360382003446944,11.02058765472286
330,-0.9510392587260331,0.3090701026657825,45.36034942406533,11.020609540045207
331,-0.9448635902508331,0.3274641901312352,45.36031949725651,11.020604862847037
332,-0.9548783331299011,0.29699725405980026,45.36028329029097,11.020620793324836
333,-0.949393480636353,0.3140891894433664,45.360249862931205,11.020623751323878
334,-0.9472696647364878,0.320437485744134,45.36021646472802,11.020632504838277
335,-0.9543737144382078,0.29861482412870627,45.36018638700563,11.020639292862706
336,-0.9532509933519875,0.30217965463189145,45.36015816657897,11.0206587800288
337,-0.9493524935565599,0.3142130534811401,45.360120860710445,11.02066985226118
338,-0.9466921679695255,0.322139626722885,45.3600878110174,11.020680276022716
339,-0.9513328663448881,0.30816517877920474,45.360058418884016,11.020691774915775
340,-0.9539987563045034,0.2998105618043847,45.36002844570151,11.020697736030185
341,-0.9524516365719436,0.30468980946435703,45.359991265260696,11.020716473020508
342,-0.9534160057928738,0.3016586148247102,45.35996001603585,11.020716337235973
343,-0.9590990962949184,0.2830705274066356,45.35992789501067,11.020726783530277
344,-0.9582119625756419,0.2860591455921949,45.35989140439266,11.020737825926787
345,-0.9550059466909583,0.29658665139366347,45.359869391173376,11.020750654806486
346,-0.9489880941739054,0.315311904494865,45.359833875117495,11.0207555587586
347,-0.9558177093389952,0.2939600423764358,45.35979875875198,11.020768729495673
348,-0.955761966532124,0.29414123024602856,45.35977324588529,11.02077225498096
349,-0.9543823955591298,0.2985870778295951,45.359733661606306,11.020789798059985
350,0.10418571108352363,0.9945578603610855,45.35970278424114,11.020800536471928
351,0.10280343520493966,0.9947016908149215,45.35971123443586,11.020811615847471
352,0.14271846880463596,0.9897633245690912,45.35970329533532,11.02080883409969
353,0.1375609868768423,0.9904932987605061,45.359705494075335,11.020815487078409
354,0.19651538244184158,0.9805007416946387,45.35970752772061,11.02082181618811
355,0.1509817382513581,0.9885365520377071,45.3597174149517,11.02083741170288
356,0.13626581023433523,0.9906723115951006,45.35971098127782,11.020841710915967
357,0.12852193908332155,0.9917066658918166,45.35971118228229,11.02085992498473
358,0.15506277664769197,0.9879046185226122,45.359714607034626,11.020861108219634
359,0.11767804102378658,0.9930518005929015,45.35971724149933,11.02087336002336
360,0.95220759436605,-0.30545162830081646,45.359722037092524,11.02087729735764
361,0.9505518430744031,-0.31056592476937217,45.35975093119275,11.020872906148117
362,0.9586414478496146,-0.2846165393380972,45.35978362259897,11.020872905588618
363,0.9540074838600071,-0.2997827892643242,45.35981575364456,11.020848624724236
364,0.9489364422672709,-0.31546731770047826,45.35984662370477,11.020835765655253
365,0.9352071084473316,-0.3541012063091299,45.359885541834096,11.020822679609468
366,0.9568951801488336,-0.29043349360556087,45.35991871153625,11.02081958173201
367,0.9548315187189743,-0.2971477256531118,45.35994729390122,11.020805840105215
368,0.9506996083236531,-0.310113293383648,45.359980225235866,11.020793570302702
369,0.9597093540470882,-0.2809945831408867,45.36000817251891,11.02078229873056
370,0.9542655134849073,-0.2989604150609011,45.360045049850704,11.020784357500665
371,0.9505293452369094,-0.3106347756505901,45.36007402559597,11.02076642559001
372,0.9580942536706346,-0.28645313941953876,45.360116871686024,11.020750023745535
373,0.9497402855381029,-0.3130389592782388,45.36014245431791,11.020749944287978
374,0.9512124846820754,-0.30853656020794745,45.36017202767543,11.020737835993469
375,0.96208366865248,-0.27275449494405246,45.36020069517321,11.020726544893504
376,0.9572914002844634,-0.2891248431757662,45.360232079378996,11.02071169111994
377,0.9545524841787502,-0.298042874345583,45.36027307305441,11.020697491923485
378,0.9484561049294944,-0.3169085310021992,45.36030435602582,11.020694914140496
379,0.9613453889432526,-0.275345316207751,45.36033586964881,11.020683866778384
380,0.9536257802660615,-0.30099480263277867,45.36036708014205,11.020674488065255
381,0.9579382653679435,-0.286974353808586,45.36039975966303,11.020666857329237
382,0.9428928360233073,-0.33309623200499344,45.36042393025216,11.020654639193125
383,0.9452950999534583,-0.32621645268744687,45.36046327284167,11.020648720959796
384,0.9484703168135064,-0.3168659939527858,45.36049230384407,11.020642436387964
385,0.9591867669646097,-0.2827733121777575,45.36053790767309,11.020621906816139
386,0.948380593087162,-0.3171344362500591,45.36056084147686,11.020611232378773
387,0.9469746800082579,-0.321308193831495,45.360586817785766,11.02060773589455
388,0.954188921985517,-0.29920478131225936,45.360620598967685,11.020589153241293
389,0.9547958666763501,-0.29726226295605973,45.3606545193714,11.020581002750651
390,0.9504790881131063,-0.3107885182236917,45.360690327345935,11.020574516247894
391,0.9557825739538781,-0.29407426158387173,45.36072510677398,11.020569385520625
392,0.9497462828859131,-0.313020763120262,45.36076471034996,11.020555928673062
393,0.9475017749261692,-0.3197505066638034,45.3607863132402,11.020539546379046
394,0.9542079784490841,-0.29914400188556706,45.360819431786354,11.020530220410631
395,0.958496872051635,-0.28510304499817546,45.36084951680485,11.020521332942653
396,0.9599732568662308,-0.2800916744597057,45.360880117634736,11.020500889778052
397,0.9453105479504896,-0.3261716847513667,45.3609179159063,11.020507871374418
398,0.956315906830026,-0.29233522939232814,45.36095415682452,11.020491328800714
399,0.95852427860113,-0.28501088984841133,45.36097880265532,11.020487152676923
400,0.9515342466874392,-0.3075428057701357,45.36101482091655,11.020478522136516
401,0.9598514169585888,-0.28050892563800756,45.361046338962936,11.020465114084356
402,0.9453740214283406,-0.32598766787780087,45.361080268587486,11.020455869847163
403,0.9430408846956554,-0.3326768549094384,45.36110386960921,11.020441374817013
404,0.961483190800119,-0.2748637368021142,45.36114562152141,11.02043534982446
405,0.9420874854055017,-0.3353672164096226,45.36116592683071,11.020419848831537
406,0.9556608939098648,-0.2944694480780616,45.3612058063407,11.020407971141632
407,0.9577164450751421,-0.2877137654555866,45.361232932883425,11.02040198167431
408,0.9556055221537807,-0.29464908964597214,45.36127329021741,11.02040209467943
409,0.951369307323274,-0.3080526595944823,45.36129519985764,11.020380906371438
410,0.9565534561712827,-0.2915570021226963,45.36134057276233,11.020379562195581
411,0.9460962874563988,-0.3238854965280462,45.36136601985574,11.020352433640216
412,0.9556549936639498,-0.2944885958490686,45.36140388093935,11.02034803722724
413,0.9474845217697604,-0.3198016275861153,45.36143325795803,11.020342015060148
414,0.9574696900108655,-0.2885338675277083,45.36146324326812,11.020328309360643
415,0.957164052180173,-0.2895461573118026,45.361496600185376,11.020321824530093
416,0.9537031691107498,-0.3007495057819923,45.361531094459345,11.020305783806515
417,0.9558854676429562,-0.29373963428350425,45.36156211840407,11.020297381866161
418,0.9560948239308122,-0.29305748182346275,45.361589816888475,11.020288104963681
419,0.9558123149184459,-0.29397758188379186,45.361632723062954,11.020274586546622
420,0.9547868527098922,-0.29729121395079733,45.361655712231986,11.020268696451792
421,0.9546317363139317,-0.29778893200091894,45.36169447923263,11.020261998075421
422,0.9542915277341973,-0.29887736631389733,45.361730034467065,11.02024217524129
423,0.9500466767952179,-0.31210785300976124,45.36175227397354,11.02023133760281
424,0.9505254179284739,-0.31064679279191015,45.361782611395604,11.02023215168237
425,0.9526672031700174,-0.3040151312093146,45.3618245931206,11.020210950314416
426,0.9612997228899586,-0.27550470553456763,45.36184157794462,11.020209289283532
427,0.9509915964536492,-0.3092167257354293,45.361886839480334,11.020192349745384
428,0.9645145526297938,-0.2640296910677825,45.36191417010928,11.020181644227243
429,0.9532271535155362,-0.30225484909372147,45.36195260737636,11.020187065800354
430,0.9556276476683047,-0.29457732263693087,45.36198288681811,11.020164109317347
431,0.9518338272955009,-0.30661435911580925,45.362003834037935,11.02015663183587
432,0.9498118172844175,-0.3128218530519762,45.36204747605737,11.020152624117637
433,0.9443225404494173,-0.32902118411913633,45.362069106293426,11.020140474192567
434,0.9517913670074835,-0.306746138834747,45.3621116630777,11.020126142041018
435,0.9534860830948795,-0.3014370404319692,45.36215089308724,11.020107600891093
436,0.9483565738902565,-0.3172062558638062,45.36216821772002,11.020103501720055
437,0.9460562690458608,-0.3240023700515567,45.36220405088481,11.020099355978267
438,0.9513453214259306,-0.30812672620367204,45.362242280413554,11.020084107730034
439,0.9604332088329991,-0.27851041519258984,45.36227276271048,11.02008165934098
440,0.11520932987384365,0.993341235583231,45.362303932775156,11.020066170011203
441,0.15203431702564688,0.9883752154149481,45.36230528720147,11.020071682409746
442,0.13765908657381365,0.9904796695963342,45.36230526630248,11.020070682891568
443,0.10575195722373289,0.9943925399676677,45.36228798191194,11.020077824169325
444,0.09982165502177406,0.9950053453066038,45.362307910356584,11.020089586077152
445,0.14281978208460888,0.9897487104539742,45.3622997289329,11.020088989227126
446,0.1647992720669581,0.9863271262244594,45.36230985520472,11.020094011511208
447,0.1485704841585317,0.9889018208279826,45.36229645269879,11.020099348640706
448,0.1509039401452788,0.9885484312104441,45.36229766485294,11.020098199973622
449,0.1442232966201917,0.9895451686062664,45.36229330073976,11.020109866406578
450,-0.9547665406751923,0.2973564406686468,45.36229698471719,11.020114016039859
451,-0.9616601020387499,0.2742441396763499,45.362262158560696,11.020122231271579
452,-0.953461939762857,0.30151339841481345,45.362229155150466,11.020140657593634
453,-0.9509672564814934,0.30929157295351845,45.362193383560964,11.020151908482683
454,-0.9573121487995134,0.2890561360027811,45.36216642888285,11.020155110780589
455,-0.949964895150128,0.31235668390864685,45.36213979200348,11.020156848067638
456,-0.95401193180231,0.29976863408106025,45.36209899721982,11.020170343699032
457,-0.9597214346807696,0.2809533196356385,45.36207383707556,11.020185449682224
458,-0.9451849485188772,0.3265354698855354,45.36204064969443,11.02019207203897
459,-0.9545840284133886,0.2979418277081396,45.36200818731312,11.02020892583855
460,-0.9520615839975348,0.30590642405171065,45.36197662875644,11.020217574525143
461,-0.9504224762333888,0.31096159999330053,45.36194907935125,11.02022777190385
462,-0.9607681982783066,0.27735260802281353,45.36190796611051,11.020240043164955
463,-0.9531762474869913,0.30241534555412036,45.36187959782976,11.020244347629223
464,-0.954018144468474,0.29974886159071557,45.3618421590461,11.020253630461802
465,-0.948191787120267,0.3176984967507311,45.3618094999404,11.020263924323052
466,-0.9583807782481809,0.28549305400379016,45.361787251649325,11.020283070917523
467,-0.9441302792842711,0.3295724741822416,45.36174387397885,11.020296133978889
468,-0.9475522829303997,0.3196007996131859,45.3617117625187,11.020283054101796
469,-0.950416741553592,0.31097912691152213,45.36168206737946,11.02030927709257
470,-0.9510667498261887,0.3089854970302812,45.36164870628507,11.020327875090233
471,-0.9517723055669577,0.3068052775878499,45.361619102712986,11.020323037002541
472,-0.9567206692369019,0.2910078367585564,45.361584056841004,11.020337875024243
473,-0.9540879231115306,0.2995266849092518,45.361554827516166,11.020342071201588
474,-0.9582075737865595,0.28607384630209587,45.36150883575912,11.020365103109572
475,-0.9449307160569903,0.3272704414578614,45.361494662864985,11.020371695536014
476,-0.9407679331012001,0.3390511702508869,45.361457496267406,11.020383115409214
477,-0.952554006140913,0.3043696196812315,45.36143043208112,11.020393427934154
478,-0.9538058268869831,0.30042377501862005,45.36138914862645,11.02040187615062
479,-0.9563437576374987,0.2922441055484081,45.36135834786767,11.020409252322303
480,-0.956948444714181,0.2902579441791561,45.36132805126586,11.020425562038502
481,-0.9706108769985917,0.24065436927682124,45.3612948538699,11.02043298529334
482,-0.9532539356732929,0.3021703726763722,45.361267619955775,11.020443905983647
483,-0.9494246102274378,0.31399507877429816,45.361230887614504,11.02044860378355
484,-0.9542769757225238,0.2989238257581248,45.3611980350896,11.02046477216331
485,-0.9595107110471642,0.2816721416572206,45.361166405325754,11.020477788436208
486,-0.9580574813499726,0.2865761023346974,45.36113681573729,11.02047811176257
487,-0.9596055333467569,0.2813489299256105,45.36110058929021,11.020495711214352
488,-0.9509621082049656,0.30930740171933696,45.3610655595258,11.020503085163554
489,-0.9517687019582346,0.30681645648944117,45.361035797589636,11.020511308547738
490,-0.95929391943944,0.28240958929632193,45.36100074723542,11.020528464737042
491,-0.9530955461293541,0.3026695887405741,45.36097365584281,11.020538913492507
492,-0.9554715224868721,0.2950833267343627,45.360943295924336,11.020540525589908
493,-0.9583156495358215,0.2857115955902673,45.36090074657622,11.020552517685466
494,-0.9565186769846752,0.2916710828647342,45.36088331760007,11.0205608010685
495,-0.9571982803330286,0.2894329838278507,45.36084182237483,11.020584029049903
496,-0.9620964859802279,0.27270928048839316,45.36080501989056,11.02058780535635
497,-0.961834082746514,0.2736333263094463,45.36078291029014,11.020594439971271
498,-0.9559073105060202,0.29366854397627795,45.3607469562078,11.020603997668529
499,-0.9548411937343555,0.2971166349229724,45.36070665765767,11.020612805946538
500,-0.9656031108842995,0.2600204458317905,45.36068004584628,11.020623723877865
501,-0.9558326771809055,0.2939113696902228,45.3606512471339,11.020639329874117
502,-0.9582581931640582,0.28590424137104803,45.360617253148085,11.02064664019747
503,-0.9633590003429559,0.2682152800610376,45.36058296843537,11.02064960607574
504,-0.9533531907768523,0.30185707484767466,45.36054484188867,11.020665799130906
505,-0.9509973688542118,0.30919897223691784,45.36051775037425,11.020676421761468
506,-0.945451245778297,0.3257636288112382,45.36048558825933,11.020689728014926
507,-0.9472060060988263,0.3206256103468812,45.36045388863784,11.020706715355729
508,-0.9559366540468401,0.2935730121277021,45.36042801120716,11.020718651423294
509,-0.9468210891537213,0.32176050897175196,45.36039059113118,11.020718504010311
510,-0.9414395268266775,0.33718187574121106,45.36034966191921,11.020733699095494
511,-0.9590092551914569,0.2833747491522967,45.360329168198156,11.02073686923776
512,-0.956095629986411,0.2930548520684957,45.360289393876414,11.020749455917057
513,-0.944927233134795,0.32728049755556887,45.36025880907672,11.020750463054016
514,-0.9572885428926884,0.2891343038215864,45.36023428466995,11.020773933275787
515,-0.9586655162080174,0.2845354600636194,45.36020922618815,11.020768235010552
516,-0.9518936903184751,0.3064284620133627,45.36015964728964,11.020794319242025
517,-0.9470118674907292,0.3211985722753474,45.360126588745764,11.020800898888156
518,-0.9567147319216621,0.29102735562840526,45.36010819428187,11.020813778098146
519,-0.9528714870022155,0.30337423960874904,45.36007187785478,11.020824501772562
520,-0.9506701165319915,0.31020369039237705,45.36003264518666,11.020829277683703
521,-0.9577877395833618,0.2874763397286709,45.359997006357546,11.020832897733046
522,-0.9590886962606202,0.28310576240179874,45.3599663652891,11.020851215998471
523,-0.958618458940677,0.28469395880173065,45.359930193220045,11.020853817674732
524,-0.9442163394510559,0.3293258330493501,45.359917207709664,11.02086066644057
525,-0.9541444909746088,0.299346438667315,45.35986912632758,11.020882453647252
526,-0.9610018160916487,0.2765420573232091,45.359832954475124,11.02088688268029
527,-0.9571262248665309,0.289671175080889,45.359806068754594,11.020903539191584
528,-0.9608294716392694,0.27714026490101107,45.35977409572419,11.020917723896028
529,-0.9530677065342743,0.3027572406425624,45.35974995002646,11.02091985213053
530,0.14161979325064403,0.9899211252214213,45.359711001120935,11.02093360371104
531,0.11827315666852248,0.9929810977111614,45.35971384158228,11.02094476454486
532,0.14524093461815832,0.9893963164027062,45.35970858325505,11.02095053203863
533,0.12950532736099807,0.9915787261660673,45.35972284481654,11.020959858868526
534,0.13678034333378786,0.9906014020167199,45.35972895224411,11.020964752097427
535,0.13641052949129248,0.9906523948610356,45.359716269108326,11.020961162209307
536,0.10070301411534853,0.9949165306436937,45.35971604267277,11.020974033842382
537,0.14829789849571337,0.9889427350973135,45.35970673326927,11.02098844585195
538,0.14773593607873942,0.9890268414916445,45.359717663156076,11.020984655782492
539,0.15652499220868,0.9876739982474342,45.35972012130297,11.020989693001196
540,0.961997878525177,-0.27305692028047707,45.3597195226272,11.020998859540745
541,0.9654673821327999,-0.2605239605825884,45.35975559472884,11.020993842429519
542,0.9548147849056408,-0.29720149145923697,45.35978934058096,11.020980107161872
543,0.9472297137963369,-0.3205555635163889,45.35981150329154,11.020962969946343
544,0.9604905975513507,-0.2783124359698094,45.35984747034677,11.020954494634498
545,0.9565510888618525,-0.29156476878595006,45.35988555893419,11.020956553359307
546,0.9534657972085911,-0.3015011999203084,45.35991531660404,11.02094138027175
547,0.9487603760248191,-0.3159964380894883,45.359951141999645,11.020942077425056
548,0.9544518144592792,-0.2983651016378923,45.359976645359666,11.020924069455571
549,0.9463168941816316,-0.3232403684356746,45.36000603415082,11.020919504049486
550,0.9521282412632033,-0.3056988913768569,45.36003928173798,11.02089343561268
551,0.9533178756564735,-0.30196858769386664,45.360075420471766,11.020889550179275
552,0.9481785168595165,-0.3177380999598374,45.36011210862964,11.020889256891582
553,0.9430954378674613,-0.332522172303715,45.36014735292487,11.020873923849138
554,0.9560698801895102,-0.2931388479789322,45.360178945529746,11.020868158442807
555,0.9554586101727185,-0.2951251332008462,45.36020732529187,11.02085113711936
556,0.9464677840675334,-0.32279828643023006,45.36023996507006,11.020840466055203
557,0.9581926081676084,-0.2861239690290836,45.36027177046709,11.02082956624858
558,0.9545970346893827,-0.2979001533437629,45.36030912411765,11.020821201228632
559,0.9533936041246841,-0.30172940793721986,45.3603332418258,11.020818167411678
560,0.9526179802360935,-0.30416933397518214,45.36036011690973,11.020804441316018
561,0.9473563638518414,-0.32018107356528336,45.36040707834031,11.02079399434302
562,0.954633185674922,-0.2977842856971302,45.36042568890488,11.020781958556425
563,0.955701369663592,-0.2943380573815326,45.36045627009536,11.020775847090137
564,0.955367216041274,-0.29542085659876127,45.36050052194567,11.0207699216721
565,0.9580744410017209,-0.28651939812033655,45.36052978027599,11.020750774642952
566,0.9569609584000713,-0.2902166847340395,45.36056092256036,11.020741795004417
567,0.9507448011362867,-0.3099747136660063,45.36059444441343,11.02072811156245
568,0.9449811777887749,-0.32712470653397574,45.36061760506799,11.020717125556812
569,0.9486650052040383,-0.3162826392662456,45.36064822452398,11.020710511402015
570,0.9631897562831042,-0.2688224198077501,45.36068979893953,11.020698443673872
571,0.9436566031647124,-0.33092629889997616,45.360717916593046,11.020680656685188
572,0.9577084557623001,-0.28774035824227107,45.36074701094771,11.02067850015955
573,0.9510843356980601,-0.3089313619394764,45.36078214908407,11.020681766925348
574,0.951018304725164,-0.3091345727635054,45.36081714285544,11.020660559972452
575,0.9503124518289013,-0.3112976773105481,45.3608595451673,11.02065187431437
576,0.9517815842113777,-0.30677649185698724,45.360883495048036,11.020652224014905
577,0.9605452316945129,-0.27812381751467186,45.36091995418812,11.020629476464961
578,0.9620557756576872,-0.2728528624069863,45.36095474171884,11.020621194015739
579,0.955078212205598,-0.29635385701920386,45.36098630417119,11.020615999636123
580,0.9565075832510854,-0.29170746165151124,45.361005872597914,11.020604318539398
581,0.9565256081011666,-0.29164835169548503,45.36104426524916,11.02059011791998
582,0.9541683004326971,-0.29927053722239055,45.36109471754058,11.020582902317992
583,0.9555096704763831,-0.29495977628502784,45.36110568282622,11.020573181831907
584,0.9505607810258198,-0.3105385669696818,45.361143824206025,11.02056669362948
585,0.9527241799549369,-0.30383652994528665,45.361176610495534,11.020555518542018
586,0.9474173578348427,-0.3200005469889787,45.36120567139234,11.020549471120693
587,0.9539547779335432,-0.29995046534013614,45.36124659105376,11.020530320336453
588,0.9610137991531955,-0.27650041200175735,45.36126745897908,11.02052490703046
589,0.9520670626761625,-0.3058893724325578,45.36130244692199,11.02051324159589
590,0.9498486851962175,-0.31270988988360604,45.3613302611398,11.020501585061787
591,0.9442144977019341,-0.3293311135156901,45.36136298103118,11.02049124654141
592,0.9468276708818005,-0.3217411407522278,45.36140432550939,11.020484097546635
593,0.9609667863964529,-0.2766637588172221,45.361437640576135,11.020471137036552
594,0.9494134954599422,-0.3140286844199655,45.361470053426316,11.020467954210366
595,0.9675521939645457,-0.2526712329379704,45.36150551896986,11.020454263267995
596,0.9606355764469122,-0.27781160750499356,45.36152827642822,11.020443121446956
597,0.9509238689151767,-0.3094249432857539,45.36156572929628,11.020433219323513
598,0.9574889720388375,-0.28846987437860866,45.3615977998271,11.020423552981676
599,0.945224640231971,-0.3264205561822679,45.36162916002016,11.020415349101055
600,0.9620767807989696,-0.2727787892184641,45.36166379210365,11.020406917718336
601,0.9573865636693883,-0.2888095699683795,45.36169583976195,11.02040084627895
602,0.9473959649477048,-0.3200638773757626,45.3617293548798,11.02037036650787
603,0.9501716284157808,-0.3117272470505318,45.36175263510277,11.020380075452003
604,0.9625570620217385,-0.27107914407434397,45.361798472847404,11.02036611328149
605,0.9499123665844328,-0.3125163928659779,45.361819335893884,11.020354492390986
606,0.945639125006955,-0.3252178427701661,45.36186054312999,11.020352236977905
607,0.9430444427410384,-0.3326667687269715,45.36189571497666,11.020340222204858
608,0.954729088837935,-0.2974766661886045,45.36191742553661,11.020324064694215
609,0.9576505474610769,-0.2879330285804317,45.36196442498094,11.020312755432112
610,0.9582165997989267,-0.2860436118318037,45.36198288274011,11.020303296824995
611,0.9568748330935553,-0.29050052287763745,45.362014258399824,11.020298370635997
612,0.9560233791901266,-0.29329046769694295,45.36205641048917,11.020289974447492
613,0.9574289729798781,-0.2886689482758683,45.36208236295503,11.020279439282614
614,0.9650758551430894,-0.26197059724296307,45.362119243741475,11.020271995269896
615,0.9601603900977209,-0.2794495040027669,45.36214090750503,11.020246393285797
616,0.940787292046741,-0.3389974500248638,45.362184231059246,11.020246317595538
617,0.9504668005208404,-0.31082609463762345,45.36220934839956,11.020239557194984
618,0.9542620639542396,-0.2989714255540063,45.36223862973901,11.020232483427224
619,0.9558253733953566,-0.29393512136801064,45.362284256634396,11.020223244240068
620,0.10331456360064997,0.9946487324417637,45.3623104943133,11.020208339537442
621,0.12443720251760937,0.9922274853225904,45.36230358143045,11.02021157012236
622,0.12957119979796816,0.9915701206586023,45.3623140036554,11.020213602053577
623,0.11307440997453166,0.9935865225580063,45.36231535335163,11.020222239164301
624,0.14798107394928406,0.9889901929507777,45.3623214265874,11.020229867364176
625,0.12658095173449835,0.9919562806182481,45.362320732995585,11.02023555694874
626,0.1439411708914471,0.9895862465305383,45.362317013341475,11.02024047065625
627,0.11527690651541088,0.9933333956050392,45.362321661527105,11.020248231165768
628,0.1420806854392589,0.9898550797086967,45.36233608970661,11.020244155833106
629,0.1050828857284466,0.9944634669644643,45.36233197246274,11.020253171465965
630,-0.9530978145178637,0.30266244557472266,45.36233190704069,11.020252650390233
631,-0.9554693583991116,0.29509033389860484,45.362303482763224,11.02026372184717
632,-0.952764402928814,0.30371037603562456,45.36226523446398,11.02027714045899
633,-0.9496593843365536,0.31328430177957833,45.36223648264479,11.020286143560863
634,-0.9448232838843648,0.32758046680161657,45.36220220417517,11.020293811350747
635,-0.9622411311120914,0.27219846729201624,45.362175169197954,11.0202976182595
636,-0.953316392379153,0.3019732703753708,45.36213058058719,11.020318844622802
637,-0.959941962467937,0.2801989091577731,45.36210455205999,11.020317860838766
638,-0.949295467116937,0.3143852988153811,45.36207432262701,11.020336421787324
639,-0.9618499097989456,0.27357768735728466,45.36203612424916,11.020348594849242
640,-0.9533710276612009,0.30180073494977744,45.36200939567872,11.020364884610629
641,-0.9547259567491478,0.2974867182067532,45.36196946366223,11.020365089793193
642,-0.9613511129180144,0.27532533063867387,45.36194406184431,11.020374083908267
643,-0.9538259705845996,0.3003598139537753,45.36192022015659,11.020389752065983
644,-0.9505448023945396,0.31058747341244386,45.361878933707175,11.02039683769334
645,-0.9574702550575078,0.2885319924724308,45.36185882010451,11.020408353249598
646,-0.9591634893946887,0.28285225933728186,45.36181501974643,11.02042118088028
647,-0.9415143561177638,0.33697287312801993,45.361780986981,11.020430132155845
648,-0.9564852050524445,0.2917808295892368,45.36175084745397,11.02043701303862
649,-0.9546180928071322,0.29783266591372,45.361715336712216,11.020446823768594
650,-0.9484962984325538,0.3167882129431963,45.361686456041596,11.020458056870293
651,-0.954983914794447,0.29665758457162766,45.36165857739787,11.02047524006758
652,-0.9514020987001538,0.3079513704936915,45.36163140767936,11.020481393644015
653,-0.9493611593551856,0.31418686972529253,45.36158444743259,11.020491034857836
654,-0.962500579042103,0.27127962574365305,45.36155996143889,11.020501662078045
655,-0.9416668582020865,0.3365464725172611,45.36153215731421,11.02050880010967
656,-0.9473523252985205,0.32019302264647526,45.36149605517751,11.02052424150781
657,-0.9531073462550231,0.30263242806200946,45.361458530214485,11.020528605387199
658,-0.9498636811632049,0.31266433632105445,45.36142628218043,11.020543171055156
659,-0.9450206182293108,0.3270107507735658,45.36140052960257,11.02054737323831
660,-0.9522143992296829,0.30543041416933936,45.361370310334244,11.02056710960243
661,-0.9545803573519296,0.29795358926829935,45.361331812009475,11.020575667208993
662,-0.9536046496119229,0.30106174157225896,45.361305646110644,11.020588998313016
663,-0.9549186144408419,0.29686771430113906,45.36127352225687,11.020593986035555
664,-0.9559587233119186,0.29350114024283924,45.361239038758484,11.020598651878766
665,-0.9598598565765014,0.28048004515996894,45.36121040151412,11.020616361021364
666,-0.9556498795662953,0.29450519126990815,45.36116998741867,11.020624242752332
667,-0.9573705676928683,0.288862590370292,45.361138604003415,11.020639813673212
668,-0.9573309673355938,0.28899380439776967,45.36110411939075,11.020650629615156
669,-0.9533857771947369,0.3017541380706938,45.361083663490525,11.020660865892198
670,-0.9503310892083209,0.3112407763840182,45.36103904435705,11.020667046505736
671,-0.9562161382696218,0.2926614031824685,45.36101069845816,11.020680308609176
672,-0.9487408422912729,0.3160550809090817,45.360974636527224,11.020685074844298
673,-0.9472432243848271,0.3205156374610076,45.36094612683629,11.020693302957966
674,-0.9609689482698256,0.2766562496333406,45.36091467717279,11.020702795113113
675,-0.9554721196391872,0.2950813931650023,45.36088707834831,11.020718506298875
676,-0.9556840873811827,0.2943941662574107,45.36084821504273,11.020744383525336
677,-0.9495205945586657,0.31370470272050116,45.360828205066085,11.020737283330718
678,-0.9506619570749141,0.3102286952725266,45.36078397800965,11.020755206370822
679,-0.9508846238006935,0.3095455252776458,45.36075329647336,11.020766720669599
680,-0.9543971820146625,0.2985398113526421,45.360729140615305,11.02077044974638
681,-0.9501839425314351,0.3116897100570025,45.36068758604235,11.020773353404568
682,-0.948482661371477,0.31682904077385354,45.360650928753834,11.020787783134502
683,-0.9561350571660416,0.2929261894370154,45.36062440387467,11.020806988943825
684,-0.9519054843334169,0.306391822501781,45.36059523736743,11.020807695219498
685,-0.9505882773000586,0.31045438805033326,45.360557570684996,11.020823905268319
686,-0.9543150020466191,0.29880240438919037,45.36053579093367,11.020831247129209
687,-0.9498562023682758,0.31268705573227207,45.36049293155914,11.020846793907905
688,-0.950695011039212,0.3101273867060964,45.36046677506433,11.02085014327407
689,-0.94328151584838,0.33199394852735253,45.36042386253146,11.020871606759094
690,-0.9566668215828781,0.29118480812452047,45.360402668374675,11.020870065383109
691,-0.946713371729719,0.32207730716110206,45.360359684218814,11.020891086637642
692,-0.9581855110816759,0.28614773518787007,45.36032926763377,11.020904328442976
693,-0.9521938230342922,0.30549455539393655,45.36030119381015,11.020906533934443
694,-0.9560904030271683,0.29307190455474735,45.360268966685005,11.020907755220549
695,-0.9542571713808305,0.2989870413048971,45.36023563447281,11.020927198109332
696,-0.9560053187039493,0.2933493320424647,45.36019895486501,11.020942139140717
697,-0.9544338576989343,0.29842253815342185,45.3601646371805,11.020945792811087
698,-0.9594681767341426,0.2818169935161115,45.36014080113158,11.020953742618268
699,-0.9391469700858622,0.3435156016523044,45.36011792540576,11.020968125838708
700,-0.9527065618403604,0.3038917686057316,45.36007038034646,11.020980667916005
701,-0.9611774228461731,0.2759310816323322,45.36004356880731,11.020984444243398
702,-0.9526080717744586,0.3042003642176452,45.360005171922296,11.021002659237679
703,-0.9516532430973171,0.3071743884218841,45.35998360263803,11.021017735229966
704,-0.9496392157584321,0.3133454322209117,45.35993835533353,11.021021821726988
705,-0.954167053530858,0.2992745127073819,45.35991000738403,11.021035644406444
706,-0.9629234483387518,0.2697747813258445,45.35987778525804,11.021040656852692
707,-0.9495363817786585,0.31365691396603035,45.35985202462119,11.02104271101786
708,-0.9407618816646245,0.33906796074951556,45.35981583995085,11.021056380820735
709,-0.9548273988525852,0.29716096378967105,45.359788695344335,11.021074275409116
710,0.10856893152475046,0.9940889231389585,45.35975357865792,11.021083737819366
711,0.1335184637912631,0.9910463257723229,45.35975539556033,11.021087655055398
712,0.13201343157237477,0.9912479275562123,45.359754673893875,11.021084605859023
713,0.14512356471964932,0.9894135389022437,45.35976319512654,11.021112503840342
714,0.1405333509771228,0.9900759451997311,45.35975478129554,11.021112115234015
715,0.1594985763286838,0.9871981585016876,45.359755300108375,11.021112481835589
716,0.14132107754441522,0.9899638140061915,45.359759257462905,11.021126728782201
717,0.08585943455425149,0.9963072605868253,45.35975623569828,11.021135410761584
718,0.14688271127838812,0.9891539157924361,45.35975681280057,11.021142249477027
719,0.09985014509908287,0.9950024866922154,45.3597517248949,11.021155838409024
720,0.955371322715612,-0.295407575618199,45.359758970633536,11.021150082637254
721,0.9556137690571754,-0.29462234197076675,45.359790122698044,11.021143518851826
722,0.9503727448496195,-0.31111355780004174,45.359818383577185,11.021128311216133
723,0.956964465721822,-0.2902051194340785,45.35985631752417,11.02112131645258
724,0.956051083946799,-0.2932001447546548,45.35989461509476,11.021115312764985
725,0.9616215148055971,-0.27437941297223595,45.35991955469332,11.021095809452566
726,0.9591020991421978,-0.2830603529656349,45.3599556042489,11.021079259917444
727,0.9454198696526149,-0.32585467629916354,45.359984906330425,11.02108323724348
728,0.9521598494011639,-0.3056004273366658,45.36002071942313,11.021061619293954
729,0.9553267895790905,-0.2955515608358519,45.36004171220686,11.021054872693064
730,0.9428447577411803,-0.33323229555367995,45.36007941880163,11.021050849378414
731,0.9536530888721263,-0.30090826855480796,45.36011659306961,11.021032918672903
732,0.9603988383836376,-0.2786289131288417,45.360139892388595,11.021019048795438
733,0.9600495301827437,-0.2798301263193315,45.36018309355544,11.021022378489095
734,0.9478783951517941,-0.318632308475552,45.36020732376647,11.021010027398296
735,0.9531470028620943,-0.3025075055845834,45.360236723866755,11.02099754162515
736,0.949243811451834,-0.3145412316698638,45.3602757488003,11.02098865269711
737,0.9497965298390821,-0.31286826605719775,45.360304783093,11.020975960729185
738,0.9570216586063551,-0.2900164563578091,45.36034263452926,11.020967640034804
739,0.9571542006771175,-0.28957872181178684,45.360372888997446,11.0209549519761
740,0.9601601188915535,-0.2794504358381962,45.360407193502795,11.02095278990392
741,0.9543653926722045,-0.2986414192131239,45.36043897006633,11.020933829253417
742,0.9524263074934184,-0.30476897610231324,45.36046757993737,11.020920228859673
743,0.9499138115931182,-0.3125120006409897,45.36049362043441,11.020908604212368
744,0.9540214097665015,-0.29973846884765554,45.36052779792652,11.020904529143282
745,0.9608031508979992,-0.2772315011402503,45.36055963540359,11.020889332406623
746,0.9571932180382191,-0.2894497250674776,45.36059650674603,11.020879524863894
747,0.9511043710740836,-0.3088696736874176,45.360624044075614,11.020870411749334
748,0.9571974440542126,-0.2894357495128801,45.36065107596142,11.020864482976775
749,0.9519039428677707,-0.30639661152302583,45.360698452208396,11.020848365957585
750,0.9591996058693083,-0.2827297580732591,45.36072869957449,11.020841693908233
751,0.9506192164134768,-0.31035963878286016,45.360754418402585,11.02083099487284
752,0.953239564438087,-0.3022157057300069,45.36078438467442,11.020825556958458
753,0.9478244830204208,-0.31879264324490325,45.36082011730784,11.02081835524537
754,0.9490869586205534,-0.3150141980552434,45.360859562799604,11.02080876564865
755,0.955297997204663,-0.2956446118852155,45.36088696627975,11.020785696191405
756,0.9342959118642334,-0.3564984559206119,45.36092872438129,11.020785801681452
757,0.9441838872993883,-0.32941886249001584,45.36096109823302,11.020762132948683
758,0.9530175931258749,-0.30291495042761507,45.36098207480459,11.020757177767766
759,0.9605376263416346,-0.27815008247702927,45.361021306833116,11.020754000038188
760,0.9495905897421648,-0.31349276207454546,45.36104912542537,11.02073485176407
761,0.9541304558566914,-0.29939117088969425,45.361088388916926,11.020729435339716
762,0.9526452320012826,-0.3040839718650465,45.361119578263754,11.020709215851491
763,0.9561691447092013,-0.2928149017828061,45.36114073706682,11.020700783798947
764,0.9519088245252402,-0.3063814449195245,45.36118679917125,11.020693640011205
765,0.95578649299007,-0.29406152386489276,45.36120629939776,11.020684171614041
766,0.9516031889390733,-0.3073294174025429,45.36124865417304,11.020683948822956
767,0.9477291336712227,-0.3190759928148682,45.36127147009887,11.02066765882547
768,0.9524253677534315,-0.3047719128458868,45.36130069031094,11.020652140734127
769,0.9493213061421518,-0.31430726638841633,45.36133200743276,11.020645910084951
770,0.9543762849816197,-0.2986066085415426,45.36137520562074,11.020641096702864
771,0.9514562975789561,-0.3077838751418679,45.36140012037596,11.020626461234471
772,0.9516772914645976,-0.30709987448810105,45.36144270482494,11.020605820488019
773,0.9546526583675602,-0.2977218531981661,45.361471067137884,11.020605291876
774,0.9416316553191206,-0.33664495496141456,45.36148922055835,11.020594329765
775,0.94927067928574,-0.31446013650125787,45.361526150609045,11.020592004031203
776,0.9606430697790144,-0.27778569525004665,45.36156587753089,11.020575055513934
777,0.9493826996200982,-0.31412177521154794,45.361592336929775,11.02056226704884
778,0.9581169862624711,-0.28637709516530785,45.361627009938424,11.02055693073859
779,0.956533044786447,-0.291623960318025,45.36165989237108,11.020523823119282
780,0.9531425868180365,-0.30252141939674565,45.36168875651881,11.02052707379371
781,0.9566219820352599,-0.29133208454773873,45.36173239500782,11.020526294970711
782,0.9518757272290804,-0.3064842572010986,45.361754628930385,11.020516739911743
783,0.9528663045655785,-0.3033905167000746,45.361785055905614,11.020500387971575
784,0.9629560162425954,-0.2696585077133489,45.36182276615767,11.020489167753684
785,0.9487472121997679,-0.3160359589400685,45.36185678955731,11.020483495618603
786,0.9526453793282101,-0.3040835103135495,45.3618802363418,11.02047149574098
787,0.9679257235875712,-0.2512365292259004,45.36191990629884,11.020456151568279
788,0.9439711986847114,-0.33002784133122653,45.36195679449422,11.020441441569638
789,0.9558021330173587,-0.29401068436277517,45.361980132113125,11.020439499104471
790,0.9499365201879514,-0.312442966976704,45.36201110996017,11.020431455612643
791,0.9608577753988624,-0.27704211855880195,45.36205054404832,11.020426865264822
792,0.9507088892570452,-0.3100848398223225,45.362082315482084,11.020408514503423
793,0.9584530584880246,-0.2852503017964245,45.36210531686503,11.020406757502242
794,0.9598790669859056,-0.28041429486077774,45.36214073310559,11.020389228544014
795,0.9451676512845656,-0.3265855339190913,45.36217889663548,11.020374246386808
796,0.9566228978576752,-0.29132907732388136,45.3622137073869,11.020374768732237
797,0.9597382476580137,-0.28089588103481544,45.36224144282272,11.020362099085952
798,0.9488387719885443,-0.3157609614427839,45.362270421723885,11.020346941516102
799,0.9491138764500182,-0.3149330873852723,45.362309798013925,11.020333725339805
800,0.14987562375928584,0.9887048585916653,45.36233810773013,11.020325993498579
801,0.13127544341622108,0.9913459325361024,45.362332812232886,11.020332466387236
802,0.1356025034713647,0.9907633224197888,45.36234079791942,11.020342018016919
803,0.17525021908546937,0.984523925920795,45.362339319654076,11.020339204979008
804,0.1287498517595083,0.9916771025247606,45.36234104586087,11.020348431312042
805,0.10854186646092862,0.994091878663727,45.36234835209147,11.020371437736822
806,0.11379953829393619,0.9935037317917266,45.362352674787445,11.020374392944513
807,0.11431346535102921,0.9934447300375794,45.362356667565365,11.020379642057241
808,0.12277392350834593,0.9924346647041138,45.3623537153798,11.020373078615675
809,0.13542228053915356,0.9907879722390531,45.3623604935535,11.020386596824947
810,-0.946868154467889,0.32162198005511666,45.362357785981786,11.020394738834984
811,-0.9590628870764286,0.28319318253204045,45.362331562121376,11.02040570607157
812,-0.9504011217067216,0.3110268603490787,45.36228815001647,11.020410817042603
813,-0.9514070999075867,0.3079359190569288,45.362261557620435,11.020421944896892
814,-0.9472695706527056,0.32043776387223594,45.362231931881674,11.02043052151376
815,-0.9553318188486019,0.29553530397470634,45.36220004649346,11.020446005486436
816,-0.9510474175119298,0.3090449961476308,45.362168178924776,11.02045337073053
817,-0.9605348389353265,0.278159708066223,45.36212168362684,11.02046115489002
818,-0.9566224269510933,0.2913306236120741,45.36210214595958,11.020476768650507
819,-0.9621756896870598,0.27242970134555966,45.362071032713885,11.020486227594173
820,-0.9563555967189251,0.29220536036217504,45.36202738177554,11.020497435437525
821,-0.9536033047742071,0.30106600127498734,45.36199449528347,11.020508354946347
822,-0.9525699836594836,0.30431961197229973,45.36196218788904,11.020511965470165
823,-0.950006222174452,0.3122309687231968,45.3619334994484,11.020531491046674
824,-0.9442252068556741,0.3293004080446293,45.36191023463104,11.020532811691107
825,-0.9578569914133253,0.2872455117153496,45.3618708534558,11.020549276373066
826,-0.9551608765532985,0.29608731803630906,45.36183787310408,11.020550644050633
827,-0.9591818739855476,0.2827899089740883,45.36181264434967,11.020568698154472
828,-0.9478490718233641,0.3187195272392126,45.36177481671425,11.020573607059793
829,-0.954291446220983,0.2988776265789472,45.361739395015356,11.020589710680682
830,-0.9509033393779514,0.3094880274903386,45.36170878953093,11.020593565266672
831,-0.9544129360167788,0.29848944296881275,45.3616806733449,11.020600272046979
832,-0.9598475330018259,0.28052221550228185,45.36164270595516,11.020621840536753
833,-0.9622865874617595,0.2720377245736358,45.3616065516651,11.0206261275172
834,-0.948570576060218,0.31656573129886645,45.36157640153219,11.020640058754132
835,-0.9518687394811058,0.30650595883057596,45.36155051972701,11.020653777445645
836,-0.9451429703676394,0.3266569539511374,45.36151781889335,11.020653390582774
837,-0.9650824528031616,0.26194629085259713,45.361479827378936,11.020658365713881
838,-0.964870399742708,0.2627263056877762,45.36145235071852,11.020678647167953
839,-0.9641130534092661,0.2654920342418233,45.36141625402222,11.020673611119467
840,-0.9566914763900798,0.2911037942084736,45.361384957787735,11.020692812308516
841,-0.9551652500449402,0.29607320903213574,45.36134338808546,11.020706328106334
842,-0.9426089754384147,0.3338986663988674,45.36131126211822,11.0207149101111
843,-0.9517080208862775,0.30700463022684976,45.361286409469116,11.020715150469918
844,-0.9516785979234894,0.30709582584981726,45.36125454928263,11.020729893611971
845,-0.9517319086198357,0.3069305688830044,45.36122250070494,11.020754154058666
846,-0.961593023115419,0.27447924857035944,45.36119592949274,11.02074546018125
847,-0.9548033325386187,0.2972382818096416,45.36116304493953,11.02076192292681
848,-0.9520268126684983,0.3060146205008187,45.3611175936787,11.020772846446008
849,-0.941324459636758,0.3375029802676794,45.361090918286735,11.02078665399025
850,-0.959457905656926,0.2818519598520209,45.36106592251511,11.020792529461977
851,-0.9630942996226759,0.26916420645083455,45.36102810359835,11.020799984586091
852,-0.9529205597681226,0.3032200632728776,45.36099498027748,11.020814682563259
853,-0.9474244377854314,0.3199795847971542,45.360969939577906,11.020826069442673
854,-0.9593844854171768,0.2821017708927379,45.36093023186478,11.020832546404826
855,-0.9585752820340248,0.2848393032455139,45.360900847478526,11.020846830382268
856,-0.9529288261720189,0.30319408346868854,45.36085903646242,11.020858181724654
857,-0.9507905117105556,0.30983447652122204,45.36083705254043,11.020865494252396
858,-0.9539088061455172,0.30009663369993694,45.36079964809444,11.020876054360794
859,-0.9549619458650972,0.29672829650969773,45.36077040364437,11.020892167015186
860,-0.9541675184852413,0.29927303030463137,45.360734760198675,11.020898078986836
861,-0.9496428452299238,0.3133344323619972,45.36071093805455,11.020906717354762
862,-0.951901032790359,0.3064056523183734,45.360669046124066,11.020917178435878
863,-0.9570370840021639,0.289965549409986,45.36064745339133,11.020927433695835
864,-0.9593609496871068,0.2821817999365877,45.36060150016871,11.020930867601503
865,-0.9543892600460204,0.2985651357891768,45.360575974683314,11.020943893683642
866,-0.9490760167259679,0.3150471623036309,45.36054425528268,11.020958522323205
867,-0.9496853370350016,0.3132056203530126,45.36051073340907,11.020965683878403
868,-0.9433680526584722,0.3317479724480044,45.360480277805515,11.02098063107213
869,-0.9579084445702507,0.28707387868108625,45.360450063010425,11.02098471912888
870,-0.9502385935902302,0.3115230573355065,45.36040717219588,11.02098804647151
871,-0.9516643522823365,0.3071399690614053,45.360382496785,11.021008011060333
872,-0.954530225655887,0.2981141531516435,45.36034220761236,11.021016051453357
873,-0.9499102782103596,0.31252274053309687,45.36031166658859,11.021028448234881
874,-0.9585230118269799,0.28501515012036716,45.360274523343755,11.021041012441392
875,-0.9482661922015452,0.3174763435715836,45.36025086405208,11.021047246716048
876,-0.9531382921605739,0.30253495007556486,45.360212257456226,11.021055236331254
877,-0.9632078089956121,0.26875772861421593,45.36018031785524,11.021062247054978
878,-0.960290618210243,0.2790016641122222,45.360144474276886,11.02107665865121
879,-0.9547548238984314,0.2973940588557131,45.36011933834352,11.02108347467132
880,-0.9547385178875016,0.2974464026710976,45.360077174207156,11.021093265276825
881,-0.9460749999039816,0.3239476725594447,45.360057583188315,11.021115839500009
882,-0.9514569707018726,0.30778179430046865,45.360023331728,11.021115086381252
883,-0.9591297743626972,0.28296656327375797,45.35998097525056,11.021127517220156
884,-0.9450738129863899,0.3268569840272136,45.35995708190411,11.021135547313929
885,-0.947226117393049,0.32056619055741004,45.359926229520255,11.02114388402947
886,-0.9517267700648976,0.3069465020843821,45.3598886120936,11.021148194595309
887,-0.9461957767433322,0.3235947343098807,45.35986467396495,11.021168075598858
888,-0.9530404811647814,0.3028429316678895,45.359832012193486,11.021175529937652
889,-0.9541622290564805,0.2992898939856947,45.35979481829195,11.021187452254297
890,0.12428803461496221,0.9922461813741336,45.359760823975584,11.021196793106295
891,0.15433738696307728,0.9880182037722834,45.359769355029805,11.021196472090343
892,0.14613143386882768,0.989265183879146,45.35976470797592,11.021217300139561
893,0.09932037940716125,0.9950555071122502,45.359766919369726,11.021210930408245
894,0.09647847765890646,0.995335070892521,45.359766004746774,11.021220166678878
895,0.11942331534144855,0.992843427612258,45.35975352359722,11.021217069352724
896,0.09871427696798972,0.9951158181451478,45.35976018920363,11.021221076766247
897,0.1468398237962844,0.9891602833451595,45.35976632882351,11.021228839252892
898,0.10687245260346476,0.9942727386761241,45.35976594958414,11.02123450152791
899,0.08541143794326293,0.9963457664227134,45.35976683590804,11.021223764591193
