,Choice,Sin,Cosin,Lat,Lon
0,0,0.9537169507482269,0.30070579950427306,45.3596665575,11.020597651
1,0,0.955040636077442,0.2964749288570535,45.35970049529867,11.02058609835509
2,0,0.955040636077442,0.2964749288570535,45.359734650799844,11.020576075586053
3,0,0.955040636077442,0.2964749288570535,45.35976882105365,11.020566971531652
4,0,0.955040636077442,0.2964749288570535,45.35980283539688,11.020555102715523
5,0,0.955040636077442,0.2964749288570535,45.35983624887593,11.020544472541912
6,0,0.955040636077442,0.2964749288570535,45.35987049529316,11.020533638075653
7,0,0.955040636077442,0.2964749288570535,45.3599052371987,11.02052304684081
8,0,0.955040636077442,0.2964749288570535,45.35993860015113,11.02051255230656
9,0,0.955040636077442,0.2964749288570535,45.35997242869442,11.020502264405144
10,0,0.955040636077442,0.2964749288570535,45.36000722142305,11.02049144013144
11,0,0.955040636077442,0.2964749288570535,45.36004141510485,11.020481652291634
12,0,0.955040636077442,0.2964749288570535,45.36007570600302,11.020470679225856
13,0,0.955040636077442,0.2964749288570535,45.36010985304113,11.020459988056267
14,0,0.955040636077442,0.2964749288570535,45.36014425920443,11.02044984382633
15,0,0.955040636077442,0.2964749288570535,45.36017720702632,11.020439568882857
16,0,0.955040636077442,0.2964749288570535,45.36021122303936,11.020428499225492
17,0,0.955040636077442,0.2964749288570535,45.36024536351294,11.02041735049646
18,0,0.955040636077442,0.2964749288570535,45.36027982121249,11.020407863660663
19,0,0.955040636077442,0.2964749288570535,45.360313575047826,11.020396193337074
20,0,0.955040636077442,0.2964749288570535,45.36034798673149,11.020385192835027
21,0,0.955040636077442,0.2964749288570535,45.360382430658454,11.020375146895027
22,0,0.955040636077442,0.2964749288570535,45.36041587222496,11.020365268718647
23,0,0.955040636077442,0.2964749288570535,45.36044952985091,11.020353596277602
24,0,0.955040636077442,0.2964749288570535,45.3604841487245,11.020344269786838
25,0,0.955040636077442,0.2964749288570535,45.360517748333706,11.020333665656722
26,0,0.955040636077442,0.2964749288570535,45.36055263159081,11.020323187109613
27,0,0.955040636077442,0.2964749288570535,45.36058654629697,11.020311481727797
28,0,0.955040636077442,0.2964749288570535,45.3606195256885,11.020301200434607
29,0,0.955040636077442,0.2964749288570535,45.36065455742529,11.020290935533561
30,0,0.955040636077442,0.2964749288570535,45.36068830268672,11.02027994623846
31,0,0.955040636077442,0.2964749288570535,45.36072279479881,11.02026983192174
32,0,0.955040636077442,0.2964749288570535,45.36075654635506,11.02025881276393
33,0,0.955040636077442,0.2964749288570535,45.360790609971694,11.020248200786293
34,0,0.955040636077442,0.2964749288570535,45.36082535141342,11.020238501059636
35,0,0.955040636077442,0.2964749288570535,45.360858491930955,11.020227655012036
36,0,0.955040636077442,0.2964749288570535,45.360892919246915,11.020216862926441
37,0,0.955040636077442,0.2964749288570535,45.36092670939442,11.020206394441603
38,0,0.955040636077442,0.2964749288570535,45.36096142667716,11.020195549424411
39,0,0.955040636077442,0.2964749288570535,45.36099501612185,11.02018542895356
40,0,0.955040636077442,0.2964749288570535,45.36102921376476,11.020175011850002
41,0,0.955040636077442,0.2964749288570535,45.36106365406418,11.020164208865946
42,0,0.955040636077442,0.2964749288570535,45.36109688968488,11.020152770804957
43,0,0.955040636077442,0.2964749288570535,45.36113237721054,11.020142328121832
44,0,0.955040636077442,0.2964749288570535,45.36116494032689,11.020132192063208
45,0,0.955040636077442,0.2964749288570535,45.36119960377088,11.020121730235534
46,0,0.955040636077442,0.2964749288570535,45.36123452234206,11.020111426783622
47,0,0.955040636077442,0.2964749288570535,45.3612677471083,11.020099862397164
48,0,0.955040636077442,0.2964749288570535,45.36130220540417,11.02008951516655
49,0,0.955040636077442,0.2964749288570535,45.36133589751287,11.02007957685843
50,0,0.955040636077442,0.2964749288570535,45.36137046215172,11.020068290474677
51,0,0.955040636077442,0.2964749288570535,45.36140425700498,11.020057951383974
52,0,0.955040636077442,0.2964749288570535,45.361438314603404,11.020048408006108
53,0,0.955040636077442,0.2964749288570535,45.3614726122233,11.020037178510087
54,0,0.955040636077442,0.2964749288570535,45.36150598474431,11.020025887960278
55,0,0.955040636077442,0.2964749288570535,45.36153955699247,11.020015978446505
56,0,0.955040636077442,0.2964749288570535,45.361573787125415,11.020005749825568
57,0,0.955040636077442,0.2964749288570535,45.36160860286281,11.019994879550827
58,0,0.955040636077442,0.2964749288570535,45.3616423622868,11.019984224037952
59,0,0.955040636077442,0.2964749288570535,45.36167679485251,11.019972987482825
60,0,0.955040636077442,0.2964749288570535,45.36171140504461,11.019963073661511
61,0,0.955040636077442,0.2964749288570535,45.36174453497684,11.019952915250286
62,0,0.955040636077442,0.2964749288570535,45.36177927194734,11.01994204030504
63,0,0.955040636077442,0.2964749288570535,45.36181262398634,11.019930730833988
64,0,0.955040636077442,0.2964749288570535,45.36184652907036,11.019920320780944
65,0,0.955040636077442,0.2964749288570535,45.361880578669016,11.01990952274333
66,0,0.955040636077442,0.2964749288570535,45.36191474304941,11.019899372916868
67,0,0.955040636077442,0.2964749288570535,45.36194969695859,11.019888633323594
68,0,0.955040636077442,0.2964749288570535,45.3619834656298,11.019878742342595
69,0,0.955040636077442,0.2964749288570535,45.362016686227605,11.019867593199404
70,0,0.955040636077442,0.2964749288570535,45.362050624117984,11.019857391374021
71,0,0.955040636077442,0.2964749288570535,45.36208512098006,11.01984638876166
72,0,0.955040636077442,0.2964749288570535,45.36212031877325,11.019836115871557
73,0,0.955040636077442,0.2964749288570535,45.36215365356169,11.01982513031172
74,0,0.955040636077442,0.2964749288570535,45.36218723262666,11.019814737049781
75,0,0.955040636077442,0.2964749288570535,45.362222292521295,11.019804926944184
76,0,0.955040636077442,0.2964749288570535,45.36225589,11.01979384
77,0,0.1871863868101744,0.9823244151465196,45.36225664185379,11.019796984116562
78,0,0.1871863868101744,0.9823244151465196,45.362258166922956,11.019799994412852
79,0,0.1871863868101744,0.9823244151465196,45.36225763155372,11.019802199205614
80,0,0.1871863868101744,0.9823244151465196,45.36225826807809,11.01980681817642
81,0,0.1871863868101744,0.9823244151465196,45.36225833236939,11.01981022475071
82,0,0.1871863868101744,0.9823244151465196,45.36225928752044,11.019811421620881
83,0,0.1871863868101744,0.9823244151465196,45.362260645447165,11.019814882638805
84,0,0.1871863868101744,0.9823244151465196,45.36226081425838,11.019819040128413
85,0,0.1871863868101744,0.9823244151465196,45.36226169796093,11.019820839337898
86,0,0.1871863868101744,0.9823244151465196,45.36226137444078,11.01982411046156
87,0,0.1871863868101744,0.9823244151465196,45.36226199489687,11.01982895066026
88,0,0.1871863868101744,0.9823244151465196,45.3622627779825,11.019830328103893
89,0,0.1871863868101744,0.9823244151465196,45.362263643575076,11.019833415124454
90,0,0.1871863868101744,0.9823244151465196,45.36226396050262,11.01983634339595
91,0,0.1871863868101744,0.9823244151465196,45.36226461750623,11.019839340125388
92,0,0.1871863868101744,0.9823244151465196,45.36226457578662,11.0198426472066
93,0,0.1871863868101744,0.9823244151465196,45.36226595882741,11.019845704464048
94,0,0.1871863868101744,0.9823244151465196,45.36226608006967,11.019848604269834
95,0,0.1871863868101744,0.9823244151465196,45.36226700588166,11.019851123794894
96,0,0.1871863868101744,0.9823244151465196,45.36226747,11.01985461
97,0,-0.954287848765298,0.29888911271389534,45.36223593050634,11.01986420405475
98,0,-0.954287848765298,0.29888911271389534,45.36220348813496,11.01987451385704
99,0,-0.954287848765298,0.29888911271389534,45.362171284465745,11.019883933578226
100,0,-0.954287848765298,0.29888911271389534,45.36214000584266,11.019893807166723
101,0,-0.954287848765298,0.29888911271389534,45.36210832245253,11.0199050701056
102,0,-0.954287848765298,0.29888911271389534,45.36207630296818,11.019914786792544
103,0,-0.954287848765298,0.29888911271389534,45.36204413049382,11.019924588297362
104,0,-0.954287848765298,0.29888911271389534,45.36201048062589,11.019934688065154
105,0,-0.954287848765298,0.29888911271389534,45.36198036809315,11.01994415331393
106,0,-0.954287848765298,0.29888911271389534,45.361948294099655,11.019954588141074
107,0,-0.954287848765298,0.29888911271389534,45.36191591264665,11.019965170637668
108,0,-0.954287848765298,0.29888911271389534,45.36188310960296,11.019974912726564
109,0,-0.954287848765298,0.29888911271389534,45.36185297561032,11.019984312096533
110,0,-0.954287848765298,0.29888911271389534,45.36182060268994,11.01999442031338
111,0,-0.954287848765298,0.29888911271389534,45.36178804195181,11.020004781816567
112,0,-0.954287848765298,0.29888911271389534,45.36175669586885,11.020014929193312
113,0,-0.954287848765298,0.29888911271389534,45.36172459105375,11.020024571177213
114,0,-0.954287848765298,0.29888911271389534,45.36169128609674,11.02003453207296
115,0,-0.954287848765298,0.29888911271389534,45.36165986394225,11.020044027218255
116,0,-0.954287848765298,0.29888911271389534,45.36162944958149,11.020055769630398
117,0,-0.954287848765298,0.29888911271389534,45.3615966985306,11.020065353903227
118,0,-0.954287848765298,0.29888911271389534,45.36156527148383,11.020075756597787
119,0,-0.954287848765298,0.29888911271389534,45.36153447512423,11.020084509931403
120,0,-0.954287848765298,0.29888911271389534,45.36149938658162,11.02009429359549
121,0,-0.954287848765298,0.29888911271389534,45.36146865794723,11.020104549114352
122,0,-0.954287848765298,0.29888911271389534,45.361436637627776,11.020114556543275
123,0,-0.954287848765298,0.29888911271389534,45.3614048293352,11.020123688348384
124,0,-0.954287848765298,0.29888911271389534,45.361372718524684,11.020135304245086
125,0,-0.954287848765298,0.29888911271389534,45.36134213121755,11.02014534397863
126,0,-0.954287848765298,0.29888911271389534,45.36130946103336,11.020154164579745
127,0,-0.954287848765298,0.29888911271389534,45.361276997511375,11.020164693184995
128,0,-0.954287848765298,0.29888911271389534,45.36124443468342,11.02017449187406
129,0,-0.954287848765298,0.29888911271389534,45.36121228822216,11.020185521765601
130,0,-0.954287848765298,0.29888911271389534,45.361181162763366,11.020194900047377
131,0,-0.954287848765298,0.29888911271389534,45.36114953732789,11.020204527177585
132,0,-0.954287848765298,0.29888911271389534,45.36111739619681,11.020215059105503
133,0,-0.954287848765298,0.29888911271389534,45.361085012663935,11.020224196858196
134,0,-0.954287848765298,0.29888911271389534,45.36105281917992,11.02023465385376
135,0,-0.954287848765298,0.29888911271389534,45.361021857055235,11.020244060962618
136,0,-0.954287848765298,0.29888911271389534,45.36099008867122,11.020254932791106
137,0,-0.954287848765298,0.29888911271389534,45.360958446528834,11.020264475310874
138,0,-0.954287848765298,0.29888911271389534,45.36092642675596,11.020274550868885
139,0,-0.954287848765298,0.29888911271389534,45.360893273135275,11.020284917080359
140,0,-0.954287848765298,0.29888911271389534,45.36086183165393,11.020294633862793
141,0,-0.954287848765298,0.29888911271389534,45.36082994840253,11.020304439137332
142,0,-0.954287848765298,0.29888911271389534,45.36079812148522,11.020315233439756
143,0,-0.954287848765298,0.29888911271389534,45.36076580102864,11.020324780764827
144,0,-0.954287848765298,0.29888911271389534,45.36073355024398,11.020334564405843
145,0,-0.954287848765298,0.29888911271389534,45.360703442082425,11.020344439516233
146,0,-0.954287848765298,0.29888911271389534,45.36066985198574,11.020354874859198
147,0,-0.954287848765298,0.29888911271389534,45.360639352547516,11.020364895797176
148,0,-0.954287848765298,0.29888911271389534,45.36060619425648,11.02037432422207
149,0,-0.954287848765298,0.29888911271389534,45.360574571022546,11.02038459027521
150,0,-0.954287848765298,0.29888911271389534,45.360542457257374,11.020394792438852
151,0,-0.954287848765298,0.29888911271389534,45.36051035191522,11.020404609055218
152,0,-0.954287848765298,0.29888911271389534,45.36047770914992,11.020414906385549
153,0,-0.954287848765298,0.29888911271389534,45.3604461253757,11.020424650438347
154,0,-0.954287848765298,0.29888911271389534,45.36041452459631,11.020434741107506
155,0,-0.954287848765298,0.29888911271389534,45.36038115161083,11.020444843431571
156,0,-0.954287848765298,0.29888911271389534,45.360350691870885,11.020455403678495
157,0,-0.954287848765298,0.29888911271389534,45.360318159167605,11.020465345637541
158,0,-0.954287848765298,0.29888911271389534,45.36028610679354,11.020475045964407
159,0,-0.954287848765298,0.29888911271389534,45.36025504380448,11.020485569636305
160,0,-0.954287848765298,0.29888911271389534,45.36022226175835,11.020494737788415
161,0,-0.954287848765298,0.29888911271389534,45.36019058470635,11.020505382658694
162,0,-0.954287848765298,0.29888911271389534,45.36015896499106,11.020515174565475
163,0,-0.954287848765298,0.29888911271389534,45.36012651386133,11.020524438462092
164,0,-0.954287848765298,0.29888911271389534,45.36009490902234,11.020535113574281
165,0,-0.954287848765298,0.29888911271389534,45.360062860920685,11.020545198567563
166,0,-0.954287848765298,0.29888911271389534,45.36003022276712,11.020555411653271
167,0,-0.954287848765298,0.29888911271389534,45.359999238224034,11.020565807052536
168,0,-0.954287848765298,0.29888911271389534,45.35996684209589,11.020574485437205
169,0,-0.954287848765298,0.29888911271389534,45.35993477939043,11.020585539498724
170,0,-0.954287848765298,0.29888911271389534,45.35990406045943,11.02059500010179
171,0,-0.954287848765298,0.29888911271389534,45.35987098546123,11.020605386327544
172,0,-0.954287848765298,0.29888911271389534,45.3598396627874,11.020615420227882
173,0,-0.954287848765298,0.29888911271389534,45.35980666428876,11.02062535846236
174,0,-0.954287848765298,0.29888911271389534,45.35977624286291,11.020634392501368
175,0,-0.954287848765298,0.29888911271389534,45.359743453540474,11.020645477190339
176,0,-0.954287848765298,0.29888911271389534,45.3597123962951,11.020655254837612
177,0,-0.954287848765298,0.29888911271389534,45.35967972,11.02066511
178,0,0.18092866714612515,0.9834962213474573,45.35967991837618,11.020669126472104
179,0,0.18092866714612515,0.9834962213474573,45.359680973831225,11.020672383774736
180,0,0.18092866714612515,0.9834962213474573,45.3596815969213,11.020677903307075
181,0,0.18092866714612515,0.9834962213474573,45.35968213773925,11.02068183610023
182,0,0.18092866714612515,0.9834962213474573,45.35968324732078,11.020685809374383
183,0,0.18092866714612515,0.9834962213474573,45.35968470377444,11.020688550047826
184,0,0.18092866714612515,0.9834962213474573,45.359684287528374,11.020694110298145
185,0,0.18092866714612515,0.9834962213474573,45.35968530690971,11.020698010479844
186,0,0.18092866714612515,0.9834962213474573,45.35968739692844,11.02070277309723
187,0,0.18092866714612515,0.9834962213474573,45.3596872572889,11.020706508809045
188,0,0.18092866714612515,0.9834962213474573,45.35968790946519,11.02071094567426
189,0,0.18092866714612515,0.9834962213474573,45.35968869452711,11.020715318234313
190,0,0.18092866714612515,0.9834962213474573,45.35968967386677,11.020719590009682
191,0,0.18092866714612515,0.9834962213474573,45.35969051464051,11.020723746062991
192,0,0.18092866714612515,0.9834962213474573,45.359691751814914,11.020728160353075
193,0,0.18092866714612515,0.9834962213474573,45.359691314021276,11.020732470735313
194,0,0.18092866714612515,0.9834962213474573,45.35969310917833,11.020736040128241
195,0,0.18092866714612515,0.9834962213474573,45.35969351,11.02074007
196,0,0.9528471844721362,0.30345056111914304,45.35972631594071,11.020729438281284
197,0,0.9528471844721362,0.30345056111914304,45.35975967470429,11.020719250819301
198,0,0.9528471844721362,0.30345056111914304,45.35979212356233,11.020707894023197
199,0,0.9528471844721362,0.30345056111914304,45.359826415780624,11.020698771653096
200,0,0.9528471844721362,0.30345056111914304,45.35985902442491,11.020688142116567
201,0,0.9528471844721362,0.30345056111914304,45.3598922028059,11.020675993525613
202,0,0.9528471844721362,0.30345056111914304,45.35992450866874,11.02066709009075
203,0,0.9528471844721362,0.30345056111914304,45.35995745917557,11.020655226695345
204,0,0.9528471844721362,0.30345056111914304,45.35999065995861,11.020645487147753
205,0,0.9528471844721362,0.30345056111914304,45.360024099431214,11.020634396811724
206,0,0.9528471844721362,0.30345056111914304,45.36005671942724,11.020625073605816
207,0,0.9528471844721362,0.30345056111914304,45.360089037334426,11.02061359341944
208,0,0.9528471844721362,0.30345056111914304,45.36012273990069,11.020603304808073
209,0,0.9528471844721362,0.30345056111914304,45.36015667575562,11.0205929034353
210,0,0.9528471844721362,0.30345056111914304,45.36019033446535,11.020583012903186
211,0,0.9528471844721362,0.30345056111914304,45.3602217963383,11.020571543549035
212,0,0.9528471844721362,0.30345056111914304,45.360255484500684,11.020561646649133
213,0,0.9528471844721362,0.30345056111914304,45.36028778718734,11.020550849566005
214,0,0.9528471844721362,0.30345056111914304,45.36032101224225,11.020539690323641
215,0,0.9528471844721362,0.30345056111914304,45.36035386143055,11.020530502384679
216,0,0.9528471844721362,0.30345056111914304,45.3603879126,11.020519265283522
217,0,0.9528471844721362,0.30345056111914304,45.36042032234479,11.020508369991834
218,0,0.9528471844721362,0.30345056111914304,45.360453557256506,11.020498195768289
219,0,0.9528471844721362,0.30345056111914304,45.36048634783294,11.020487756331702
220,0,0.9528471844721362,0.30345056111914304,45.360519231844904,11.020476354060829
221,0,0.9528471844721362,0.30345056111914304,45.36055211615597,11.020465372552469
222,0,0.9528471844721362,0.30345056111914304,45.36058551485947,11.02045553393489
223,0,0.9528471844721362,0.30345056111914304,45.36061913967368,11.02044548553695
224,0,0.9528471844721362,0.30345056111914304,45.36065161346135,11.020434980516649
225,0,0.9528471844721362,0.30345056111914304,45.36068578598884,11.020423567851111
226,0,0.9528471844721362,0.30345056111914304,45.360717661893624,11.020413104177745
227,0,0.9528471844721362,0.30345056111914304,45.360750574323426,11.020403377447812
228,0,0.9528471844721362,0.30345056111914304,45.360784560054974,11.020393195230309
229,0,0.9528471844721362,0.30345056111914304,45.360816800925555,11.020382537197742
230,0,0.9528471844721362,0.30345056111914304,45.36085012561827,11.020371981666788
231,0,0.9528471844721362,0.30345056111914304,45.36088275955472,11.020361113802956
232,0,0.9528471844721362,0.30345056111914304,45.36091627574967,11.020350774646444
233,0,0.9528471844721362,0.30345056111914304,45.36094938432163,11.020341028846063
234,0,0.9528471844721362,0.30345056111914304,45.360981559897944,11.020329175979304
235,0,0.9528471844721362,0.30345056111914304,45.36101609768833,11.0203189013218
236,0,0.9528471844721362,0.30345056111914304,45.361048764895585,11.02030885713193
237,0,0.9528471844721362,0.30345056111914304,45.36108121097724,11.0202987453778
238,0,0.9528471844721362,0.30345056111914304,45.36111426137348,11.020288736516097
239,0,0.9528471844721362,0.30345056111914304,45.361147005281076,11.020276987606817
240,0,0.9528471844721362,0.30345056111914304,45.361179931667834,11.020267211781572
241,0,0.9528471844721362,0.30345056111914304,45.36121347361303,11.020257033741961
242,0,0.9528471844721362,0.30345056111914304,45.36124657569781,11.020245784330076
243,0,0.9528471844721362,0.30345056111914304,45.36127907673208,11.020234847269446
244,0,0.9528471844721362,0.30345056111914304,45.361312925317144,11.02022382884849
245,0,0.9528471844721362,0.30345056111914304,45.36134483707718,11.020214356612684
246,0,0.9528471844721362,0.30345056111914304,45.36137850056616,11.02020352681436
247,0,0.9528471844721362,0.30345056111914304,45.36141196988408,11.020193493665962
248,0,0.9528471844721362,0.30345056111914304,45.36144438058597,11.02018341393165
249,0,0.9528471844721362,0.30345056111914304,45.361477305026206,11.020172329542495
250,0,0.9528471844721362,0.30345056111914304,45.36151144388222,11.020161288670401
251,0,0.9528471844721362,0.30345056111914304,45.36154409959411,11.020150999120986
252,0,0.9528471844721362,0.30345056111914304,45.36157723320711,11.020139798457137
253,0,0.9528471844721362,0.30345056111914304,45.36161076073526,11.020129830731719
254,0,0.9528471844721362,0.30345056111914304,45.36164359350205,11.020119076039375
255,0,0.9528471844721362,0.30345056111914304,45.361675724549684,11.02010883251002
256,0,0.9528471844721362,0.30345056111914304,45.36170896359491,11.020097915777631
257,0,0.9528471844721362,0.30345056111914304,45.36174138731037,11.020087656013425
258,0,0.9528471844721362,0.30345056111914304,45.36177502628728,11.020077163610727
259,0,0.9528471844721362,0.30345056111914304,45.36180789325115,11.020066884648896
260,0,0.9528471844721362,0.30345056111914304,45.361841728932994,11.0200561673007
261,0,0.9528471844721362,0.30345056111914304,45.361873667833855,11.020046422908136
262,0,0.9528471844721362,0.30345056111914304,45.36190722974633,11.020034872921745
263,0,0.9528471844721362,0.30345056111914304,45.36193983532462,11.02002434862755
264,0,0.9528471844721362,0.30345056111914304,45.3619733877537,11.020013869542915
265,0,0.9528471844721362,0.30345056111914304,45.36200650633649,11.020003968961705
266,0,0.9528471844721362,0.30345056111914304,45.36203960555593,11.01999309588654
267,0,0.9528471844721362,0.30345056111914304,45.36207246247802,11.019982873968885
268,0,0.9528471844721362,0.30345056111914304,45.36210541599439,11.01997176752394
269,0,0.9528471844721362,0.30345056111914304,45.3621385813067,11.019962134659274
270,0,0.9528471844721362,0.30345056111914304,45.36217144783613,11.01995110362271
271,0,0.9528471844721362,0.30345056111914304,45.36220361785708,11.019940004975801
272,0,0.9528471844721362,0.30345056111914304,45.36223876890099,11.019930538470923
273,0,0.9528471844721362,0.30345056111914304,45.36227073,11.01991931
274,0,0.2108778085845649,0.9775124295100148,45.36227162244275,11.019924109968636
275,0,0.2108778085845649,0.9775124295100148,45.362273208269684,11.019928469683904
276,0,0.2108778085845649,0.9775124295100148,45.362273444403655,11.019932102401231
277,0,0.2108778085845649,0.9775124295100148,45.36227472004023,11.019937604447813
278,0,0.2108778085845649,0.9775124295100148,45.362275901711286,11.019942737226325
279,0,0.2108778085845649,0.9775124295100148,45.36227685858186,11.019946906439815
280,0,0.2108778085845649,0.9775124295100148,45.36227832176664,11.01995131566363
281,0,0.2108778085845649,0.9775124295100148,45.36227758782643,11.019955998927472
282,0,0.2108778085845649,0.9775124295100148,45.36227959086387,11.019961016186887
283,0,0.2108778085845649,0.9775124295100148,45.36228004129803,11.019965133771006
284,0,0.2108778085845649,0.9775124295100148,45.362282195224665,11.019970020614856
285,0,0.2108778085845649,0.9775124295100148,45.362282879819396,11.019976138379226
286,0,0.2108778085845649,0.9775124295100148,45.36228382462784,11.019979153734267
287,0,0.2108778085845649,0.9775124295100148,45.362284139180645,11.019984272341272
288,0,0.2108778085845649,0.9775124295100148,45.36228557,11.0199881
289,0,-0.9544055299292257,0.29851312272748404,45.36225783130099,11.01999741257902
290,0,-0.9544055299292257,0.29851312272748404,45.3622312796292,11.020005162621226
291,0,-0.9544055299292257,0.29851312272748404,45.36220369823384,11.020013526891569
292,0,-0.9544055299292257,0.29851312272748404,45.36217564529873,11.020022139504428
293,0,-0.9544055299292257,0.29851312272748404,45.36214752441199,11.020031003235957
294,0,-0.9544055299292257,0.29851312272748404,45.36212030826448,11.02003922010448
295,0,-0.9544055299292257,0.29851312272748404,45.362093739041676,11.020048227339354
296,0,-0.9544055299292257,0.29851312272748404,45.3620656448336,11.020057232834157
297,0,-0.9544055299292257,0.29851312272748404,45.36203831506381,11.020066117229206
298,0,-0.9544055299292257,0.29851312272748404,45.36201014150842,11.020072938577515
299,0,-0.9544055299292257,0.29851312272748404,45.361982551801034,11.02008187461753
300,0,-0.9544055299292257,0.29851312272748404,45.361955125728905,11.0200907476356
301,0,-0.9544055299292257,0.29851312272748404,45.361927724453565,11.020100109322673
302,0,-0.9544055299292257,0.29851312272748404,45.36190060861485,11.020108971332537
303,0,-0.9544055299292257,0.29851312272748404,45.361873121033035,11.020116750100994
304,0,-0.9544055299292257,0.29851312272748404,45.3618452562683,11.020125244226024
305,0,-0.9544055299292257,0.29851312272748404,45.36181752063699,11.020134881860734
306,0,-0.9544055299292257,0.29851312272748404,45.36179047712006,11.020143233833723
307,0,-0.9544055299292257,0.29851312272748404,45.36176256837217,11.020152241522675
308,0,-0.9544055299292257,0.29851312272748404,45.361735565329035,11.020159245575176
309,0,-0.9544055299292257,0.29851312272748404,45.36170740630121,11.02016821412977
310,0,-0.9544055299292257,0.29851312272748404,45.36167984120997,11.020177486857541
311,0,-0.9544055299292257,0.29851312272748404,45.361652956612566,11.020186213405223
312,0,-0.9544055299292257,0.29851312272748404,45.36162525378492,11.02019429967015
313,0,-0.9544055299292257,0.29851312272748404,45.36159822123397,11.020203692965834
314,0,-0.9544055299292257,0.29851312272748404,45.36157041134542,11.02021122015277
315,0,-0.9544055299292257,0.29851312272748404,45.361543361060285,11.020220058047853
316,0,-0.9544055299292257,0.29851312272748404,45.36151522038353,11.020228915828755
317,0,-0.9544055299292257,0.29851312272748404,45.36148738903619,11.020237794670939
318,0,-0.9544055299292257,0.29851312272748404,45.36146052251169,11.02024633477967
319,0,-0.9544055299292257,0.29851312272748404,45.361433200220524,11.02025484485892
320,0,-0.9544055299292257,0.29851312272748404,45.36140541871362,11.020263100885643
321,0,-0.9544055299292257,0.29851312272748404,45.36137806019883,11.020272642246447
322,0,-0.9544055299292257,0.29851312272748404,45.36135014079671,11.0202804032072
323,0,-0.9544055299292257,0.29851312272748404,45.36132235784702,11.02028843298066
324,0,-0.9544055299292257,0.29851312272748404,45.361295974758846,11.020297866112795
325,0,-0.9544055299292257,0.29851312272748404,45.36126850471241,11.020306635547877
326,0,-0.9544055299292257,0.29851312272748404,45.36123976878987,11.020315022710054
327,0,-0.9544055299292257,0.29851312272748404,45.361213769699766,11.020323416249221
328,0,-0.9544055299292257,0.29851312272748404,45.361184928582276,11.02033208273266
329,0,-0.9544055299292257,0.29851312272748404,45.36115806289457,11.020342179534051
330,0,-0.9544055299292257,0.29851312272748404,45.361130945467295,11.020349762364745
331,0,-0.9544055299292257,0.29851312272748404,45.36110126462723,11.020357483377483
332,0,-0.9544055299292257,0.29851312272748404,45.36107514914032,11.020366418591651
333,0,-0.9544055299292257,0.29851312272748404,45.36104810723594,11.020376014749768
334,0,-0.9544055299292257,0.29851312272748404,45.36102088419904,11.020384017673578
335,0,-0.9544055299292257,0.29851312272748404,45.360992264131475,11.020392154083812
336,0,-0.9544055299292257,0.29851312272748404,45.36096443153469,11.020401064170342
337,0,-0.9544055299292257,0.29851312272748404,45.36093752601289,11.02041000634846
338,0,-0.9544055299292257,0.29851312272748404,45.360910156669654,11.020419406963178
339,0,-0.9544055299292257,0.29851312272748404,45.36088275179436,11.020426320020864
340,0,-0.9544055299292257,0.29851312272748404,45.36085498979764,11.020435562213217
341,0,-0.9544055299292257,0.29851312272748404,45.360827774132346,11.020444069496303
342,0,-0.9544055299292257,0.29851312272748404,45.36080048989021,11.020451995288148
343,0,-0.9544055299292257,0.29851312272748404,45.36077209469683,11.020461768545866
344,0,-0.9544055299292257,0.29851312272748404,45.360745212197315,11.020469539786479
345,0,-0.9544055299292257,0.29851312272748404,45.360717178977616,11.020478480061875
346,0,-0.9544055299292257,0.29851312272748404,45.36069046537828,11.020487562149567
347,0,-0.9544055299292257,0.29851312272748404,45.360663786225714,11.020495844183936
348,0,-0.9544055299292257,0.29851312272748404,45.36063529864404,11.020503853307373
349,0,-0.9544055299292257,0.29851312272748404,45.36060790849899,11.020512619817845
350,0,-0.9544055299292257,0.29851312272748404,45.360580097705764,11.020521584077624
351,0,-0.9544055299292257,0.29851312272748404,45.36055214919291,11.020530505886518
352,0,-0.9544055299292257,0.29851312272748404,45.36052507847952,11.020538317508583
353,0,-0.9544055299292257,0.29851312272748404,45.36049754153645,11.02054766687814
354,0,-0.9544055299292257,0.29851312272748404,45.360470638004806,11.020556247658062
355,0,-0.9544055299292257,0.29851312272748404,45.3604419236668,11.020563977771786
356,0,-0.9544055299292257,0.29851312272748404,45.36041589211065,11.020573985806976
357,0,-0.9544055299292257,0.29851312272748404,45.360387168531595,11.020581876038388
358,0,-0.9544055299292257,0.29851312272748404,45.36036021139189,11.020590606102164
359,0,-0.9544055299292257,0.29851312272748404,45.36033162092184,11.02059910957005
360,0,-0.9544055299292257,0.29851312272748404,45.36030514168866,11.020607077129364
361,0,-0.9544055299292257,0.29851312272748404,45.360278213369746,11.020615826908452
362,0,-0.9544055299292257,0.29851312272748404,45.360249801109504,11.020623964017306
363,0,-0.9544055299292257,0.29851312272748404,45.36022302157434,11.020632749657794
364,0,-0.9544055299292257,0.29851312272748404,45.360195256814855,11.020642144714419
365,0,-0.9544055299292257,0.29851312272748404,45.36016692317902,11.020650946283554
366,0,-0.9544055299292257,0.29851312272748404,45.36014037929554,11.02065952547767
367,0,-0.9544055299292257,0.29851312272748404,45.360112441845175,11.02066770026529
368,0,-0.9544055299292257,0.29851312272748404,45.36008614844767,11.020676000348175
369,0,-0.9544055299292257,0.29851312272748404,45.36005681886736,11.020685276930974
370,0,-0.9544055299292257,0.29851312272748404,45.360029936216385,11.020693755734994
371,0,-0.9544055299292257,0.29851312272748404,45.36000210852012,11.020702007801706
372,0,-0.9544055299292257,0.29851312272748404,45.35997512371541,11.020710376988493
373,0,-0.9544055299292257,0.29851312272748404,45.359947782107106,11.020719480748252
374,0,-0.9544055299292257,0.29851312272748404,45.35992062952719,11.020727873818414
375,0,-0.9544055299292257,0.29851312272748404,45.35989339406589,11.020737103254787
376,0,-0.9544055299292257,0.29851312272748404,45.35986461855732,11.02074513351624
377,0,-0.9544055299292257,0.29851312272748404,45.35983799668395,11.02075353082597
378,0,-0.9544055299292257,0.29851312272748404,45.35980982661951,11.020761765359332
379,0,-0.9544055299292257,0.29851312272748404,45.3597827502959,11.02077093156534
380,0,-0.9544055299292257,0.29851312272748404,45.35975466034417,11.02078047101787
381,0,-0.9544055299292257,0.29851312272748404,45.35972749213517,11.020788072510072
382,0,-0.9544055299292257,0.29851312272748404,45.35970006,11.02079678
383,0,0.18563850809759755,0.9826181070544641,45.35970049288422,11.020801444131479
384,0,0.18563850809759755,0.9826181070544641,45.35970205436573,11.020809411357362
385,0,0.18563850809759755,0.9826181070544641,45.359703910340855,11.02081449886399
386,0,0.18563850809759755,0.9826181070544641,45.359705253157784,11.020820968509668
387,0,0.18563850809759755,0.9826181070544641,45.359706005943025,11.020826709342355
388,0,0.18563850809759755,0.9826181070544641,45.359706476936324,11.02083317106656
389,0,0.18563850809759755,0.9826181070544641,45.359708193599396,11.020838237057278
390,0,0.18563850809759755,0.9826181070544641,45.359708035350906,11.020844290673912
391,0,0.18563850809759755,0.9826181070544641,45.35971044997126,11.020850417171417
392,0,0.18563850809759755,0.9826181070544641,45.35971237780648,11.020855918975597
393,0,0.18563850809759755,0.9826181070544641,45.35971208223071,11.020861910166838
394,0,0.18563850809759755,0.9826181070544641,45.35971403184448,11.020868270239859
395,0,0.18563850809759755,0.9826181070544641,45.35971437093014,11.02087349208444
