,Sin,Cosin,Lat,Lon
0,0.9488330265396696,-0.3157782255754354,45.359664665345214,11.020597985748365
1,0.9552993511056428,-0.29564023707394393,45.35969646275324,11.020591632075355
2,0.9500993387147999,-0.31194750611873784,45.359734721691744,11.02057450304294
3,0.9525745593897995,-0.30430528881918795,45.35975820857834,11.020564395064183
4,0.9572758271087018,-0.2891764008928646,45.359790342172296,11.020555950836897
5,0.9522302882765833,-0.3053808738095678,45.35982818537776,11.020547682301144
6,0.9533926772119924,-0.30173233674657673,45.35985848924224,11.020535966366253
7,0.9550472813703941,-0.2964535213941964,45.35989497088159,11.020530242179323
8,0.9536155615440113,-0.30102717615042673,45.3599157921613,11.020512179752512
9,0.9597543784501514,-0.28084076101193617,45.359956496819244,11.020509933591315
10,0.9602766714741419,-0.27904966264545655,45.3599788543684,11.02049837023552
11,0.9477946633483045,-0.3188812884577489,45.36003196051626,11.0204828031799
12,0.9700303241170379,-0.24298388895849518,45.36005441550575,11.020475852039581
13,0.9505532410156203,-0.3105616460458374,45.360097068049456,11.02046747550848
14,0.955763146808711,-0.29413739511036396,45.360113357298594,11.020448847812776
15,0.954840600870062,-0.2971185401991923,45.360151140421266,11.02045102115548
16,0.9523746265659364,-0.30493043579379425,45.36018246365256,11.020443112759576
17,0.9598752366313573,-0.28042740611769,45.36021594719185,11.020429445208942
18,0.953731402320708,-0.3006599611311353,45.360251931586774,11.020418227167033
19,0.9469686181298955,-0.3213260591317737,45.36028304071316,11.020411736010782
20,0.9514661364416427,-0.3077534584774205,45.36030806945488,11.020397438154534
21,0.9388993970724783,-0.34419169393949167,45.36034690776407,11.020381599358029
22,0.9494045422256533,-0.31405575174051137,45.36037130655609,11.020372053944184
23,0.9579304776895154,-0.2870003482812116,45.36041052417237,11.020365000591655
24,0.9472015329921856,-0.32063882468792465,45.36043649899522,11.020348508083561
25,0.9498163501984128,-0.3128080895625401,45.36047527535279,11.020344574111961
26,0.9480824715952695,-0.3180245698901344,45.360500664705306,11.020344854073429
27,0.9551600413565634,-0.29609001232011883,45.36053510257035,11.020325753179835
28,0.9536114274480609,-0.30104027212396633,45.36056924965634,11.020312781016164
29,0.9513277204808658,-0.3081810640592307,45.36060201325206,11.02031145066082
30,0.9500055927318424,-0.3122328838835218,45.36064356114606,11.020301257135564
31,0.9497506381949977,-0.31300754822878385,45.36066882673576,11.020286976895662
32,0.9575228221227997,-0.288357495331731,45.36070798662199,11.020270278391509
33,0.9556167414490269,-0.29461270078247415,45.360734385180535,11.020267469529507
34,0.9547120212032367,-0.29753143795241266,45.360763955662605,11.020262951466876
35,0.9441635826021016,-0.32947705426624835,45.360801414288304,11.02024787888831
36,0.9558170854221769,-0.2939620710483837,45.36083560966315,11.02023989132827
37,0.9449943731029969,-0.3270865860955992,45.36087278410311,11.020221445897405
38,0.948390348728129,-0.317105260819397,45.36089862286283,11.020219938067891
39,0.9558720471071084,-0.29378330374489636,45.36092839291693,11.020202418135495
40,0.9471498836050449,-0.3207913620828184,45.360960288531764,11.020192163035874
41,0.9590138571292081,-0.28335917460735044,45.360999548246426,11.020189366150403
42,0.9593563905953163,-0.2821972994624982,45.361014713787206,11.02017459236961
43,0.9477704453726373,-0.31895326127530454,45.36106284721875,11.020168365421918
44,0.951723423255954,-0.3069568790986254,45.36109401428074,11.020159006956213
45,0.9493108332915654,-0.31433889640843654,45.36111373652123,11.020138919956304
46,0.9511477525398799,-0.3087360569132401,45.36115915246502,11.020129285477315
47,0.9421930882101488,-0.3350704172692999,45.36118304040497,11.020126716354394
48,0.9540273140842193,-0.2997196756658636,45.36122790571332,11.020112131451626
49,0.9531241027532693,-0.3025796502588622,45.3612521176882,11.02010215151835
50,0.9554823834221433,-0.2950481570353226,45.36127404061372,11.020092866686452
51,0.9604869151876136,-0.2783251439474735,45.36131181188813,11.020084608527872
52,0.9542136421025758,-0.29912593539400323,45.3613545276601,11.020071547661281
53,0.9546010024315876,-0.29788743873585544,45.36138153764809,11.02005313598743
54,0.9552352240624716,-0.29584737063276323,45.361410442408896,11.020058584113979
55,0.9613634107062053,-0.2752823869326403,45.361450679012485,11.02003877035242
56,0.9492956873418309,-0.31438463383918874,45.361477024269455,11.020027844888627
57,0.9619592653189005,-0.2731929206021291,45.36150923662074,11.020020933646839
58,0.9506951344679238,-0.31012700833532136,45.36154267443151,11.020011716806463
59,0.9501736734430059,-0.31172101356152443,45.361569776287695,11.020020085832417
60,0.9550170972493829,-0.2965507443277842,45.361612521808,11.019996566278058
61,0.9525818062993836,-0.30428260270249374,45.361640378961354,11.019980416535807
62,0.9439955756330447,-0.32995810822775146,45.36167192218823,11.019975213524058
63,0.9504559258683524,-0.31085934597778003,45.36171304476961,11.019955183400551
64,0.9602774767817318,-0.27904689137438987,45.36173182391707,11.019957025095291
65,0.9539483546306479,-0.2999708930837787,45.36176330703032,11.019933938665625
66,0.9405324426676314,-0.33970387735446705,45.36180730325324,11.01992841458254
67,0.9551391878127314,-0.2961572756229967,45.3618254561584,11.019929424243978
68,0.9502199223107365,-0.3115800045634794,45.36185682376121,11.019919855922454
69,0.9569278269175311,-0.29032591009224745,45.36190301934391,11.019889037671526
70,0.952697441658898,-0.30392035906893533,45.36194163621497,11.019883980813036
71,0.9502254813030103,-0.31156305089413655,45.361964111589074,11.019884099097832
72,0.9537971092800909,-0.3004514508684263,45.36199765435631,11.019869378429226
73,0.9467852027839514,-0.3218660898407162,45.36202216168296,11.0198585858491
74,0.9556132200409926,-0.2946241227104216,45.36206367777577,11.019846520452285
75,0.9614156509428204,-0.275099883900726,45.3621056107616,11.019832238368489
76,0.9611361898696313,-0.27607467200539765,45.362126733313275,11.019839198942716
77,0.9405593598826144,-0.3396293428683785,45.36216830774572,11.019819691521802
78,0.9546876691254981,-0.29760956708365993,45.36219320882621,11.019811579392229
79,0.9542452895012108,-0.29902496127372097,45.3622220863231,11.019798640402636
80,0.14471342115396396,0.9894736104302709,45.3622562120984,11.01979190186542
81,0.14212213158402026,0.989849129773833,45.362261693139715,11.01979628417283
82,0.11921410063702914,0.9928685704610174,45.36225055138494,11.01981225851589
83,0.13834428195082235,0.9903841980017206,45.36226193809763,11.019813845607969
84,0.15820431150982184,0.987406398510615,45.36226128301503,11.019815271861741
85,0.1143571631150575,0.9934397008597332,45.362263228162796,11.019825115883158
86,0.1384368401992018,0.9903712643628452,45.36226678536723,11.019831762804797
87,0.139292465983066,0.990251285745369,45.362268691997116,11.019843562336714
88,0.1495157306592146,0.9887593470028191,45.36226735235503,11.019843086243062
89,0.10156090625994675,0.9948293232105989,45.36226503939237,11.019852692808689
90,-0.9554812617689126,0.29505178936669185,45.3622682008773,11.019861980201815
91,-0.9596879419361585,0.28106770376964424,45.36224180847309,11.019874712361926
92,-0.9489655525195738,0.3153797395699665,45.36219865324169,11.019877232359251
93,-0.952911821124791,0.30324752457461945,45.36217240670803,11.01988908947775
94,-0.9486900482167158,0.316207514797744,45.3621491378616,11.019901325250745
95,-0.9523679228560704,0.304951372377325,45.36210502867655,11.019911261432947
96,-0.957326602495705,0.28900826312413713,45.36207486102553,11.019920052907109
97,-0.9497384950960164,0.31304439131336304,45.36203888559678,11.01993713676938
98,-0.9507883379478094,0.30984114707772803,45.36200735426666,11.019940500283571
99,-0.9589275527272999,0.2836511036827312,45.36198738745605,11.019955985008563
100,-0.9484776403810499,0.3168440715828464,45.361940915498394,11.019961419559895
101,-0.9542041052679745,0.2991563562583023,45.36192105448352,11.019973304006333
102,-0.9562084153731305,0.2926866351058871,45.36187661912847,11.019989264676644
103,-0.9547677312392735,0.29735261792055984,45.36184419143661,11.019996132937699
104,-0.9490390191479029,0.31515859521007267,45.36181403711397,11.020018784763346
105,-0.9574552573560409,0.2885817564595476,45.36177769823014,11.020013647240704
106,-0.9557596365685536,0.2941488009602392,45.36175362410294,11.02002753987775
107,-0.9424083707913563,0.33446444155153693,45.36171122659527,11.020033449670848
108,-0.9518691761456453,0.30650460274490254,45.36167042256031,11.020051256640931
109,-0.9513823320098546,0.30801243211839824,45.36165191911566,11.02005901308324
110,-0.9487177071358537,0.31612452003425584,45.36162200786784,11.020065303077935
111,-0.9542789915788624,0.29891739031249,45.36158242817628,11.020071243008077
112,-0.9565756557854823,0.29148415867517474,45.361557100821564,11.020090531387606
113,-0.9500878300616761,0.3119825558724328,45.361528592066804,11.020087114221015
114,-0.9541397931056598,0.2993614123635321,45.3614835825634,11.02010219319295
115,-0.9532482840347337,0.30218820126675316,45.36147013637871,11.020124190501654
116,-0.946441357290618,0.32287576126103484,45.36142836408714,11.020131901219706
117,-0.9504542498193609,0.3108644704695536,45.361381309483626,11.020134916214364
118,-0.9535308607573353,0.30129536601709517,45.361355233920456,11.020158821623674
119,-0.9525096066058947,0.3045085373573026,45.361332736798495,11.02016249082701
120,-0.9554446847185437,0.2951702126622579,45.361295250081746,11.020159877890068
121,-0.9528590405415728,0.3034133300601562,45.361259691915905,11.020174535702832
122,-0.9580062987384828,0.2867471561801318,45.36123156797352,11.020191314844817
123,-0.9602739286333054,0.27905910124408684,45.36119801598603,11.02019645385663
124,-0.9561641655187696,0.2928311605307654,45.36115739137457,11.020205215838775
125,-0.9581525089229174,0.28625822196876505,45.36112939643231,11.020217842031222
126,-0.9621730515659993,0.2724390185714464,45.36110372210435,11.020228813304245
127,-0.9538465206238644,0.3002945472261321,45.3610723898628,11.020234629936537
128,-0.9575751717679017,0.28818360538669346,45.361038619570174,11.020248303506248
129,-0.9688549668612676,0.24762886178362173,45.360998247377246,11.020260452799674
130,-0.9602612342689518,0.27910278028043584,45.36096488180244,11.020265936487728
131,-0.9520904243920538,0.3058166505946968,45.360937043971376,11.020277368465807
132,-0.9514203349454573,0.30789502472802943,45.36090706642645,11.020292396252714
133,-0.947683784319449,0.31921065918601177,45.36086672103082,11.020304219985446
134,-0.9537355581127868,0.30064677811560064,45.36082857633089,11.020310769019426
135,-0.9594522075224544,0.2818713562607755,45.3608126973598,11.020321798644275
136,-0.9559709059068431,0.2934614575368453,45.36078004051074,11.020329705890054
137,-0.9628914500596316,0.2698889686557419,45.36075505333866,11.020345115100147
138,-0.949120393531601,0.31491344617595923,45.36071158920709,11.020343308988263
139,-0.96209060877832,0.27273001393422347,45.36067902560049,11.020364716741623
140,-0.9555546816529207,0.2948139249953864,45.360649297968,11.020368329329518
141,-0.9618257983511862,0.2736624446761069,45.360618319222084,11.020380433387526
142,-0.9516760889501777,0.3071036009565718,45.360583917454605,11.020386244724035
143,-0.9504597439768359,0.31084767182574746,45.36054723161856,11.02039722644248
144,-0.9531014277417953,0.3026510671326823,45.360523609678786,11.020411049931145
145,-0.9525802797039703,0.3042873817940955,45.360477109741964,11.02044403216153
146,-0.9618135106655267,0.27370562782167035,45.36045010983244,11.020436558560796
147,-0.9521748760478354,0.3055536048278427,45.36042381796074,11.020440105029575
148,-0.9462306250586214,0.3234928193966145,45.36038275934271,11.02045550864025
149,-0.9592750085749517,0.2824738181204166,45.36035187513241,11.02046616926451
150,-0.9529072444147338,0.3032619058535356,45.3603175219054,11.020466553490667
151,-0.9505666020758531,0.31052074812799035,45.360282155193524,11.020477432002039
152,-0.9530016149348044,0.3029652157123895,45.36025412363187,11.020486078237223
153,-0.9566211767338153,0.2913347288333653,45.360219444185276,11.020503784599647
154,-0.956021154023516,0.2932977208563761,45.360187147306775,11.020511622739377
155,-0.9491177497789419,0.3149214140933541,45.360162104296926,11.020528796331911
156,-0.9554451394008423,0.29516874088443895,45.360122004546994,11.0205292688974
157,-0.9591775157392299,0.2828046910861262,45.36009197233213,11.020544214956427
158,-0.9610749601815296,0.2762877502027031,45.36007216887506,11.020558199141869
159,-0.9539884724580809,0.2998432830948485,45.36002714267653,11.020568084230536
160,-0.9495931356318577,0.31348505029882423,45.359995816593276,11.020577403620743
161,-0.9565812114804267,0.29146592569739466,45.35997196099957,11.02058987026433
162,-0.9492401264164662,0.3145523524007592,45.35993031828057,11.02059902019149
163,-0.9596407033497761,0.281228946721967,45.35989878435454,11.020617664187087
164,-0.9459038503321352,0.32444707723578226,45.35986616545355,11.020619267095258
165,-0.9499219049277816,0.31248739900734324,45.359843810566076,11.020631731621323
166,-0.9572698361451947,0.289196232351931,45.35980319244504,11.020639400430312
167,-0.9526004335404553,0.3042242824275151,45.359768691057646,11.020648657167838
168,-0.9556636274528741,0.2944605765864323,45.359740764640776,11.020649859211055
169,-0.9511973592892958,0.308583187618947,45.359705612430986,11.02066910007374
170,0.1371726257773329,0.990547157250654,45.359672839223514,11.020677381335627
171,0.11431132824347573,0.9934449759474414,45.35967773704086,11.020679863863073
172,0.1047894770771863,0.9944944270803582,45.35967549139003,11.020694246690782
173,0.1573874044386482,0.9875369385111958,45.359678431724284,11.020699255092342
174,0.12511839479358747,0.9921418181309948,45.359680404643285,11.020693180522048
175,0.11249167052163321,0.9936526677180776,45.35968028617023,11.020709303708095
176,0.11121552675635248,0.9937963104219631,45.35968960091104,11.020718575121379
177,0.1268944959046437,0.9919162197026049,45.359682591148335,11.020729845634914
178,0.15984810267715915,0.9871416231070962,45.35968291966276,11.02073564270617
179,0.1465483548923703,0.9892035077163546,45.35968783301371,11.020730120670208
180,0.948476056196358,-0.31684881382483204,45.35968886898548,11.020743082793974
181,0.9604437599650201,-0.2784740274141465,45.359712357873924,11.020733790187652
182,0.9563988859804766,-0.29206364185790623,45.35975159075142,11.020724607170793
183,0.9591827159281835,-0.2827870532125431,45.35978537092171,11.02070898433341
184,0.9566582972702424,-0.2912128126714214,45.3598229624302,11.020689864421815
185,0.9469793795312204,-0.3212943428426105,45.35984864140441,11.020692464509489
186,0.9617882556732148,-0.2737943594179303,45.35988899442592,11.020689295080304
187,0.9459912107277927,-0.324192272001917,45.35992013790553,11.020669127463822
188,0.9458481934716481,-0.3246092957794336,45.35994832344395,11.0206731701133
189,0.9540238996399452,-0.299730543848624,45.359980344271534,11.020650654657217
190,0.9491599030599279,-0.31479434306109777,45.36001325317729,11.020636405643115
191,0.9465231936280628,-0.32263577595197446,45.36005204749858,11.02062827695465
192,0.9559550282352507,-0.293513175158699,45.360085587200146,11.020610235970842
193,0.9594693370273442,-0.2818130431763382,45.36011289613404,11.020599498566888
194,0.956181053994572,-0.2927760099151386,45.36014457099312,11.020602071157544
195,0.961653526774746,-0.2742671953436883,45.360169658323336,11.020598357181749
196,0.9470963257863929,-0.320949450353034,45.36020664163427,11.020580144607564
197,0.9616124427050738,-0.2744112061027776,45.36023307220592,11.02057256850489
198,0.9573871587310365,-0.2888075973670241,45.360275896018194,11.020557320882409
199,0.9507285648487914,-0.31002450867722914,45.36029939254322,11.020547516968207
200,0.9520962866280313,-0.30579839925858615,45.36033342316247,11.020532917654688
201,0.9481222742424645,-0.3179058871510512,45.36037624233494,11.020524251003911
202,0.9581397215375382,-0.2863010199282717,45.3603980679299,11.020514085521286
203,0.9541970215203166,-0.2991789499977504,45.36044328256934,11.020506388504032
204,0.9538952159551,-0.3001398290430199,45.36046854884364,11.020497291265658
205,0.9504105816960385,-0.31099795208360714,45.360498108795994,11.020482859226304
206,0.9544559213781477,-0.29835196353667787,45.36053260290424,11.020478494945143
207,0.9597171910468968,-0.2809678152547978,45.36056332007996,11.020460538136987
208,0.9557749768940573,-0.29409895195862956,45.36060175410608,11.020451963054692
209,0.9582499047691574,-0.2859320199101541,45.3606255182375,11.020440266037582
210,0.9592615006870154,-0.2825196865701486,45.36066261716997,11.020440293434998
211,0.9527625942685806,-0.30371604989299483,45.36069449857617,11.020424110916572
212,0.9454674518561429,-0.3257165907359526,45.36072051849986,11.020409779362016
213,0.9548139856121732,-0.2972040593252329,45.36076264052755,11.020403470958188
214,0.949378890118879,-0.3141332885840745,45.360790341824575,11.020392283359946
215,0.9565700408931227,-0.29150258466389206,45.36082547190214,11.020386445409342
216,0.9561118157163422,-0.29300204068845553,45.36086188442875,11.020371544051553
217,0.9539842586297543,-0.2998566895812697,45.36089061517854,11.02035107584474
218,0.9573837562203844,-0.28881887633142606,45.36092716502629,11.020345399955907
219,0.9455894758268423,-0.3253621723641483,45.360946831439605,11.020351599113582
220,0.9452364990982558,-0.32638621412748586,45.360998261930135,11.020328201153722
221,0.952562515238711,-0.3043429883570514,45.361015988347674,11.020314050268773
222,0.9526155363270575,-0.304176987867775,45.3610527844127,11.020306567650158
223,0.9521447870659546,-0.3056473531099654,45.36108824612944,11.020302439290676
224,0.9531922588107212,-0.3023648751811544,45.361119978449665,11.020286955458618
225,0.9655775194411266,-0.2601154627274602,45.36114917832825,11.020281509382334
226,0.9504488269707844,-0.3108810500977183,45.36117959337501,11.020264549446308
227,0.9535925446832466,-0.30110008091086643,45.36121956372024,11.020250608876168
228,0.9673608687094455,-0.25340274207219426,45.361253321395786,11.020246410048383
229,0.9562376055176138,-0.29259125378920753,45.36127894858311,11.02023242431755
230,0.9517893198995253,-0.30675249065850985,45.36131639395174,11.020216997487292
231,0.9492748421910193,-0.3144475695298269,45.36135048439278,11.020203523400475
232,0.9567869017041488,-0.2907900010787431,45.36137173441781,11.020202929306535
233,0.9527994295001436,-0.3036004728985133,45.36140557744236,11.020197597706922
234,0.9541126076216614,-0.29944804553944526,45.3614426725301,11.02019185519538
235,0.9533939487218895,-0.30172831908934744,45.361477858114206,11.020178661699573
236,0.9577390100632449,-0.2876386424023649,45.36150591086305,11.020162075710093
237,0.9545167683698096,-0.298157238551834,45.36154265056559,11.020153562834588
238,0.9465333195855529,-0.32260606769612,45.36158226333968,11.020136796818772
239,0.949595198214826,-0.3134788023572652,45.361608215015046,11.020133065525263
240,0.9534058604808163,-0.301690678014476,45.361633646620696,11.020123594295871
241,0.9514962143949122,-0.30766045243441875,45.361681213004054,11.020109483963068
242,0.9511920093891293,-0.3085996780203611,45.36170147676177,11.020113290485952
243,0.9536359536786149,-0.3009625688544651,45.3617196930165,11.02009592108157
244,0.9495219899042172,-0.3137004792606088,45.361768871083555,11.020088632243263
245,0.9503896960879498,-0.31106177130893886,45.36179865258265,11.020075350024252
246,0.9529860899007692,-0.30301404663091647,45.361835350121325,11.02006165070484
247,0.9576001555868017,-0.2881005762231885,45.361861590549026,11.020057200195689
248,0.9586378261586666,-0.2846287375824623,45.36189713890561,11.020030041206
249,0.9687269545775645,-0.2481291749772226,45.36192478715007,11.020020244641524
250,0.9538889219535479,-0.3001598317135358,45.361964228942824,11.020020234398656
251,0.9558817890474147,-0.29375160487649027,45.361993277423224,11.02000971457138
252,0.9491584692887891,-0.3147986660984491,45.36202901235771,11.02000702315403
253,0.9563758780762306,-0.292138973493642,45.36206333411109,11.019982878726996
254,0.9449705352184619,-0.3271554486309738,45.362099809144915,11.019978403592319
255,0.9539432483706365,-0.29998713120412024,45.36212639764674,11.019975436312853
256,0.9546746837037873,-0.2976512192064291,45.36216547827645,11.01996044101614
257,0.9615188390713866,-0.2747390072610969,45.362184236564396,11.019955401620424
258,0.9508850200373163,-0.3095443080863101,45.36221790469422,11.019938497879686
259,0.949234409468087,-0.31456960419241425,45.362254252779806,11.01993663644581
260,0.12062546917762353,0.9926980891417482,45.362287133949806,11.019916045294066
261,0.1303129531017179,0.9914729115078785,45.36229137047008,11.019923877113952
262,0.12555597415928738,0.9920865372299497,45.3622892714902,11.019931432911592
263,0.12374784740260553,0.9923136954931245,45.3622910308595,11.019941746995208
264,0.1478913701161698,0.9890036110374735,45.362299680452196,11.019960152404265
265,0.12240172021706346,0.9924806390493991,45.36228344455829,11.01996611547835
266,0.11558392261029161,0.9932977181258488,45.36228142030187,11.019958369629919
267,0.17276472368873053,0.9849631212633073,45.36229177458953,11.019961870532033
268,0.15438812673826152,0.9880102764254279,45.36228026750908,11.01996951468497
269,0.13129219055087057,0.9913437147126893,45.36228315824929,11.019985874799534
270,-0.9530531811504763,0.30280296217005115,45.362283027663814,11.019996445006317
271,-0.9453732963421375,0.3259897706419652,45.36225263533952,11.020008562951865
272,-0.9583341513063551,0.2856495307889162,45.36221432582188,11.020014212459445
273,-0.9570232507070016,0.29001120255294227,45.362191882856585,11.020031552578034
274,-0.9533030811426676,0.30201529014918516,45.362146052552895,11.020033696420334
275,-0.9543216067189844,0.29878130957155963,45.362128903808134,11.020053512188863
276,-0.9604447264104655,0.27847069416785336,45.362081057324545,11.020051410911572
277,-0.9550892488635777,0.29631828614718814,45.36204872081308,11.02006060964003
278,-0.9513936536635627,0.3079774598386982,45.36202389916883,11.020079165412843
279,-0.9565383638982358,0.2916065129431892,45.36199713491533,11.020082946476965
280,-0.9526580847926414,0.3040437032388873,45.361958053116915,11.02009230012198
281,-0.9618923587714777,0.2734284003848955,45.3619317625242,11.020105320018423
282,-0.9581750048926209,0.28618291353437936,45.361893930993375,11.020120952140696
283,-0.9513603797301674,0.3080802296150659,45.3618612238339,11.020129531682947
284,-0.9556202464319344,0.29460133164900815,45.36183376734602,11.020129929292777
285,-0.9629707825662209,0.2696057713102598,45.36179387488046,11.020142438839308
286,-0.9496736234000972,0.3132411355778967,45.361767949269016,11.020147515616037
287,-0.9541365752107838,0.29937166840741025,45.3617380725212,11.020163206801348
288,-0.955331302401677,0.2955369734086002,45.361705599546994,11.02017051193489
289,-0.9498512316447755,0.3127021550020131,45.36166340589315,11.020183702788046
290,-0.9528818693637299,0.3033416276047251,45.361632164679634,11.020188082110366
291,-0.9555008781501168,0.2949882571465444,45.361615097409334,11.020201213844818
292,-0.9535424056088124,0.3012588267682111,45.3615740629235,11.0202117038101
293,-0.9501669698587808,0.31174144637725465,45.361537442950386,11.020233436833841
294,-0.9567253711597021,0.2909923782151866,45.36151130415032,11.020244598443599
295,-0.9502777965374636,0.31140345118174734,45.3614705374691,11.020253696747464
296,-0.9541447862293833,0.2993454975630744,45.36144069431177,11.020252477691633
297,-0.9543714973025635,0.29862191000739197,45.36141253992081,11.020260062850136
298,-0.9558705545545181,0.29378815996503,45.361380043879265,11.0202700674793
299,-0.9647024603586535,0.2633422924217844,45.361353157721965,11.020284732131449
300,-0.9566229026573727,0.29132906156335114,45.361320922986806,11.020298604205573
301,-0.9505591754268327,0.3105434816766568,45.36127643394125,11.020304952576295
302,-0.9525660520678316,0.3043319182207235,45.36124856507393,11.02032356137235
303,-0.9498711211117499,0.3126417331034157,45.36121403236702,11.020330602389109
304,-0.9426860671573691,0.33368095358796257,45.36118235777388,11.020343426009756
305,-0.9474437608065235,0.31992236575267935,45.36115534670043,11.020346587246395
306,-0.9511597915322209,0.3086989649681097,45.36111879183988,11.020355088510058
307,-0.9445764544646472,0.32829151934065576,45.36109820869944,11.020360835050237
308,-0.9512274704603642,0.30849035550820236,45.361062204738076,11.020379290795129
309,-0.9562517799887698,0.29254492521373454,45.361020290274396,11.02038093686733
310,-0.9516287472978182,0.30725026821206397,45.36099056269085,11.02039623303376
311,-0.9496897983796443,0.3131920925783897,45.360958433357645,11.020403989642428
312,-0.952230611195576,0.3053798668905661,45.36091860781504,11.020411579539845
313,-0.9515214834162096,0.30758229239898716,45.36088420132937,11.020425848244312
314,-0.9444779891177378,0.32857469177055343,45.36086003942023,11.020427623327178
315,-0.9545301900827782,0.2981142670529797,45.36083493338244,11.020441965953111
316,-0.9559954509910084,0.29338148831256966,45.360799760388986,11.02046068972939
317,-0.9579803788186365,0.28683373894732406,45.36076908369961,11.020473439066189
318,-0.9532207623118403,0.3022750044208653,45.36073477858435,11.020475571874698
319,-0.9565103378448305,0.2916984291969502,45.360704688499204,11.020485210849738
320,-0.9576316059885791,0.28799601943730896,45.36066766390202,11.020506970898063
321,-0.941331293013327,0.3374839207930623,45.36064612169487,11.0204970403888
322,-0.9634294841152775,0.26796199196410336,45.36060230583947,11.020508189736734
323,-0.949527914491686,0.31368254589802935,45.360573779223216,11.020519878918824
324,-0.945830402544577,0.32466113044582895,45.3605412316829,11.020531945172928
325,-0.9586190192255419,0.2846920722097122,45.360507130327946,11.02055747191772
326,-0.9511731474307195,0.30865780989104874,45.36047714677804,11.020556599229945
327,-0.9566866689677948,0.29111959298423223,45.36043639225733,11.02057147692946
328,-0.9504617408385443,0.31084156607854735,45.36040506838937,11.020572471927045
329,-0.9497666537132786,0.312958948576776,45.360374529150214,11.020583311661737
330,-0.9590195818896641,0.2833397987437942,45.36035040082206,11.02059366586586
331,-0.9559159142924485,0.2936405367152706,45.360316652306835,11.020612424050743
332,-0.9531569423927784,0.302476186117932,45.36028341530125,11.020610009070571
333,-0.9456030367207967,0.32532275811016903,45.36024669223491,11.02062403038216
334,-0.949146989629683,0.31483327663528565,45.36021413149504,11.020641479343324
335,-0.9526446403894934,0.3040858252815689,45.36018231882797,11.020642812507527
336,-0.9542978780158036,0.29885708961731944,45.36015986461844,11.020649535297586
337,-0.9575224907589999,0.2883585956594341,45.36012269326229,11.020669687936161
338,-0.9511558360429894,0.30871115231128576,45.36008774720204,11.02066875206024
339,-0.9568103664367953,0.2907127838246636,45.36004948501841,11.02067688325756
340,-0.953371523445139,0.3017991687925843,45.360028228698994,11.020691610343077
341,-0.9513665034813081,0.30806131865872116,45.35999519033204,11.020700850560491
342,-0.9497912169743374,0.31288439423916153,45.359959073104164,11.020715324223158
343,-0.9592249960422312,0.2826436041515562,45.35992646607061,11.02073311018703
344,-0.9578316776808302,0.28732991008790953,45.3598948212457,11.020738946337888
345,-0.9573102882263081,0.28906229788068677,45.35986360151146,11.020742652573787
346,-0.9544840266771477,0.2982620371723126,45.35982834232962,11.020759019872052
347,-0.9517935284085646,0.3067394322215111,45.35980522053182,11.020779796666117
348,-0.9555620389063134,0.2947900775148463,45.359763508623715,11.020779131215889
349,-0.9624958448883392,0.27129642196807935,45.35973829400201,11.020784671443796
350,0.15373231142107993,0.9881125322680266,45.359699612239716,11.020796499762342
351,0.16478573279052808,0.9863293883225261,45.35969980311401,11.020797516697481
352,0.16032558879146955,0.9870641851362396,45.35970042088849,11.020815308865826
353,0.12041158786186297,0.992724055066958,45.35970131593148,11.020817264908354
354,0.08948524231692451,0.995988148226414,45.359705534893244,11.020828850991002
355,0.14589751812979995,0.9892997089879106,45.359710005013646,11.020842852091553
356,0.12139030500578259,0.9926048528244273,45.35971637364477,11.020845410590217
357,0.13360937581607424,0.9910340734273666,45.35971551983371,11.020851871620769
358,0.1428192049776896,0.989748793729773,45.359707498272826,11.02086709162129
359,0.1257051235654066,0.9920676498653738,45.359721187925096,11.020870392678965
360,0.9508135895040626,-0.30976364863295364,45.359718641540894,11.020879736773571
361,0.9583980507333971,-0.28543506503305555,45.35975384476235,11.020867569888427
362,0.9550444675212291,-0.296462586268642,45.35978779128255,11.020863408743292
363,0.9433059667234577,-0.33192446903463285,45.35981691268931,11.020852268692916
364,0.9348137431948352,-0.355138375192066,45.35985034612229,11.020841178558605
365,0.9503681139431471,-0.31112770368474946,45.35987767395337,11.020830738175457
366,0.9562758976594775,-0.2924660793246978,45.35990917526313,11.02081371594117
367,0.9573369926480852,-0.2889738439850916,45.3599444163028,11.020813811119217
368,0.9602618496751368,-0.27910066294884517,45.35997238844469,11.020801587233779
369,0.9562468880037653,-0.29256091533749723,45.360000720540114,11.020795308283981
370,0.9493907428816708,-0.31409746469939753,45.36003947124854,11.020774085753859
371,0.9588543379605741,-0.28389850047893755,45.36007539765275,11.020774088779062
372,0.9641160853465884,-0.2654810237587046,45.36011148099273,11.020760925423351
373,0.9520280364358306,-0.3060108132732189,45.360132099989414,11.020746225034205
374,0.9528767034689773,-0.3033578546635879,45.36017825237458,11.020739130792064
375,0.9542683723457583,-0.29895128957838124,45.360199256311525,11.020729931713296
376,0.9444224093310886,-0.32873441066195347,45.36023572761848,11.020720534052362
377,0.9493630458061175,-0.3141811694830415,45.36026624144173,11.020712951087686
378,0.9500711088300964,-0.31203347283000116,45.36029749478474,11.020695464421438
379,0.9517633587516702,-0.30683303104088955,45.360334299001025,11.020687865918841
380,0.9546738169187172,-0.2976539992841482,45.360354393291274,11.020674217587205
381,0.961710617679889,-0.2740669404393139,45.36038416373544,11.02066521832105
382,0.9533913154173437,-0.3017366396160516,45.360432353392945,11.020656142335968
383,0.9497184978185679,-0.31310505409725153,45.360454690287355,11.020649835546065
384,0.9608329092088163,-0.27712834676611964,45.360495820012574,11.020627691347046
385,0.9517643370464418,-0.3068299964582132,45.36052105288254,11.020622568647466
386,0.9591167218233748,-0.28301080177050336,45.360561515851444,11.020614791389379
387,0.951005773160745,-0.3091731220771523,45.36059064593875,11.020603691218806
388,0.9588464922765207,-0.2839249975768462,45.3606209398957,11.02059349861167
389,0.9516687331930397,-0.30712639460449337,45.36064662542613,11.020576246249144
390,0.9474938096201937,-0.31977410891348323,45.360682253739604,11.020581773182911
391,0.950703820072136,-0.3101003813287685,45.36071055620576,11.020560182935041
392,0.9514701473531557,-0.30774105786482936,45.36075157240171,11.0205537152633
393,0.961182946640415,-0.2759118393393967,45.36078172869112,11.02055168313077
394,0.9491278274785981,-0.31489104005315294,45.36081029956676,11.020541533881236
395,0.9508803332729759,-0.3095587049247269,45.36085557946322,11.020523846392857
396,0.941651331683747,-0.33658991300724644,45.360878773912674,11.020515606849994
397,0.9479985360831719,-0.3182746857419911,45.36091426482105,11.020503203435212
398,0.9525083710308476,-0.30451240223702064,45.36095105138706,11.02049720437344
399,0.9459109871204595,-0.3244262696589132,45.36097731207342,11.020476886980036
400,0.9502220621763847,-0.3115734785781019,45.361013236139236,11.020478633448105
401,0.9572616353276685,-0.28922337652720564,45.361044034801274,11.020467346353708
402,0.9530599360506168,-0.30278170072709865,45.36107456025789,11.020452466561846
403,0.956981897707356,-0.29014763045806113,45.36109882647528,11.020436994908637
404,0.9597167862866203,-0.28096919781300156,45.36113321865084,11.020430307561217
405,0.9613520616913528,-0.27532201779332044,45.36116923544261,11.020427022012049
406,0.9538359397974979,-0.30032815377620525,45.3612120628241,11.020415550849952
407,0.9570437837902435,-0.28994343570505887,45.36123613200864,11.020400885558452
408,0.956300940700782,-0.2923841835920668,45.3612614249527,11.020395605060544
409,0.9487629441011971,-0.31598872748949236,45.361309726260174,11.020378934855628
410,0.9563141885639505,-0.29234085029511864,45.36132910303616,11.020377586290467
411,0.9600103715024048,-0.2799644381127983,45.361358848233074,11.020365558812802
412,0.9560332779632431,-0.29325819924915386,45.36139818789426,11.020347623387844
413,0.9575953840755641,-0.2881164354860252,45.361423828602454,11.02034626269589
414,0.9432121994975536,-0.33219082877013184,45.36146456163233,11.020328973825166
415,0.9521599192797868,-0.3056002096156183,45.361491051945215,11.020320243005251
416,0.9486301692244746,-0.3163871078870702,45.36153031215026,11.020315076606678
417,0.9543690325588542,-0.2986297870150877,45.361559711763945,11.020299088513417
418,0.957321554023076,-0.2890249854300538,45.361586014394916,11.020294168924819
419,0.9506112821831152,-0.3103839399617413,45.3616192086711,11.020288176654622
420,0.9549763256758123,-0.29668201394544463,45.36165077139869,11.020273313792368
421,0.9578263699602638,-0.2873476031024861,45.361690194583694,11.020261105709922
422,0.9472373204704203,-0.3205330852002928,45.361710066064745,11.02025372234705
423,0.9442024197456765,-0.3293657397884749,45.36175885738934,11.020244871719107
424,0.9599555248435949,-0.2801524412213075,45.361775531161065,11.020233243231054
425,0.9492095007337549,-0.3146447579680547,45.36181405722189,11.02022183663019
426,0.9555941204218121,-0.2946860651867732,45.36184248634741,11.020213382840504
427,0.9530355225547512,-0.3028585358691287,45.36187504143476,11.020201895716157
428,0.9492976745590389,-0.3143786333019486,45.361915991932236,11.02019584412242
429,0.9456825459391642,-0.32509155988124394,45.36194842526997,11.020191332707485
430,0.9487380160910045,-0.31606356453046736,45.36197677115244,11.020168910218787
431,0.9554660440098108,-0.29510106530516317,45.36201158713791,11.020167874038474
432,0.9542359932157236,-0.29905462586557924,45.36204279910046,11.020149759390865
433,0.9602345991690818,-0.27919440280670504,45.36207264692187,11.020145792914523
434,0.9362270931396719,-0.3513955464590298,45.36210529947322,11.020129990845644
435,0.9448527642086192,-0.32749542587238,45.36214253709837,11.020120379426602
436,0.9564410029640708,-0.291925688916002,45.362164291909075,11.020102348648747
437,0.9415905783870617,-0.33675982939287535,45.362200608585205,11.020100293744212
438,0.9514215032071545,-0.30789141468225206,45.36222931647114,11.020092165788679
439,0.9554100311529994,-0.2952823604149504,45.36226612892811,11.02007895938617
440,0.12932146513447287,0.9916027221904311,45.36229919884396,11.020069264818284
441,0.11622351995325243,0.9932230834055741,45.36229059885992,11.020072783421584
442,0.1488194465678585,0.9888643852031664,45.36230418546294,11.020084260185701
443,0.12346812576610627,0.9923485385285782,45.36229748161328,11.020076988456266
444,0.10628448532687707,0.9943357622950111,45.36228982398234,11.020088117959428
445,0.13552604331142976,0.9907737842637685,45.36229673654941,11.020092002329125
446,0.11829241881184203,0.9929788032237363,45.36229192499706,11.02010214938525
447,0.13777634242346015,0.9904633660405686,45.36230741488184,11.02010938587675
448,0.12665380602062346,0.991946981153978,45.36230304633845,11.020118674775281
449,0.1330342717749383,0.991111437999437,45.36229910892454,11.020117352349807
450,-0.9553341198939864,0.2955278656343295,45.36230190196027,11.020123618391484
451,-0.9591701931924494,0.2828295254939963,45.36227310954177,11.020126611887521
452,-0.9522054530154911,0.3054583036153434,45.36223705046097,11.020137594465535
453,-0.9481262528389482,0.317894021141598,45.362200465989524,11.020158694138992
454,-0.9489986167079365,0.31528023326308124,45.362167743728826,11.020157391163256
455,-0.95062407486946,0.310344757130813,45.36213869359452,11.02017154512729
456,-0.9528001662603166,0.3035981606899373,45.3621083988385,11.020192693718885
457,-0.9475700786335216,0.3195480340707194,45.36207124349542,11.020190633761572
458,-0.9579676417341211,0.28687627540521127,45.36203305182358,11.020217356370654
459,-0.9514858284905514,0.30769257089122076,45.36201387475349,11.02022839031389
460,-0.9602436703604665,0.2791632023255566,45.36197651296026,11.02022481241783
461,-0.9583373915891066,0.2856386596421908,45.36194005924783,11.020228487705436
462,-0.9607099340193824,0.2775543598585217,45.36191555183379,11.020249046394442
463,-0.9574473493058442,0.2886079924520678,45.361880700137796,11.020257346373572
464,-0.9619743129654015,0.27313992969674666,45.36185549830048,11.020270949303894
465,-0.9485933407575844,0.3164975100539741,45.36182244741321,11.020271227556652
466,-0.9523225042852205,0.3050931789337911,45.361775713259604,11.020284882476862
467,-0.9523675765631374,0.3049524538534763,45.361746861365525,11.020294077611382
468,-0.9527281382414812,0.303824117875657,45.361716850815554,11.020306824481244
469,-0.9564090377332858,0.2920303966063982,45.36167359842484,11.020312214912952
470,-0.9578482788658917,0.2872745632207087,45.36166036987125,11.020326697194085
471,-0.9523741400128518,0.3049319554175668,45.36161885384242,11.02033100128684
472,-0.9568046931752456,0.2907314553291817,45.36159123490215,11.020351000998879
473,-0.9473992400521227,0.32005418283262654,45.36155984447553,11.020361026225274
474,-0.9481825292788939,0.3177261260429797,45.36152953522778,11.020369819984337
475,-0.9540252525525822,0.2997262375768623,45.361485850039955,11.020381997282767
476,-0.9519994636544017,0.30609969160672384,45.36145065763087,11.020390340995954
477,-0.9592456364141188,0.28257354621491426,45.36142854162731,11.020403153689255
478,-0.9492447406525761,0.31453842745111993,45.36139292197905,11.020402776693558
479,-0.9597476010380839,0.28086392132426524,45.36137186992592,11.02042299542983
480,-0.9513978207705669,0.3079645866540767,45.36132648855555,11.020428696969061
481,-0.9610483757612956,0.27638020813107356,45.36130000380055,11.020436466339797
482,-0.9574537335128579,0.28858681221131594,45.3612584402003,11.02045594417553
483,-0.9598128365729385,0.28064090712119927,45.361234036183546,11.02045457703847
484,-0.9600148292181466,0.27994915195665954,45.36120508135891,11.020477422079587
485,-0.9526279153529637,0.3041382167539403,45.36116219105087,11.020483280555563
486,-0.9518218884212408,0.30665141891441333,45.361129027282736,11.020493242808802
487,-0.9528607097792221,0.30340808782733036,45.361098788071445,11.020499374167409
488,-0.9602586397391791,0.27911170668078644,45.36107379612604,11.020514148251502
489,-0.9508082272408082,0.30978010751368745,45.36103652339667,11.020518772178425
490,-0.9523835317562463,0.30490262124078066,45.361004176003675,11.020526247690663
491,-0.945639144084654,0.3252177872977475,45.36097130107891,11.020534744365893
492,-0.961792617156789,0.27377903788035757,45.36093227057899,11.020554012842291
493,-0.9555996206106534,0.29466822884182015,45.3609033839467,11.020561051748322
494,-0.9606153743009959,0.27788145432280575,45.360877445642856,11.020571541537922
495,-0.9602875058813233,0.2790123761560186,45.36084109892132,11.0205827221683
496,-0.9550168074717531,0.29655167753101735,45.36080517279994,11.020601955057758
497,-0.9589111627788222,0.2837065066193711,45.360787968142034,11.020602471206962
498,-0.9492260009555775,0.3145949762947303,45.36074787244735,11.020623371507583
499,-0.9478684236558574,0.31866197048935735,45.36071668047648,11.020628434764122
500,-0.9490123524476101,0.3152388854533229,45.3606788031957,11.02062622441689
501,-0.9527893889043602,0.30363198183204615,45.360651136300795,11.020644191631014
502,-0.9487299127952151,0.3160878874104217,45.3606096047718,11.020661133342951
503,-0.9474233226957152,0.3199828864364637,45.36058522887823,11.02066217345203
504,-0.9578217543932942,0.28736298789327774,45.36054468517392,11.020668660383194
505,-0.9595434225079978,0.2815606867473474,45.36051454860616,11.020687108459892
506,-0.947109592395336,0.3209102989820371,45.360488431902034,11.020706339523842
507,-0.9554830887419484,0.2950458729217305,45.36045020129669,11.020707735455932
508,-0.9589428589121803,0.28359935356296967,45.360428255653474,11.020716330617287
509,-0.9649941636425458,0.26227135591944395,45.36039132835881,11.020723598934827
510,-0.9533406009569643,0.3018968343110179,45.36034931297251,11.020738769205362
511,-0.9578092030384692,0.28740482002710493,45.3603233405131,11.020750076806312
512,-0.9570681196839662,0.28986309576177044,45.360281347771,11.020765247620316
513,-0.9516252651785942,0.307261052972501,45.36026591316375,11.020763537036554
514,-0.9450920289121391,0.32680430977381014,45.36023319298265,11.020784728154139
515,-0.9568776529956708,0.29049123428684825,45.36019606198751,11.020787557650968
516,-0.952204516576904,0.3054612227608351,45.36016026288201,11.020795722609355
517,-0.9525544424147427,0.30436825431693537,45.360124495350036,11.020803025145806
518,-0.9614281434910888,0.2750562213498873,45.36009061958521,11.020807940718079
519,-0.9446262053739631,0.3281483385921483,45.360066003576286,11.020832861165342
520,-0.9607462826922962,0.27742851384263717,45.36002526740971,11.020843182760066
521,-0.9590142371031286,0.283357888602919,45.3600008671217,11.020846899553783
522,-0.9504356157213734,0.31092143761460694,45.35995695419816,11.020866068862647
523,-0.957001194392511,0.2900839773777715,45.3599351766404,11.020877218541848
524,-0.9579306544086966,0.28699975843914277,45.35991043463276,11.02087546875894
525,-0.9450851830858428,0.3268241066867605,45.35986665526159,11.020886981527179
526,-0.9494864916118156,0.3138079066032045,45.35983439276037,11.020909790350043
527,-0.9532765952894792,0.30209887929831597,45.35980667380773,11.020912987506497
528,-0.9549567796371862,0.2967449224923228,45.35976776427128,11.020920687000368
529,-0.9511957630142355,0.30858810804009684,45.359745748913106,11.020936399233099
530,0.12306891284188834,0.9923981271102418,45.3597073974437,11.0209415278463
531,0.15393011370395868,0.9880817375577217,45.359711264827595,11.020950585602646
532,0.12412263709403938,0.992266884946193,45.35971396052985,11.020959970211587
533,0.14853418952010672,0.9889072729753812,45.35971005353009,11.020959690131777
534,0.13260758880948662,0.9911686170325078,45.359717685895866,11.020957464725718
535,0.1493415646885904,0.9887856679060248,45.35971582146372,11.02097307804766
536,0.1324654700778081,0.9911876206032162,45.35971795012203,11.020979674472773
537,0.1131598863397282,0.9935767912565087,45.359716338870356,11.020981230066889
538,0.08619825273139309,0.9962780039858629,45.359717241933275,11.020986836825607
539,0.14219279982661784,0.9898389806819428,45.35972253218702,11.020995739135468
540,0.9583303176990172,-0.2856623919575357,45.359721039492875,11.021003848632008
541,0.9560380559807528,-0.2932426222712909,45.359755620849036,11.020998538201404
542,0.9488723287050889,-0.31566010805577216,45.359781532350944,11.020977304079508
543,0.9484834423535142,-0.3168267027591389,45.359818978856225,11.020966353267553
544,0.9564457886744134,-0.29191000895306635,45.35985174358736,11.02097089296699
545,0.9554637924502766,-0.29510835521302137,45.35988763538017,11.020949535676102
546,0.9465559157808386,-0.32253976235543086,45.35992087359606,11.020947863776556
547,0.9555722881571417,-0.2947568525176721,45.359949116625884,11.020933936826086
548,0.9560911043158797,-0.2930696167261998,45.35997994979791,11.02092052378107
549,0.9497484087422252,-0.31301431291813336,45.360013025567305,11.020920193733604
550,0.9506943661042055,-0.31012936374636113,45.36005172613148,11.02090785494355
551,0.9586966983969124,-0.28443037897323753,45.36007816940146,11.020888972279488
552,0.9425188782953468,-0.3341529052049097,45.360113512629106,11.020889320683029
553,0.9461034350337582,-0.3238646171123411,45.36014475046802,11.02088465842401
554,0.9364514156996695,-0.35079730049429514,45.36017549454165,11.020874288809358
555,0.9548248137844954,-0.29716926991430953,45.360207601413485,11.020861111145003
556,0.9580952787374092,-0.28644971087624815,45.360249158658604,11.020852478813731
557,0.9557504735951696,-0.29417857199770503,45.36027481354653,11.020840142283717
558,0.9545076323469646,-0.2981864849241023,45.360300788429996,11.020831947962277
559,0.954259595262238,-0.29897930505295783,45.36033829829357,11.020809245558402
560,0.9515820969964353,-0.30739471803508084,45.36036578769632,11.02080624558189
561,0.9501385949290557,-0.3118279179711782,45.360402956273106,11.02079458224754
562,0.9496792532777442,-0.31322406659422947,45.360437405385106,11.020792479699306
563,0.9555682657560325,-0.29476989242459684,45.360471200385355,11.020776967250143
564,0.9548942388358559,-0.29694611066335147,45.36050080553516,11.02076259900173
565,0.9612451059605893,-0.27569520537509434,45.36053132168064,11.020755945430246
566,0.9495963760958016,-0.31347523427811785,45.360562017429224,11.020744691678619
567,0.9607532021933655,-0.2774045502063624,45.36060312457877,11.020729803749317
568,0.9528329881822589,-0.30349513444480014,45.36062965114942,11.020722028657051
569,0.949331369363695,-0.3142768701989565,45.36066658210954,11.020714211657035
570,0.9565768057798726,-0.2914803846641757,45.36069120395168,11.020704153764111
571,0.968509514489372,-0.24897654577000014,45.36072258566895,11.020694513734536
572,0.9514568040990508,-0.3077823093253097,45.36075538562533,11.020693600483416
573,0.9582778766179431,-0.28583826053313155,45.36078230053887,11.020684121700135
574,0.9520938983293213,-0.30580583507198805,45.360826370596016,11.020663387575276
575,0.9490223140927773,-0.31520889478882097,45.3608587508488,11.02065510102443
576,0.9538667446320055,-0.30023030074451257,45.360888710260646,11.02064549339035
577,0.9515060355236343,-0.30763007714151797,45.36092589742542,11.020635257658233
578,0.9507485652512992,-0.30996316825164233,45.36095551283915,11.02062996059583
579,0.9556214503015743,-0.2945974265391939,45.36098541203356,11.020615124126673
580,0.9535587663340522,-0.3012070370152073,45.36102001763647,11.020606261739928
581,0.9617914026657347,-0.2737833043819116,45.361049119638324,11.020603607739314
582,0.9479479561884657,-0.3184253010646463,45.36108812244466,11.020586982193421
583,0.9471870488622085,-0.32068160918222344,45.36111609679959,11.020577701624878
584,0.9364997628702663,-0.35066821091158956,45.361146109518394,11.0205653269865
585,0.9468541620291456,-0.3216631714201743,45.361176971011844,11.02055198341543
586,0.9594425763602633,-0.28190413737151904,45.36121000128484,11.020541060741724
587,0.9606584639948432,-0.2777324531902393,45.3612433533869,11.020542626681486
588,0.9545772709266582,-0.29796347734280004,45.36127778331932,11.02052646373061
589,0.9605008929138774,-0.2782769029431732,45.3613097533655,11.020518210183909
590,0.9546080118599345,-0.2978649756061011,45.36134260569989,11.020514003417
591,0.9444948105090519,-0.32852633520232444,45.36137641990117,11.020507072269472
592,0.9578538665416987,-0.28725593179448483,45.361410089505796,11.020486930697121
593,0.9504051880749651,-0.3110144345206347,45.36144267861106,11.02047712508862
594,0.9559743615654841,-0.2934502002546003,45.3614721825505,11.020463371401584
595,0.9579913453657498,-0.28679710982560574,45.361507307909854,11.020451736912563
596,0.9708451387628698,-0.23970756462928763,45.36154444324542,11.020443559836195
597,0.9502830237853509,-0.31138749927601483,45.36156907160506,11.020447255935384
598,0.9552632260307645,-0.2957569424262034,45.36160847318449,11.020427112115314
599,0.9536662272816128,-0.30086662650160345,45.36163358435339,11.020418998853712
600,0.9553882845078066,-0.2953527142675864,45.361673576923934,11.020414181331484
601,0.9555893230071038,-0.2947016215680279,45.36170589019172,11.020403428338724
602,0.9566710842556464,-0.2911708030505907,45.3617288537809,11.020389645462474
603,0.9562284101425136,-0.2926213041395325,45.361757543557786,11.020379080900776
604,0.9565905681370792,-0.2914352157018434,45.361802154383746,11.020370972667957
605,0.957121919576823,-0.2896854001595135,45.36184167228825,11.0203651594196
606,0.9442499672234745,-0.3292294023905933,45.361859445093344,11.02035722519824
607,0.958661057522329,-0.28455048197142435,45.36190173237688,11.020335279892006
608,0.953292476050118,-0.3020487627954056,45.361921122344256,11.020325141319075
609,0.9431566864128984,-0.33234840886431455,45.36197123591574,11.020326874919757
610,0.9603300109983732,-0.278866043067033,45.361992936660556,11.020300255666982
611,0.9596133793212128,-0.2813221680346611,45.36203043933657,11.020309912367459
612,0.9589515367183716,-0.28357000939005084,45.36206152324382,11.020287626568747
613,0.9466877855665935,-0.32215250528130235,45.36208632367306,11.020282507535052
614,0.9627763067197065,-0.2702994325172763,45.36213226436467,11.020264737102782
615,0.9614766980822902,-0.2748864475465762,45.362154380074536,11.020263244913874
616,0.9597510452059336,-0.28085215189867807,45.36219314560498,11.020241283739066
617,0.9594163426776819,-0.28199340666579553,45.36221164240495,11.020237677011076
618,0.9527650523077928,-0.30370833887288784,45.362251167916426,11.020227959514088
619,0.9507920477100545,-0.309829762952692,45.362278819755076,11.020222470657915
620,0.12718922652961567,0.9918784707083818,45.362317801391555,11.020210624567936
621,0.11868816259569365,0.9929315787402766,45.362317507548156,11.020222481019548
622,0.12832398037048048,0.9917323006042893,45.36231030625409,11.020219288914841
623,0.1348444664741028,0.9908667770499294,45.36231937154887,11.0202264556375
624,0.11398522872321108,0.9934824445519495,45.36232130724163,11.020229807849223
625,0.15865571820818528,0.9873339673483562,45.362322113756264,11.020237346516293
626,0.15626398579445122,0.987715326773677,45.36232487432947,11.020241003166472
627,0.14879110669857773,0.9888686498051258,45.36233102319188,11.020247758402471
628,0.14010202494911417,0.99013707263447,45.36232783203896,11.02025814124885
629,0.11894843389116695,0.9929004331124237,45.36233840371426,11.020245810581267
630,-0.945973732432534,0.32424326908613005,45.36233048437921,11.02025580341763
631,-0.9426810276083805,0.3336951905365252,45.36230023530575,11.02026281075276
632,-0.9590068266542223,0.28338296778493666,45.36225888751484,11.020270026427418
633,-0.9564897179401874,0.2917660355056781,45.36224347242967,11.020274698861735
634,-0.9463660063464225,0.3230965521820419,45.36221055633664,11.020297425141393
635,-0.9513255575323196,0.3081877408104047,45.362166959180946,11.020311087104771
636,-0.9463886150199388,0.3230303226643626,45.36213902436154,11.020307310178248
637,-0.9504260416758005,0.31095070237011774,45.362098238753504,11.020332074710977
638,-0.9468888282105269,0.32156110929354514,45.36207577545695,11.020345511383802
639,-0.946418019123234,0.32294416402662224,45.36204421324677,11.020351415997403
640,-0.9660987352983128,0.2581728755214237,45.3620071945567,11.020359351464844
641,-0.9476629751775946,0.31927243143990647,45.36197910717853,11.020361039658534
642,-0.9537975137095215,0.3004501669853673,45.36194726593269,11.020377898080662
643,-0.9520792915881915,0.30585130787512965,45.361911415580444,11.02037633478873
644,-0.9480712815212254,0.31805792735711114,45.361875865175456,11.020403563642232
645,-0.9554731179893019,0.2950781604927779,45.36185020986708,11.02040900760246
646,-0.954693098374841,0.29759215029205044,45.36182054277935,11.020419788314086
647,-0.9560193893635861,0.2933034728073911,45.36178298639491,11.02044044204774
648,-0.9554532541371094,0.2951424726446677,45.36175926774514,11.020439801886686
649,-0.9493024833715428,0.314364112240284,45.36171719100849,11.020461063790439
650,-0.9502611998870927,0.3114540929079966,45.36168562710261,11.020457231159368
651,-0.951823993512398,0.3066448848001715,45.36165095763867,11.020471564524476
652,-0.9496701722644333,0.3132515984176961,45.3616160413487,11.020481940849455
653,-0.9556742898937672,0.29442596970383544,45.36159578963635,11.020500108718931
654,-0.9431997276862324,0.33222623871786094,45.36155942331759,11.020511209483523
655,-0.9611254688864559,0.2761119936869646,45.3615314788959,11.020514541400365
656,-0.952769773620103,0.3036935272209431,45.361485674716874,11.020533158598855
657,-0.9492587448996482,0.3144961609170208,45.36145405015335,11.020534566449548
658,-0.9505777003265616,0.3104867720883865,45.361430123463556,11.020550055655317
659,-0.950681377304347,0.3101691777832058,45.36139138291725,11.02055434572668
660,-0.9465826953668003,0.3224611617421908,45.3613728405958,11.02056856571335
661,-0.9548935106814764,0.29694845219062016,45.361327156188324,11.02057351046596
662,-0.9642491818347471,0.26499719872296934,45.361306131781404,11.020586797367448
663,-0.9527478374919197,0.30376233827528804,45.36125965374376,11.020597956586197
664,-0.9543209516203597,0.2987834019794459,45.36123393444288,11.0206208545179
665,-0.9474688779310314,0.3198479722494929,45.36120635303909,11.020628701339454
666,-0.9578224915961021,0.2873605306799021,45.36117202734313,11.020632742577575
667,-0.956035144239661,0.29325211504548543,45.361135408408884,11.020646141438641
668,-0.9517607421575384,0.3068411473184975,45.36111450776582,11.020648857711535
669,-0.9520526201759839,0.30593432042849295,45.361067855738334,11.020657403043952
670,-0.9591805904430735,0.2827942625253859,45.361042633457714,11.020672317614503
671,-0.9580045361966443,0.28675304466849594,45.36101065425159,11.020678137697484
672,-0.9562670535419989,0.29249499535907236,45.360981141153914,11.020697330258386
673,-0.9507980567000135,0.3098113222196339,45.36094111019282,11.020711010595017
674,-0.9553812961241165,0.2953753189015683,45.36091063627571,11.020713036560752
675,-0.9541596766842065,0.2992980310491375,45.360875864814616,11.0207332253652
676,-0.9506680194939053,0.31021011703607554,45.36085531086366,11.020748559123568
677,-0.9532795756557022,0.30208947455627183,45.360819510242024,11.020745310866237
678,-0.9520133848143326,0.3060563920821741,45.36078298153882,11.020775272341071
679,-0.9634538726382568,0.26787429010329766,45.360758463933784,11.020764282542503
680,-0.9556921145767718,0.2943681065193348,45.36071283907077,11.020769676943564
681,-0.9516958356958762,0.3070424015003916,45.36068474451762,11.020785829820149
682,-0.9518365505308009,0.30660590515126457,45.36065570324338,11.020795304980945
683,-0.9432474946574372,0.33209059580552425,45.36062675228571,11.020799500558788
684,-0.9535982103721232,0.3010821369246003,45.36059589324474,11.020812650800133
685,-0.9559989402630412,0.2933701181373833,45.36056360115108,11.020844701427112
686,-0.9484914607941556,0.31680269695911495,45.360524591351286,11.020839485110402
687,-0.9621141810275972,0.2726468460584059,45.360489215956555,11.020847511367343
688,-0.9533721780213356,0.30179710100472296,45.360457141625126,11.02086542144108
689,-0.947489337079954,0.3197873607880544,45.360427235970164,11.020864656958908
690,-0.9571832014580538,0.2894828472405763,45.360400611483556,11.020873867736388
691,-0.9605122391799628,0.27823773717002176,45.36036638055393,11.020891128429616
692,-0.9470577667463687,0.32106321253824904,45.36033399307728,11.020904416517284
693,-0.9584364224736852,0.28530619354623815,45.360306846509616,11.02090890213905
694,-0.9529746380333586,0.3030500606586134,45.36026327128597,11.020919347226382
695,-0.9548396142603185,0.2971217108176481,45.36023629740382,11.020929918017934
696,-0.9539998171582986,0.2998071861412479,45.36020751671574,11.02093928004742
697,-0.9535576646521468,0.30121052468853743,45.360166739342134,11.0209524014808
698,-0.954958404471113,0.29673969355309726,45.36014337607797,11.020963741501856
699,-0.9618214246827815,0.27367781609254416,45.36011067515022,11.020971561305517
700,-0.9466642840359967,0.3222215593820716,45.3600848343182,11.020984239815148
701,-0.9518485399359684,0.3065686823890612,45.36004729234765,11.020989812406523
702,-0.9449857360639737,0.3271115385241398,45.36000570005691,11.020997722711208
703,-0.9619084186915543,0.2733718969651297,45.35998370892809,11.021010272895298
704,-0.9576823014632391,0.287827395263331,45.3599440281764,11.021030421236851
705,-0.9480452957062604,0.3181353757274242,45.359914708789816,11.021036813065528
706,-0.9465747833230913,0.3224843865628889,45.35988274357931,11.021048351763808
707,-0.9605920974710449,0.2779619079589478,45.35985358807769,11.021057827373957
708,-0.9580711427053039,0.28653042685787,45.35982023639233,11.021060709305633
709,-0.955010086943489,0.296573319494842,45.35978292678295,11.021078214927865
710,0.170007791642105,0.98544271816325,45.35975492127457,11.021089209798024
711,0.11061691402748974,0.9938631185082959,45.35976652648705,11.02109521241895
712,0.14373409366421083,0.989616345013828,45.35975089764037,11.021105100566125
713,0.16227878209583171,0.986744950269062,45.35974656680294,11.021108959758187
714,0.11614629821366772,0.9932321165826555,45.35974974355989,11.021114333147015
715,0.1340463362452257,0.9909750651450479,45.359751505753486,11.021122322213664
716,0.12124976671518022,0.9926220298137224,45.35975005690287,11.021137381414402
717,0.1428710896189291,0.9897413054688078,45.3597521138848,11.021131165166086
718,0.1205397801724583,0.9927084976950562,45.35975190202343,11.021138457174601
719,0.11657355230784582,0.9931820613071553,45.35974770295681,11.021150227423945
