,Sin,Cosin,Lat,Lon
0,0.9432057577864104,-0.33220911859634955,45.35966277830424,11.020600465020014
1,0.952012352079983,-0.3060596044680489,45.359689710364975,11.020595519621697
2,0.9511873556060401,-0.3086140219354732,45.35973089858675,11.020579913728477
3,0.9571847143160201,-0.28947784488585443,45.35976526650867,11.020564779366216
4,0.9529563019989047,-0.30310771432045797,45.359796765229476,11.020560035295262
5,0.9530466592219264,-0.3028234887618945,45.35982464945715,11.020551613106752
6,0.9539274581891768,-0.3000373385309509,45.359870752189224,11.020543564302944
7,0.9630040086505574,-0.26948706707921505,45.35988764660509,11.020529007684969
8,0.948664782414453,-0.31628330750537353,45.35992610545118,11.020523352866293
9,0.9547548575034375,-0.2973939509700742,45.35996540919371,11.020508273515864
10,0.9609386021291689,-0.27676163559647987,45.359994066104996,11.020489383227345
11,0.945991719940632,-0.32419078611793517,45.36003224636892,11.020487258576832
12,0.9623707993465805,-0.2717396632165126,45.360062969450894,11.020467569727787
13,0.9555068252349191,-0.2949689931662066,45.36010389907416,11.020464316642244
14,0.955409565002795,-0.29528386867753226,45.36012585619907,11.0204548897762
15,0.9566367095117753,-0.29128372081955317,45.360170288190474,11.020452269506658
16,0.9642242858810053,-0.2650877713461439,45.36020405636951,11.020432231710704
17,0.954853857052686,-0.297075935867597,45.36023824309273,11.020429737447198
18,0.9509979816684795,-0.3091970874094359,45.36026148931334,11.020416558487508
19,0.9561728480366232,-0.2928028085205687,45.3602992997353,11.020405133919967
20,0.9561697381258158,-0.29281296401014884,45.360335370770414,11.02038833036562
21,0.9448442419573626,-0.3275200122740851,45.360356187772176,11.020387090490097
22,0.9586427237682124,-0.2846122417716127,45.36039399752006,11.020372374006367
23,0.9557416836121372,-0.2942071280683685,45.360427029593005,11.020357734732585
24,0.9533839498865863,-0.30175991135114555,45.360458108002085,11.020348537868337
25,0.9565193266675528,-0.29166895225829476,45.36049762246771,11.020343232040862
26,0.9515164592476975,-0.30759783448640354,45.360533160603545,11.020328456200511
27,0.9506283215089292,-0.31033174885131554,45.360579256055225,11.020311773529096
28,0.9590324569505537,-0.2832962169097643,45.360601955250395,11.02030793729548
29,0.9515724230913467,-0.3074246633112948,45.36062356252893,11.020303647167664
30,0.9581835400959917,-0.2861543350870525,45.360659279922466,11.020285449569464
31,0.9429882051950635,-0.3328261481058733,45.360688283931836,11.020271742688292
32,0.9618416889148057,-0.27360658885617906,45.360722874814556,11.020268760573211
33,0.9625533738029729,-0.27109223998579224,45.36075594201067,11.02026089663596
34,0.9494311052525872,-0.313975439133144,45.36079485130905,11.020251452000382
35,0.9567120222261529,-0.2910362632524426,45.360838431748306,11.020239391802575
36,0.9482546537145479,-0.3175108056565995,45.360864420964205,11.020217981185354
37,0.954750735230013,-0.29740718481191675,45.36089460890987,11.020216657262194
38,0.9578351377546606,-0.2873183754696356,45.360921968170636,11.020214456908306
39,0.9492191944107193,-0.31461551290784273,45.36095594916707,11.020197230648945
40,0.9559354323766622,-0.29357699011816973,45.36098916549774,11.020184685441196
41,0.9412712626769878,-0.33765131431473644,45.36103922706088,11.020177691316317
42,0.9528425270433792,-0.3034651852479738,45.36106150739127,11.02016840366819
43,0.9593289355466428,-0.2822906187299629,45.36109598936114,11.020150143167239
44,0.9485264267423124,-0.31669799142315497,45.361129188017756,11.020147798333642
45,0.958188104409986,-0.286139051104874,45.36116017784636,11.020135746454798
46,0.9489251729316596,-0.3155012142236855,45.36119813254885,11.020129333120442
47,0.9580043561040488,-0.2867536463336899,45.361229616491926,11.02010803560105
48,0.9605302274397385,-0.27817563188490135,45.361258438319595,11.020101010726055
49,0.9543055233625238,-0.2988326757230196,45.36129252028125,11.020097619754035
50,0.9582887440848064,-0.28580182462742326,45.36132456364938,11.02007998008209
51,0.947474940906666,-0.3198300116529245,45.361364228445595,11.020071478692644
52,0.9548190924276954,-0.29718765239416023,45.361386587033095,11.020061279973419
53,0.957425087048027,-0.28868183644122464,45.36142084862315,11.020047420535247
54,0.9557469149478958,-0.29419013336204836,45.36146184160048,11.020038836165876
55,0.9488293576847444,-0.31578924933498814,45.36149527692771,11.020033034063053
56,0.9628680074450087,-0.269972591643816,45.36152188252418,11.020011091576027
57,0.9604098940755064,-0.27859080272305226,45.361569901963215,11.02001386582218
58,0.9557395787679752,-0.2942139656379577,45.36159115220823,11.019995369074845
59,0.9505431931972214,-0.31059239827534413,45.361622892198085,11.019986792203774
60,0.9527235146210061,-0.303838616189907,45.36166197722092,11.019986289547292
61,0.9511527003937087,-0.3087208132500235,45.361686118906576,11.019971862850861
62,0.9511246370382271,-0.3088072616032543,45.36173541930874,11.0199639219547
63,0.9590353276802175,-0.28328649855102156,45.3617662696759,11.019954382449797
64,0.9485782853732218,-0.3165426298595476,45.361798376360426,11.019944561807254
65,0.9515185645063098,-0.3075913220489998,45.3618446304075,11.019933153305184
66,0.9667750411145619,-0.255628675773938,45.3618659961397,11.019920093132493
67,0.9482638338673318,-0.317483387564183,45.36189396686418,11.019908590765251
68,0.959081595891819,-0.2831298154938856,45.36192779530197,11.019906308449052
69,0.952134735268913,-0.3056786644409404,45.36196765320237,11.019883164200102
70,0.9595340890511087,-0.2815924927068528,45.36198931579189,11.019877322143103
71,0.956229177274768,-0.2926187972916648,45.36201229778351,11.019857981092363
72,0.9512597615222547,-0.3083907685204327,45.36205612329366,11.019859775773833
73,0.9515670052679228,-0.3074414326102405,45.3620803600576,11.019844199720849
74,0.9438255583780181,-0.33044411835047466,45.36212471308503,11.01983816554201
75,0.9518037373788123,-0.30670775261105615,45.36216451130702,11.01982107673902
76,0.94654271467563,-0.32257850097997676,45.362191052414516,11.019817805742216
77,0.9621411396161396,-0.2725516968542962,45.36221868854135,11.019803258476015
78,0.13034460376506962,0.9914687510301708,45.36225775944715,11.01979397694979
79,0.1383106978324098,0.9903888887023682,45.362260570515474,11.019801887503249
80,0.09018238351344394,0.9959252671279277,45.36225812306018,11.019821895936063
81,0.13280799807448357,0.9911417838268387,45.362264106560254,11.019834316571954
82,0.15510866166838408,0.987897415259015,45.362265910278445,11.019852389601134
83,-0.9501718035613557,0.311726713191155,45.36227137379554,11.019853672524448
84,-0.950238355211462,0.3115237844611793,45.36223639745202,11.019868943537952
85,-0.9523188217483345,0.30510467342186687,45.362202539115415,11.019874084215129
86,-0.9578654552631614,0.2872172864113451,45.362166719411256,11.019887300429401
87,-0.9495063699594852,0.31374775442441216,45.36213034401982,11.019889397649466
88,-0.9625582394758389,0.27107496309540213,45.3621025663125,11.019910106791302
89,-0.947960451541869,0.3183881001427909,45.36207432264355,11.019912007383649
90,-0.9525484294997015,0.30438707176496865,45.36203180730085,11.019920557157324
91,-0.9488617880639139,0.31569179139178183,45.36200896362423,11.019939660961635
92,-0.943543185379985,0.3312495393551381,45.361968882798685,11.01995100503472
93,-0.9472573896663621,0.320473770724641,45.36193450593258,11.019956706949005
94,-0.9491512718998604,0.3148203663216174,45.36190450274993,11.019968142485407
95,-0.956541040352636,0.29159773339499206,45.3618771928139,11.019985110747667
96,-0.9486713387337834,0.3162636417058578,45.36183965108897,11.019991697456687
97,-0.9442871185865608,0.32912283067494796,45.361810959328984,11.019996599222697
98,-0.9567877291266356,0.29078727859501685,45.361766648871715,11.020000547259515
99,-0.9488951282437882,0.31559156451845277,45.361736249740716,11.020023511953475
100,-0.945233541018449,0.3263947808003737,45.361708470719,11.020030002528483
101,-0.9498437330504199,0.31272493150505704,45.36168485802747,11.020036947207448
102,-0.9603430582560304,0.2788211083462917,45.361646348590206,11.020051745609406
103,-0.9540229949610626,0.29973342337070846,45.36160045691519,11.020060155023296
104,-0.9406622186352591,0.3393443537650096,45.361575502712974,11.020077580115244
105,-0.9615666757912803,0.27457153531949896,45.361546134700276,11.020081474870583
106,-0.9478812399921381,0.318623845421159,45.361497031621454,11.020091728339159
107,-0.9609269439523757,0.2768021105164265,45.36147521696487,11.02010585874043
108,-0.9490807873672605,0.31503279043671123,45.36143927513519,11.020116417481898
109,-0.9519309210877414,0.3063127837310164,45.36141790219908,11.02013009754544
110,-0.9548066402973199,0.2972276562571935,45.36137733736473,11.02013239141554
111,-0.9488637805748475,0.3156858025208097,45.36133830815709,11.020149670018471
112,-0.9490109947554801,0.31524297269441887,45.36129848009385,11.02014910579997
113,-0.9525120391953157,0.3045009280576686,45.36127200611192,11.020162703181983
114,-0.957573291686701,0.28818985243810413,45.36124147275974,11.020173091547505
115,-0.9547038127687348,0.2975577757089208,45.36121081158956,11.020196646703498
116,-0.9497291872697676,0.31307262871082603,45.361185742972154,11.020202016845491
117,-0.9503232276283282,0.31126477961709176,45.36114323972604,11.020205769296709
118,-0.9620558464713757,0.27285261272387495,45.361105388540906,11.020226992876083
119,-0.9530322283311853,0.30286890193959415,45.36107709110574,11.020222034471743
120,-0.9546886636637298,0.29760637673269336,45.36104626986501,11.020249394154256
121,-0.9529074214637286,0.30326134953097456,45.36101238737782,11.020248093209853
122,-0.9549191914508205,0.29686585825741435,45.36097146343659,11.020250101213549
123,-0.9505000327531691,0.31072445628920875,45.36094615531099,11.020268333893549
124,-0.9527989040396161,0.3036021219637741,45.360915897273706,11.020274889012361
125,-0.9587186351307556,0.28435642889342416,45.36087350440338,11.020293831264357
126,-0.9543753536300515,0.2986095852170759,45.360847932665195,11.020305024738054
127,-0.9457740773729433,0.32482517539340755,45.36080879012392,11.020309509048108
128,-0.9549308915530929,0.2968282202850922,45.36077330384471,11.020325299393416
129,-0.9523026544043868,0.3051551317188671,45.36074513210031,11.020324636448914
130,-0.9539614835893294,0.2999291380110403,45.36071038129281,11.020343984408914
131,-0.9513349314962273,0.3081588034034864,45.3606735813039,11.02034936801034
132,-0.953118499519616,0.30259729984498496,45.360648100051606,11.020361069021629
133,-0.9593515664827887,0.2822136989712217,45.36060765195924,11.020372660746922
134,-0.9485627108313843,0.3165892980190828,45.36058097657003,11.020376402105102
135,-0.9614636644224839,0.2749320315919723,45.36055417627631,11.020393667319698
136,-0.954760771651286,0.2973749634986793,45.36051444801847,11.020401509349181
137,-0.958654427580446,0.28457281753605257,45.360470537462525,11.020418865888033
138,-0.9548311265545871,0.29714898580089094,45.36043527768544,11.020424316254434
139,-0.9528824126061368,0.3033399211213521,45.36042756057887,11.020433288883124
140,-0.9562905392795095,0.2924182013563879,45.36037473770531,11.020436267244119
141,-0.9590958379330863,0.28308156714881844,45.360343853642114,11.020459930989121
142,-0.9531467091835822,0.3025084309114504,45.36031818380477,11.020467093427227
143,-0.9479355614092523,0.31846219778134705,45.36027181419132,11.020472187493757
144,-0.95236371909736,0.3049645004702104,45.36023935489301,11.020486530858518
145,-0.9487279536212311,0.31609376776151593,45.36021918272121,11.020502593236856
146,-0.9552047700588988,0.2959456829499734,45.36018355476365,11.020513048711244
147,-0.9603664775207776,0.2787404327583884,45.36015274508107,11.020522546965264
148,-0.9537878918447669,0.3004807104795837,45.360112210630405,11.020531088275582
149,-0.9574161951749315,0.28871132505801983,45.36007622747937,11.020537974860574
150,-0.953326680748701,0.3019407885209688,45.36004296806456,11.020551497965432
151,-0.9553929575504257,0.2953375977809978,45.36001619295568,11.020556685231295
152,-0.9568021647563824,0.2907397762905871,45.35997396357743,11.020566340533914
153,-0.9623326970476787,0.27187456702115553,45.35994599284408,11.020589536065888
154,-0.9574409401725186,0.28862925368292747,45.359909841255046,11.02058662580607
155,-0.949615230104916,0.31341811490848354,45.35988216434971,11.020598795587885
156,-0.9556764000605905,0.2944191202473613,45.35984223225764,11.020601089726425
157,-0.9444626233301935,0.3286188569334527,45.359808968128235,11.020621672728074
158,-0.9524511739419949,0.3046912556285721,45.35978345252801,11.020629077861257
159,-0.9538382824377074,0.3003207134985604,45.35974855654006,11.020647618928168
160,-0.9587779070396333,0.28415651492214683,45.35972283027121,11.020647772715167
161,0.11462406509993989,0.9934089408194214,45.35968238139576,11.020663346394828
162,0.14728971308150288,0.9890933931739553,45.359682847459204,11.02067739799265
163,0.12120954849455944,0.9926269416823951,45.359683925864374,11.020695690673637
164,0.15726793121381907,0.9875559719892971,45.35967738857298,11.020706216910206
165,0.13428255045990709,0.9909430844614551,45.359689836516154,11.020733711674888
166,0.9507819782027579,-0.3098606621125863,45.35968789814183,11.020738549907367
167,0.9581284000508893,-0.286338905871911,45.359723771109294,11.020725151528543
168,0.95651876708073,-0.2916707873996987,45.35976051984659,11.020707816833546
169,0.9517181273924644,-0.3069732985009949,45.35978305594832,11.020705321835992
170,0.9619753811180162,-0.27313616773112936,45.3598180662049,11.020696358311918
171,0.9459758953465698,-0.32423695875586983,45.3598592110107,11.020686084293777
172,0.9545466254321251,-0.29806163771297756,45.35989330790574,11.020669807681445
173,0.9537204281646352,-0.30069477032609826,45.35992127541386,11.020674832395315
174,0.9546463422005924,-0.2977421053916113,45.35995605446435,11.020652370947836
175,0.9548830818265369,-0.2969819860554765,45.35999305160959,11.02064928488239
176,0.95327803662525,-0.3020943311085272,45.36002081333147,11.020632530775432
177,0.9590630295458422,-0.2831927000442474,45.360049541252174,11.020614984873877
178,0.9536062410506456,-0.30105670068818935,45.360088286892726,11.020613086593315
179,0.9551218317980511,-0.2962132448469099,45.360120143021426,11.020609072903348
180,0.9556281240246141,-0.29457577730220263,45.36015655237147,11.020578929452538
181,0.9545129274426362,-0.2981695345686558,45.36019474667361,11.020582097064166
182,0.9545162670527321,-0.2981588434571706,45.360212112812,11.020567968050191
183,0.965816325696864,-0.25922736162953386,45.36025554164972,11.020555472056323
184,0.9503292419852852,-0.31124641657001145,45.36029492345736,11.020546393492733
185,0.956035361196691,-0.2932514077400357,45.3603290436505,11.020535627290265
186,0.9490298716731659,-0.3151861397206646,45.36035009540717,11.020537213849257
187,0.9557340243318687,-0.29423200834445423,45.36039070084489,11.02051157436794
188,0.9472451044905547,-0.32051008099384065,45.36041606860847,11.020499458337197
189,0.9469223788022635,-0.32146229720367286,45.36045242908902,11.020493755105637
190,0.9471874161985783,-0.32068052419044907,45.3604914210514,11.020487244974225
191,0.9447064539103549,-0.3279172394677084,45.36052192806484,11.020480320308874
192,0.9541089545925422,-0.299459684709522,45.360547542626385,11.020473400732431
193,0.952689035464624,-0.30394670866039075,45.36058360953907,11.020448082158506
194,0.9548536300397806,-0.29707666552567485,45.360610781868445,11.020443142186206
195,0.9421143569965488,-0.3352917212532684,45.36065412891021,11.020425978570678
196,0.9573122214492826,-0.2890558953971352,45.360679732015164,11.020428080333343
197,0.9543306317496738,-0.29875248167047674,45.360710250638775,11.020411586117971
198,0.9532748654194497,-0.3021043378694355,45.36074599329743,11.020406026331504
199,0.9537434254720246,-0.3006218195156311,45.360779788869635,11.020391941884405
200,0.9571715223164882,-0.28952146184063204,45.360814721768385,11.020379909908147
201,0.9455042711571803,-0.32560969460925043,45.36084853387164,11.020380340687483
202,0.9468201490578365,-0.3217632753098095,45.36088939885133,11.020356374201919
203,0.9634743953839099,-0.2678004657195527,45.360915945890355,11.020359033165015
204,0.961316887250599,-0.2754448080592898,45.36094984567501,11.020344354888852
205,0.9590424871305326,-0.28326225989086906,45.36098942124786,11.020330899124069
206,0.9534178368275312,-0.30165282763321,45.36101554356565,11.020323990828631
207,0.9558880557482715,-0.29373121195710433,45.36105259803527,11.020302126723504
208,0.9523469037322695,-0.3050170076431139,45.3610791919406,11.020297953742649
209,0.9474280082096297,-0.3199690129683403,45.36112223168689,11.020288697267418
210,0.9447196432117055,-0.3278792395531438,45.361140771331435,11.020272601737208
211,0.9555545657776181,-0.29481430057164393,45.3611738652352,11.020277913759223
212,0.9516881521101421,-0.3070662162029275,45.361215054219095,11.020254670332609
213,0.9491783799590805,-0.3147386265113568,45.36124463734983,11.020249810352485
214,0.9488728137967724,-0.315658649869437,45.36128774239689,11.02024119619603
215,0.9501948227761732,-0.3116565397506635,45.36131244549405,11.020228206271993
216,0.9459822520311234,-0.3242184122503286,45.36135017488939,11.02021978578081
217,0.9548919001288902,-0.29695363117536955,45.36137921087054,11.02021262523389
218,0.9489132944486902,-0.31553693859599613,45.36140397746152,11.020186468373112
219,0.944004870188199,-0.3299315157134303,45.36145052619805,11.020193297771417
220,0.9608154800498657,-0.27718876834486994,45.361477742812234,11.020171715482467
221,0.948542673329426,-0.3166493279213868,45.361515971585526,11.02015683544041
222,0.9507442674796038,-0.30997635047640587,45.36154378306294,11.020155017743212
223,0.9542490359415176,-0.29901300541060816,45.36158273167301,11.020145979269019
224,0.9560712258986098,-0.29313445892410755,45.36160607496215,11.020126231819178
225,0.9567085743164062,-0.29104759718896406,45.361643058640276,11.020118745265064
226,0.9526559421023579,-0.3040504168342298,45.3616883831404,11.020102357217796
227,0.9514545440772462,-0.3077892957117898,45.36170801266286,11.020103029554765
228,0.952512503105755,-0.30449947689151957,45.36174317490204,11.020085724587315
229,0.9603559818853005,-0.2787765916592003,45.36178012152274,11.02007744520376
230,0.9478694444337534,-0.318658934142521,45.361804382193384,11.020072102117327
231,0.9468314879209299,-0.3217299076577091,45.361844409337905,11.020049870927986
232,0.9654574012403321,-0.2605609456351133,45.36188138560997,11.020039319935
233,0.9487327417315311,-0.3160793963018974,45.361916892599574,11.020040643307379
234,0.9529206053072373,-0.30321992015843613,45.361957316949756,11.020027573149807
235,0.9544356565452379,-0.2984167849083906,45.36198033988194,11.020008629227428
236,0.9498305485398655,-0.3127649741586455,45.36201043592822,11.019995470833674
237,0.953745758992169,-0.3006144161620523,45.36204350265125,11.019992969911339
238,0.9545286894972184,-0.2981190717259178,45.362069030871716,11.01998449952208
239,0.9590964290290188,-0.2830795644757572,45.362109437254894,11.019968083194204
240,0.9540809039302875,-0.2995490423212288,45.36214072661618,11.019967925284114
241,0.9529582175551743,-0.30310169183636215,45.362179064544186,11.019950161715899
242,0.9553108301759315,-0.2956031423185019,45.36221234529914,11.019936703192514
243,0.9585147037205304,-0.28504308928922295,45.36224480716601,11.01992447130105
244,0.10476498280774846,0.9944970077266659,45.36227816005083,11.019920038616794
245,0.13240793761678982,0.9911953077250055,45.36228212053198,11.019930675413658
246,0.12106501568224891,0.9926445798864046,45.36228108619382,11.019953707783463
247,0.13302112858884774,0.9911132020858915,45.362278302772275,11.01996781163688
248,0.14331827674157607,0.9896766499982835,45.3622822042866,11.019972123434936
249,-0.9459579315605356,0.3242893641760597,45.362282805129105,11.01998503236453
250,-0.9512064672863771,0.30855511111075506,45.36225336600952,11.019992160988801
251,-0.9593678948592275,0.2821581866850123,45.36221588807351,11.020001272549196
252,-0.9512068542396366,0.3085539182177643,45.362188520246136,11.020013104508294
253,-0.9493316864189469,0.3142759124733523,45.36215430514625,11.020025794725806
254,-0.9549867004683285,0.2966486169335955,45.36211761781614,11.02003885751512
255,-0.9463335092662718,0.3231917221090031,45.36207907867224,11.020048832068646
256,-0.9516572813873038,0.3071618771633714,45.3620545263223,11.020055185064802
257,-0.9578535037666175,0.28725714146390596,45.362019648426234,11.020073509100929
258,-0.9570645598813379,0.2898748492352193,45.36197277071221,11.020081012427463
259,-0.9527289814086525,0.30382147386916475,45.3619386999755,11.0200912268507
260,-0.9566867648608752,0.2911192778570882,45.361925356465896,11.020095602489128
261,-0.9506140448663972,0.310375478578362,45.36188410192423,11.020109792506107
262,-0.9454857777720911,0.3256633906823178,45.36185895450929,11.02011766197878
263,-0.9597894630407634,0.28072083398978964,45.36182022625532,11.020137785520381
264,-0.9466536896490377,0.3222526832686786,45.361792406655816,11.020136814776656
265,-0.9481528485680926,0.3178146877540618,45.36175256121117,11.02015414338225
266,-0.9551108378679874,0.2962486917897041,45.36171781241171,11.020160878899961
267,-0.9528173030957748,0.30354437389168376,45.36168486228756,11.020185427852114
268,-0.9503881857980948,0.3110663856725861,45.361655736563755,11.020182901871202
269,-0.955473703939124,0.2950762631606467,45.36161298486631,11.020195163247307
270,-0.9516172503507391,0.3072858747728227,45.361588921790975,11.020201576274388
271,-0.9491497754672964,0.31482487787717933,45.36155086999063,11.020211010266022
272,-0.954403662235743,0.2985190940476032,45.36151476821513,11.02022596238043
273,-0.9430961050770644,0.33252027996570466,45.36148840913349,11.020236684437133
274,-0.9537234364160995,0.3006852288202169,45.361446483835806,11.020254295088304
275,-0.9547962352938943,0.2972610789669685,45.36141838813945,11.020253512686743
276,-0.9606213509374437,0.27786079270584496,45.361387702323505,11.020269214320622
277,-0.9494532893236485,0.3139083487142455,45.36135936832948,11.020272002887555
278,-0.9598978695093714,0.28034992440050666,45.36131388411752,11.020284854737389
279,-0.9487714710049631,0.31596312412539307,45.36129531422607,11.020301268478907
280,-0.9565029006685105,0.2917228153791293,45.361252736009696,11.020314940037732
281,-0.9491932983730665,0.31469363248031995,45.36121760813505,11.020314881842488
282,-0.9606984235348207,0.2775941984583077,45.36118029186732,11.020331386545763
283,-0.9461352688502227,0.32377160628708124,45.361155007172556,11.020340504224581
284,-0.9547259035590029,0.2974868889101593,45.361118393536245,11.020355292202533
285,-0.9576226223805079,0.28802588964375964,45.36109594802016,11.020360765095063
286,-0.940706866490757,0.3392205644372717,45.361058692334176,11.020372212412951
287,-0.9506935506763171,0.31013186341048044,45.361021070299984,11.020387862758076
288,-0.9536837477362817,0.3008110857393393,45.3609959059868,11.020398812204881
289,-0.958864294820985,0.28386486946689127,45.360959482099,11.02041150024139
290,-0.9521418602022507,0.3056564706506274,45.36092419841435,11.02041804977868
291,-0.9551053297210591,0.2962664495659725,45.36088371742499,11.020409722301107
292,-0.95713748095543,0.28963398031013876,45.36085783686487,11.020433175025408
293,-0.9603002165033254,0.27896862580524423,45.36082567410212,11.020438400331557
294,-0.9440113672675244,0.3299129255874936,45.36078611645788,11.020449837890196
295,-0.9527829665856288,0.303652134167189,45.360748841317964,11.0204608578943
296,-0.953718478474054,0.3007009541340622,45.36071764329238,11.020472964504616
297,-0.9544932118188726,0.29823264172738173,45.36068907658636,11.02048839361156
298,-0.9574089092696946,0.2887354852646515,45.36065657027657,11.020493378266986
299,-0.9542209559074326,0.2991026033104785,45.36062178681951,11.020514251867413
300,-0.9578365578854304,0.28731364112793284,45.3606032842202,11.020523962431302
301,-0.9483137680186938,0.3173342045638746,45.36055272461303,11.020522895592647
302,-0.9494128535254579,0.31403062519545366,45.36051914747519,11.020547695556504
303,-0.9559495517467426,0.29353101116441177,45.36049211025138,11.02054540810168
304,-0.9427900246760688,0.3333871163846882,45.36045983329199,11.020551474141358
305,-0.9498484727498167,0.3127105351836435,45.360431013447105,11.0205730536793
306,-0.9583773103417803,0.28550469527146977,45.36039582111779,11.020585939497966
307,-0.9602456908160879,0.27915625242708464,45.360360551830006,11.020587351043469
308,-0.9464971677409926,0.3227121185488382,45.36032354496162,11.020598027172909
309,-0.9491374949598453,0.3148618993485073,45.36029422524397,11.020614243984085
310,-0.9471505753509535,0.3207893196669081,45.36026421926148,11.020621676773063
311,-0.9489949700754342,0.3152912094739176,45.36022329671387,11.020634051142189
312,-0.9497396399014684,0.3130409180919153,45.36019468608942,11.020649855946889
313,-0.9527704452096304,0.3036914202526023,45.36016078132433,11.020656140195408
314,-0.9518240648525345,0.3066446633607022,45.36012290507408,11.020658072758618
315,-0.9586221229350154,0.28468162114819456,45.360101324945646,11.020671492391251
316,-0.9568021155400336,0.290739938257743,45.36005570194937,11.020687578347255
317,-0.9591591559347492,0.28286695386089106,45.360032353718346,11.020705336660392
318,-0.953787559544425,0.3004817652675284,45.35999322454559,11.020710057435025
319,-0.9564414679448763,0.29192416548728906,45.359952783393204,11.020730542931501
320,-0.9443868572092945,0.32883653071146385,45.35993339272116,11.020728239240151
321,-0.9554285287461078,0.2952225033056386,45.3598931753301,11.020747525114553
322,-0.9531945045313419,0.30235779555230535,45.35986319963968,11.020759213965588
323,-0.9521205010899145,0.30572299783348,45.35981847299463,11.020761073733635
324,-0.9494531169191216,0.31390887017184604,45.359791314344164,11.020771944197591
325,-0.9476359376065326,0.3193526730067994,45.359765649765286,11.020791031953685
326,-0.9532604583118959,0.3021497950007484,45.35973163308592,11.020793303074228
327,0.10477927021701564,0.994495502520142,45.359696093159414,11.020802585447687
328,0.13208169130866876,0.9912388343991783,45.359698470792694,11.020813825394375
329,0.12710670777862268,0.9918890486529629,45.35969885723892,11.02083312911679
330,0.13811894719863133,0.990415648313748,45.359710564841606,11.020847664132898
331,0.12044914941866702,0.9927194983500222,45.35971201798857,11.020871509643174
