,Sin,Cosin,Lat,Lon
0,0.9474246963423529,-0.319978819237462,45.359666595297384,11.02059760467745
1,0.9565645402144799,-0.2915206346114467,45.35970017773684,11.020598199003993
2,0.9489240930038532,-0.31550446227718326,45.35972470588753,11.020571458182909
3,0.9601392850564675,-0.27952200859906423,45.3597667875488,11.020570001869523
4,0.9581311454919419,-0.286329719097231,45.35978755211799,11.020562271119594
5,0.9575097195537059,-0.2884010002759758,45.35983382362425,11.020559208448793
6,0.9541033768486593,-0.29947745538852366,45.35985225075962,11.020536916985261
7,0.9522124205823784,-0.3054365827608861,45.35989235239344,11.020527965774427
8,0.9491044794605477,-0.3149614056800022,45.35992970908669,11.020513554219749
9,0.9577668153670861,-0.28754604393312383,45.3599582688946,11.020503016992288
10,0.9481407574136271,-0.3178507576380988,45.359988370416794,11.020495585957494
11,0.945725073674036,-0.3249678215212071,45.360028893264655,11.020494075917487
12,0.9529767772115364,-0.30304333369258213,45.360055369720016,11.020473736740335
13,0.9629484912893836,-0.26968537803058557,45.36008935961713,11.020470639104529
14,0.9506359161821383,-0.31030848339119976,45.36011937756808,11.020458709409674
15,0.9592482480995389,-0.2825646802379331,45.36015260629726,11.02045038802549
16,0.9555605253397691,-0.29479498369610124,45.36017646651502,11.020435259674608
17,0.9537040448781688,-0.3007467286322825,45.360225154904285,11.020422550106861
18,0.9522424013770171,-0.3053431004947252,45.36024583596498,11.020417528996614
19,0.9576208742222954,-0.28803170182069693,45.36028777441811,11.020408147096026
20,0.9607772856372783,-0.277321126861016,45.36031435314529,11.02039511088924
21,0.9533868512869708,-0.30175074447814637,45.360343607657484,11.020397788307017
22,0.9544666521922639,-0.29831763248740767,45.36038296637761,11.020381066591119
23,0.9657503290697615,-0.25947312365955594,45.360414699475115,11.020370972065129
24,0.9434370019975145,-0.33155184098711016,45.36044525650369,11.020347283607228
25,0.9484146894378717,-0.31703245395142987,45.360470449413484,11.020349217524663
26,0.9625897803769301,-0.2709629397424923,45.360506046295185,11.020329826463133
27,0.9569868829517395,-0.29013118732448195,45.36054037002071,11.0203307245294
28,0.9581087872498214,-0.28640452474546646,45.360571331473885,11.020312528701506
29,0.9659025907695201,-0.25890574567731967,45.36060599943014,11.020303758693737
30,0.9591226497930128,-0.2829907112504397,45.36064479229353,11.020308685914598
31,0.942493375713414,-0.3342248296227161,45.36067725929487,11.02029206309966
32,0.9516037749944777,-0.30732760275682924,45.36070963130773,11.020283761847729
33,0.9530334278245225,-0.30286512748918565,45.36073569119552,11.020274659383347
34,0.9421452620893362,-0.3352048703742472,45.36076484866633,11.020255454285634
35,0.9562480197528155,-0.29255721614552443,45.36080325342855,11.0202426164179
36,0.9627559764520466,-0.27037183619206034,45.36082959601455,11.0202489964781
37,0.9538502134821533,-0.3002828170909062,45.360859898250034,11.020229747659547
38,0.9522535371998492,-0.30530837016101525,45.36090189671943,11.020226156673465
39,0.9540788581861026,-0.2995555580561022,45.360929283654286,11.020210492702777
40,0.9468336437033158,-0.321723563251905,45.3609626724251,11.020205724123537
41,0.9526718535470624,-0.30400055832054734,45.360993150570735,11.020190480703928
42,0.9508106112881695,-0.30977279006042086,45.36103849278513,11.020174141165192
43,0.9549840351917794,-0.29665719699482473,45.36105789275926,11.020174074988036
44,0.9576648424000759,-0.2878854800625378,45.36109873601046,11.020164031017089
45,0.9547561279376703,-0.2973898723317038,45.361136111095426,11.020154574064891
46,0.9464977604901711,-0.3227103800423698,45.36115301137,11.02014613245752
47,0.9655976632421219,-0.26004067516708546,45.361183358635245,11.020140552484897
48,0.9460082656795562,-0.32414250148038,45.36122734509609,11.020115766270049
49,0.9518271982563257,-0.3066349371149889,45.36125785302479,11.0201101574312
50,0.9602124425982185,-0.2792705947276997,45.361284258127306,11.020102215609862
51,0.955398740159203,-0.2953188908658024,45.36132361677349,11.020091344791448
52,0.9660737499748616,-0.258266354002043,45.36135685780163,11.020075808954296
53,0.963728276718376,-0.26688538486292074,45.36138843668433,11.020072441537462
54,0.9535177739048203,-0.3013367797790306,45.36142399739299,11.020057322312576
55,0.962396446538811,-0.2716488168379712,45.36145525071981,11.020057973451955
56,0.9464930394191945,-0.32272422643956417,45.36148502757555,11.020042812656605
57,0.9579312324463843,-0.28699782909240124,45.36150942001799,11.020037728499938
58,0.9551585089411099,-0.2960949557108255,45.361544932118015,11.020019681483111
59,0.9623893131013028,-0.27167408788547065,45.36158518833257,11.020007092040778
60,0.9583539244743039,-0.28558318480733463,45.36161743952787,11.01999586272348
61,0.9577244111843426,-0.287687247234917,45.361642792787286,11.019990791160286
62,0.9555271521945372,-0.29490313904568344,45.36168612129097,11.019975225929036
63,0.9570784990578669,-0.2898288229992675,45.36170899782367,11.019968650905765
64,0.9491402538600061,-0.3148535826420961,45.36174052782839,11.019952596355441
65,0.953283941376954,-0.3020756976534526,45.361775592179015,11.019953830870056
66,0.952647825710953,-0.3040758460782339,45.36181563600957,11.01994065270671
67,0.9653196286391222,-0.26107089949672113,45.361845923287085,11.019926875433653
68,0.9576380119683308,-0.2879747176981742,45.361880771427934,11.019923671103557
69,0.9527152967439761,-0.30386438315478426,45.361912624907504,11.01990495146338
70,0.9603185694528441,-0.2789054412592969,45.36194015812434,11.019904351427986
71,0.9521489824021596,-0.3056342835981131,45.36197224344984,11.019893838770855
72,0.9595572045669333,-0.2815137139886662,45.36199650861132,11.019878583926882
73,0.9494691257500467,-0.31386044549678765,45.36203724034715,11.019881587642757
74,0.9564438488718853,-0.291916364657986,45.362065438329125,11.019868461506796
75,0.9507279107346591,-0.31002651459207503,45.362092596397616,11.01984461164944
76,0.9513269840560031,-0.30818333732846304,45.36212927389184,11.01984641650038
77,0.9511069430749082,-0.3088617535964973,45.36215415070143,11.019824049292827
78,0.9558939198381103,-0.2937121277995383,45.36220328278195,11.019821803579424
79,0.9561780408287268,-0.29278585047255556,45.36222509349002,11.019814582389763
80,0.15163010018146414,0.9884373084414404,45.362260435785515,11.019802768683912
81,0.14861203950267554,0.9888955767495652,45.36226637714204,11.019817514279413
82,0.11902056372681818,0.9928917893759371,45.36226145482957,11.019812135309373
83,0.10545542533566209,0.9944240309180358,45.362259404575646,11.019818320613142
84,0.1350709824888807,0.9908359247067541,45.362272536337244,11.019824402858262
85,0.15192513967309024,0.9883920031724822,45.36227342995654,11.019834498191539
86,0.13189895090834958,0.9912631672513998,45.36226339584486,11.019837365643184
87,0.10581793759663423,0.9943855208533533,45.36226376221167,11.019846635826054
88,0.1413437946469807,0.9899605707879441,45.36226617649323,11.019851915624905
89,0.16771256816667754,0.9858359368976856,45.362266153580975,11.019858160366203
90,-0.9549293696906132,0.29683311624933,45.362272082980994,11.019862031676093
91,-0.9437851385798139,0.3305595441004258,45.36224711610372,11.019877463153792
92,-0.9456966999132083,0.32505038343811776,45.36220328695521,11.019890338023279
93,-0.9542554910414452,0.2989924042801926,45.36216893220712,11.019899588808498
94,-0.9516248774530686,0.3072622538035419,45.36215261800494,11.01990399422762
95,-0.9540866236415939,0.2995308241036028,45.36211200740039,11.019919880611898
96,-0.9613930194677202,0.27517896380126833,45.36207931611461,11.019926087604096
97,-0.9574727819473242,0.288523607058507,45.362040621337464,11.019941131360119
98,-0.9453644339548634,0.32601547051206137,45.36201191897999,11.019940846205403
99,-0.9556223089905111,0.2945946410911848,45.36197775534026,11.01995577321428
100,-0.9494636037144961,0.3138771498874714,45.36195504870038,11.019967253032826
101,-0.947945465929629,0.3184327144365956,45.36191930539461,11.01997280430163
102,-0.9458765226233367,0.32452673842071084,45.36188425278041,11.01999020412199
103,-0.9483214791973835,0.3173111597358128,45.36184354828522,11.019992072378503
104,-0.9578453301177168,0.28728439493241237,45.361825720289424,11.01999302455494
105,-0.9543846607899261,0.29857983731139265,45.3617844741214,11.020008845024531
106,-0.9615768577817381,0.27453587484807723,45.36174940667374,11.02001698855466
107,-0.9527596879741073,0.30372516683917017,45.361722701239266,11.02002507666336
108,-0.9468609055432528,0.3216433203935865,45.36167757536161,11.020037176412895
109,-0.9551104149080499,0.29625005541631994,45.36165630410926,11.020051149565557
110,-0.9568532961101588,0.2905714537306183,45.361628398555396,11.020057555322552
111,-0.955740405172643,0.2942112810896825,45.36159155994671,11.020068775832277
112,-0.9484793035891853,0.3168390927000233,45.36155946892823,11.020083670163032
113,-0.9477739653685198,0.31894280140744985,45.3615243602465,11.020093406372935
114,-0.9497955441354594,0.3128712584121887,45.36149669413864,11.020093596951947
115,-0.9430743970038975,0.33258184213173037,45.361470452142115,11.020117582211295
116,-0.9577096923452124,0.2877362423957723,45.361432250986766,11.020118728358716
117,-0.9573256904141266,0.2890112843352587,45.3614005605115,11.020132890759449
118,-0.9475365294031858,0.3196475018619192,45.36136674601452,11.020137518662251
119,-0.9525835474060362,0.30427715197058736,45.36133974037339,11.020152142499452
120,-0.9466751497736259,0.32218963484426827,45.36129551651579,11.02016281887515
121,-0.956875924450026,0.2904969280524461,45.36126616145753,11.020180680124026
122,-0.9518225183285166,0.3066494637248869,45.36123589205268,11.02017700271808
123,-0.9562553865684159,0.2925331360015296,45.361216900607886,11.020191044196467
124,-0.9434383077074575,0.3315481255415097,45.36116589742477,11.020195230052186
125,-0.9534853662196305,0.30143930799585034,45.361143923851024,11.020215258048834
126,-0.9464829901515625,0.3227536976608594,45.36110991939103,11.0202204516834
127,-0.9512748874444812,0.30834410731760337,45.36106962885695,11.02022266291273
128,-0.9669460427493144,0.2549810785361161,45.361050810574866,11.020243125168808
129,-0.9547542729353958,0.2973958276634085,45.36101854477039,11.020253946529783
130,-0.9546769153061587,0.29764406155930184,45.36098920414094,11.020265588308892
131,-0.9497493288527055,0.31301152110399316,45.36094607773157,11.020268156020858
132,-0.9480736037495557,0.3180510051443485,45.36092868302917,11.020288088293375
133,-0.9605503594199146,0.2781061074810707,45.360888190467456,11.020288563619632
134,-0.9591513375276087,0.2828934635494415,45.36085419543791,11.020295783164826
135,-0.9556599052685695,0.29447265656095944,45.360815695074656,11.020320186258767
136,-0.9560785734406326,0.29311049351349555,45.360790268954325,11.02033021638268
137,-0.9523533970541463,0.3049967329651706,45.36075435564163,11.02032812209825
138,-0.9553723078760763,0.2954043895129855,45.360714041309265,11.020342724604713
139,-0.9539657567939916,0.29991554622004285,45.36069070024803,11.020349408548395
140,-0.9578573119499576,0.28724444284268,45.36064650238345,11.020365183741923
141,-0.9462864956572459,0.3233293493277857,45.36061765468569,11.020375135947774
142,-0.9488317715677843,0.3157819964208534,45.3605912308357,11.020384157584557
143,-0.9509567578851369,0.30932385073348145,45.360565379728136,11.020388336833877
144,-0.9594511444822112,0.28187497468163963,45.3605250534167,11.020401347534706
145,-0.9585508748762074,0.28492142824655603,45.36049863009649,11.020416207270062
146,-0.9601765885541556,0.27939384172258325,45.36045451004864,11.020415690669521
147,-0.9535221780142599,0.3013228435332147,45.360430986460386,11.02042866288326
148,-0.9521698790827683,0.3055691760755762,45.360400460536525,11.020439799604768
149,-0.956258498603551,0.2925229629421976,45.36036528101567,11.020446037655233
150,-0.9565226256127385,0.2916581332500654,45.360332729668876,11.020450904437086
151,-0.9502149363425011,0.31159520977001015,45.36029844661271,11.020479872451723
152,-0.9572741380042512,0.2891819923650463,45.36026766269514,11.0204764478019
153,-0.9602536875075438,0.27912874382292546,45.36023272064688,11.020493452122494
154,-0.9516724917927111,0.3071147478794403,45.360206199938425,11.02050397343126
155,-0.9605880543590095,0.27797587992984685,45.36017029930003,11.020521851249066
156,-0.953054208160139,0.3027997297030671,45.360140063629146,11.02053327044856
157,-0.9596418183141517,0.2812251420885207,45.36010264948276,11.02053254814206
158,-0.9534079866304128,0.3016839588532056,45.36007548547298,11.02054201508672
159,-0.9464454877755709,0.3228636533728467,45.36004947831131,11.020538329352075
160,-0.9440254826171675,0.3298725332146102,45.36001508504854,11.020563747662502
161,-0.9563617832632064,0.2921851117247761,45.35998068114614,11.020572160357867
162,-0.9456904276460963,0.32506863130505737,45.35994218517722,11.02058692310064
163,-0.9617271824608965,0.2740088073690798,45.35991005779918,11.020588542933545
164,-0.9615146812575586,0.27475355816836194,45.35987902306946,11.02059820280814
165,-0.9562742219922065,0.2924715581953232,45.359843905884695,11.020612723641529
166,-0.9521057527954924,0.3057689249968493,45.35982420700378,11.020619307552039
167,-0.9544513216348971,0.2983666781485463,45.35978345220803,11.020624514080266
168,-0.954325685942482,0.2987682800271995,45.35974921925822,11.020636680051036
169,-0.9537714557781071,0.30053287697506625,45.35971068467371,11.020653658606777
170,0.1237400584025451,0.9923146668000704,45.35968635427709,11.02066134711766
171,0.08919444812109668,0.9960142320390672,45.35969076221041,11.020659176665479
172,0.10616819977676496,0.9943481851726592,45.3596736646558,11.020672947376614
173,0.11846737943091162,0.992957944734203,45.35969028493576,11.020683104939492
174,0.13885219081887903,0.9903131166983489,45.35968639120189,11.020691891344168
175,0.14267204209607348,0.9897700179355486,45.35968984241214,11.020702242833378
176,0.1191736379805454,0.9928734279909408,45.359688391369254,11.020710776057793
177,0.14435300671064538,0.9895262550602669,45.35969331002733,11.020710862635529
178,0.13037959977260924,0.9914641496106322,45.35969452217878,11.020708011332184
179,0.10046847712037645,0.9949402419769302,45.35968638619255,11.0207269402368
180,0.9658715315601963,-0.2590215908405335,45.35968955570545,11.020736771595883
181,0.9550411608756657,-0.2964732383087229,45.35972014531962,11.020721474694616
182,0.9452038605868402,-0.3264807221441002,45.35974585993209,11.020710712415596
183,0.9658174519363982,-0.25922316550625457,45.3597909510787,11.020715169123903
184,0.9631409633548741,-0.26899718345708584,45.359822974607056,11.020694899251811
185,0.9548890690314221,-0.29696273477374896,45.35985313169514,11.020685825404087
186,0.9567898995360445,-0.29078013712392026,45.3598881855283,11.020680370447963
187,0.954661183566508,-0.2976945155547785,45.35991141845713,11.020661862374567
188,0.9523773127878347,-0.3049220459183347,45.359943768974894,11.020656203072322
189,0.9602063500265338,-0.2792915418853958,45.359975448881826,11.020650152063892
190,0.9527757964113289,-0.3036746314277138,45.36001053674577,11.0206335637015
191,0.9530350068637286,-0.30286015864133226,45.360045723029906,11.020622121147365
192,0.9592404838191568,-0.2825910370170823,45.36006675598366,11.020616061601794
193,0.9588830006969766,-0.2838016754255724,45.360101499708776,11.020604296344324
194,0.946439906356191,-0.3228800143342482,45.360143766556234,11.020586921781668
195,0.9525099767479441,-0.30450737954215634,45.36017144915321,11.020582282888881
196,0.946624703744051,-0.3223378200917287,45.360208643577565,11.02056893468511
197,0.9443853274807796,-0.3288409239115787,45.36023517613778,11.020563096394882
198,0.9558843759501373,-0.2937431868391447,45.36026561397153,11.020555013710975
199,0.9612927750934501,-0.27552894685156665,45.36030115786249,11.020544391401025
200,0.9497096508736229,-0.31313188760888166,45.36033706965315,11.020532683847831
201,0.9555382048217997,-0.2948673246155501,45.36035808630592,11.02052420135966
202,0.9604051989955112,-0.2786069879640359,45.36039664726993,11.020521093096642
203,0.9523617781969265,-0.3049705615786352,45.36042310951486,11.020494361895627
204,0.9523138818239439,-0.3051200919071232,45.360450742295974,11.020492830383347
205,0.9501885858927092,-0.3116755544459874,45.360484330151756,11.020491560987953
206,0.9430244319766281,-0.33272348984578465,45.36052697553908,11.020473267852928
207,0.9643216072427884,-0.26473352225338875,45.360555319533404,11.020466003895898
208,0.9504298952554778,-0.31093892359217673,45.36059026446521,11.020449167549746
209,0.9450612611008268,-0.3268932742754352,45.36062149431177,11.020431937070505
210,0.956753290686777,-0.29090056851100116,45.36065403107381,11.020428659056014
211,0.9556395182427645,-0.2945388109786839,45.360676422587474,11.020414763091496
212,0.9583879563957456,-0.28546895634304353,45.36071804124249,11.020411225639302
213,0.964449550910498,-0.2642670311418711,45.36075141627064,11.020395956592688
214,0.9574405261021242,-0.2886306272336457,45.360778788440896,11.020399259932645
215,0.942656199212494,-0.3337653218748988,45.36080464940247,11.020380023218832
216,0.9557459473423918,-0.2941932768412526,45.36084405815917,11.020365039167
217,0.9534179544769336,-0.3016524557848317,45.360876550175306,11.020362069736215
218,0.9501845851719006,-0.3116877509651337,45.36090763261559,11.020340332628852
219,0.9468458202777043,-0.3216877253216872,45.3609436219751,11.020334719428948
220,0.950339742482186,-0.31121435355537885,45.360961190419914,11.020330043513624
221,0.9601618594826172,-0.27944445529457684,45.36100642212622,11.02032834944794
222,0.9547627120109519,-0.2973687336514923,45.36103133824509,11.020323043113855
223,0.9465838369853001,-0.3224578105088892,45.36107331172738,11.020299976841113
224,0.9531608275420215,-0.3024639430401727,45.36109702165633,11.020296608906337
225,0.9455900094555355,-0.32536062149233774,45.36114014016372,11.020282436962077
226,0.9395671156244073,-0.3423647692698997,45.36115543557532,11.020270491781002
227,0.9523691497213839,-0.3049475408311539,45.361193993346305,11.020255905546424
228,0.946796813323179,-0.32183193483722744,45.36121948977645,11.020238405319207
229,0.9548251407148726,-0.29716821946302374,45.36126340058326,11.020230509007206
230,0.9488348677630989,-0.3157726931148141,45.36130021809776,11.020221809751217
231,0.9520392927279743,-0.3059757916927719,45.36132620704344,11.020216711711704
232,0.9528849755729817,-0.3033318699498589,45.36135259698039,11.020209942291514
233,0.9595166366348611,-0.28165195547150734,45.36139469907381,11.020200189255501
234,0.9590712215731483,-0.28316495537087394,45.361415824988136,11.020184436164579
235,0.9544077491311322,-0.29850602740722976,45.36145131173588,11.020175824793595
236,0.9538409814686426,-0.3003121410648203,45.36148892022501,11.020165452565529
237,0.9527605055681929,-0.3037226021050153,45.36152034346872,11.020159316090181
238,0.9570738316181204,-0.28984423546417093,45.3615488630851,11.020142419828
239,0.9482455392828637,-0.31753802485710425,45.36158555611907,11.020141496362012
240,0.9570480525384111,-0.28992934506950946,45.361616120720875,11.020127806830539
241,0.9621401889384599,-0.27255505284155834,45.36163305143507,11.020122240663174
242,0.9517936855346131,-0.30673894466865137,45.36168070751401,11.02011045264022
243,0.958886489401667,-0.2837898878447695,45.36170664088154,11.020091466202885
244,0.9473597743742379,-0.3201709822853924,45.36174043389429,11.02008981464159
245,0.9580658770101376,-0.2865480331616253,45.36177793525852,11.020076502772236
246,0.9530886855684021,-0.30269119154923496,45.36179805745235,11.020062894052488
247,0.9511918642010707,-0.3086001255309075,45.36182920645528,11.020053397669681
248,0.9532687809557412,-0.30212353641375744,45.361876933574344,11.020046526959453
249,0.9502702693282774,-0.3114264202516592,45.361903195486235,11.020028555222778
250,0.95055212071082,-0.31056507500387553,45.36192669710441,11.020019395993483
251,0.9532054770736277,-0.3023232020153891,45.361966545194036,11.020012709111423
252,0.9489662218980608,-0.31537772542860487,45.36199837460646,11.02000492554887
253,0.9570362350923541,-0.2899683512389795,45.36202738296238,11.019992697170787
254,0.9536901543727219,-0.3007907735495455,45.36206385473004,11.019985724041252
255,0.9593513139919178,-0.2822145572821872,45.36210055742084,11.019973271576172
256,0.9456533287709795,-0.3251765394126176,45.36213136858297,11.01996700622736
257,0.9547913768648614,-0.2972766836879445,45.36215976600194,11.019954487210253
258,0.9565666359065175,-0.2915137579437514,45.36218914944431,11.01994124201786
259,0.9549035031843107,-0.296916317514432,45.362226134521435,11.019936124392808
260,0.10594309083136065,0.9943721946560543,45.36225505407662,11.019921851476749
261,0.14587129769966256,0.989303575505222,45.362257840370596,11.019926509681612
262,0.11782907494547697,0.99303389121293,45.3622677481744,11.019934858622067
263,0.13162526009376638,0.9912995465071334,45.36225555178538,11.019939697190607
264,0.0880705945538558,0.9961142356049985,45.362270321922786,11.019942318099366
265,0.1219792209980218,0.9925326541956772,45.36227066894042,11.019955560792827
266,0.09746568321370042,0.9952388861955137,45.3622798267062,11.019951872468384
267,0.12325532029869136,0.9923749926404166,45.36227427438665,11.019963444759904
268,0.1371480330350739,0.9905505625835616,45.362273138752634,11.019967170969993
269,0.1185834938031029,0.9929440845271447,45.36228562042072,11.019976175168118
270,-0.9522308339010256,0.30537917245312807,45.36228553922947,11.019981505784099
271,-0.9507842735205309,0.3098536190300774,45.36225465510663,11.0199855273928
272,-0.9594636299186307,0.28183247304624953,45.362225654074344,11.020001403414252
273,-0.9618702640864224,0.27350611522654494,45.36218770979491,11.020011442459046
274,-0.9498468210580304,0.31271555210119284,45.362154946078256,11.02002904108243
275,-0.9423891136185568,0.3345186968365608,45.362123179615324,11.020031591028612
276,-0.9509014579656413,0.3094938080783162,45.36209763782992,11.02004714027779
277,-0.9534738593280071,0.3014757031307096,45.36205539994859,11.020048864705329
278,-0.9535245476911659,0.30131534469780574,45.362033439657914,11.020061443899161
279,-0.9525514674400013,0.304377564675684,45.361996713864265,11.020066015153239
280,-0.9632624522686936,0.2685618142054133,45.36196219243279,11.020073981901024
281,-0.9664687493107119,0.25678426082178063,45.36192405487931,11.02008970412108
282,-0.9547860174376606,0.29729389651577337,45.361894438367024,11.020106187539746
283,-0.9517494822081054,0.30687607126754485,45.361858334958384,11.020116450285038
284,-0.9566835767618448,0.29112975449816775,45.36182303702529,11.020127584830997
285,-0.9547398297681574,0.2974421917856809,45.36180082752603,11.02013747930023
286,-0.9509373119207978,0.30938362722815066,45.36176913327167,11.020145043642113
287,-0.9514819100186392,0.3077046878214273,45.36173360403727,11.020151760633162
288,-0.9570610955072169,0.2898862871308783,45.36170037977561,11.020158224966329
289,-0.9512032859620166,0.30856491825070137,45.36167462928628,11.020178984825083
290,-0.9570037949066189,0.2900753980163263,45.36164088976619,11.020184068094288
291,-0.9499988345030882,0.31225344584611736,45.361611132987406,11.020198538780447
292,-0.9596954720912986,0.28104199125301443,45.36158069084202,11.020214421198622
293,-0.9543980894242986,0.2985369104537136,45.36154724346617,11.020219087589707
294,-0.9550453981707376,0.2964595881952498,45.36151311834876,11.020224389595102
295,-0.948180661591675,0.3177316996831972,45.3614795192427,11.020239475880839
296,-0.9568495968693906,0.2905836350706707,45.36144275612167,11.020253820413874
297,-0.9415268905942995,0.33693784929543025,45.36141442838093,11.020259357349303
298,-0.9608259911623898,0.27715233123106015,45.36138098211495,11.020270928563416
299,-0.9639202652660687,0.26619113848772613,45.36135049032958,11.020277600233335
300,-0.9540988226148278,0.29949196430789127,45.361314373850284,11.020289534226704
301,-0.9446564365691378,0.32806130044322274,45.361294587753555,11.020289180760694
302,-0.950792190423669,0.3098293249990412,45.361248877729025,11.020306721775958
303,-0.953639902054199,0.3009500576674769,45.36121491458623,11.020310235572481
304,-0.953000376714171,0.302969110608075,45.36118787979582,11.020337820611227
305,-0.9563756535911417,0.29213970838986675,45.36115077432753,11.02034192624301
306,-0.9461265660078754,0.32379703688289885,45.36112744827226,11.020357924954688
307,-0.9503441378094766,0.31120093144327604,45.361081345038215,11.020360239822365
308,-0.9587342291271821,0.28430384784576507,45.361064226374374,11.020379887049197
309,-0.9615257285463987,0.2747148946513771,45.36102173910998,11.020382141134156
310,-0.9441879650794708,0.32940717448028967,45.36099603022126,11.020397108385174
311,-0.9477842542655633,0.31891222517531365,45.36096298849276,11.020395198606083
312,-0.9516231050604834,0.30726774304349647,45.3609303715712,11.020402682114263
313,-0.9568264816137665,0.290659739356211,45.36089976623245,11.020416812708234
314,-0.9595106219562881,0.2816724451433919,45.36085659520027,11.020426533162823
315,-0.9508520087878284,0.3096456965374321,45.36082771520044,11.020437416326576
316,-0.9498557617646125,0.312688394160333,45.36079944434116,11.020455157096924
317,-0.9566439164398651,0.29126005070829103,45.360771391602164,11.02046262351419
318,-0.9571307433003932,0.2896562449339509,45.36073899360815,11.020479251886698
319,-0.9594192248904863,0.2819836004283557,45.36069980835306,11.020485595994659
320,-0.956539370846141,0.29160320989534505,45.36067434640176,11.020492809771367
321,-0.9421475728152909,0.33519837564978755,45.36064063694618,11.02050752342545
322,-0.9600603405735231,0.27979303504170866,45.360601326721394,11.02051643486953
323,-0.9498045139337736,0.3128440271301789,45.3605662185684,11.020530606418182
324,-0.9564209879463543,0.29199125640285817,45.36054496837602,11.020542776137821
325,-0.9592760183264051,0.28247038900358845,45.360510376560754,11.020544933307752
326,-0.9539686863476061,0.29990622779165943,45.36047812586588,11.020559898319853
327,-0.9445121832898719,0.3284763851740328,45.36044377206208,11.020569138111783
328,-0.9592468340218209,0.28256948069300253,45.36041502592942,11.020577985378573
329,-0.9632859142329345,0.2684776479344592,45.36037403375213,11.020590059150555
330,-0.9511486489449152,0.30873329527322174,45.36034317663284,11.020596616823264
331,-0.9551131797845048,0.29624114130541046,45.360322809138246,11.020607618051676
332,-0.9637483394771468,0.2668129272637332,45.360283169520514,11.02061573046712
333,-0.9569408078514263,0.29028312088142433,45.36024710915258,11.020626301141462
334,-0.9533835213828452,0.30176126516775803,45.36020141847033,11.020641891236023
335,-0.9579830798554523,0.2868247177470278,45.36018717574404,11.020646250879246
336,-0.9517984377430213,0.3067241984420922,45.36015594442959,11.020657445989427
337,-0.9615555008466286,0.2746106676580307,45.36011977861433,11.020668212587656
338,-0.9594755155207529,0.2817920068351574,45.360087828139754,11.020681865218721
339,-0.9464369096942123,0.3228887981464662,45.36006060397401,11.020681279699232
340,-0.9533842226342839,0.3017590496273842,45.360023499394075,11.020698706007927
341,-0.9513649665004174,0.3080660651802789,45.35999192804403,11.020709467053782
342,-0.9599234236130048,0.2802624141748012,45.359952598432535,11.020724210831093
343,-0.9536554757207739,0.30090070393368057,45.35992002012713,11.020734203569235
344,-0.9448514829734165,0.3274991223239166,45.3598946474759,11.020742644846528
345,-0.9447848537610453,0.3276912878056424,45.35986011484051,11.020756137571503
346,-0.9558626647400887,0.2938138290754482,45.35983125138314,11.020763979857811
347,-0.947962876558999,0.31838087986873204,45.359791541647645,11.020773541300168
348,-0.9489750679775185,0.3153511064782621,45.35976454669529,11.020782150982454
349,-0.9581173715504955,0.28637580612399827,45.359728737705026,11.020796326142321
350,0.1452982209967519,0.98938790520967,45.35969985349492,11.020804059208299
351,0.13747854180164448,0.9905047453415322,45.35969710175587,11.02080421635686
352,0.12453249867689725,0.992215529395347,45.35970404912801,11.020818824400148
353,0.11817980939906303,0.9929922117773136,45.359701961093926,11.02083052617283
354,0.13829699545540275,0.9903908021826577,45.35971227914372,11.020843470276011
355,0.11402486727045248,0.993477895901039,45.359712025393826,11.020840807440237
356,0.13552254967597438,0.9907742621451786,45.359709282155706,11.020852496625274
357,0.13800790437831142,0.9904311275041323,45.359721607847966,11.020855162346681
358,0.1435023615704428,0.9896499745989518,45.359717581944835,11.02086313833771
359,0.10509375124264228,0.994462318768162,45.35971348331364,11.02087471551867
360,0.9478207408979911,-0.3188037689921235,45.35971763257755,11.02087758190738
361,0.961528454774596,-0.27470535243925936,45.359754479870254,11.020870296004391
362,0.9548989606533513,-0.2969309262154236,45.359777949042005,11.02085983799457
363,0.9587677276077895,-0.28419085927910426,45.35982358205586,11.020840112860384
364,0.9570116734009882,-0.29004940436801485,45.35984551702647,11.02082964203253
365,0.9466266326710009,-0.32233215526528214,45.35988531407097,11.020835592270549
366,0.9586867464398756,-0.2844639207360499,45.359913028121824,11.02082806751388
367,0.946270478356885,-0.3233762232914349,45.359935209958635,11.02080520769997
368,0.9554621732442088,-0.2951135976187026,45.3599717450498,11.020801147852021
369,0.9622617852191798,-0.27212544296114066,45.35999998348013,11.020789622266365
370,0.9490765848181528,-0.3150454509271821,45.36003539728489,11.020776646280066
371,0.9530643347119834,-0.3027678547996874,45.36007046184626,11.020769052849937
372,0.9503301904795984,-0.31124352051570503,45.360105740933,11.020757526579763
373,0.9563491271686095,-0.2922265336410071,45.36013738600903,11.020749038024254
374,0.9558530701088513,-0.2938450414138095,45.360158434118866,11.0207401013618
375,0.9608850267167779,-0.27694758607270276,45.36019634299501,11.020723798492073
376,0.9444425282321387,-0.32867660529232345,45.36023026588285,11.020712270706031
377,0.9475892777202788,-0.3194910965106232,45.360271569827006,11.02070611552741
378,0.9497820638308703,-0.3129121781349723,45.36029692314612,11.020695221568673
379,0.9461667281812364,-0.32367966028592904,45.36033604531433,11.020686402221884
380,0.9549293827712628,-0.2968330741681174,45.36037440559699,11.020673896653246
381,0.9483838031024729,-0.3171248366383338,45.360392580109256,11.02065763843106
382,0.9546978005057329,-0.2975770651604651,45.36042891034415,11.020652536627338
383,0.9532800480448105,-0.3020879838717253,45.36045544518106,11.020643672770387
384,0.9510111885707545,-0.3091564639680702,45.360494424885275,11.020640769283485
385,0.9562451274750565,-0.2925666696331161,45.36052348703186,11.020631507381268
386,0.9629627070419491,-0.2696346135911363,45.360549934652944,11.020613688891897
387,0.9559007361662184,-0.2936899429617598,45.360585466147384,11.020608016874512
388,0.9491853746208738,-0.3147175314561161,45.360618114742415,11.020604989280908
389,0.9576465731643039,-0.2879462465576962,45.36064664822428,11.020585298734241
390,0.9520170400538014,-0.3060450219284718,45.36068197740555,11.020565176118465
391,0.9570637666753582,-0.2898774681088122,45.36071480968781,11.020571485329974
392,0.943080543683347,-0.33256441199551484,45.360751084933355,11.020562564950229
393,0.9462042104277585,-0.3235700730425824,45.360782814221764,11.020552605250835
394,0.9526069234514629,-0.3042039601851671,45.36081435190696,11.020540321203153
395,0.950841255419068,-0.3096787157573001,45.36084992730596,11.020520049072765
396,0.9471343894389762,-0.32083710561912526,45.36087457184155,11.020511467759992
397,0.9569654315728774,-0.2902019344775918,45.36092106692097,11.020500940283467
398,0.9555066748661645,-0.29496948026229053,45.36094565640325,11.020500657317262
399,0.9447077558289833,-0.32791348870786957,45.360979314432505,11.02048840187279
400,0.9494368557012497,-0.3139580498030341,45.36101312779311,11.020468706015663
401,0.9499362892207517,-0.3124436691973585,45.36104063531634,11.020464525387158
402,0.9562085095322832,-0.29268632748737944,45.361072321197234,11.020456716693344
403,0.961203026821646,-0.27584187722118253,45.36109609913405,11.020448573881637
404,0.9575498267795219,-0.28826780818278586,45.36115109628735,11.020426068485335
405,0.947365232464863,-0.32015483178736515,45.36116510007216,11.02042055666637
406,0.9524403310829341,-0.30472514784085486,45.361203897719456,11.020422630779915
407,0.9479742557283701,-0.31834699696438584,45.361234893481836,11.02041055455919
408,0.9564576746965334,-0.29187106145368424,45.36126813058238,11.020403739409208
409,0.9512697024468223,-0.30836010313711826,45.361306005136605,11.020384888723223
410,0.9570076707681224,-0.29006261063944966,45.36132891921307,11.02037783068556
411,0.952867654858626,-0.30338627576774546,45.3613546939193,11.020362247441792
412,0.9605827541094325,-0.2779941950968358,45.36139617857742,11.020356189945552
413,0.9527102629916357,-0.3038801651809613,45.36142488076477,11.020342390220538
414,0.9430133349216102,-0.3327549400986003,45.361457175239615,11.02033826415997
415,0.9480658298805553,-0.3180741772179784,45.36149370798575,11.02031726099508
416,0.957205012482842,-0.2894107186641889,45.361523228211986,11.020313066205263
417,0.9661635571692702,-0.2579301858992515,45.36156556433474,11.020309120355458
418,0.9592277429271541,-0.2826342817120344,45.3615873869802,11.020296094279031
419,0.9615528077286637,-0.2746200974967483,45.36162052735794,11.020281352773011
420,0.9561782856596924,-0.2927850509040575,45.361655550815236,11.020265485874742
421,0.9493654094616688,-0.3141740271213995,45.36168736738017,11.02027162377985
422,0.9575779106178302,-0.2881745045919067,45.36171549902763,11.020250045479592
423,0.9547122462160323,-0.2975307159355786,45.361748498953766,11.02024824719415
424,0.9591425915377508,-0.28292311517132585,45.361777443900934,11.020229660425276
425,0.9536069463768443,-0.3010544665369217,45.3618149302073,11.020221049939106
426,0.9527067768319443,-0.3038910946021419,45.36184985382282,11.020208791642974
427,0.954129716216608,-0.29939352804029523,45.361875231725556,11.020204553800792
428,0.9435479591986767,-0.3312359411235628,45.361914928681905,11.020192569991268
429,0.9495692041349312,-0.3135575330917015,45.361945346535194,11.020186872126493
430,0.9544022179933566,-0.29852371143572765,45.36198012054451,11.020174680490934
431,0.9524306510426371,-0.3047554018462975,45.362002087130676,11.020169325703632
432,0.9568727891910414,-0.29050725516888043,45.36203713701419,11.020151167398051
433,0.9528357547467664,-0.3034864485873464,45.36207455698757,11.020146055308917
434,0.9499403485296101,-0.31243132723118994,45.362105974077004,11.02012817293102
435,0.9565921275857828,-0.29143009700596384,45.36214131498692,11.020117105120228
436,0.9597215281863878,-0.280953000225277,45.362162319018516,11.020112988260252
437,0.951549527767493,-0.30749552225270066,45.36220167381301,11.020107521010438
438,0.954114521587156,-0.299441947122497,45.36223315686329,11.020097307507466
439,0.9514385435482825,-0.30783875300345637,45.362266557710235,11.020086338852913
440,0.11776602261785313,0.9930413706975009,45.36229967541432,11.02007271267432
441,0.10906621537612286,0.9940344866570421,45.362300031677215,11.020080884769941
442,0.13478601502916387,0.9908747297981506,45.36230008171552,11.02008240519599
443,0.10556540702532369,0.9944123615681664,45.36229734105765,11.020092261265964
444,0.11489759699799475,0.9933773412979009,45.36229217573289,11.020098592399766
445,0.13553970833951481,0.9907719149548191,45.36230194035826,11.020100602780625
446,0.14248087821434782,0.9897975547268584,45.362297967134886,11.02010551907735
447,0.11203978948381044,0.9937037212229928,45.36230215282916,11.020101454333505
448,0.14764549716094877,0.9890403465825326,45.362302645165,11.02011368835005
449,0.1388833813214458,0.9903087429649008,45.36230319108952,11.020124593189049
450,-0.9492439059968004,0.3145409463455235,45.362303752621706,11.020126943546746
451,-0.9500687034374832,0.3120407966093851,45.36226450809166,11.02013686603804
452,-0.9519114570512351,0.3063732656982239,45.36223651721315,11.020142757478244
453,-0.9625297317149073,0.2711761707171715,45.36220497534542,11.020150123436695
454,-0.9497539007667193,0.3129976485189638,45.36216908290753,11.020164223382716
455,-0.9459083997623572,0.3244338133718752,45.36214619299042,11.020187181963983
456,-0.9532091461835753,0.302311633305732,45.36211691433006,11.020177781188726
457,-0.9521571811877444,0.3056087405697173,45.36207464823749,11.020200514886724
458,-0.9529380477900333,0.30316509870715685,45.362041234308215,11.020207073068558
459,-0.9547389421179422,0.29744504097986335,45.362015451973015,11.020218370855629
460,-0.9492586989874291,0.314496299496025,45.36198666175067,11.020232347838451
461,-0.9525524925852595,0.30437435645863636,45.36194122094403,11.020241651149203
462,-0.9484533627186333,0.31691673787876296,45.36191206343245,11.0202461286504
463,-0.9606519445761175,0.27775500244302365,45.36188423075962,11.020262621108895
464,-0.9558663702454716,0.29380177370762584,45.36184735349562,11.020268073458597
465,-0.9615381740760771,0.2746713304923606,45.361819765226365,11.020278872904147
466,-0.9496975478983494,0.31316859279924986,45.3617861898333,11.020286933473091
467,-0.9556509794170263,0.29450162230330507,45.36174517519141,11.020298961304821
468,-0.9418882403555412,0.33592639473542735,45.36171439736143,11.020308745320145
469,-0.9507781275312803,0.30987247733239,45.36168162885828,11.020319334588137
470,-0.957489091638088,0.2884694774045758,45.3616550251089,11.020324955038014
471,-0.9578855826837778,0.287150153206575,45.3616257005592,11.020334893756912
472,-0.9549579450878484,0.29674117192191907,45.36159798310558,11.02034694620726
473,-0.9580204441572352,0.2866998928789019,45.36155475559312,11.020354915181008
474,-0.9509815067249561,0.3092477548295742,45.36152388244317,11.020363726951679
475,-0.9618768298411849,0.2734830236315814,45.36149386886945,11.020383991806446
476,-0.9552173007935852,0.29590523527747425,45.361459367989326,11.020382590259436
477,-0.9583885359617408,0.28546701059336277,45.36142863447638,11.02039277210619
478,-0.9536326845164966,0.3009729273902556,45.36139453343681,11.020411876852883
479,-0.9613307582392606,0.2753963929740697,45.361358411165405,11.02041516337976
480,-0.9516860133270141,0.3070728448393545,45.36132694845989,11.020430324265662
481,-0.9460945975703047,0.32389043278288315,45.36129875390515,11.020440788467333
482,-0.943837267175995,0.33041067338957053,45.36126739652569,11.020452307230912
483,-0.9474705964484391,0.31984288153035245,45.36123907794004,11.020456605232663
484,-0.9485662398394779,0.3165787242326848,45.36120413944074,11.020468403984204
485,-0.954544768063114,0.2980675858984602,45.361167617081584,11.020476389794664
486,-0.9470593676810146,0.32105849013479887,45.36113816098733,11.020487333453346
487,-0.9500546696717936,0.3120835218892839,45.361102519513416,11.020502708645472
488,-0.9567631851032256,0.29086802442195503,45.361067244171515,11.02050818250902
489,-0.9549523076869496,0.2967593133220415,45.361036333640975,11.020520712149384
490,-0.9470783152943916,0.32100259297883715,45.36100349980734,11.020529986978355
491,-0.949367502947376,0.31416770099337704,45.36097997928905,11.020535297087894
492,-0.9639535365502983,0.2660706285409437,45.36094991946007,11.020545292669997
493,-0.9565967140263478,0.2914150420173841,45.36090584870055,11.020557488022101
494,-0.951835797073962,0.3066082441953827,45.36087648294185,11.02057855156667
495,-0.9618421020140949,0.27360513663509206,45.36084410262977,11.020577084826067
496,-0.9512034236204477,0.3085644938950996,45.36080896732574,11.020584059556855
497,-0.9493771597655524,0.31413851803860815,45.36077022160484,11.020595140098557
498,-0.9538855604364976,0.3001705141927647,45.360745889692765,11.020617669540476
499,-0.9594413747151457,0.2819082270610621,45.36071701950086,11.020610145981259
500,-0.9522515145061378,0.3053146788491618,45.36068365948238,11.020629143318796
501,-0.954844255285548,0.2971067958633516,45.36065086980331,11.020636929858277
502,-0.9549487496859429,0.2967707624973432,45.36060853199159,11.020651625055406
503,-0.9581375107018039,0.2863084186435159,45.36059299527439,11.02066266024361
504,-0.9614148714091126,0.27510260819083376,45.360543032388826,11.020670416930393
505,-0.9566717315807572,0.29116867619006614,45.360524440041594,11.020672734532862
506,-0.9614117662335443,0.2751134597719581,45.36048769976091,11.02069069274889
507,-0.9602218624723995,0.27923820445998493,45.36045875687611,11.020704876094976
508,-0.9524003345685631,0.3048501315625254,45.36042954796909,11.020714564105234
509,-0.9502876436774995,0.3113734000743572,45.36039223094422,11.020723161850759
510,-0.9522493641933919,0.30532138541753157,45.360358496215994,11.020718371192704
511,-0.9470727666695304,0.32101896304256106,45.36032096604973,11.020738756394916
512,-0.9476837654140389,0.3192107153130497,45.3602934214538,11.020745920927993
513,-0.957541707243274,0.2882947777703165,45.36025520511526,11.020758845699039
514,-0.9585688934007603,0.28486080215509085,45.360231000199505,11.020766572641561
515,-0.9648867885423761,0.2626661099121469,45.36019973141937,11.020781509590403
516,-0.9552725953512954,0.29572667882827247,45.36017133304839,11.020789461993807
517,-0.9537348313645311,0.30064908355434816,45.360134010311064,11.020799671403493
518,-0.9477016083405377,0.3191577377234618,45.36010752461366,11.020800994614609
519,-0.9567490554392866,0.2909144976037339,45.360060561039745,11.020812967453548
520,-0.9481145087576534,0.31792904598861926,45.36003037479499,11.020828817753602
521,-0.9653627988911964,0.26091122343999607,45.35999990169043,11.020837681896012
522,-0.9533973774776149,0.301717484774758,45.359973659311294,11.02084460666084
523,-0.9466510902635279,0.32226031915653836,45.3599389113389,11.02086049287977
524,-0.9519351777260026,0.30629955502377737,45.35990308711027,11.020873101511494
525,-0.9588403641025967,0.2839456922856901,45.35988648595656,11.020879442433927
526,-0.9581255207956867,0.286348540069605,45.35983532245865,11.020891480273614
527,-0.951639069261885,0.30721829674414436,45.35980720746783,11.020893109847728
528,-0.9491010626145875,0.3149717018144023,45.35977216630835,11.020905718045531
529,-0.9514154898279342,0.3079099961278814,45.35974613669389,11.020923500893321
530,0.12715378021613288,0.9918830153686207,45.35970950084248,11.020929401640402
531,0.1322808159037179,0.9912122808681533,45.359707310534056,11.020945694014351
532,0.15002235615958273,0.988682604606922,45.35970838269132,11.020942871625302
533,0.13591059906377836,0.9907211055903296,45.359713878455665,11.020959828252618
534,0.11843292919733228,0.9929620543010391,45.359710138495686,11.020962052566784
535,0.11324404656605686,0.9935672025169434,45.359719309881335,11.020971429586535
536,0.12948746398017216,0.9915810590526544,45.35971268581989,11.02098550142407
537,0.10418256677233824,0.9945581897409157,45.359721470473396,11.020984664354895
538,0.1477882002477896,0.989019033116916,45.359720502590314,11.020996081424228
539,0.14714162476935105,0.9891154342442724,45.35971847266387,11.021016148575086
