,Sin,Cosin,Lat,Lon
0,0.9505257610579068,-0.3106457428732723,45.359666947622884,11.020596667814056
1,0.950371928176649,-0.31111605251706065,45.35969982700136,11.020582149262575
2,0.9578295726662266,-0.28733692718833365,45.35972872226443,11.020576062693024
3,0.9507139585666082,-0.31006929707181496,45.35976166293564,11.020564708107525
4,0.9545356937486278,-0.29809664432835503,45.3598045610761,11.020553662956367
5,0.9523827738847563,-0.30490498849244335,45.359821126391395,11.020552348911467
6,0.9508299057150883,-0.30971356185649407,45.35987159357305,11.020536543385852
7,0.9450673916200991,-0.32687555016608727,45.359897419103895,11.02051836568694
8,0.9518055503119024,-0.3067021264932096,45.35992879955123,11.020515778137414
9,0.9499663861009051,-0.3123521494697709,45.359952091500354,11.020501186271517
10,0.9603014446204697,-0.27896439819417607,45.359983113104306,11.020498213131578
11,0.9625050868520221,-0.2712636315173515,45.36002793055883,11.020492974906277
12,0.9469980382712618,-0.32123934303005547,45.36006329252595,11.020472508778242
13,0.952819372069321,-0.30353787936503884,45.360097341239566,11.020463067268832
14,0.9434846010960447,-0.3314163657616161,45.360115075904886,11.020457199146424
15,0.9569803355344805,-0.2901527828581233,45.36015597779832,11.020440796119532
16,0.9530614209482564,-0.3027770267046205,45.360194018914335,11.020435618428744
17,0.9481398912835864,-0.31785334127038656,45.36023097172062,11.020428678595144
18,0.9499289153027161,-0.3124660875548023,45.360248469005015,11.020420227866126
19,0.9498101699210505,-0.3128268548487249,45.36028450484235,11.020405448789312
20,0.9513729888365174,-0.30804128962246546,45.36032105527319,11.02040126684522
21,0.9544510940405719,-0.29836740620375296,45.36034653322654,11.020387422394254
22,0.9575260314068702,-0.28834683833572633,45.36037828409043,11.020374594966341
23,0.9609931768942712,-0.27657207733727573,45.36040804784021,11.020369089897637
24,0.9477049004042093,-0.3191479621583814,45.36044428330447,11.02036096903946
25,0.9537142118232425,-0.3007144861265772,45.36048215519944,11.020341864028074
26,0.9508320344864881,-0.30970702638830444,45.360509726224635,11.020331749300718
27,0.9513336679462322,-0.3081627041547501,45.36054215854374,11.020322043672905
28,0.9555947903768789,-0.2946838926792043,45.360573430934316,11.020304991676616
29,0.951251652390725,-0.3084157807634288,45.360616795039505,11.020299249282349
30,0.9544088094837928,-0.2985026371403262,45.36063608426269,11.020298492190125
31,0.9529128182438438,-0.3032443912532845,45.36066397825586,11.020288524862037
32,0.9554529431275768,-0.29514347946185676,45.36070542237373,11.020266514679957
33,0.951786556938221,-0.30676106342182113,45.36074562770184,11.020258265557871
34,0.9529768299779585,-0.3030431677585905,45.36076340313781,11.020255654777285
35,0.9613715875397503,-0.2752538295306719,45.36080579997134,11.0202408073475
36,0.9553335833151038,-0.29552960019315105,45.360833199982565,11.020231234975915
37,0.9551662802720398,-0.2960698853839668,45.36086268511019,11.020221292926953
38,0.9495508265461144,-0.31361318181095466,45.36089264919128,11.020218125447075
39,0.9592611654924443,-0.2825208246803718,45.36092198818672,11.020194826068906
40,0.958544245507145,-0.28494373024360103,45.360957809621986,11.02020232125727
41,0.9521865560247205,-0.305517204958709,45.3609975914351,11.020181654678705
42,0.9430562508585093,-0.33263329315733325,45.36102712567604,11.020168219891206
43,0.9518233701298177,-0.3066468197694477,45.36106271781296,11.020162163313184
44,0.9517786140730785,-0.30678570663107796,45.361093642215835,11.02015255471842
45,0.9451253960825783,-0.3267077986209535,45.36112639212629,11.02013315149452
46,0.9503914162718953,-0.3110565155670284,45.36115065197016,11.020121097549227
47,0.9528229087977507,-0.303526777188098,45.361192945233796,11.020123437677015
48,0.9499865216296957,-0.31229090400124004,45.36122333720936,11.02011080489154
49,0.9505983948034149,-0.3104234072958593,45.36124713833819,11.020108510661354
50,0.9610144213251367,-0.2764982495516247,45.36128384868451,11.020086683003454
51,0.949137468562975,-0.31486197892071316,45.36132282035699,11.020073557407919
52,0.9543352281225248,-0.2987377986869566,45.36134092305336,11.020073743013358
53,0.9606174929304295,-0.2778741302749433,45.36139800645527,11.020064512954246
54,0.9603464108164383,-0.2788095608690359,45.36141556168997,11.02004760801404
55,0.9559718995303146,-0.29345822072043243,45.361446582356635,11.020036547923798
56,0.9500297296157636,-0.3121594349786647,45.36147470338654,11.020024887022547
57,0.9568544796508689,-0.2905675562964058,45.361510095670546,11.020021709888276
58,0.9548762428260996,-0.29700397452948624,45.361553792021574,11.020019630547658
59,0.9518549807557507,-0.3065486839157355,45.36157506938417,11.019996452384813
60,0.9520853052988769,-0.3058325872662106,45.361607127351704,11.019987290669341
61,0.9559899848343261,-0.29339929941372567,45.361641986384676,11.019977844450635
62,0.9546737415377878,-0.29765424105535787,45.361678574142964,11.019964996949406
63,0.9598793296215898,-0.28041339583765823,45.361705988178045,11.019964900308683
64,0.9610723769129405,-0.27629673601928567,45.36175158252958,11.019953187138986
65,0.9489683585355339,-0.31537129624995136,45.361772958207375,11.019946027083378
66,0.950838452736879,-0.3096873210141772,45.36180148661726,11.019922887510003
67,0.9598534665186398,-0.28050191231460525,45.361842253840045,11.019922388522378
68,0.9531710006655348,-0.302431882397116,45.36186980230563,11.01991175271318
69,0.9524291962962264,-0.3047599482256885,45.36190913604653,11.019904901389351
70,0.958083980791103,-0.28648749667563744,45.36192963075422,11.01989319783325
71,0.9501127002839381,-0.3119068078115058,45.361963067097776,11.01987790654671
72,0.9645825939802782,-0.2637810065002363,45.36200087549674,11.0198652040366
73,0.9531863581328645,-0.3023834761844744,45.36203672760114,11.0198675228735
74,0.9536493077705269,-0.30092025154315344,45.36207262986037,11.01984172522265
75,0.9486516148523484,-0.3163227997442355,45.36210264425581,11.019830287399337
76,0.9593488777414424,-0.28222283886360955,45.362126856446984,11.019833911982753
77,0.9622528517388882,-0.2721570306282336,45.3621636307356,11.019826461044458
78,0.9581328573206247,-0.28632399082615384,45.362185214729266,11.019811750537722
79,0.9565602973615388,-0.29153455629068153,45.362230221276604,11.019802037865428
80,0.1316095537090771,0.9913016318822933,45.36225967281843,11.019789854492549
81,0.13839673328110302,0.9903768697910504,45.36225939433848,11.019801152935818
82,0.14906127831857455,0.9888279604188145,45.36225604515452,11.019800577757897
83,0.10395172696478018,0.9945823437307942,45.36225368803626,11.019803889079522
84,0.1600620527312764,0.9871069543243276,45.36225376755322,11.019819149337648
85,0.11912363978246938,0.9928794279493238,45.362266714639134,11.01983270697804
86,0.12768080994735204,0.9918153108170836,45.362263670384934,11.019830363766834
87,0.09770367029822266,0.99521555092867,45.36225820170935,11.019835233798512
88,0.13210145444808138,0.9912362007779485,45.36226169735097,11.019842685925765
89,0.1149624215458452,0.9933698413140573,45.3622625336821,11.01984379765472
90,-0.9574525770090645,0.2885906491532624,45.362262808555954,11.019855250650846
91,-0.9477631397468553,0.31897496913893225,45.36223443159357,11.01986731155276
92,-0.9519584335850549,0.3062272697299972,45.362202820854456,11.019882585245217
93,-0.9513187064208556,0.3082088882783072,45.362171019549855,11.01987583406775
94,-0.9510061480150878,0.3091719690358506,45.36212833596527,11.019883577249708
95,-0.9559116638054168,0.29365437337243905,45.362100002515625,11.019906100880274
96,-0.9606667800048481,0.27770368703911175,45.362082112098385,11.01991708625907
97,-0.9496517326106286,0.3133074955209834,45.36203484143977,11.019932258861864
98,-0.9488128791192049,0.31583875699085,45.36200557951536,11.019943439632549
99,-0.9532425706641454,0.30220622341972325,45.361965289446324,11.019947109441452
100,-0.9516537317796975,0.3071728744368156,45.36194646571003,11.019957212360959
101,-0.9521613339156201,0.30559580199346187,45.36190919286881,11.019969685938815
102,-0.9423431178528169,0.3346482455286926,45.3618801739219,11.019971207441454
103,-0.9474354468965391,0.3199469861773277,45.36183681509148,11.019983882054555
104,-0.9546486490732424,0.2977347087973339,45.361814924295935,11.020006767089253
105,-0.957825143326383,0.28735169185476145,45.36177651952666,11.020010180536445
106,-0.9571875800628576,0.2894683688650808,45.361748910599765,11.020018744685053
107,-0.9606362125702562,0.2778094078656688,45.36171388290748,11.020037850627016
108,-0.9491385279357379,0.3148587854705351,45.36168214086334,11.020034729286111
109,-0.9548465787672197,0.2970993285359895,45.361650528760286,11.020050898666705
110,-0.9483355601090572,0.31726907418253186,45.36161175793584,11.020061558729882
111,-0.9575491330119675,0.2882701126860522,45.36159306073901,11.020071677308898
112,-0.9533079104111397,0.30200004627076865,45.36154911730351,11.020083591941772
113,-0.959451437444026,0.2818739774909923,45.3615196373695,11.020095120759327
114,-0.956052247014648,0.2931963522594414,45.36148850259083,11.02009484673047
115,-0.9570712275507437,0.28985283402877493,45.36145947387601,11.020104789558687
116,-0.9549548073995828,0.2967512692886512,45.36142251220196,11.020120826383017
117,-0.9446908990842628,0.32796204839488224,45.36139683329228,11.020119589069626
118,-0.9520646491007351,0.3058968844769333,45.361359136671354,11.020141633008727
119,-0.9573186265033164,0.2890346819151702,45.36132753777281,11.020154409646251
120,-0.9420946397142616,0.3353471184036859,45.361292022552874,11.020158741947181
121,-0.9506255028199453,0.3103403831091376,45.36126950647391,11.02017205036751
122,-0.9565866798125315,0.2914479782143585,45.36122851775387,11.020191361835348
123,-0.9484114743131786,0.31704207195749734,45.361196272125426,11.02018585458725
124,-0.9518642826256948,0.3065197994607713,45.36117945650725,11.020204923710736
125,-0.9509925295823602,0.30921385589676215,45.36113374294205,11.02020499156616
126,-0.9505948145359442,0.3104343708054473,45.36109502919157,11.020220668475126
127,-0.9525609683895054,0.3043478297948708,45.36106523070276,11.02023621464978
128,-0.9645962608502817,0.2637310250115737,45.36104217755184,11.02024131919357
129,-0.9469497278126634,0.32138172473792376,45.36099541046044,11.020249750969155
130,-0.953495827304468,0.30140621644711996,45.36097786878695,11.020253883268808
131,-0.9641305849457488,0.2654283616574694,45.36093684995751,11.02027069905702
132,-0.9479927295378034,0.318291980331684,45.36090760589978,11.020275931277743
133,-0.9594305522983414,0.28194505726559493,45.36086844217945,11.020288487368626
134,-0.9547841008321171,0.29730005179650704,45.360844655998,11.02029126384933
135,-0.9563458689736581,0.2922371962927011,45.36081931707354,11.020303118565144
136,-0.9493316071680865,0.31427615186593133,45.36077423269017,11.020327647380935
137,-0.9646984551064286,0.2633569644328205,45.360760020049355,11.020337132637556
138,-0.9383662407929796,0.3456425872777425,45.36070677944825,11.020338989474858
139,-0.9593523226887674,0.2822111283271218,45.360675433298155,11.020349692283206
140,-0.9659467512146034,0.2587409395862067,45.360650625707876,11.020367668905497
141,-0.9501296224737934,0.3118552556841183,45.36062486946361,11.020372180201495
142,-0.9509972968976242,0.309199193552331,45.36058771594684,11.020382644700716
143,-0.9557308030824929,0.29424247150826666,45.36055291097406,11.020392577965804
144,-0.9470163190836418,0.3211854470384203,45.36051786198897,11.020410301764146
145,-0.9563171207749707,0.2923312581861033,45.360493158570186,11.020411000781598
146,-0.9563152432723283,0.2923374000790653,45.360459842162946,11.020418527662107
147,-0.9576449679562077,0.2879515850766477,45.360420437936035,11.020436737977295
148,-0.9519995916114419,0.30609929364774413,45.36038587819292,11.020448409405327
149,-0.9596391108024648,0.281234380932088,45.360357822237944,11.020461582596893
150,-0.9516799244004631,0.30709171511639455,45.36032698400661,11.02046253164751
151,-0.9529711935751349,0.3030608919276498,45.36029521923498,11.020472747006684
152,-0.9616943150912787,0.27412414034724547,45.36026183289498,11.020478877923514
153,-0.9532652143531634,0.3021347896290949,45.360228031836776,11.020490711708277
154,-0.9550423372229069,0.29646944886751386,45.36020053140369,11.020506136255904
155,-0.9547503063101944,0.297408561747287,45.360165198736865,11.020511067277837
156,-0.9582626563921492,0.2858892816533381,45.360133170953965,11.020522144709709
157,-0.9611472068473953,0.2760363142223325,45.360105630930896,11.020549420304954
158,-0.961991881374412,0.2730780477623919,45.360070786592075,11.020539794690356
159,-0.9634553691707564,0.26786890752015524,45.360039352579236,11.020562297790708
160,-0.9387501912195478,0.34459843076436436,45.36000455635059,11.020568232094453
161,-0.9558363582939804,0.2938993980315401,45.35997785159428,11.02057155349033
162,-0.948062235758727,0.3180848898142821,45.35994779130178,11.02058532808917
163,-0.9504833540571074,0.31077547145865836,45.359917547586775,11.020591582007544
164,-0.9456886770545293,0.325073724085559,45.359876500218014,11.020611675098314
165,-0.9567878886179731,0.29078675381447655,45.35985279210191,11.020610651029148
166,-0.9505089523863386,0.3106971699797491,45.35980603270494,11.020621113129803
167,-0.945479175731572,0.32568255749724623,45.35977381526434,11.020632796462241
168,-0.959095823116273,0.2830816173489879,45.35974504397627,11.020651289535444
169,-0.9617271237137821,0.27400901356199164,45.35972061303614,11.020649468585528
170,0.15399757284848464,0.9880712259532587,45.35968307885012,11.02066620873781
171,0.13796314763386788,0.9904373629336464,45.35969278583214,11.020673420927748
172,0.13958353493001557,0.9902102992680096,45.35968335548949,11.02068672474987
173,0.12885331783061157,0.991663663993011,45.35967902925846,11.02069292235354
174,0.15483241303421671,0.9879407491717314,45.359687046271326,11.020691416385967
175,0.1528965526942551,0.9882421991466529,45.35969852034845,11.020696358359853
176,0.09681689592614269,0.9953022097148315,45.35969332441896,11.020708329805144
177,0.12179853819705219,0.9925548428641418,45.3596973121859,11.020719923495108
178,0.11012874997275271,0.9939173297761936,45.35970654601383,11.020717262003844
179,0.0970863117258553,0.9952759657881175,45.35968999781348,11.020727234712897
180,0.9479888352296898,-0.3183035788046627,45.359702109146866,11.020736220907434
181,0.9557440240347052,-0.29419952501992397,45.35973543873039,11.020728666305208
182,0.9517561647491405,-0.30685534517424806,45.35976531337554,11.020718552416442
183,0.9567336569049647,-0.29096513493072196,45.35979417054383,11.020705401152384
184,0.9544706223126183,-0.2983049297986262,45.35983524078347,11.020698932714478
185,0.9628818578473617,-0.26992318875638155,45.3598612061073,11.020682788732524
186,0.954467712633951,-0.2983142395852293,45.35989650950867,11.020672420869627
187,0.9527993867030434,-0.3036006072100389,45.3599224039837,11.020665866375506
188,0.9553730707456753,-0.2954019222922877,45.35995789211681,11.02066152774994
189,0.9554914628912442,-0.2950187525259201,45.35999029457426,11.020643716783864
190,0.9574174402419336,-0.28870719617041646,45.360019080456894,11.020636378045092
191,0.9601441683475183,-0.2795052342770212,45.36005816562992,11.020626694278704
192,0.9546579012513179,-0.2977050412378485,45.36008818682275,11.020610055359825
193,0.9489257370909646,-0.31549951741067606,45.36012033401901,11.020606133305447
194,0.9525618046695359,-0.30434521235714695,45.36015949092809,11.020591945651978
195,0.9433493171649571,-0.3318012444286629,45.36018028755199,11.020580665507602
196,0.9572654181581252,-0.28921085594864815,45.360216267589294,11.020577108076871
197,0.9598231495444958,-0.28060563358294255,45.360247319492004,11.020567357336574
198,0.9622537338637064,-0.2721539117215759,45.36028508730923,11.020557953377725
199,0.9498938089527666,-0.3125727942627203,45.36031689232513,11.020533357203888
200,0.955773047493678,-0.29410522213086876,45.36034110772491,11.020536561295074
201,0.9577262014023475,-0.2876812874474634,45.36037797941865,11.020505185560769
202,0.9589983095887646,-0.28341178910887244,45.36040963639691,11.020504211410692
203,0.9421893999446769,-0.3350807882166475,45.36043900033524,11.020509007517152
204,0.9525485627256711,-0.3043866548475116,45.36047538618668,11.020490901192835
205,0.9517576116700324,-0.30685085730392864,45.36050452474107,11.02048745062918
206,0.9572926235012448,-0.2891207930780904,45.36054335959686,11.020470940760566
207,0.9553996792090288,-0.2953158528885383,45.360573851048024,11.020456847396732
208,0.9501618909392986,-0.31175692615667167,45.36059987377938,11.02044855649911
209,0.9541053113273019,-0.29947129227529035,45.36062907717461,11.020437972819849
210,0.9579890465279204,-0.2868047885453206,45.360668415491865,11.020436588720152
211,0.9422315526304053,-0.3349622385100981,45.36069924673854,11.020426431341162
212,0.9506794989585604,-0.31017493493172615,45.36073295217346,11.020413112828917
213,0.9530968250776592,-0.3026655613492984,45.360770663459284,11.020398865500304
214,0.9621701745881298,-0.27244917899132653,45.36079517043612,11.020381143608835
215,0.9505213663561686,-0.31065918962812333,45.36082632192683,11.020372070627136
216,0.9595678731016507,-0.28147734706575284,45.36084668167553,11.02036839806417
217,0.9518024287292339,-0.30671181370324097,45.36089834943148,11.020352372815434
218,0.962567828326021,-0.27104091180433953,45.360926455968965,11.020351090548495
219,0.9576873202139083,-0.2878106959470112,45.36095374470842,11.020333889940412
220,0.948676371820287,-0.3162485439490537,45.36099149989786,11.020322666328697
221,0.9516500098324755,-0.307184405180096,45.36102663679404,11.020316215477893
222,0.9570269174549998,-0.28999910218237074,45.36105251460233,11.02030093929108
223,0.9594757339814494,-0.28179126299578366,45.361089654270764,11.020286952825963
224,0.9553946214927379,-0.2953322150100597,45.361115512753614,11.020284612138711
225,0.9513099436101023,-0.30823593429148377,45.36114439380209,11.020284759699305
226,0.9510620675435791,-0.30899990886686773,45.361176757190634,11.020263501761614
227,0.9537267628394412,-0.3006746777562091,45.36122022170792,11.020249741041448
228,0.9530871431859261,-0.3026960480311726,45.361249581816246,11.020252901023568
229,0.9514120672996712,-0.3079205712461672,45.3612752889703,11.020234987739245
230,0.950989634608415,-0.3092227592971663,45.36130973724758,11.020220974469211
231,0.9519629891048115,-0.30621310777730054,45.36133614234061,11.02020808396489
232,0.9544664892555016,-0.2983181538027438,45.361375730977656,11.020195484807198
233,0.9421922560427234,-0.3350727572529931,45.36140708680845,11.02020435172843
234,0.9588230038726735,-0.28400430849651415,45.36144456641956,11.020175965276044
235,0.968562319039013,-0.24877104762767138,45.361473164546204,11.020166035972432
236,0.9473188760955117,-0.32029197147780103,45.361499160078544,11.020160971799916
237,0.9522530310614177,-0.30530994879686235,45.361527676064156,11.020159769264328
238,0.9566591261906011,-0.2912100895852264,45.361563776221544,11.020141796047005
239,0.9527869445961409,-0.3036396519019714,45.361597294241456,11.020125886308188
240,0.9528388725527919,-0.3034766596500041,45.36163168460796,11.020115871055204
241,0.948171031310273,-0.3177604370969006,45.36165505717051,11.020105081933192
242,0.9499946724983764,-0.3122661080307987,45.361696841012076,11.020099949124228
243,0.9522486511893198,-0.30532360915612344,45.3617222144404,11.020087832196129
244,0.9597036175051132,-0.28101417499407283,45.36175398934325,11.020084556054128
245,0.9526883795824643,-0.30394876444647423,45.3617925797885,11.02006637495796
246,0.9493170657095311,-0.31432007373479304,45.361823950442094,11.020048357031325
247,0.9518605997595404,-0.306531235970183,45.36184880295075,11.020051757931759
248,0.9516356841167417,-0.30722878236854856,45.36189273959283,11.020033664452036
249,0.9522994790719173,-0.3051650408538878,45.36192415836562,11.020031813900014
250,0.9516464039676544,-0.30719557583961377,45.36194956455619,11.02001615756691
251,0.9487573196981949,-0.3160056143790759,45.36198037642919,11.020008272744745
252,0.9505487132642835,-0.3105755040430829,45.3620157689838,11.020000269023578
253,0.9497364747427073,-0.31305052075231377,45.362048841382205,11.019982666505522
254,0.9537328868028638,-0.30065525212554606,45.36208271810879,11.019978528882612
255,0.9481434447703,-0.31784274120877637,45.362113576782434,11.019973200313329
256,0.9514835305433399,-0.30769967680317944,45.36214896932943,11.019957792158177
257,0.9471482918491181,-0.3207960617702433,45.36217909638614,11.019954635680216
258,0.9464693649449123,-0.32279365114694303,45.36220890275333,11.019931889443598
259,0.9526713335020766,-0.30400218802399304,45.36224120970969,11.019928906115268
260,0.1327327309945365,0.991151866326615,45.36227518411277,11.01991478207527
261,0.1251506566330514,0.9921377490773728,45.36228348075605,11.019924407754463
262,0.1530990802648286,0.9882108437079931,45.36227201589581,11.019934118327475
263,0.12138462746046375,0.9926055471416046,45.36227530403266,11.019939320848723
264,0.13193436633824568,0.9912584541777818,45.36227649675833,11.019947078243925
265,0.12127830230629055,0.9926185437466419,45.36227886699033,11.019959663560565
266,0.1303416097933953,0.9914691446315747,45.36227864197258,11.019962188226025
267,0.13011152977931567,0.9914993645073537,45.362282976846075,11.019970406932341
268,0.15260095024567122,0.9882878882107775,45.362280685751074,11.019970926256532
269,0.14034584324321264,0.9901025423077913,45.36228748663467,11.019979847966509
270,-0.9490538635516417,0.31511389064543316,45.362278798961036,11.019994463970216
271,-0.9500093649632602,0.312221406188146,45.362240574807,11.019997705968716
272,-0.9529780875153102,0.30303921316499904,45.362212126501205,11.020010851015908
273,-0.9517409000585411,0.30690268678484756,45.36218475974655,11.020025200846462
274,-0.962316262078725,0.2719327338494404,45.362152343779,11.020033428520732
275,-0.9515540761097576,0.3074814469832376,45.36211761908689,11.020044734826781
276,-0.9598922181038557,0.28036927367965964,45.36208460061204,11.020057884376106
277,-0.9586637822213466,0.28454130219892954,45.36206301290838,11.0200650542921
278,-0.9566321301841104,0.2912987598658999,45.362024746427764,11.02007737963721
279,-0.953432712955534,0.30160580542531046,45.36198909187764,11.02008635117222
280,-0.9530881468092509,0.30269288794371724,45.36195853409531,11.020087958925682
281,-0.9653534834421739,0.2609456878472235,45.36192302767989,11.020102024955223
282,-0.9480162451663947,0.31822193340593335,45.36189486216592,11.020118424066533
283,-0.9517016645374904,0.3070243340788643,45.36185590411044,11.020130037029102
284,-0.9501952586358668,0.3116552108756056,45.361819644796334,11.020130404261291
285,-0.9533259214284542,0.30194318593501807,45.361800246583385,11.020151480637145
286,-0.951554853611656,0.3074790408598608,45.36176466343917,11.020150959137352
287,-0.9410904449520113,0.33815495622573005,45.36172867959984,11.020167342235068
288,-0.95066631661781,0.31021533561112974,45.36169269736954,11.020171077938722
289,-0.956358787165458,0.29219491818204907,45.361663717234585,11.02017808125839
290,-0.9526429073373752,0.304091254559866,45.3616349955545,11.020194084314747
291,-0.9426084420421912,0.3339001721934162,45.3615943255096,11.020203742775566
292,-0.9599842203793787,0.2800540958861279,45.36156784254658,11.020217878227363
293,-0.957757466758635,0.2875771807151642,45.36154136507576,11.020226206094396
294,-0.9496447898385528,0.31332853864991445,45.36149900872653,11.020231804087828
295,-0.9537195673657932,0.3006975005276967,45.361472852633675,11.020236764695671
296,-0.9560243371754157,0.29328734498492603,45.36144081502335,11.020252008009782
297,-0.9517119737149629,0.30699237626946035,45.36141439425096,11.020269268563966
298,-0.9514275451694065,0.30787274366678996,45.36137564454823,11.020269881918958
299,-0.9596070101822559,0.28134389278793986,45.36134259262672,11.020281219156619
300,-0.952599254657791,0.30422797377200705,45.361310324812905,11.020294908812055
301,-0.9526688640994778,0.304009926442231,45.36128683696896,11.02030708054045
302,-0.9525080760590271,0.3045133249011128,45.36123872808071,11.020314714616104
303,-0.9511806394888694,0.30863472108877427,45.36120806440131,11.020330033335584
304,-0.9517352114665155,0.3069203272101524,45.36118763088116,11.020344399702472
305,-0.9557048179011739,0.2943268608885097,45.361150180538424,11.020347116716378
306,-0.9568048220461426,0.2907310312114091,45.36111772340938,11.020356483507603
307,-0.9530832262466233,0.3027083808673419,45.36107819804135,11.020370685290857
308,-0.9516460206110741,0.30719676341899704,45.36106262236915,11.020368248463177
309,-0.9533914937846365,0.30173607603185176,45.36101362497967,11.02038831705515
310,-0.9461964692347056,0.3235927094478132,45.360982654715535,11.020394548033659
311,-0.9581408986612882,0.28629708051696773,45.360966368726345,11.020401896794768
312,-0.9576479893284967,0.2879415366616764,45.360919333801085,11.020412284841614
313,-0.9592358113204194,0.2826068970857876,45.36089700575072,11.0204224384908
314,-0.9523545946076434,0.3049929935747888,45.360852400080525,11.020438524105575
315,-0.956258754973058,0.29252212486814894,45.36083304063824,11.020449276677208
316,-0.948724329821144,0.3161046440744286,45.36079389236316,11.020464152980711
317,-0.9517917316641229,0.3067450073527039,45.36075833992275,11.020462413891408
318,-0.9554212844982478,0.29524594684384436,45.36073491536256,11.020484917384405
319,-0.9574601420709217,0.2885655494779835,45.36070340770767,11.020485729316672
320,-0.949162233797501,0.3147873153933274,45.36066323086155,11.02050473377482
321,-0.957674607122423,0.2878529952474226,45.36063525542108,11.02050730383519
322,-0.9588468193061236,0.28392389315894156,45.360602152740675,11.020523632041202
323,-0.953872883168925,0.3002107971992386,45.360562259254685,11.020523745449763
324,-0.952202268652773,0.3054682300543092,45.36053022112202,11.02054088999796
325,-0.9529799039117202,0.3030335010199509,45.36051122345443,11.020546305097856
326,-0.9405099094517154,0.3397662582175075,45.36047115624141,11.020557755086902
327,-0.950978590582595,0.30925672224470896,45.36044210293477,11.020565617363156
328,-0.953202324371016,0.30233314210270157,45.36041805918862,11.020581305382263
329,-0.957124575636117,0.2896766243820563,45.36036819932942,11.02058170480573
330,-0.9634507415289035,0.267885551397245,45.36034721643454,11.020595868854722
331,-0.9616583186283898,0.27425039327741785,45.360314110706376,11.020611305821028
332,-0.9569767476941864,0.2901646159900575,45.36026801819645,11.020617420536977
333,-0.9515235943017664,0.30757576219046817,45.36025211497236,11.020627491852663
334,-0.9616594625396748,0.2742463821236367,45.360211873820504,11.020631771181245
335,-0.9377604716855489,0.3472827345896955,45.36017161498671,11.020644969532752
336,-0.9408015080201326,0.3389579951956354,45.36015523659784,11.020660958160859
337,-0.9537936560309622,0.30046241314861766,45.360118094240775,11.020656308878722
338,-0.9626766688204267,0.2706540805323401,45.3600883454255,11.020681169552738
339,-0.945642246063175,0.32520876750265143,45.36004830276839,11.02068341714676
340,-0.9523891139444819,0.30488518435641426,45.3600179155874,11.02069533026843
341,-0.9578545884893557,0.28725352445163677,45.35998328527037,11.020702147801996
342,-0.9502290558459013,0.3115521488069162,45.35996369009499,11.020711803198951
343,-0.9547364146864621,0.29745315340678424,45.35992562300824,11.020712646774394
344,-0.9559591191219631,0.29349985105202425,45.35989097251239,11.020740431278062
345,-0.9615653565656682,0.27457615528799906,45.35985452160082,11.020744842019461
346,-0.9537946393059732,0.3004592918037125,45.3598304676438,11.020756994805879
347,-0.9504118273578255,0.3109941453120282,45.359797093634796,11.020767144148518
348,-0.9578187451964002,0.28737301778419194,45.35975431204204,11.020758624024593
349,-0.9571034594719244,0.28974638542503744,45.35972995725865,11.020785657075875
350,0.09733076652382283,0.9952520896174422,45.359696170677196,11.020796385547893
351,0.10871150746206171,0.9940733414317708,45.35969347183119,11.02080060207971
352,0.14450064810632451,0.989504705747705,45.35970193535923,11.02081337019594
353,0.16213334946716285,0.9867688569217002,45.35970617596892,11.020813791860405
354,0.1163392337628484,0.9932095361440472,45.35970970060891,11.020829617398462
355,0.12450179176708287,0.9922193829223384,45.359708758370225,11.020845516185581
356,0.13241138723155157,0.9911948469051965,45.359708764723194,11.020852571194425
357,0.13368029042151505,0.9910245102684491,45.35971069743895,11.02086120863124
358,0.14099163366853762,0.990010787433893,45.359720482016165,11.020854056395446
359,0.12625943154789754,0.991997256016972,45.359716061613156,11.020870658611424
