,Sin,Cosin,Lat,Lon
0,0.9537169507482269,0.30070579950427306,45.3596665575,11.020597651
1,0.955040636077442,0.2964749288570535,45.35969257672406,11.020580078424087
2,0.955040636077442,0.2964749288570535,45.35973616327811,11.02057678541478
3,0.955040636077442,0.2964749288570535,45.35976475644241,11.02056780384839
4,0.955040636077442,0.2964749288570535,45.35979253016984,11.02056560295992
5,0.955040636077442,0.2964749288570535,45.35982585660343,11.020545123530637
6,0.955040636077442,0.2964749288570535,45.35985457980693,11.020552230449423
7,0.955040636077442,0.2964749288570535,45.35989112415673,11.020536301181114
8,0.955040636077442,0.2964749288570535,45.35991408757929,11.020525049907071
9,0.955040636077442,0.2964749288570535,45.35994727628719,11.020508142475853
10,0.955040636077442,0.2964749288570535,45.359980664505024,11.020506727516283
11,0.955040636077442,0.2964749288570535,45.36001139545518,11.020490722120433
12,0.955040636077442,0.2964749288570535,45.36004602920979,11.020482269484384
13,0.955040636077442,0.2964749288570535,45.36007005312448,11.020475275445621
14,0.955040636077442,0.2964749288570535,45.36009969416836,11.020464173030671
15,0.955040636077442,0.2964749288570535,45.36014401807705,11.020449799032006
16,0.955040636077442,0.2964749288570535,45.360167970331986,11.020441529823813
17,0.955040636077442,0.2964749288570535,45.36020263713155,11.020436019783228
18,0.955040636077442,0.2964749288570535,45.36023088840916,11.020420261197582
19,0.955040636077442,0.2964749288570535,45.36025183335571,11.02041382658527
20,0.955040636077442,0.2964749288570535,45.36028604987624,11.020394868018723
21,0.955040636077442,0.2964749288570535,45.360324905666864,11.02038868844667
22,0.955040636077442,0.2964749288570535,45.36035364718409,11.020383475617628
23,0.955040636077442,0.2964749288570535,45.36037483358436,11.020367564365179
24,0.955040636077442,0.2964749288570535,45.36041690742885,11.02036721374641
25,0.955040636077442,0.2964749288570535,45.3604459279515,11.020360245524055
26,0.955040636077442,0.2964749288570535,45.36047972632979,11.02033911910183
27,0.955040636077442,0.2964749288570535,45.36050977212982,11.020330214814983
28,0.955040636077442,0.2964749288570535,45.36053541821436,11.020342350121771
29,0.955040636077442,0.2964749288570535,45.36056494220257,11.020304562931502
30,0.955040636077442,0.2964749288570535,45.36060160395773,11.020307049711992
31,0.955040636077442,0.2964749288570535,45.360628571871075,11.020299218694548
32,0.955040636077442,0.2964749288570535,45.36065211351301,11.020287660293812
33,0.955040636077442,0.2964749288570535,45.36069127175429,11.020266057187822
34,0.955040636077442,0.2964749288570535,45.36073608731122,11.020266465806468
35,0.955040636077442,0.2964749288570535,45.360751293103164,11.020259202812008
36,0.955040636077442,0.2964749288570535,45.360785016758435,11.020254659600448
37,0.955040636077442,0.2964749288570535,45.360821924288025,11.020239914432569
38,0.955040636077442,0.2964749288570535,45.3608571315008,11.020240873610518
39,0.955040636077442,0.2964749288570535,45.36087865320974,11.020221119432774
40,0.955040636077442,0.2964749288570535,45.36091130111479,11.020211711832188
41,0.955040636077442,0.2964749288570535,45.360940775164245,11.020204249894826
42,0.955040636077442,0.2964749288570535,45.360977995296565,11.020185394523581
43,0.955040636077442,0.2964749288570535,45.36100616927029,11.020167899173078
44,0.955040636077442,0.2964749288570535,45.36104531504031,11.020174444880015
45,0.955040636077442,0.2964749288570535,45.361072608684566,11.020161939744678
46,0.955040636077442,0.2964749288570535,45.36110148445122,11.020157181342617
47,0.955040636077442,0.2964749288570535,45.36113499857507,11.020145073028768
48,0.955040636077442,0.2964749288570535,45.36115821915276,11.020127326885783
49,0.955040636077442,0.2964749288570535,45.36118612776617,11.020130438357375
50,0.955040636077442,0.2964749288570535,45.36122964287845,11.02011949472303
51,0.955040636077442,0.2964749288570535,45.361257883339725,11.020090281665803
52,0.955040636077442,0.2964749288570535,45.361283911527664,11.020092898589844
53,0.955040636077442,0.2964749288570535,45.361323381893754,11.02007788757445
54,0.955040636077442,0.2964749288570535,45.361355342788364,11.020069291045234
55,0.955040636077442,0.2964749288570535,45.36138822513488,11.02005919521933
56,0.955040636077442,0.2964749288570535,45.36141496719971,11.020055242253576
57,0.955040636077442,0.2964749288570535,45.36143970255142,11.020054142229059
58,0.955040636077442,0.2964749288570535,45.36147738983385,11.020040307364818
59,0.955040636077442,0.2964749288570535,45.36150338934809,11.020027600462207
60,0.955040636077442,0.2964749288570535,45.36154138383608,11.02002208424238
61,0.955040636077442,0.2964749288570535,45.36156483529443,11.020002807819187
62,0.955040636077442,0.2964749288570535,45.361604448113006,11.02000502759859
63,0.955040636077442,0.2964749288570535,45.36163153537779,11.01998952683504
64,0.955040636077442,0.2964749288570535,45.36166373820891,11.019984440702931
65,0.955040636077442,0.2964749288570535,45.36169921174229,11.019979318391295
66,0.955040636077442,0.2964749288570535,45.36171236510916,11.019957296037775
67,0.955040636077442,0.2964749288570535,45.36175187122974,11.019950409618184
68,0.955040636077442,0.2964749288570535,45.361790602976455,11.01993671771899
69,0.955040636077442,0.2964749288570535,45.361822471907836,11.019931797928988
70,0.955040636077442,0.2964749288570535,45.36185166771114,11.019916842461866
71,0.955040636077442,0.2964749288570535,45.361892838386645,11.019910524595746
72,0.955040636077442,0.2964749288570535,45.36191539355488,11.019898343527064
73,0.955040636077442,0.2964749288570535,45.361948742692874,11.019892876664727
74,0.955040636077442,0.2964749288570535,45.36198900795965,11.019883098241474
75,0.955040636077442,0.2964749288570535,45.362004869382055,11.01986439455232
76,0.955040636077442,0.2964749288570535,45.36203471516321,11.019853513230117
77,0.955040636077442,0.2964749288570535,45.36206649280354,11.019851931553017
78,0.955040636077442,0.2964749288570535,45.36210033746198,11.019835142289667
79,0.955040636077442,0.2964749288570535,45.362128352481975,11.019829401465184
80,0.955040636077442,0.2964749288570535,45.36215780596497,11.019817958211364
81,0.955040636077442,0.2964749288570535,45.362188551252586,11.019802294520034
82,0.955040636077442,0.2964749288570535,45.362223632198706,11.019805977769371
83,0.955040636077442,0.2964749288570535,45.36225589,11.01979384
84,0.1871863868101744,0.9823244151465196,45.36226322682654,11.019797670050304
85,0.1871863868101744,0.9823244151465196,45.36226080562419,11.019809274976561
86,0.1871863868101744,0.9823244151465196,45.36226281635922,11.019818255074549
87,0.1871863868101744,0.9823244151465196,45.3622560839561,11.019815117471499
88,0.1871863868101744,0.9823244151465196,45.362266917984584,11.019829154359597
89,0.1871863868101744,0.9823244151465196,45.362261764736786,11.019830745413628
90,0.1871863868101744,0.9823244151465196,45.36226453875046,11.019833555852186
91,0.1871863868101744,0.9823244151465196,45.362265270713074,11.01984147972671
92,0.1871863868101744,0.9823244151465196,45.36226876783218,11.019856584551732
93,0.1871863868101744,0.9823244151465196,45.36226747,11.01985461
94,-0.954287848765298,0.29888911271389534,45.36222654339119,11.019856342708366
95,-0.954287848765298,0.29888911271389534,45.36221476034746,11.019869891998763
96,-0.954287848765298,0.29888911271389534,45.36218436327595,11.01987708420762
97,-0.954287848765298,0.29888911271389534,45.36215708852531,11.019885300335607
98,-0.954287848765298,0.29888911271389534,45.362119978117434,11.019905529698741
99,-0.954287848765298,0.29888911271389534,45.36209030228843,11.019905307278501
100,-0.954287848765298,0.29888911271389534,45.36205738932595,11.01992337380634
101,-0.954287848765298,0.29888911271389534,45.36202133780523,11.01992841075069
102,-0.954287848765298,0.29888911271389534,45.36199910114559,11.019936278962584
103,-0.954287848765298,0.29888911271389534,45.36196453215815,11.019947056364328
104,-0.954287848765298,0.29888911271389534,45.36193307160699,11.019953872317078
105,-0.954287848765298,0.29888911271389534,45.3619072968646,11.019958668344758
106,-0.954287848765298,0.29888911271389534,45.36188517822359,11.019980061010855
107,-0.954287848765298,0.29888911271389534,45.36184787200348,11.019979157349812
108,-0.954287848765298,0.29888911271389534,45.36181147728246,11.019986724489405
109,-0.954287848765298,0.29888911271389534,45.36178326392086,11.020007787720576
110,-0.954287848765298,0.29888911271389534,45.36175965715766,11.020019930032118
111,-0.954287848765298,0.29888911271389534,45.3617314724566,11.020024882368945
112,-0.954287848765298,0.29888911271389534,45.36169887089902,11.020037925410803
113,-0.954287848765298,0.29888911271389534,45.36166156489167,11.020044693955876
114,-0.954287848765298,0.29888911271389534,45.361634536123276,11.020056224425366
115,-0.954287848765298,0.29888911271389534,45.36160569375925,11.020073065511532
116,-0.954287848765298,0.29888911271389534,45.361575723529384,11.02007186615275
117,-0.954287848765298,0.29888911271389534,45.36153803035033,11.020073562150714
118,-0.954287848765298,0.29888911271389534,45.36152870357957,11.020074287686977
119,-0.954287848765298,0.29888911271389534,45.361484011817005,11.020097854500124
120,-0.954287848765298,0.29888911271389534,45.36145899726114,11.020114024226595
121,-0.954287848765298,0.29888911271389534,45.36142456390449,11.020112592220732
122,-0.954287848765298,0.29888911271389534,45.3614026113004,11.02012483626947
123,-0.954287848765298,0.29888911271389534,45.36136411107209,11.020125945465278
124,-0.954287848765298,0.29888911271389534,45.361341784539086,11.020153204626956
125,-0.954287848765298,0.29888911271389534,45.36130136749824,11.020156552780216
126,-0.954287848765298,0.29888911271389534,45.36127970765684,11.020166583713626
127,-0.954287848765298,0.29888911271389534,45.36124657762314,11.020175774503825
128,-0.954287848765298,0.29888911271389534,45.36121772968412,11.020187431428608
129,-0.954287848765298,0.29888911271389534,45.361183233987376,11.020198639239464
130,-0.954287848765298,0.29888911271389534,45.36115070733552,11.02020419308748
131,-0.954287848765298,0.29888911271389534,45.361114878121256,11.020214674976145
132,-0.954287848765298,0.29888911271389534,45.3610902164215,11.020231475436656
133,-0.954287848765298,0.29888911271389534,45.36106735818776,11.02023123493184
134,-0.954287848765298,0.29888911271389534,45.36103264220464,11.020244231879454
135,-0.954287848765298,0.29888911271389534,45.36100366398889,11.020254685785952
136,-0.954287848765298,0.29888911271389534,45.3609755220579,11.02026301551852
137,-0.954287848765298,0.29888911271389534,45.3609446927499,11.020264962977755
138,-0.954287848765298,0.29888911271389534,45.360918841940205,11.020269999532054
139,-0.954287848765298,0.29888911271389534,45.360887929904564,11.02028475549957
140,-0.954287848765298,0.29888911271389534,45.36085160372923,11.020299842626684
141,-0.954287848765298,0.29888911271389534,45.36081946653349,11.02031061843852
142,-0.954287848765298,0.29888911271389534,45.3607865545857,11.020307664436448
143,-0.954287848765298,0.29888911271389534,45.36076045744379,11.020333881768774
144,-0.954287848765298,0.29888911271389534,45.36073313999073,11.020337727017226
145,-0.954287848765298,0.29888911271389534,45.360705002417916,11.020343487958769
146,-0.954287848765298,0.29888911271389534,45.36067291207783,11.020352789680743
147,-0.954287848765298,0.29888911271389534,45.36062930394556,11.020357428821232
148,-0.954287848765298,0.29888911271389534,45.36061499940851,11.020372916459012
149,-0.954287848765298,0.29888911271389534,45.36057149202899,11.020381805201522
150,-0.954287848765298,0.29888911271389534,45.36055588158097,11.020395605392816
151,-0.954287848765298,0.29888911271389534,45.3605219052913,11.020398298555296
152,-0.954287848765298,0.29888911271389534,45.36049074250599,11.020407988187529
153,-0.954287848765298,0.29888911271389534,45.36045841510552,11.020415831807584
154,-0.954287848765298,0.29888911271389534,45.3604399707908,11.020431145177016
155,-0.954287848765298,0.29888911271389534,45.360398730539494,11.020440659274824
156,-0.954287848765298,0.29888911271389534,45.36036766655224,11.020440296255352
157,-0.954287848765298,0.29888911271389534,45.36034153966509,11.020456280811846
158,-0.954287848765298,0.29888911271389534,45.36031341376448,11.020471326268236
159,-0.954287848765298,0.29888911271389534,45.360274390826504,11.020483728817682
160,-0.954287848765298,0.29888911271389534,45.36024913403964,11.020489909216016
161,-0.954287848765298,0.29888911271389534,45.36022286890472,11.020491367863405
162,-0.954287848765298,0.29888911271389534,45.360189049723466,11.02050361003219
163,-0.954287848765298,0.29888911271389534,45.360165903603885,11.020501427470169
164,-0.954287848765298,0.29888911271389534,45.36013041376887,11.020526629839228
165,-0.954287848765298,0.29888911271389534,45.36010355086373,11.020533432297924
166,-0.954287848765298,0.29888911271389534,45.36007343339208,11.020548522271467
167,-0.954287848765298,0.29888911271389534,45.36004556361773,11.020546290248241
168,-0.954287848765298,0.29888911271389534,45.360011407302764,11.020562063404384
169,-0.954287848765298,0.29888911271389534,45.35997448743639,11.020573114113093
170,-0.954287848765298,0.29888911271389534,45.35995182778797,11.020583632013636
171,-0.954287848765298,0.29888911271389534,45.359925271238346,11.020586120495398
172,-0.954287848765298,0.29888911271389534,45.35990144285909,11.020598442090535
173,-0.954287848765298,0.29888911271389534,45.359867742749444,11.0206129140717
174,-0.954287848765298,0.29888911271389534,45.35982818200112,11.02061513509833
175,-0.954287848765298,0.29888911271389534,45.35979970966097,11.020630554272502
176,-0.954287848765298,0.29888911271389534,45.3597761627674,11.020633067530385
177,-0.954287848765298,0.29888911271389534,45.35973456481145,11.020646283806084
178,-0.954287848765298,0.29888911271389534,45.3597098112158,11.020658938142546
179,-0.954287848765298,0.29888911271389534,45.35967972,11.02066511
180,0.18092866714612515,0.9834962213474573,45.35968349575806,11.020663970855727
181,0.18092866714612515,0.9834962213474573,45.35968163177079,11.020681206960779
182,0.18092866714612515,0.9834962213474573,45.359687424320406,11.020693109771411
183,0.18092866714612515,0.9834962213474573,45.3596840920615,11.020686127321262
184,0.18092866714612515,0.9834962213474573,45.35968567113099,11.02070097074597
185,0.18092866714612515,0.9834962213474573,45.359692995123716,11.02070459147217
186,0.18092866714612515,0.9834962213474573,45.359689344181625,11.020709333621136
187,0.18092866714612515,0.9834962213474573,45.35968621192873,11.02071659122196
188,0.18092866714612515,0.9834962213474573,45.35968900913248,11.020723847092205
189,0.18092866714612515,0.9834962213474573,45.35969887648086,11.020725140485084
190,0.18092866714612515,0.9834962213474573,45.359702774988904,11.020720976226468
