,Sin,Cosin,Lat,Lon
0,0.9534261011651168,-0.3016267057425195,45.359667451958515,11.020609543138148
1,0.9544720165309823,-0.2983004687547108,45.35970354171371,11.020603093232612
2,0.9592617541288405,-0.2825188260375935,45.35973282302314,11.020588798953415
3,0.9514262396045797,-0.3078767782602137,45.35976093601568,11.020583485909127
4,0.951344551986243,-0.3081291018487131,45.35979460130902,11.020566822866256
5,0.9569547372515672,-0.2902371975674103,45.35982661387347,11.020561198852898
6,0.9596811481562899,-0.28109089966312517,45.359861539331234,11.020550330002484
7,0.9555031665168646,-0.29498084476156217,45.35988868174507,11.020535366453155
8,0.9531905457674847,-0.30237027542317146,45.359933572618615,11.020528323809208
9,0.944828385192412,-0.3275657529942639,45.35994806025102,11.020527113891951
10,0.9544637601810263,-0.29832688531390583,45.35999444183713,11.020503855096894
11,0.9556848488805766,-0.2943916942104675,45.36000547112118,11.020501253822545
12,0.943322875759048,-0.33187641083644326,45.360055060955325,11.020488092891288
13,0.9541582396292724,-0.2993026123300096,45.36008328274084,11.020473739380629
14,0.9539739296904705,-0.29988954878575086,45.36012605077164,11.020468068341016
15,0.9522149659208459,-0.30542864743891046,45.36015895264078,11.020457758462713
16,0.9498603516134964,-0.31267445119914283,45.36019155099349,11.02044241839814
17,0.9492776841488572,-0.3144389899121649,45.36020971807013,11.02043950289989
18,0.9514215709350138,-0.30789120539494236,45.360245730566895,11.020427733368866
19,0.9551082344703429,-0.29625708505779996,45.36028528664087,11.020413449901154
20,0.958180913794378,-0.28616312907181246,45.36031865392365,11.020419222819926
21,0.9515072183930523,-0.3076264184785116,45.36033419835985,11.02039478401668
22,0.9537630153321075,-0.30055966227124714,45.36037750622898,11.02039684405663
23,0.9565904009294656,-0.2914357645341495,45.36041055913277,11.020379258612294
24,0.9487083577909273,-0.31615257686383286,45.360442284015164,11.020360721299554
25,0.9584814042941155,-0.2851550413764067,45.36047951992004,11.020357989899127
26,0.9610609388008342,-0.2763365193224724,45.36049707983176,11.020351927258377
27,0.9519472236370892,-0.3062621155311865,45.36053870273259,11.020333239639688
28,0.95404761174309,-0.29965505923862856,45.36057482559498,11.020324410313387
29,0.9509510370417046,-0.30934143781476564,45.360600372126406,11.02031302111187
30,0.9530185943861662,-0.3029118002888233,45.3606323597064,11.020311286165718
31,0.9454540129900723,-0.3257555975282211,45.360674081567204,11.020296778126406
32,0.9488640248737837,-0.31568506822515924,45.36068934646979,11.020284192893795
33,0.958503021294394,-0.2850823708501078,45.360734325760376,11.020282996577725
34,0.956459179980246,-0.2918661286129574,45.360760189928186,11.020263525549964
35,0.9500950963854201,-0.31196042669604623,45.36080017067285,11.020256859454145
36,0.9502179451522896,-0.31158603420333253,45.36083206037229,11.020247022311944
37,0.956011385052701,-0.29332956149971684,45.36086543006506,11.020236886275477
38,0.9578244975854446,-0.2873538442846911,45.36089157708475,11.020223863052601
39,0.9480226727820104,-0.3182027842292605,45.36092627032573,11.02021265320337
40,0.9558347550824616,-0.29390461203671275,45.36096050427702,11.020201852246597
41,0.9523120867947888,-0.3051256943368659,45.360990653973985,11.020197577934558
42,0.9567695276114185,-0.29084716095266094,45.361020313941594,11.020194526791151
43,0.9385620783740164,-0.3451104533888343,45.36105503202038,11.020174608096246
44,0.9515932989488501,-0.30736003870972595,45.36109109279182,11.020172566990276
45,0.948029612193073,-0.318182108870143,45.36111134879694,11.02014117480815
46,0.9565180512756536,-0.2916731348338858,45.36114646217112,11.020152575169188
47,0.9575122461552807,-0.2883926116644966,45.36117800937485,11.02012767460068
48,0.9617232815019982,-0.2740224987423995,45.361216477261976,11.020134322260063
49,0.9470999757193026,-0.32093867948955057,45.36125010963028,11.020115904837322
50,0.949511724107369,-0.3137315505056061,45.36128406247414,11.020104711143413
51,0.9432597015225143,-0.332055922223437,45.36131634067551,11.020093850507905
52,0.9560118550344106,-0.2933280297442866,45.361348217883254,11.020076098402978
53,0.9576573954471499,-0.28791025154617406,45.361375171933716,11.0200796797703
54,0.9463624399161464,-0.3231069982466462,45.36141362080953,11.020059854860714
55,0.950266687960989,-0.311437348035929,45.36144163993868,11.020051012934438
56,0.9543146198546949,-0.2988036250308708,45.36147444883328,11.020047010880695
57,0.9414380903423909,-0.33718588649656167,45.36150915261857,11.020041221775886
58,0.9492348711966685,-0.31456821089271575,45.36153650092833,11.020024838758928
59,0.9534094446468561,-0.3016793510636309,45.361569425982786,11.020009664043831
60,0.9553774479400589,-0.29538776543306633,45.36160538936599,11.020006442799534
61,0.9445436196904093,-0.32838597793167024,45.36163045971168,11.019992059840321
62,0.9517359271384531,-0.3069181079602653,45.36166275264944,11.019990751113937
63,0.9532504783204712,-0.30218127933707745,45.36170082153256,11.019966475553138
64,0.9549297575126552,-0.2968318686004277,45.36173597685255,11.019960162220187
65,0.9623350807715363,-0.2718661294027646,45.361761194679445,11.01995558640865
66,0.9473070294036208,-0.32032700798166797,45.36179273435847,11.01995247248
67,0.9612606908412691,-0.27564086098284873,45.36183177907941,11.019929030712527
68,0.9519916237860996,-0.3061240732792921,45.361864804344236,11.019910159456712
69,0.9551295346794683,-0.29618840622648,45.361895316892635,11.019907624804025
70,0.955136880738227,-0.29616471608490075,45.36193488432673,11.019897909112114
71,0.9516364344292219,-0.30722645827929146,45.36196383872139,11.019895418380232
72,0.9438416596195581,-0.33039812585212724,45.36199154348475,11.01988006392555
73,0.955929925032972,-0.2935949223444718,45.362017710810875,11.01987628270886
74,0.9569075475462185,-0.2903927434511432,45.36205316565336,11.019861294072353
75,0.9510165877715349,-0.3091398547314573,45.36208171617571,11.019847538046784
76,0.9557086854090022,-0.29431430246217527,45.36212532585468,11.019851968341305
77,0.941673380245506,-0.3365282230913224,45.36215050583138,11.019820294065612
78,0.946918877912673,-0.32147260949045764,45.36218397677975,11.019818762404045
79,0.9580489515552868,-0.2866046168920099,45.36221433261068,11.019799841129055
80,0.11447891862722716,0.9934256777383704,45.362248702845434,11.01980021032945
81,0.14239026666508958,0.9898105939820228,45.362247741539285,11.019797701007388
82,0.12701255412593565,0.9919011095338115,45.362243513462815,11.01981137585458
83,0.1295075281453169,0.9915784387297305,45.362257418769566,11.01982385663974
84,0.1379718862680742,0.9904361456447506,45.362258506799726,11.01981752877505
85,0.11098518543172275,0.9938220608412183,45.36226779648018,11.019823577717988
86,0.11759303533461257,0.9930618701978203,45.36226413573418,11.019841856700253
87,0.11101425872714794,0.9938188136472673,45.362258215669726,11.019847729647235
88,0.12341025986202968,0.9923557364981503,45.36226656779022,11.019848001200472
89,0.1293325370859637,0.991601278161191,45.36226030560249,11.019856465068756
90,-0.9480278886974377,0.3181872440118846,45.36227005086133,11.019859993595194
91,-0.9593727233742209,0.2821417687006494,45.36223690144993,11.019867630851406
92,-0.9504710891647253,0.31081298020195486,45.362204789784464,11.019877555329211
93,-0.9539852495679715,0.29985353692550487,45.36217436929666,11.019886544702302
94,-0.9548552384659162,0.2970714957282138,45.36214254487494,11.01990712688968
95,-0.9607001742233062,0.277588139601297,45.362105121881136,11.01991489519423
96,-0.9556421798116743,0.29453017530431674,45.36207026373323,11.019908245910557
97,-0.958063197185416,0.28655699293309633,45.36204544359582,11.019922888925054
98,-0.9601822551389717,0.27937436696346846,45.36201362629071,11.019932869556026
99,-0.9612298465212147,0.27574840372484843,45.361987532367166,11.019942866365133
100,-0.9470518041746636,0.3210808001259411,45.36194868530549,11.01996985316958
101,-0.9460018044998512,0.32416135778810123,45.36191847774961,11.019970210259032
102,-0.948961000392224,0.3153934364164692,45.36188483339246,11.019975855264386
103,-0.9532404042388897,0.3022130568431453,45.36185776436577,11.019976014702074
104,-0.9593853776053601,0.2820987366810079,45.361813527624896,11.019995912965156
105,-0.9543051140991401,0.2988339826797266,45.36178844101989,11.020011207352727
106,-0.9492864544652138,0.3144125114699852,45.3617510527283,11.020017930981618
107,-0.9608533120688928,0.27705759813843583,45.361724301420054,11.020027329121291
108,-0.944743743960246,0.3278097897378557,45.3616880075666,11.0200407217169
109,-0.9504718538609437,0.31081064173889056,45.361655073167796,11.020049990172787
110,-0.9464038084833429,0.3229858066358706,45.361625146706224,11.020058157801001
111,-0.9609587433027333,0.2766916942555947,45.36158270047989,11.02007063156097
112,-0.9613798296914388,0.2752250407620286,45.36155932471698,11.020076897480754
113,-0.9445626792792609,0.32833115129817364,45.3615331148133,11.020084507681121
114,-0.9499101567985093,0.31252310956316737,45.36150377558854,11.020095688165402
115,-0.9523779385292784,0.30492009150385946,45.36146231356145,11.020111878747834
116,-0.9601339712749499,0.2795402604345101,45.36142666944872,11.02010891364407
117,-0.9533682410668596,0.3018095374985395,45.36140546458485,11.020133878100998
118,-0.9519617098931819,0.3062170845940008,45.36136981717393,11.02014059328186
119,-0.9559204230304634,0.2936258585909284,45.361336894913435,11.020149769872742
120,-0.9479730860810636,0.31835047992102095,45.36130177560268,11.020162788904772
121,-0.9488930955249659,0.3155976762668696,45.36126945954196,11.020172764672655
122,-0.9509541461035839,0.3093318800389052,45.361234112563544,11.020184381079208
123,-0.9574981049375825,0.2884395587310076,45.36120143275803,11.020190659422074
124,-0.9588938702800791,0.2837649476931406,45.36117390190485,11.020205485091013
125,-0.948134703907445,0.3178688145231324,45.36113721747769,11.02021657130436
126,-0.9625573367617367,0.2710781685163021,45.361102701594646,11.020221752596528
127,-0.952855954676051,0.3034230209433547,45.36107482623063,11.02023524239136
128,-0.9441881403335696,0.3294066721446843,45.361043130160134,11.02023653700548
129,-0.958414182867803,0.2853808929796134,45.36100960097856,11.020248645419066
130,-0.9576454187524722,0.28795008585239584,45.3609809512917,11.020268572579527
131,-0.9468437036164847,0.3216939553703465,45.36094301530511,11.0202871015102
132,-0.9472979002305474,0.32035400453060653,45.36090996689703,11.020283043192991
133,-0.9485906350747274,0.31650561930007703,45.36088531352761,11.020288000354117
134,-0.9476401753357403,0.3193400978418578,45.360851480736834,11.020303616404979
135,-0.9502782072277897,0.31140219791764173,45.36081110185665,11.020317156086515
136,-0.9681792874723699,0.2502576019015087,45.360784719300774,11.020317389916444
137,-0.95005721309628,0.3120757790084478,45.36075230612819,11.02033808862427
138,-0.9488600581744757,0.31569699080151287,45.3607103811734,11.020334925236398
139,-0.954458998359754,0.29834211980559333,45.3606918817954,11.02035658567743
140,-0.9546854063708156,0.2976168255703812,45.36064855779499,11.020360684039245
141,-0.9434139495125092,0.3316174299779925,45.360609653455896,11.020380831909774
142,-0.9547353664871316,0.2974565177949249,45.360591045433836,11.02038102211765
143,-0.9529490566361019,0.3031304924555819,45.36056391354207,11.020399855822967
144,-0.9468263669039578,0.3217449781044794,45.36051979720076,11.020411576165328
145,-0.9462769524589689,0.3233572780145303,45.360502847074855,11.02041675732101
146,-0.95652456432825,0.29165177495885675,45.36045857517901,11.020414852083503
147,-0.9568681156812202,0.2905226483299898,45.360426794841565,11.020430529957865
148,-0.9604620402766282,0.27841097174439217,45.36039238783654,11.020451647565967
149,-0.9545055637802294,0.29819310641358954,45.360359478813,11.020447338692586
150,-0.9587489725585525,0.28425412506755293,45.360332787161795,11.020464880205129
151,-0.9544108040859809,0.2984962596816773,45.36029929993375,11.02047159852209
152,-0.9397316314567591,0.34191294336368416,45.36027070026528,11.020491286892849
153,-0.9588802386326337,0.28381100746768695,45.360239179982315,11.02049650623159
154,-0.9438356861675893,0.33041518959720334,45.360200763765285,11.020500949281944
155,-0.9517382231828977,0.30691098796338473,45.360169337533186,11.020512807125233
156,-0.9555108210041747,0.2949560491733097,45.36013245583321,11.020527774300993
157,-0.9544160137233589,0.2984796018967009,45.36010526130763,11.020535565599735
158,-0.9486905812344402,0.3162059156262895,45.36006334412471,11.02054438045291
159,-0.9524804791706157,0.3045996336158569,45.360041620323784,11.020551917200004
160,-0.9425598874195282,0.33403721144160914,45.36001148325789,11.020567779434224
161,-0.9620416356087947,0.27290271408535843,45.35996895887514,11.02058142382569
162,-0.951068269891404,0.3089808181841899,45.359948407380216,11.020581369658544
163,-0.9542841085490257,0.2989010541480096,45.35990889461818,11.020595451365258
164,-0.960297708968402,0.2789772574064742,45.35987728411205,11.020608519290484
165,-0.953597769895063,0.3010835320158885,45.359846800737145,11.02060882900217
166,-0.9454250120286016,0.3258397560622682,45.359811358022846,11.020630658942787
167,-0.9431693233644172,0.3323125448494345,45.359776646608644,11.020646671555083
168,-0.9511785357713061,0.30864120445584403,45.35975103542956,11.020647830759414
169,-0.9435624028848869,0.33119479443689676,45.35972391651159,11.020656862137162
170,0.1249363759575988,0.992164755452733,45.35968549314606,11.020666416796614
171,0.13758127521581762,0.9904904808780292,45.35968728098523,11.020675275770111
172,0.11781243986015595,0.993035864918381,45.35969566236606,11.020683842073774
173,0.11596440961281393,0.9932533693389374,45.35968481841815,11.020689728223232
174,0.13079139436652978,0.991409910763282,45.359689601909906,11.020687319858935
175,0.1356555847893965,0.9907560559065217,45.35968717499198,11.020706188140464
176,0.12896898026531017,0.9916486283605328,45.359688565029266,11.02070755987372
177,0.14378630092036476,0.9896087609088949,45.35969673162889,11.020727730900484
178,0.14666729024232325,0.9891858803950723,45.35969284406845,11.020728669577725
179,0.13646065879686295,0.9906454908799243,45.35968971903874,11.020735740140504
180,0.9496935544409693,-0.31318070287499805,45.35969265879193,11.020741260629752
181,0.9473354726563965,-0.3202428800877263,45.35972867407122,11.020726195317906
182,0.957356953226706,-0.288907708634572,45.35975738118364,11.020728216058082
183,0.94894762127903,-0.3154336888616538,45.35979092539918,11.020710971894895
184,0.9460798725415857,-0.32393344188536166,45.359831033679704,11.020693466037113
185,0.9494328028921442,-0.3139703055901417,45.35984846766022,11.02068882123888
186,0.950844348036293,-0.30966921998712893,45.35988630122896,11.020672104390592
187,0.9516349257887182,-0.30723113126618656,45.359918325138956,11.020677195706565
188,0.9527759720716468,-0.30367408029485904,45.3599550178621,11.020659548417045
189,0.9540497420037347,-0.2996482767889835,45.35997977584132,11.020656170660141
190,0.9450209417454158,-0.32700981585054495,45.36001902066863,11.02063113000142
191,0.9497415848651003,-0.3130350171752793,45.36004853290233,11.020630100843
192,0.9519645536876026,-0.30620824372045186,45.36008254894212,11.020613246676758
193,0.9517237436858283,-0.3069558856002466,45.360108089344045,11.02061082392676
194,0.9590436641875998,-0.2832582746922361,45.36014316662946,11.02060066499759
195,0.9597739681395732,-0.2807738059036449,45.360173310290065,11.020593075645177
196,0.9589200966669864,-0.2836763088595475,45.36021145260755,11.02057549565998
197,0.9627063206359753,-0.2705485912133768,45.36024826120544,11.020572293984857
198,0.9540812595017213,-0.2995479098034388,45.360273171340715,11.020550916846858
199,0.9528470143170936,-0.3034510954124246,45.36030328048177,11.0205456276424
200,0.9477824177491022,-0.3189176831184911,45.36033122884435,11.020528556937585
201,0.9490693327940166,-0.3150672968588141,45.36037064746785,11.020523861399479
202,0.9552022892155303,-0.2959536900891936,45.360403916154915,11.020515334761283
203,0.9573560311953077,-0.28891076396349297,45.360433535890365,11.020509660853495
204,0.9572060434504147,-0.28940730879161086,45.360464913061286,11.020489734676033
205,0.9531682951622614,-0.3024404091676046,45.36050551061545,11.020495062875703
206,0.9464698102843213,-0.32279234535589735,45.360540977253756,11.020471420435024
207,0.9517735481797869,-0.3068014227236552,45.36056112147649,11.020461362186214
208,0.9560239127616426,-0.29328872843653453,45.36059815563689,11.020458024255554
209,0.9585326158109782,-0.2849828493551212,45.360621909365975,11.020450027612622
210,0.9561668007108095,-0.2928225558567085,45.36065781617998,11.020436439573462
211,0.9556911035126612,-0.29437138900842924,45.36068269896406,11.02042989197994
212,0.9563606595572682,-0.29218878974250007,45.36071709386508,11.020414073356175
213,0.9569523940537328,-0.2902449233230951,45.36076315903721,11.020403422576324
214,0.9437456690801118,-0.3306722124590031,45.36079716859747,11.020395571490889
215,0.9527114465717139,-0.30387645445350386,45.36082434325307,11.020390505625127
216,0.9526384127882337,-0.3041053345147283,45.36086089350074,11.0203678036453
217,0.9594841594496782,-0.28176257339317534,45.36088301704121,11.020362316415165
218,0.9537944465622479,-0.30045990365939884,45.36091495527731,11.020348849960952
219,0.9475753026178083,-0.31953254273824616,45.36094513550971,11.020343647261772
220,0.9656644217354198,-0.25979265692932374,45.360985094114696,11.020333512173798
221,0.9667223901649233,-0.2558277161564356,45.361015597003856,11.020322467726757
222,0.9543142431120273,-0.2988048282633974,45.3610455917106,11.020319683737547
223,0.9544081309262967,-0.2985048066979372,45.36108439295932,11.020297739058174
224,0.9560715144077814,-0.29313351793681236,45.36110841227908,11.020297371496914
225,0.9544842904701394,-0.2982611929931794,45.36114059956427,11.020285091082185
226,0.9504835700897329,-0.31077481073837976,45.36117897881686,11.02027355178043
227,0.9509641117760016,-0.30930124169501866,45.36120402528272,11.020260003059056
228,0.9550891920107581,-0.29631846939439527,45.36123874480934,11.020257593361746
229,0.9540380485099232,-0.299685505147275,45.36127588653912,11.020240123282074
230,0.9556576806240766,-0.2944798761617002,45.36130587621793,11.020231928474457
231,0.9500797628242628,-0.31200712214914683,45.36134067961808,11.020224396826434
232,0.9574297014177676,-0.28866653225319405,45.36137046018378,11.020212370442692
233,0.9566920146953309,-0.29110202510149036,45.36140099603695,11.020205059880706
234,0.952694083619816,-0.30393088529433626,45.361431191285746,11.020197516278346
235,0.9459408509695921,-0.3243391842915744,45.36147618717517,11.020180587350248
236,0.9534538086374981,-0.30153910989231425,45.36149541254674,11.020177800451988
237,0.9523139387434135,-0.3051199142550449,45.36153246307368,11.020164295396063
238,0.9568384852325097,-0.29062022155720063,45.36156456286291,11.020155633211045
239,0.946333939086508,-0.3231904635551821,45.36160104728422,11.020145237069267
240,0.9488097223485781,-0.315848240104032,45.361622319738885,11.020128860611475
241,0.9623237154969745,-0.2719063562921952,45.3616507394592,11.020122143879595
242,0.9578865582038568,-0.2871468990122813,45.3616890595557,11.020115626126668
243,0.9494197198028256,-0.3140098655289738,45.36172794126828,11.020104336022685
244,0.9576308067307411,-0.2879986770806945,45.361753075450345,11.020083743522424
245,0.9484547579130371,-0.316912562376631,45.36178667067818,11.020082985302176
246,0.9502892523258499,-0.31136849056058485,45.36182597744492,11.020068491681982
247,0.9498508022310217,-0.3127034593685917,45.36185278812893,11.020063830650516
248,0.9524889696325582,-0.30457308273763717,45.36187767019233,11.020050373772037
249,0.9494707362569033,-0.31385557345979076,45.36191117691983,11.020033051630179
250,0.9449661902122952,-0.3271679986729451,45.36194463567307,11.020036963706488
251,0.9468898765676967,-0.3215580222193375,45.36198154074817,11.020011575153402
252,0.9517816407330727,-0.30677631649698794,45.36201761985875,11.020010316877485
253,0.9567101552407252,-0.29104240044926016,45.36204833247355,11.019998077169134
254,0.9493891444709546,-0.3141022960131124,45.36207787907656,11.019984078085166
255,0.9451626425469143,-0.32660002929230425,45.362103691027976,11.019984692480676
256,0.9589761757317672,-0.283486674076357,45.36214872555382,11.0199766050051
257,0.9533061338368378,-0.302005654233594,45.36216881769171,11.019958416338802
258,0.9510343025586177,-0.3090853528668799,45.362200257748874,11.019954264079685
259,0.9520927456390147,-0.305809423827263,45.3622459550263,11.019945184628666
260,0.0906196609005091,0.9958855742796342,45.36227077496421,11.019928577256932
261,0.12692795222827147,0.9919119391070649,45.36226950406184,11.019931011719692
262,0.150886068050692,0.9885511592569208,45.3622731128908,11.019940086512715
263,0.1481808230943563,0.9889602841707442,45.36227863342671,11.019946645512498
264,0.1280340700627058,0.9917697701095644,45.362279086624824,11.019952265312652
265,0.1371479196799015,0.9905505782783004,45.3622828348606,11.019957146959658
266,0.13961474381231495,0.990205899452342,45.362275427141185,11.019977667281788
267,0.12612140206198216,0.992014814376237,45.362282455157334,11.01997550671269
268,0.1014011059201256,0.99484562406344,45.36228917872088,11.019983116725431
269,0.14548793471374924,0.9893600259019605,45.36227765107033,11.019989848990734
270,-0.9505910769826418,0.3104458154992289,45.36228732659479,11.019995450270606
271,-0.9529985885216743,0.30297473537523956,45.362251263583886,11.020011651882545
272,-0.9456096821146118,0.3253034415604957,45.3622123435395,11.020012011773906
273,-0.9460604067903947,0.3239902879772678,45.36219743400678,11.020029067452295
274,-0.9451018936196988,0.3267757804312607,45.36215763132556,11.020028093616203
275,-0.9465623992119218,0.3225207348344761,45.362130948068106,11.020034053912894
276,-0.9544677858938501,0.2983140051873054,45.362096478420476,11.020058563371459
277,-0.9567853766672313,0.2907950188633642,45.36205899461581,11.020059892159582
278,-0.9610544928479388,0.2763589364880233,45.362031470073326,11.020076476152767
279,-0.9540765481477017,0.29956291538601076,45.3619929782704,11.020081212088565
280,-0.9546238244774806,0.29781429404914106,45.361971308128275,11.020100388570391
281,-0.9553445288304783,0.2954942152287782,45.36192607170252,11.020106821108524
282,-0.9518293663689076,0.3066282069832519,45.361899487971314,11.020118392202965
283,-0.9571963751011129,0.2894392846406474,45.36187394290482,11.020118857767816
284,-0.9439062695049663,0.3302134981935444,45.36184047128524,11.02013241201138
285,-0.957108553698659,0.2897295574097698,45.36181006755613,11.020144386844057
286,-0.9585623390690319,0.2848828568350619,45.36178250054313,11.020161753766626
287,-0.9602150238295423,0.27926171956075824,45.36173827632768,11.020159617819889
288,-0.9463388254594326,0.3231761554138263,45.36170763871871,11.020185285555604
289,-0.9552973317908685,0.2956467619867455,45.36167388913993,11.020196544894128
290,-0.9601894054605044,0.27934979083830225,45.36164369688042,11.020199424597811
291,-0.9427459055048429,0.33351185534228583,45.36161375550451,11.020206581057705
292,-0.9543310743443658,0.2987510678486831,45.36157284050756,11.020209813636328
293,-0.9516080621180001,0.30731432786647706,45.36154909901654,11.020235952748283
294,-0.9519287457701637,0.3063195439021856,45.36151884952155,11.02023377847035
295,-0.9430820165671367,0.3325602351870453,45.361477003650116,11.020242960580482
296,-0.954655121716807,0.29771395429147846,45.361444620993964,11.020242481360357
297,-0.9526551308392094,0.30405295868603044,45.36141552550082,11.020263036635122
298,-0.9522459177691432,0.3053321340638783,45.36137848687366,11.020277636727945
299,-0.9554451228839836,0.2951687943486054,45.3613455596773,11.020286994680195
300,-0.9604823004361528,0.2783410687427853,45.36132493870771,11.020294034726087
301,-0.9438284016027493,0.3304359973247457,45.361281478652366,11.020295430651855
302,-0.9565751886192664,0.29148569178951994,45.36125198628694,11.020314527301968
303,-0.9513837338518661,0.30800810210460616,45.361220284744554,11.020328318577562
304,-0.9551180978330724,0.2962252845246897,45.36118775762258,11.020330245765244
305,-0.9580642001025688,0.2865536397985986,45.36115818841209,11.020339931939402
306,-0.9430727081415966,0.33258663105794717,45.36112307349691,11.020351050972785
307,-0.9600610250879883,0.2797906862406273,45.361092658309445,11.020361661586282
308,-0.9524275367547488,0.3047651345401596,45.36105482594439,11.020374359642284
309,-0.9572513541115144,0.289257402760365,45.36102608588907,11.020383787432246
310,-0.9516644724151833,0.30713959683298897,45.36099132224651,11.020392432627025
311,-0.9531905923532389,0.30237012856643347,45.3609633057098,11.020403364207159
312,-0.9411547078431043,0.337976058182767,45.360930567648786,11.02041301640247
313,-0.9507938070945358,0.3098243637783814,45.36090439513003,11.02042258461463
314,-0.953581728084699,0.30113433524425465,45.36086205879218,11.020441885790145
315,-0.9504271034077784,0.3109474571497572,45.360833680529446,11.020442165933604
316,-0.9600208233572574,0.2799285957533699,45.36080653610861,11.020449648037921
317,-0.9626331559959024,0.27080880151385167,45.360773940603046,11.0204569281922
318,-0.9563459679848646,0.2922368722784522,45.360738063983995,11.020467125461925
319,-0.95723632088413,0.2893071481664682,45.36070988575543,11.020485404833511
320,-0.9444311822858115,0.32870920572175105,45.360676034378486,11.020482127320067
321,-0.952091022482734,0.30581478856945754,45.36063914682693,11.020506968194585
322,-0.9538323280644253,0.3003396243241948,45.36060525532566,11.020508307824697
323,-0.9505952334047595,0.3104330881657926,45.360578144504835,11.020532920187478
324,-0.9455483076352912,0.32548179354310547,45.360545991451325,11.020527774703636
325,-0.959476073410415,0.2817901072659081,45.360501959787356,11.020545055228117
326,-0.9500170430993575,0.3121980426279985,45.36048797081502,11.020549252567081
327,-0.9512538683659574,0.3084089459124067,45.36044429461606,11.020558662404758
328,-0.9496973738131141,0.3131691207198983,45.360413450950716,11.020572546831335
329,-0.9542572249733994,0.2989868702569847,45.36038339477078,11.02058626094517
330,-0.9569382623875063,0.29029151206809356,45.3603408433727,11.0205957518795
331,-0.9457286769471375,0.3249573350454132,45.36031497610423,11.020608517219593
332,-0.9473629921708838,0.3201614609303091,45.36029629626901,11.020602017400876
333,-0.9566526782457123,0.29123127099490126,45.360254023325204,11.02060691707121
334,-0.9607971351589834,0.2772523490798414,45.36022269714586,11.020628983706409
335,-0.9483600377860281,0.3171958996117122,45.36019795542405,11.020644826382952
336,-0.9553815751158727,0.2953744165108312,45.36014478909961,11.02065229055447
337,-0.9562102554561804,0.292680623479632,45.36012332146495,11.020655043146037
338,-0.9543023231583578,0.29884289520509133,45.36008726089541,11.020672335871174
339,-0.9497713395264146,0.31294472773031357,45.36005174626391,11.020679541523235
340,-0.9551176335137619,0.2962267816235919,45.36002995389949,11.020697468767036
341,-0.9526785529189041,0.30397956314256175,45.35999667230773,11.020699172372458
342,-0.9444941867566773,0.3285281284499744,45.35996713124602,11.020710298393118
343,-0.9416715389577811,0.33653337533873845,45.35993544151425,11.02072150151211
344,-0.9540051037735949,0.2997903633773646,45.35990098322316,11.020730338027958
345,-0.9564004081247555,0.29205865735978637,45.35987693997031,11.020747867215857
346,-0.9566068540149892,0.29138175449321646,45.35982788416659,11.020759269228579
347,-0.9602375906765723,0.27918411389556447,45.35979747813759,11.020763459820754
348,-0.9417224501392714,0.3363908840971876,45.35977036098066,11.020780114271002
349,-0.9543091182126486,0.2988211955270193,45.35974300589516,11.020784359914428
350,0.09615572497648331,0.9953663027017978,45.359704204803215,11.02079070973996
351,0.1230722122003333,0.9923977179458425,45.35970372352138,11.02079541988958
352,0.12550257521771485,0.9920932938054373,45.359710085347025,11.020811397467943
353,0.11158456572172501,0.9937549419714571,45.35969560421618,11.020813974234322
354,0.14224505295609083,0.989831472983921,45.35969764389067,11.020831086793761
355,0.14638358171136864,0.9892279044817484,45.35969289817431,11.020839379552106
356,0.12134321305811674,0.9926106107858874,45.359701026922195,11.020849209721023
357,0.14653871608412986,0.9892049356369057,45.3597010743349,11.020843538290402
358,0.10960424878225826,0.993975305854666,45.35970777004505,11.020865908061317
359,0.0946365714852503,0.9955118880945205,45.35970082738067,11.020862888812822
360,0.9499011500357266,-0.31255048417944253,45.35970312898484,11.02087690704447
361,0.9559581315590864,-0.2935030676263205,45.35972530808387,11.02087109580421
362,0.9672477302665986,-0.25383425358708656,45.35976368069524,11.020858060617423
363,0.9504910121570697,-0.31075204876014784,45.359801958589166,11.020847184530997
364,0.9516182013036582,-0.30728292980182026,45.35983674390843,11.020833647855568
365,0.9587429198841381,-0.2842745390850845,45.35986791679794,11.020823260148182
366,0.9503033098682243,-0.311325584000894,45.35990331247974,11.02080897661719
367,0.9538592226327461,-0.30025419796974234,45.359932056233745,11.020799691602077
368,0.9610121332570853,-0.2765062019786646,45.35996340918291,11.02080039337878
369,0.9502368092135385,-0.3115285001659931,45.35998932416809,11.020786430657957
370,0.953687142346892,-0.30080032334128065,45.3600195367661,11.020780192236007
371,0.9635370598198232,-0.26757491353594887,45.3600586168636,11.020766997455665
372,0.9493064182679811,-0.31435222956934306,45.36009782774792,11.020750038490815
373,0.9432225995547291,-0.33216129769920405,45.36012001172581,11.020744589637596
374,0.9544833503657177,-0.29826420146345844,45.36015964510108,11.020741432963327
375,0.9668623063296102,-0.25529841479920495,45.360196675817654,11.020720353774866
376,0.9617867948745653,-0.2737994908777423,45.360224738902346,11.020705731196875
377,0.9480412914623829,-0.3181473081488152,45.36025147205094,11.020703917210055
378,0.9522814903013047,-0.30522117100477497,45.360286531196074,11.020695977420782
379,0.956386512066962,-0.2921041587112218,45.360319230184324,11.02067997974424
380,0.9574762810144514,-0.2885119950621382,45.36035188961696,11.020673527200833
381,0.952656911713375,-0.30404737881576094,45.360380498181655,11.020659487846586
382,0.9587272522638248,-0.2843273742829847,45.36041795125002,11.02065029620917
383,0.9528051285401813,-0.30358258683186795,45.36045121047187,11.020636879784293
384,0.952725897540412,-0.3038311441505236,45.36048675018704,11.020622684768409
385,0.9536117000469213,-0.3010394086056185,45.36051937282741,11.020629011461601
386,0.9618744011126642,-0.2734915656545073,45.36054730468227,11.020613852191627
387,0.9540985440404185,-0.2994928517677068,45.36058388259874,11.020591799992832
388,0.954815925103401,-0.2971978283381907,45.36061004622222,11.020593531841024
389,0.946642078211699,-0.3222867911643846,45.36064556306095,11.020578009439621
390,0.9438884028305702,-0.3302645651624699,45.36067816019839,11.020581958673512
391,0.946900618566906,-0.32152638858670796,45.36071384739923,11.020559820496883
392,0.9613386958893162,-0.2753686833788998,45.36074634356947,11.02054827524062
393,0.9494942635678231,-0.3137843900703115,45.36077209264392,11.020528281575485
394,0.9517605518660052,-0.30684173756468885,45.36080749732402,11.02052876116749
395,0.950305927031874,-0.31131759514696655,45.36084263615574,11.020519403747404
396,0.9469682941347517,-0.32132701396477464,45.360869465343065,11.020514848358916
397,0.9540755435537286,-0.29956611489395363,45.360906487912146,11.020494468604433
398,0.9571142267786507,-0.28971081598363846,45.36094102048055,11.02048907013624
399,0.9548356494601293,-0.2971344519237931,45.36096403025456,11.020472695973604
400,0.9584124325002561,-0.2853867712928229,45.36100323249381,11.020474956854734
401,0.9588150081985826,-0.2840313011855419,45.36103606524823,11.020457705503071
402,0.9479084759083771,-0.31854280921260447,45.36107479785953,11.020447354886157
403,0.9564653810218979,-0.29184580673128685,45.36109800650002,11.020439220991905
404,0.9525585539827244,-0.30435538640599263,45.36113361033442,11.020429541648385
405,0.9596663872113511,-0.28114129055816955,45.36115714827507,11.020411460586805
406,0.9462950292496732,-0.32330437302542014,45.36119569035233,11.020412409682818
407,0.9549590338334445,-0.2967376681513389,45.361230243155816,11.020396435727939
408,0.9589009759702145,-0.2837409351562973,45.36126847296512,11.020384355064097
409,0.9514443065091439,-0.30782094082653677,45.36129165199692,11.020372693383857
410,0.9486747990410022,-0.31625326190335845,45.36132639314055,11.020373408226481
411,0.9472175379936782,-0.32059154030821624,45.36136770876163,11.020350420516559
412,0.9575860599337597,-0.28814742376175767,45.36139241444188,11.020342450740065
413,0.949771744524799,-0.31294349857813,45.36142324048949,11.020338838181141
414,0.9572986352217394,-0.2891008872393771,45.361453648317585,11.020322786747771
415,0.9483249924181774,-0.3173006598717751,45.36147979862243,11.020316805659569
416,0.9619408156206027,-0.27325787681816155,45.36152261590763,11.020302414510072
417,0.9525472021974073,-0.3043909124561568,45.36155466693559,11.020300144966932
418,0.9518390067733972,-0.3065982798135579,45.36159034297307,11.020271157377394
419,0.9486870283161888,-0.31621657499979167,45.36162747805138,11.020273653895693
420,0.9545446207254643,-0.29806805773863054,45.36165043811644,11.02025690421912
421,0.9506792338833097,-0.31017574738048664,45.36168957261901,11.020255069985193
422,0.9480477807003741,-0.3181279703344164,45.36171998185958,11.020239079248503
423,0.9461133672248276,-0.3238356008200743,45.36175735921765,11.020232204739603
424,0.9465290033805033,-0.32261873125953383,45.36177842597698,11.020232154827411
425,0.9500603252165056,-0.31206630457245377,45.36181971694457,11.020209561630333
426,0.9539517349371267,-0.29996014303644725,45.361841973367284,11.020197998448948
427,0.944097139907863,-0.32966739362240965,45.36187547821562,11.020196645315728
428,0.9462584805220204,-0.32341132948639406,45.361914106028934,11.02017541073467
429,0.9579987944002777,-0.2867722265625013,45.36193341825123,11.020172660247402
430,0.9571082047667641,-0.28973071008807816,45.36197690232394,11.020160774608957
431,0.9573462624448684,-0.2889431324375805,45.36200630341629,11.020152722369675
432,0.9557156665295375,-0.29429163214403814,45.362044325779635,11.020144667107594
433,0.9620048560401177,-0.2730323368306993,45.362076363699614,11.020127753687527
434,0.9576311893771009,-0.287997404731708,45.3621013443748,11.020110886363039
435,0.9598148340419534,-0.28063407553790987,45.36214101914249,11.020108289610695
436,0.9575729522272279,-0.28819098036342317,45.362171094627904,11.020100819165274
437,0.95021864241546,-0.3115839078099515,45.36220544379399,11.020085046739407
438,0.9486702494988078,-0.3162669089801677,45.36222743311004,11.020083008976764
439,0.9454896891934554,-0.3256520345842523,45.36226806616395,11.020071490918435
440,0.12467386786403593,0.9921977759861291,45.36230102257356,11.020059981289423
441,0.15475983468356852,0.9879521210912574,45.36229784305181,11.020060799868794
442,0.11791139198401152,0.9930241203719036,45.36229742904157,11.020082760557798
443,0.12098890025823096,0.9926538601215954,45.36230352018291,11.020080673098676
444,0.1440037821266871,0.9895771373335227,45.36230207853408,11.02008838977944
445,0.12261330244862519,0.9924545219115292,45.36230508932614,11.020096635875989
446,0.14667735047717348,0.9891843887046522,45.36230957493747,11.020095007980885
447,0.12907960633949206,0.9916342345982423,45.362304984614056,11.02009827195785
448,0.15015898761176377,0.9886618625391647,45.3623097945278,11.020107993570516
449,0.13695409065532554,0.99057739579135,45.36230494089923,11.020109713049827
450,-0.9574438201053841,0.2886197001973512,45.36230806618704,11.020121186475293
451,-0.9546449966287623,0.29774641964542625,45.36227951757549,11.020134637442128
452,-0.9500666000098923,0.3120472008296875,45.36224871826282,11.020147539464803
453,-0.9472520021506449,0.3204896947198065,45.36220748500011,11.020155066703438
454,-0.9479662480601585,0.31837084121939613,45.36217328130052,11.020164602865293
455,-0.9449202975577997,0.32730052133059484,45.36213826699696,11.020180610792611
456,-0.9486419584004591,0.31635175795645837,45.362114474254675,11.020183706546918
457,-0.956817432663241,0.2906895260440668,45.36208358313908,11.020197655994115
458,-0.9528197749009568,0.30353661485509437,45.36205356196343,11.020203077645084
459,-0.9507406870909147,0.30998733185389254,45.36201263563266,11.02021558561757
460,-0.950444225710412,0.31089511706319134,45.36197802834947,11.020218323156099
461,-0.9544905375696776,0.29824120052391784,45.36195031417335,11.02023358786836
462,-0.9510006835883803,0.30918877698654174,45.361912561161596,11.020242409404963
463,-0.9578015320967064,0.28743038307249624,45.361894439520455,11.020257721814481
464,-0.9495650101396657,0.31357023378894994,45.36185794367153,11.02025765388153
465,-0.9512375494003202,0.3084592754495694,45.36181759339175,11.020273328200648
466,-0.9526913576987766,0.30393942976531,45.361787816924334,11.020281974739458
467,-0.9506675582958716,0.31021153041717453,45.36175250003502,11.020292563720398
468,-0.9675605656349182,0.2526391731862603,45.3617139083993,11.020300504388752
469,-0.9509885687189424,0.30922603733498477,45.361685406462506,11.020325608638187
470,-0.9556700431742216,0.2944397537347523,45.36165489970327,11.020324434208117
471,-0.9513086969306792,0.30823978189723195,45.361619520953134,11.020330334269795
472,-0.9524996411257093,0.3045397078467685,45.36158934790934,11.020345734219527
473,-0.9561446581561824,0.29289484918550024,45.36156018587174,11.020343251230338
474,-0.962033974398259,0.2729297200809943,45.36152590951659,11.020363412816513
475,-0.952709372338024,0.30388295750056193,45.36149409341699,11.020379944084548
476,-0.9515868725294666,0.3073799343314211,45.36144970163459,11.020376841054345
477,-0.9529717151350966,0.30305925188397104,45.361428957211444,11.02039080747298
478,-0.9582727807519468,0.28585534395902296,45.36140105288238,11.020411445311037
479,-0.9520523498916799,0.30593516153873257,45.361358066482794,11.020407830741082
480,-0.9571100074921047,0.28972475482509813,45.3613300012681,11.020427763000994
481,-0.952807239826532,0.3035759604022452,45.361300961745975,11.02043910878365
482,-0.9543277701101828,0.298761622696969,45.361264314276966,11.020445361365933
483,-0.9563621610187665,0.292183875276366,45.361232604674,11.020458700614382
484,-0.9480033137260161,0.31826045491781213,45.36119161443735,11.020465823253208
485,-0.942616733848998,0.3338767632942539,45.36116276537219,11.020469209045071
486,-0.9574626030220549,0.2885573839190931,45.361135122088086,11.020480146883168
487,-0.9552718586250131,0.29572905863156757,45.36109859524505,11.020491979120274
488,-0.940166819676841,0.34071447163091595,45.36107038425138,11.02050216159171
489,-0.9545084191685604,0.29818396626300286,45.3610346059789,11.020508510814308
490,-0.9517444579265402,0.3068916532037262,45.36100629012532,11.020520930493966
491,-0.9620985647298967,0.27270194671962406,45.360968310460635,11.020535723773113
492,-0.9601607708559468,0.27944819575247587,45.36093642323829,11.020545085976085
493,-0.9574318935178758,0.2886592615433894,45.360905766490895,11.020557056056969
494,-0.9657530420833397,0.25946302570265206,45.36086826512956,11.020570241041572
495,-0.9427281102787993,0.33356215326407146,45.36085269344675,11.020578480136315
496,-0.951556486257004,0.30747398826929134,45.36080785928908,11.020575390969565
497,-0.9501068586639655,0.3119246016583038,45.36078177467761,11.020608680847552
498,-0.957066522305634,0.2898683699229691,45.36074168859635,11.020605468154363
499,-0.9527672671158287,0.30370139069921165,45.360702992757886,11.020618896195389
500,-0.9556058968237456,0.2946478745141134,45.36067788098991,11.020628379962682
501,-0.9553025687644435,0.2956298396847917,45.36063872436504,11.02062977812144
502,-0.9408625733659435,0.3387884561776192,45.360611072035105,11.02064626994002
503,-0.9570488757914263,0.2899266275221492,45.36057387355785,11.020657868259127
504,-0.9531023174419999,0.3026482652960186,45.36055774819904,11.020670975445487
505,-0.9653650691778412,0.26090282331025483,45.36050791298112,11.020682323700182
506,-0.9499390049812021,0.3124354122299899,45.36048467121386,11.020682949602724
507,-0.9603664049268991,0.27874068287170295,45.360453159234105,11.020689311196001
508,-0.9454992509263035,0.32562427197277377,45.36041846425549,11.02070629339365
509,-0.9497719330988647,0.312942926262355,45.36038193222701,11.02071944245009
510,-0.9493081574489501,0.31434697740057765,45.36034403535387,11.020723296932445
511,-0.9582327173240557,0.28598961423407726,45.360319751631806,11.020735022910468
512,-0.9515298155943576,0.3075565151886201,45.36029090007206,11.020740702383534
513,-0.9586739374275015,0.2845070854956884,45.36025154474642,11.020753539624513
514,-0.9549098867665925,0.2968957866919191,45.36022733363388,11.020757564160808
515,-0.9536764377549781,0.300834260135004,45.360191875806855,11.020782825532583
516,-0.9564638885148171,0.2918506980754294,45.3601591719162,11.020779788401853
517,-0.9617426959659878,0.2739543515917815,45.36012938681484,11.020807658559962
518,-0.9533640687529968,0.3018227168566525,45.36008874678265,11.020806328053961
519,-0.9532931572025749,0.30204661300989105,45.3600580523478,11.020813573268304
520,-0.9585980947639493,0.28476251985632967,45.360023800938876,11.020821820390227
521,-0.9555815919271289,0.294726688934026,45.35999329059461,11.020840127695765
522,-0.9532364780124782,0.30222544066700624,45.359954665875826,11.020850064088657
523,-0.9462385335268197,0.32346968585790786,45.359922833939805,11.020859901324348
524,-0.9533665470759993,0.3018148884935706,45.359893780905054,11.020873960340227
525,-0.9462483304663777,0.32344102567484057,45.359863200653216,11.02086898731197
526,-0.953296654299907,0.3020355755546086,45.359841439453874,11.02089138804572
527,-0.9505424235665804,0.3105947536584799,45.35979448417147,11.020891800414402
528,-0.9582246644995157,0.2860165945269445,45.359758034390524,11.02091120813615
529,-0.9519023826660727,0.30640145866926555,45.359733810984864,11.02090887123772
530,0.12093946473766534,0.9926598842851296,45.35970041993766,11.020928131816595
531,0.12591025638690853,0.9920416358886269,45.359704947035326,11.020934980943588
532,0.1172994090971983,0.9930965958180745,45.35971362767233,11.020947822869578
533,0.13150603928704904,0.9913153694112853,45.35970578503264,11.02095421828593
534,0.15268123871283515,0.988275487576776,45.35971308561313,11.020965119443531
535,0.10341883899883542,0.9946378957892832,45.35971484314683,11.020961281571644
536,0.12322734643152781,0.9923784666604996,45.35971435975161,11.020969425683283
537,0.13836682132626354,0.9903810492714741,45.35971878165362,11.02097770750993
538,0.1293247416148154,0.9916022948774681,45.359727214020644,11.020998120652061
539,0.1407501118402194,0.9900451535243056,45.35973450861108,11.020998911558053
