,Sin,Cosin,Lat,Lon
0,0.9499886500793664,-0.31228442919938076,45.359661533135004,11.020593571383142
1,0.9571418878278048,-0.2896194167617666,45.35969730869817,11.020586503081319
2,0.954087364964539,-0.2995284627794534,45.35972380425948,11.020562788339342
3,0.9604388460632751,-0.2784909746699964,45.35974987194791,11.020554251939803
4,0.9460696256393722,-0.3239633674392492,45.35978416329496,11.020557365217632
5,0.9502188217276121,-0.31158336097196937,45.359821926700356,11.020543486263293
6,0.9526376033347819,-0.30410787019175095,45.35985018162644,11.020538615736099
7,0.9513458081834876,-0.30812522332926096,45.3598873701547,11.020517009360027
8,0.9512926889588527,-0.3082891823165964,45.35991793954851,11.020518960919073
9,0.9571733576541946,-0.28951539405875315,45.35995474373949,11.020501742785886
10,0.9591816886676591,-0.2827905375444127,45.35998789304301,11.020494612482514
11,0.9463310629445808,-0.32319888506333033,45.3600190599354,11.020484199914748
12,0.955745693158901,-0.29419410260610585,45.36005432315796,11.020473961145917
13,0.9519766202905364,-0.30617072756912583,45.36008223473636,11.020468497774408
14,0.9518912490230123,-0.30643604558440857,45.36011915471161,11.020448261375106
15,0.955024235789809,-0.2965277542728358,45.3601493798199,11.020447577980441
16,0.9522471853799399,-0.3053281807104977,45.36018600723336,11.020428483152294
17,0.9603290741148249,-0.2788692693893737,45.36020805685289,11.020409031502805
18,0.9556415289714218,-0.29453228703346457,45.3602411869466,11.020416749715316
19,0.9639496311011908,-0.26608477727949464,45.36028335570716,11.020397770953439
20,0.9518194634050404,-0.3066589458720241,45.36031526942742,11.020391142463513
21,0.9597253280620096,-0.28094001971287036,45.3603417883897,11.020376420477886
22,0.9506586216726911,-0.31023891606208776,45.360377877252056,11.020369363932447
23,0.9591337658807065,-0.2829530334657928,45.360409182633084,11.020360315317198
24,0.9587770116432021,-0.28415953607882166,45.360439707014024,11.020352957031426
25,0.9498995327630331,-0.3125553993399753,45.36047253680133,11.020342239260772
26,0.9534056247738981,-0.3016914228967953,45.36050648154934,11.020328878814052
27,0.956242082168441,-0.29257662293861497,45.36054009466185,11.020327993023576
28,0.9464651232006206,-0.3228060881780797,45.36056347488185,11.020313203800763
29,0.9541873473292476,-0.29920980297572775,45.36060249003604,11.020297877441376
30,0.9443619011119868,-0.32890819346461103,45.36064291479354,11.020290680273977
31,0.9522349572702543,-0.3053663146984568,45.36067289519103,11.020284515352625
32,0.947752796056311,-0.31900570146541996,45.36070229577124,11.02027554043528
33,0.9512414025627867,-0.30844739267885285,45.360731008884464,11.020265422282579
34,0.9523699721508793,-0.3049449723234234,45.36076219364229,11.020257733721818
35,0.956700605734352,-0.29107378959213076,45.36079999518371,11.020244358419038
36,0.9556297579208474,-0.29457047675580583,45.36082950243621,11.020231959399668
37,0.9587762167273867,-0.28416221817461823,45.360864635170785,11.020216528563237
38,0.950453780160327,-0.31086590642742545,45.36089871641196,11.020212237170686
39,0.9607972215868169,-0.2772520495705181,45.36092907974544,11.020205593491353
40,0.9541206985228379,-0.2994222647871931,45.36096355814387,11.020182980286794
41,0.9533767935930735,-0.3017825201004693,45.36098973391344,11.020176767017194
42,0.9596245338800636,-0.2812841161094431,45.36102050605038,11.02017167876428
43,0.95522409501136,-0.29588330184335926,45.36105553285882,11.020162520215788
44,0.9540573026710433,-0.2996242033281913,45.36108769922522,11.020152408252391
45,0.9589873911754891,-0.2834487318130553,45.36112128892851,11.020140022145819
46,0.9434753647546502,-0.3314426588432451,45.36114738918505,11.020124480857739
47,0.9494348819170635,-0.3139640186376964,45.36119025395903,11.020127412640715
48,0.9494458316830539,-0.3139309043399106,45.361214674818505,11.020103868191027
49,0.9533336217692968,-0.3019188725539286,45.361243926971255,11.020102824433812
50,0.9495622157231184,-0.31357869581813425,45.361284790011275,11.020091998668077
51,0.9537937966183898,-0.30046196686482246,45.3613233920771,11.02007723128663
52,0.9578339240040549,-0.2873224217268718,45.36134667663438,11.020069929866972
53,0.9538221582355836,-0.300371920223601,45.36137405915122,11.020064916834373
54,0.9518931976295326,-0.30642999250501507,45.36141144024183,11.020052164378916
55,0.9557336390778693,-0.2942332597361708,45.36143913415011,11.02004281567826
56,0.9566636913950542,-0.291195091933893,45.36148875151292,11.020029080674888
57,0.9600279653474785,-0.2799041009895722,45.361515809473026,11.020017863348507
58,0.9697368020958502,-0.24415268718757485,45.36154185347585,11.020013790451026
59,0.9557720872888618,-0.2941083425533733,45.36157556225278,11.01999692271521
60,0.956435290160531,-0.2919444052136312,45.36161079112015,11.019990162166375
61,0.9494610193190667,-0.31388496745400035,45.36165071401009,11.019977148450543
62,0.947945161829466,-0.3184336197139171,45.36166747960448,11.019968658857369
63,0.9536869325242975,-0.3008009885828104,45.36170407841125,11.019961995116867
64,0.955257886363453,-0.29577418842831477,45.36174300431347,11.019954621700695
65,0.9525331140151917,-0.30443499586040024,45.36176939432007,11.019944388000399
66,0.9532804546960839,-0.3020867006248828,45.36181325557292,11.019934200321526
67,0.9514529442075689,-0.3077942412696325,45.36183360171232,11.01992711715573
68,0.948015532239488,-0.31822405728147,45.36186632124046,11.01990989715506
69,0.9565751393356766,-0.29148585352454215,45.36189095790196,11.0198988609738
70,0.9523416048073245,-0.3050335518480052,45.36192903102374,11.019890358893031
71,0.9541887967008533,-0.2992051808551743,45.361964064943265,11.019878814687747
72,0.9490161520394077,-0.3152274467242911,45.361996460330786,11.019871035476438
73,0.9651316380695727,-0.2617650114074516,45.36202574488866,11.019848510749423
74,0.9469854487737805,-0.3212764538691273,45.3620645567017,11.019850423404135
75,0.9557189011790718,-0.29428112737494333,45.36209815273918,11.019841905600021
76,0.9506824660764649,-0.3101658406317033,45.3621272083777,11.019825518776454
77,0.9593181183284031,-0.2823273770764218,45.36214902423015,11.019823025620605
78,0.9507395559318957,-0.3099908011319394,45.362194353041204,11.019797977321263
79,0.9489020529366842,-0.3155707431504801,45.36223247214138,11.01980169040439
80,0.16109553770323382,0.986938816610283,45.362258752521356,11.019788638813326
81,0.1448690618885875,0.9894508350127967,45.362259047181155,11.019801877020821
82,0.14479908889616755,0.9894610774835156,45.36227001233366,11.019794454958856
83,0.13199126164082428,0.9912508798737398,45.36227109549888,11.019805562407008
84,0.11642390655152614,0.9931996143692775,45.36226625928005,11.019824558270333
85,0.11576963067071629,0.9932760908299192,45.362276539009144,11.019817150435683
86,0.1179801221579421,0.9930159569592006,45.36227609403067,11.019827373623395
87,0.09330687774095188,0.9956373971312222,45.36227614382263,11.019832175893749
88,0.13189110676488786,0.9912642109732062,45.36227733154883,11.019843692867646
89,0.13601535766044803,0.9907067287954091,45.36227132132704,11.019839737095221
90,-0.9569185078156524,0.2903566245152076,45.3622779769715,11.019850818096533
91,-0.9571254970546453,0.2896735798927788,45.362250737428724,11.019859636556124
92,-0.9574954721995798,0.2884482981702332,45.36220922696844,11.019862790609336
93,-0.9504235334626049,0.3109583686612355,45.36218475660098,11.019889651810143
94,-0.9508389831997047,0.3096856923200548,45.362143054780674,11.019894632015001
95,-0.9468175511280749,0.3217709198728739,45.36211160640484,11.019892839361136
96,-0.9575487368472748,0.2882714286261967,45.36208072133452,11.019904930417988
97,-0.9575888195082632,0.28813825284534983,45.36205103402495,11.019921678715278
98,-0.9468254659007003,0.32174762955136416,45.36201856886689,11.01993517320363
99,-0.9568903072560233,0.29044954790715943,45.36197955034146,11.019951193458562
100,-0.9293109448604877,0.3692982098013849,45.36195998011068,11.019949611470908
101,-0.9544290544573226,0.29843789975085466,45.36192436762184,11.019964597790763
102,-0.954334683976832,0.29873953698638595,45.36187798186262,11.019973769099966
103,-0.9570950515843978,0.2897741572891878,45.36185002669939,11.019978010336823
104,-0.9477544449612049,0.3190008025950381,45.361822082581504,11.019994087412865
105,-0.9444566718973464,0.32863596107028226,45.361792910185386,11.020009892740074
106,-0.9622312427035095,0.2722334211026629,45.36176335130221,11.020018555057343
107,-0.9560676300727712,0.29314618661520175,45.36172246539961,11.020030736619034
108,-0.9510553019069032,0.30902073185268514,45.36169365308663,11.020026171492646
109,-0.9632129514192086,0.26873929786746337,45.361664551823,11.020044980714127
110,-0.9590275644389357,0.28331277882637623,45.36163878045768,11.020049062156827
111,-0.9541477359160123,0.2993360954618529,45.361604190126116,11.02005670823311
112,-0.9636661593816034,0.267109590360792,45.36156703133437,11.020069729258728
113,-0.9545733119163214,0.29797616041741554,45.361532970492625,11.020082406691268
114,-0.9548542417152123,0.29707469949234483,45.36148987849811,11.020091609901609
115,-0.9521163498842344,0.30573592573186753,45.361465150640086,11.020104276771683
116,-0.947584394658412,0.3195055789807916,45.36144063348676,11.020110514559578
117,-0.9542349446239539,0.29905797173544757,45.36139939699756,11.020123446666434
118,-0.9494162362364792,0.3140203980166861,45.36135816268464,11.020138946490063
119,-0.9473601752249584,0.3201697961984173,45.361328289342346,11.020138409138497
120,-0.9554986729320354,0.2949954000067108,45.36131250573987,11.020158090022818
121,-0.9554742138686809,0.2950746119747109,45.36126843736272,11.02015642529881
122,-0.9595241801247165,0.28162625544503217,45.36123785396711,11.02016743197714
123,-0.9567896083760496,0.2907810951619886,45.36120651439951,11.020180103516424
124,-0.9517210907611334,0.3069641109322692,45.361170650231735,11.020188969015708
125,-0.9546020401421874,0.29788411329974224,45.361139790912866,11.020203570902742
126,-0.9539084871201239,0.30009764777518066,45.36109842105837,11.020214406662182
127,-0.9517180194275128,0.30697363322763144,45.361074539761745,11.020235165642333
128,-0.956297415522791,0.2923957131430459,45.36104500534416,11.020228860333127
129,-0.9571238682052281,0.2896789618040309,45.36100509321656,11.020242376411462
130,-0.95615103495675,0.2928740315410976,45.36097707169683,11.020261379119482
131,-0.9458061542118715,0.32473176416074456,45.36094544228811,11.020260249391745
132,-0.9552057022767997,0.2959426740736895,45.360907241219735,11.02027752214008
133,-0.9564222157164145,0.29198723479649646,45.360888489168275,11.020291417621072
134,-0.949496288472775,0.3137782627532137,45.360844649856155,11.020302246802935
135,-0.9464302266725593,0.3229083864512162,45.36081419676116,11.020304893755378
136,-0.9568648638851747,0.29053335826029725,45.360780630454386,11.020313279137543
137,-0.9436628205780497,0.3309085690318089,45.36074978747527,11.020324698861362
138,-0.9463055213475838,0.3232736615734067,45.36070951487641,11.020326825703055
139,-0.9441419953451585,0.3295389091225232,45.360681286224825,11.02034930281828
140,-0.9556367168454541,0.2945479000380776,45.360650262856026,11.020352933204048
141,-0.9562397288531699,0.2925843142802021,45.36061825984456,11.020361138528411
142,-0.9453104491077671,0.3261719712171354,45.36058868204719,11.020375245591675
143,-0.9544917269422356,0.2982373940317156,45.36055134027298,11.020384494613776
144,-0.9543840981914471,0.2985816356028923,45.360516756013496,11.020400535671454
145,-0.9577659733597219,0.28754884850109297,45.36048306988598,11.020413004931866
146,-0.9477091707840194,0.3191352810515727,45.36044586811416,11.020419315208677
147,-0.9514444944560331,0.30782035990054923,45.360419514126335,11.020424338879302
148,-0.9542727217679182,0.29893740563811905,45.36038744924791,11.020438850115625
149,-0.9514694255966163,0.3077432893741879,45.36035301263308,11.020441903343308
150,-0.9520873792601537,0.3058261307565658,45.36033187704882,11.02045534947074
151,-0.9534375482084662,0.3015905198547009,45.36028929733557,11.020462428365432
152,-0.9631895168068431,0.2688232778488505,45.360258359066705,11.02047982418191
153,-0.946769799238361,0.3219113965832114,45.36022398145195,11.020479213380721
154,-0.9527822595402432,0.303654352686387,45.36019340713818,11.020493329761745
155,-0.9568946147912588,0.29043535629032574,45.3601527577859,11.020508558159609
156,-0.9478686939870772,0.31866116638089526,45.36012681134612,11.020516525540383
157,-0.9520925444282045,0.3058100502668732,45.36010699248567,11.020519592197163
158,-0.9509910988025887,0.30921825624992605,45.360063569047455,11.020542899187099
159,-0.9447837448586663,0.3276944849258751,45.36003645477874,11.02054298293966
160,-0.958593214266704,0.28477894859316594,45.35999415466771,11.020549409343822
161,-0.9525324371046686,0.3044371138074999,45.3599759322965,11.0205663577324
162,-0.9517165302585747,0.30697825009693996,45.359936931079055,11.020581354796773
163,-0.9466825250474952,0.32216796359926697,45.35990516267769,11.020588952084886
164,-0.9423542925700411,0.3346167767384317,45.35987122185633,11.020586649679448
165,-0.9612515818117925,0.2756726255258703,45.359839753086185,11.020605625611045
166,-0.9499159784091252,0.3125054142939515,45.35979917433822,11.020621411139867
167,-0.9541906813783435,0.2991991704044857,45.359776116687264,11.020620815185866
168,-0.9484134690417311,0.31703610478970606,45.35974334423024,11.020639966013826
169,-0.95094717219749,0.309353318536584,45.35972082632622,11.020645060575408
170,0.1053299646067593,0.9944373276159433,45.35967507487706,11.020659101436697
171,0.12451712180776876,0.9922174592178417,45.35967539748205,11.020655372803676
172,0.14519685000526578,0.9894027869116543,45.35968397632468,11.020674287225098
173,0.12401707918460184,0.9922800834797201,45.359690073379326,11.02068026975833
174,0.13689465358964178,0.9905856115543835,45.35968340098319,11.020688475421084
175,0.12531911871666843,0.9921164843323981,45.35968918480554,11.02070462910034
176,0.09783356080350875,0.9952027905811489,45.359687124244964,11.020715111823964
177,0.15760286931771725,0.9875025749752872,45.35969249352256,11.020714536381298
178,0.11363189024323904,0.9935229204803221,45.359696163334405,11.020722219296921
179,0.140999947095126,0.9900096034479523,45.359694970289,11.020748064156969
180,0.9546550530165431,-0.29771417458693716,45.359699421645686,11.020748922106637
181,0.9543050313156116,-0.29883424704292083,45.35972919383942,11.02073719188089
182,0.9567620019440204,-0.29087191620379965,45.35975942183986,11.020722366855875
183,0.9522791640206285,-0.30522842884006207,45.35979761089848,11.020727258889497
184,0.9560676381825055,-0.2931461601660949,45.35983611716521,11.020697518265692
185,0.9481456105163745,-0.3178362805888145,45.359861440713054,11.02071063518945
186,0.9503877286944575,-0.3110677822388398,45.35989118766316,11.020681470120314
187,0.943098979819467,-0.3325121264908705,45.35992417018982,11.020672968539834
188,0.9524460327847767,-0.30470732618783586,45.35994835587009,11.020668116743334
189,0.9597250901867382,-0.2809408323224966,45.359998742132774,11.020662202967314
190,0.9537962288826589,-0.30045424571674556,45.36001742020372,11.020639480073969
191,0.9504152882886789,-0.3109835683555439,45.36005982217677,11.020632889171475
192,0.9510823377261655,-0.308937512881379,45.360085185540264,11.020628168928013
193,0.9603814843544929,-0.27868872332597355,45.36011633083379,11.020615070468171
194,0.9585269072275602,-0.28500204932731305,45.36014800937529,11.020595471822736
195,0.9556653169755918,-0.29445509323144975,45.360189992051104,11.02059143556379
196,0.9637653406599761,-0.2667515101036172,45.36021330085988,11.020589833188689
197,0.9575199977389722,-0.28836687384295484,45.360243086353904,11.02057961041697
198,0.9448100927151085,-0.3276185109295078,45.36028342040759,11.020565823046642
199,0.9557362371520411,-0.2942248204935428,45.36031398879544,11.020555842727099
200,0.9486047691897546,-0.3164632551663028,45.36034358304524,11.020536148417435
201,0.9609512089677571,-0.2767178598923568,45.360377144883984,11.020531469853964
202,0.9583820917974544,-0.2854886444710818,45.36039903313168,11.020528819562337
203,0.9542710805292293,-0.29894264477584526,45.36043883491211,11.020515303172132
204,0.9551505261730522,-0.29612070571194693,45.36046891882555,11.020495145268416
205,0.9480978036683182,-0.31797885885591687,45.36051055910775,11.020488088186458
206,0.9536875257498443,-0.3007991077598802,45.360539333893755,11.020479912717764
207,0.9573978745890575,-0.288772072286008,45.36056640465578,11.02047655063726
208,0.9642569481436631,-0.2649689377203845,45.3605980895395,11.0204586761131
209,0.9495685536987907,-0.31355950284816264,45.360640899279424,11.020445010464714
210,0.9519070219292108,-0.3063870454210833,45.36067234640869,11.020436376039195
211,0.9449224855748519,-0.32729420443240936,45.36069308554326,11.020432333577954
212,0.9584557670599393,-0.28524120072237724,45.36072792570079,11.020419553808047
213,0.9598807586909709,-0.2804085039631396,45.36076337025374,11.020411638319194
214,0.9567596484997578,-0.290879657251276,45.36079625332279,11.020387192339843
215,0.9495345708496404,-0.3136623961545107,45.36082438657588,11.020389955009614
216,0.9512522192012876,-0.3084140325352034,45.360861961798825,11.02037359217189
217,0.9568918218272207,-0.29044455808326397,45.36088485865831,11.020368023659689
218,0.9595074877938313,-0.28168312137501345,45.36092135933941,11.020353237848528
219,0.9541723866057586,-0.2992575089100866,45.36095249765348,11.020357455812743
220,0.9520023030831435,-0.30609086056984863,45.36098299982783,11.020334681230622
221,0.9593775648248285,-0.2821253056901879,45.36102472234897,11.020332062885048
222,0.9523220241302375,-0.3050946776928227,45.36105753511181,11.020305923805232
223,0.956041987294446,-0.29322980498251927,45.36108272026874,11.020297145592592
224,0.9469137958955742,-0.3214875785199715,45.361111130705645,11.020301713003366
225,0.947023702260544,-0.32116367689502584,45.36114296318813,11.020289505152528
226,0.9617189787685174,-0.27403759938453687,45.36119083368011,11.02026498702463
227,0.9479217881028861,-0.31850319251120085,45.36121285763775,11.020259685999566
228,0.9420181184159239,-0.3355620130111907,45.36124226697691,11.020246489398962
229,0.9561410042908646,-0.29290677683122485,45.36127534154304,11.020241984825283
230,0.9533322417097573,-0.3019232301705996,45.36130788473268,11.020226270289674
231,0.9495122405912637,-0.3137299873575335,45.3613419891454,11.020225816304043
232,0.9438291609424899,-0.33043382840531843,45.36137374177099,11.02021306897415
233,0.9571404548361808,-0.28962415250802015,45.36140402173358,11.020202438227452
234,0.949468164709547,-0.31386335275575655,45.36144087012261,11.020185210003993
235,0.9479130796849632,-0.3185291091284572,45.361464053827504,11.02018847217046
236,0.9641005475813273,-0.26553744397614565,45.361497720081815,11.020165791064349
237,0.9492588179418717,-0.31449594045011203,45.361530554762176,11.020156226506746
238,0.9419028469988087,-0.33588543703998064,45.36156871317931,11.020138764117878
239,0.9479189222037638,-0.31851172180636417,45.36159987885712,11.020140408044952
240,0.9552521590751858,-0.2957926851397715,45.36162975552087,11.02012753826504
241,0.9468584027774256,-0.3216506879983041,45.36166096929027,11.020122550527303
242,0.9518589604478748,-0.3065363264200366,45.36170178756232,11.020113097446504
243,0.9647737714424508,-0.263080918990165,45.36172632754409,11.020085722391432
244,0.9565127774181462,-0.2916904294553112,45.36175804743714,11.020088588963192
245,0.952076552728603,-0.30585983349308815,45.361786340279565,11.020070151994329
246,0.9569742345605782,-0.29017290429534515,45.36181627472139,11.02007213189609
247,0.9515746214621154,-0.3074178586049156,45.361847667772714,11.020051770928056
248,0.954464855170357,-0.2983233819944886,45.361892614821436,11.020036745335807
249,0.9512229835743224,-0.3085041904414984,45.36192380583707,11.020033295503563
250,0.9525663654591321,-0.30433093729685,45.36194689842146,11.020018822135233
251,0.9551802222363869,-0.2960249027505062,45.36198726797198,11.020007155396602
252,0.9531251180594112,-0.30257645203193406,45.36201962159122,11.020003668511812
253,0.9497788353593284,-0.31292197734176147,45.36204450651171,11.019993971636385
254,0.937657244400696,-0.34756135001304955,45.362085220488126,11.01997822108047
255,0.9551209433240788,-0.29621610966272904,45.36211242100608,11.019975459627304
256,0.9527424983411854,-0.30377908396497,45.36215360578628,11.01996606862253
257,0.9557140257303662,-0.294296960606556,45.36217854046895,11.019953886292598
258,0.9489882172046412,-0.31531153421141545,45.362201539190224,11.019939966243532
259,0.9546742015015585,-0.29765276579827327,45.362235419961095,11.01992977162676
260,0.09549603272077707,0.9954298105514986,45.36227248114622,11.019921918939119
261,0.11920961525814869,0.9928691090118598,45.362276098409765,11.019931520845656
262,0.15936282857948622,0.9872200812722284,45.36228076012535,11.019936041312512
263,0.1207576664175092,0.9926820165598839,45.362280621420624,11.019929552150682
264,0.10630395198598531,0.9943336813123457,45.36227565144238,11.019943305333197
265,0.14153757877736473,0.989932883479401,45.36228631270103,11.01995714038728
266,0.11900928844231402,0.9928931409091585,45.36228372987904,11.019962265574083
267,0.13310653275614157,0.9911017359169735,45.36227881167887,11.01996308571265
268,0.12628483974705187,0.9919940217814125,45.3622906847157,11.019979697675765
269,0.13285993477120295,0.991134823186327,45.36228956127944,11.019975966163097
270,-0.9534693901420346,0.3014898374111085,45.362294324962946,11.019981446072679
271,-0.953727141108661,0.3006734779003632,45.36226138659229,11.019988363447185
272,-0.956271282176263,0.2924811701374399,45.362225105406914,11.020006237713051
273,-0.9564699892898437,0.2918307036414882,45.36219678708762,11.020010424391113
274,-0.9634280403768011,0.26796718272153597,45.36216904269821,11.020019225457922
275,-0.9581504688229843,0.28626505042407024,45.36212860601827,11.020029333168653
276,-0.954840714295505,0.2971181756871326,45.36210459138556,11.020038053227728
277,-0.9559439806696883,0.2935491540123912,45.36207006532417,11.020063253575557
278,-0.9472205747005318,0.3205825679353048,45.3620389727066,11.020067762159885
279,-0.9464863072046275,0.3227439701592389,45.36200139101352,11.020079221182456
280,-0.9537512552756588,0.30059697779602684,45.36197253838628,11.020077243633676
281,-0.9531225737264548,0.302584466642058,45.36193480250351,11.02009313615996
282,-0.959567383447108,0.28147901631288746,45.36189877382604,11.020098198692109
283,-0.9473691296950983,0.32014329932196284,45.36186967870883,11.020110785042691
284,-0.9511537355149369,0.3087176240773785,45.3618341607375,11.0201253706315
285,-0.9510577027476197,0.3090133428258727,45.361811839308054,11.020139332785549
286,-0.9591102555950565,0.28303271473874786,45.36177692569783,11.020149733712573
287,-0.9403930580438556,0.34008954171354,45.36174504689697,11.020147539704682
288,-0.9534873987335548,0.30143287885749803,45.36170772003959,11.02016945609846
289,-0.9576913654713534,0.2877972350485922,45.361672382560776,11.020180710901425
290,-0.9519764888442962,0.30617113627460973,45.36163901630874,11.020182054263392
291,-0.9561384241450371,0.2929151991164767,45.36161322792775,11.020186666509732
292,-0.9441043225638082,0.3296468233069034,45.36157967760787,11.020195498455834
293,-0.9608093721915235,0.2772099390514895,45.36154883699624,11.020216628861132
294,-0.9506146664183023,0.31037357489067885,45.361508943327685,11.020229520363557
295,-0.9553907235098669,0.2953448246224965,45.36149031085562,11.020245585562296
296,-0.9607166755727572,0.27753102398908414,45.36144897970497,11.020249387225634
297,-0.952907006023394,0.30326265492396437,45.361419160163116,11.020260730450843
298,-0.9580063982938137,0.2867468235710986,45.361381354943795,11.020265262458299
299,-0.9549762482864409,0.2966822630504795,45.36135685341748,11.020277052505097
300,-0.964754165795951,0.26315280652001183,45.36131777995718,11.020287194986013
301,-0.9564877231664376,0.2917725748453481,45.361298442520884,11.020302762138094
302,-0.9583830215748904,0.28548552320035975,45.36124892232463,11.02030992809638
303,-0.9535768612772396,0.3011497462005373,45.3612295539502,11.020318980641127
304,-0.9566212369449326,0.291334531125212,45.36118687175604,11.020332219357728
305,-0.9579839427621283,0.28682183565748137,45.3611618003185,11.020346568138715
306,-0.953066776639024,0.3027601679001068,45.361121386510305,11.020351270857454
307,-0.9625147835819383,0.2712292229576569,45.36109467978217,11.020362166248466
308,-0.9522126589421975,0.3054358396623261,45.36105475765431,11.020370817471141
309,-0.9550694896786118,0.2963819661940248,45.36102855793809,11.020378167499299
310,-0.957613162649485,0.28805733929280625,45.36099794223,11.020385483542338
311,-0.9501289058712946,0.3118574389489797,45.36096251541428,11.020396480326188
312,-0.9518618221779591,0.3065274400115843,45.360928326645634,11.020416629021147
313,-0.9556516378016193,0.29449948585198343,45.36089794135542,11.02042737683837
314,-0.9449098597625276,0.32733065380981424,45.36086966445761,11.02043370499429
315,-0.9551571995319444,0.2960991796379944,45.36083029660837,11.020438925109207
316,-0.9481875895872603,0.31771102428575104,45.36080369271828,11.02045188061274
317,-0.9514007614579183,0.3079555018136438,45.36076680430825,11.02046495718398
318,-0.9436854682432666,0.33084397686294165,45.360740711145375,11.020471542906677
319,-0.9557291137379414,0.29424795862280656,45.36069979649932,11.020483750009243
320,-0.9467854566394402,0.32186534311113185,45.36066363438948,11.020485684128003
321,-0.9517004763634236,0.3070280171085899,45.36063440664309,11.020501422535371
322,-0.9547920774775134,0.2972744334553074,45.360601015272216,11.020510320449203
323,-0.9532774660408102,0.30209613161841703,45.36057866339084,11.020520454663686
324,-0.9445834502131812,0.3282713901383466,45.36053627516037,11.02053795939573
325,-0.951152759929028,0.3087206298247538,45.36050097823055,11.020558045697163
326,-0.9453284549292713,0.3261197821369268,45.360478167943434,11.02055621018667
327,-0.9514798202029496,0.3077111498573989,45.3604533668001,11.020562968518593
328,-0.9615485647007275,0.27463495356922607,45.36040899819596,11.020582907459334
329,-0.958625475988098,0.2846703300075237,45.360375940623854,11.02059174678399
330,-0.9625367721836425,0.27115117959229806,45.360341891158434,11.020585877226843
331,-0.9597732535770802,0.28077624849346816,45.360321320401745,11.020608420387902
332,-0.9459135133979241,0.3244189038437731,45.36027393135221,11.020614897450626
333,-0.9503997895445664,0.3110309309918289,45.360240991917046,11.020628268334546
334,-0.9558690377252802,0.2937930950824864,45.360218292707145,11.020637569768649
335,-0.9577629451926987,0.28755893450875025,45.36018593806681,11.02063251698516
336,-0.95446438243145,0.2983248944854429,45.36015378970347,11.02065079146205
337,-0.9518686148628012,0.3065063458383405,45.360123945705105,11.020667737453715
338,-0.9500434741986269,0.3121176014463184,45.360080518123745,11.020680971947774
339,-0.9510370239232333,0.30907697929033706,45.36005225678939,11.020689620982894
340,-0.9527846134479953,0.3036469666845928,45.36003218258093,11.020696241314171
341,-0.9589993388854489,0.2834083061896247,45.359983743250766,11.020705775398941
342,-0.957475124856184,0.2885158319427805,45.359958015429854,11.020725661541315
343,-0.9432993606787475,0.33194324235186085,45.35992888702819,11.020731266785399
344,-0.956734058059434,0.29096381587600806,45.35988865057314,11.02073727687737
345,-0.9486420876781777,0.3163513702919408,45.35985735552143,11.02075576556604
346,-0.9560878101768504,0.29308036309387026,45.35981923207414,11.02076175751695
347,-0.9583786627986334,0.2855001553279849,45.359793247116016,11.020770358923672
348,-0.9469096994281447,0.32149964405719117,45.359763690029254,11.020775150631108
349,-0.9603103595526381,0.2789337077799722,45.35971881117348,11.020791420254971
350,0.12811157277698262,0.991759761696656,45.35969657978518,11.020801495629842
351,0.11380920336670879,0.9935026246714375,45.359714965877906,11.020815860877171
352,0.13187575331584472,0.9912662536813096,45.359697626610995,11.020816511858817
353,0.12531382290597523,0.9921171532579658,45.359710290136405,11.020830035629336
354,0.13280002709236188,0.9911428518655966,45.35970265934677,11.020834897837341
355,0.14053062082267676,0.990076332719449,45.35970075748145,11.020839246140438
356,0.12295699026632448,0.9924120004033844,45.3597185090514,11.02083509093159
357,0.13193728325272025,0.9912580659383768,45.35971362102094,11.020864408960449
358,0.14467330746491971,0.9894794763445883,45.35971801308847,11.020865351763101
359,0.14642383421502134,0.9892219471755426,45.35971218399973,11.020871579344913
360,0.9504997682094622,-0.3107252655220663,45.35972132564787,11.020881130535983
361,0.9540627259355017,-0.2996069341329066,45.35975152607351,11.020872681159112
362,0.9503664078654378,-0.3111329150073075,45.35978272773671,11.020867470270577
363,0.954999536709137,-0.2966072906813549,45.35981071133093,11.020847544753181
364,0.9622823121602486,-0.2720528472623026,45.359856217146366,11.020836974067242
365,0.9506835395241126,-0.3101625504117238,45.35988807580145,11.020823995327804
366,0.9691078277676047,-0.2466374224637342,45.359908816298656,11.020817422081203
367,0.9530893746363468,-0.3026890218612123,45.359947540887454,11.020821866357238
368,0.953788760904965,-0.30047795188893894,45.35997393156834,11.020797853871764
369,0.955845893047399,-0.29386838677275284,45.360005459243375,11.020794353344161
370,0.9596770836075474,-0.28110477619299234,45.36004351022445,11.020775247841398
371,0.9496559410640784,-0.31329473918612116,45.36007288710806,11.020767033445658
372,0.9604545652431111,-0.2784367578170425,45.360111690994785,11.020765493726275
373,0.9559618015376595,-0.2934911140066636,45.36014429319389,11.020750152035234
374,0.9565230864012532,-0.29165662204280696,45.360183605105334,11.02073681016373
375,0.9561650872198407,-0.2928281509381816,45.360214820478866,11.020732184340694
376,0.9521252339266203,-0.305708257854083,45.360241474807296,11.020722199018198
377,0.9519525480434694,-0.30624556531245667,45.36026940687837,11.020707347819437
378,0.9587503863493008,-0.28424935650774374,45.3603035541381,11.020699094747872
379,0.9521686321989402,-0.30557306140495966,45.360334291669375,11.020683875836413
380,0.9574747671604162,-0.28851701899733184,45.36036753471038,11.02067211947288
381,0.9525444610114887,-0.30439949046661124,45.36039876082691,11.02067052526094
382,0.9496033139501991,-0.3134542169676449,45.36043355075363,11.020656028232668
383,0.9471639164116925,-0.32074992665262525,45.36046615976546,11.020650324460545
384,0.9595995880477991,-0.2813692069479071,45.3604933312133,11.02063876189445
385,0.9538179441948277,-0.3003853014578984,45.36052997864906,11.020621252699035
386,0.952341058554339,-0.3050352572926628,45.36056165733206,11.020619467237498
387,0.9497170260803394,-0.3131095181771324,45.36058986174383,11.020612486741726
388,0.9555881883215128,-0.29470530083527346,45.36062152174738,11.020588295406558
389,0.9465643384511101,-0.32251504332761327,45.36065439697174,11.020588390167099
390,0.9533997407232507,-0.3017100170508733,45.36069302348483,11.0205816897045
391,0.9547397894735328,-0.29744232112467506,45.36072542320972,11.020565840259819
392,0.9555504829226356,-0.29482753362994774,45.36075641605804,11.020560711505588
393,0.9584239263024428,-0.2853481688937387,45.360783736420736,11.020551098202061
394,0.9665714207638598,-0.2563975205857758,45.36081487478136,11.020541276827114
395,0.9611877062369939,-0.27589525798546516,45.36084557122374,11.02052100385827
396,0.9423728493301371,-0.3345645122325421,45.360876231176256,11.02051455423026
397,0.9593716552285793,-0.2821454007138447,45.36091313905793,11.020511623827492
398,0.9546702481178214,-0.29766544535544814,45.36094306167387,11.0204861087463
399,0.9469111913715569,-0.32149524981762745,45.36097281556515,11.020482721307335
400,0.9609829516744853,-0.2766076040006743,45.361007629763364,11.020467952981974
401,0.9521698837331257,-0.3055691615848134,45.36104629429073,11.020473690773576
402,0.9558941132394142,-0.2937114983691207,45.36106801227226,11.020444685281403
403,0.9523737159790621,-0.3049332797715473,45.361115692577606,11.020439115062638
404,0.9501390250458721,-0.3118266074036654,45.36115132023279,11.020436693256464
405,0.9483823576048217,-0.3171291594664864,45.36117098284983,11.020418886499067
406,0.946793673924525,-0.3218411704808762,45.361203008281585,11.020413250928314
407,0.9501758652416629,-0.311714332542245,45.36123729031015,11.02039653340495
408,0.9515949776488073,-0.3073548413699805,45.36127409908699,11.020390362862347
409,0.9490004608716746,-0.3152746822460525,45.36130700923318,11.02038811517118
410,0.9520112373004418,-0.3060630720189579,45.361336139032446,11.020367420373475
411,0.9478057020925703,-0.31884847667945637,45.36136533232485,11.020358168177241
412,0.9559896873395844,-0.29340026874623626,45.36140765891335,11.020354151327554
413,0.9574163520160125,-0.28871080494562523,45.3614345312623,11.020344378851231
414,0.9435065669134993,-0.33135382628106547,45.36146358624024,11.020329237921025
415,0.9524068184009634,-0.304829874296064,45.36149666385728,11.020331513299547
416,0.9491285310419917,-0.3148889194018599,45.3615339982121,11.020312320921754
417,0.9538415628726626,-0.3003102944233453,45.361564817703744,11.020299315215851
418,0.9524426956262092,-0.30471775719225835,45.361592376603085,11.0202958248159
419,0.9556139234511796,-0.29462184119009777,45.3616188690889,11.0202776914047
420,0.9590706045150612,-0.28316704531974596,45.36165482001843,11.020267866698097
421,0.943405185363523,-0.33164236193408214,45.361684453661255,11.020257111545847
422,0.9500968698654638,-0.3119550253992519,45.36172206541354,11.020249239195905
423,0.9562338777081437,-0.29260343662241356,45.36175378123675,11.020239448583274
424,0.9464387667059211,-0.3228833549072716,45.36178538677646,11.020231364783816
425,0.9575936547822702,-0.2881221829723186,45.361820536247244,11.020225266366038
426,0.9483438437091825,-0.31724431294964733,45.361859560413514,11.02021514562635
427,0.9514284153356074,-0.3078700545554487,45.36188798976373,11.020203245683684
428,0.9572550418353483,-0.28924519854408254,45.36191851774499,11.020194567684113
429,0.9462509694127621,-0.32343330515796914,45.36195688823376,11.020186963236348
430,0.9541608722565489,-0.29929421954762486,45.36198164557771,11.02016774941539
431,0.9520674536352979,-0.3058881555869724,45.362017272530295,11.020154100236255
432,0.9526698948517273,-0.3040066963788773,45.36204581388757,11.020139013804268
433,0.9412721003446514,-0.3376489791377556,45.362086440684664,11.020130915281289
434,0.9533315384171384,-0.3019254508305192,45.36211168427669,11.02012703957804
435,0.9530104043353245,-0.302937566552287,45.362143980238855,11.02011842121211
436,0.9470898672595472,-0.32096850832175616,45.362178325265496,11.020106522924168
437,0.9566479518126544,-0.29124679619294247,45.362205989870084,11.020092921414026
438,0.9500533499071544,-0.31208753953048834,45.36223651396382,11.020084370839779
439,0.9528628215341312,-0.30340145572823896,45.36227406238546,11.020069061348288
440,0.11947836509657044,0.9928368044516936,45.36230406106575,11.020066310549444
441,0.118321889048474,0.9929752920249328,45.3622930543835,11.020073417000164
442,0.11530768981279226,0.9933298227024279,45.362303388521276,11.020083121610337
443,0.13332571289383024,0.9910722750038727,45.36230904005542,11.020075880038027
444,0.13660885040516013,0.9906250663045937,45.36230162361443,11.020082330164843
445,0.12030294033308568,0.9927372273402534,45.362304910132515,11.020088951302471
446,0.15877384791664556,0.9873149777136686,45.36229536398043,11.020090888859356
447,0.12085350516004882,0.99267035328478,45.362310072670745,11.020102566281558
448,0.14210855777365056,0.9898510786009647,45.362308030162325,11.020121793150937
449,0.15089460857018566,0.9885498556494005,45.362291207320304,11.020115632520332
450,-0.9484476316081031,0.31693388915825976,45.3623041510417,11.02011790900413
451,-0.9523939360838471,0.3048701207247388,45.3622722547922,11.02011794592458
452,-0.9566612116307012,0.2912032385830878,45.362237781464515,11.0201347139167
453,-0.956919951415043,0.29035186685094977,45.36220199303068,11.020152537427581
454,-0.9538311261285605,0.30034344146047587,45.36217258067445,11.020161366126272
455,-0.950381932484711,0.31108549051125195,45.36213963067618,11.020158340388484
456,-0.9438586087087006,0.33034970374812817,45.36210430299535,11.0201804828922
457,-0.9525523812130748,0.30437470500240477,45.36207300450651,11.020185169250203
458,-0.9543111724444598,0.29881463509620876,45.36204577466138,11.020205601408943
459,-0.9469443310309723,0.3213976258908961,45.36201697040529,11.020211933798869
460,-0.9526815414116829,0.3039701969823025,45.36198318326701,11.020220252155527
461,-0.9524221821909896,0.30478186768663496,45.36194678705142,11.020232525871505
462,-0.9484468588410278,0.3169362017103562,45.36190885081259,11.020237821249376
463,-0.9512879740248242,0.30830373088197505,45.36187968308495,11.020247134471123
464,-0.9543555072019645,0.2986730082770805,45.36184364955281,11.02025227324771
465,-0.9529964311997184,0.3029815210876733,45.36181229809921,11.0202758176981
466,-0.9546182633124668,0.29783211940670495,45.36178636633408,11.020277077507417
467,-0.9551843654445105,0.2960115335765956,45.36175660672891,11.020294044641272
468,-0.9578630911382976,0.2872251706152952,45.36172088487209,11.020301205119953
469,-0.9527674179324028,0.3037009175594011,45.36168572298482,11.020316982604987
470,-0.9566834489551083,0.2911301744844713,45.36165115816034,11.020330877811494
471,-0.9463342949535478,0.32318942153908997,45.36162110755053,11.020341955481182
472,-0.9578850813534183,0.2871518255567169,45.36158101178482,11.0203365868078
473,-0.9519833431688689,0.3061498233365873,45.36155298139731,11.020347171575832
474,-0.9577916708934042,0.28746324141917823,45.3615269349165,11.020359345805112
475,-0.9488100406892919,0.3158472838052979,45.361482139370146,11.02036174608116
476,-0.9588798473698769,0.2838123293796831,45.36146185285319,11.020372841669039
477,-0.9599895829279766,0.28003571320417225,45.361439729822486,11.02039487254364
478,-0.9581199700799757,0.2863671121723764,45.361394008175175,11.020394972618261
479,-0.9549388313197439,0.2968026759274277,45.36136825062591,11.0204161476567
480,-0.9610381763687692,0.2764156717007748,45.36133017083061,11.020428880086266
481,-0.9557835605165679,0.29407105509769604,45.361305068974396,11.020439753359684
482,-0.9490035338322951,0.31526543225322995,45.361252066379144,11.020445589320978
483,-0.9627452114956349,0.27041016575237203,45.36123445233896,11.020458061051063
484,-0.956032621625591,0.2932603389272059,45.361197977718184,11.020466419079382
485,-0.94381193080016,0.3304830393216481,45.36116940969937,11.020478869821698
486,-0.955479148390788,0.2950586331399481,45.36113049740111,11.02049455702066
487,-0.9450216264302853,0.3270078371829311,45.3611100281257,11.020496704060672
488,-0.954651484215712,0.2977256181196675,45.361071339536835,11.020511844408906
489,-0.9543123331137161,0.29881092829255046,45.36103840082403,11.020515524809847
490,-0.9583862529468755,0.28547467516830194,45.361006188008666,11.02052960071659
491,-0.9495822668276431,0.3135179716164206,45.36097453759904,11.02053364560901
492,-0.941899056660425,0.3358960658629415,45.36093755942237,11.02053548933581
493,-0.9570698959192249,0.2898572309347554,45.360915026854144,11.020554147465498
494,-0.9529802683761756,0.3030323548495647,45.360872395345865,11.020575354143075
495,-0.9492666455737279,0.3144723129326372,45.3608458735512,11.020576624196206
496,-0.9582993172768421,0.28576637049649184,45.360803795908595,11.020591947884395
497,-0.9437064432527686,0.3307841425510131,45.36077246416714,11.02059449158068
498,-0.9561734536037745,0.2928008309814549,45.36074291923594,11.020610238924718
499,-0.9498161943092507,0.3128085629069188,45.36071160038471,11.020620189994277
500,-0.9584173251951125,0.28537033967433634,45.36068561139768,11.020627385703358
501,-0.9618129958828158,0.27370743678410103,45.36065061735701,11.020641535720305
502,-0.950541209421209,0.3105984693974928,45.36062423998477,11.020656653128668
503,-0.9592673615623702,0.28249978591349195,45.360577591781585,11.020653935648049
504,-0.9569826359861819,0.29014519541246714,45.36054253219572,11.020669729238424
505,-0.9523681743533758,0.304950586946177,45.36052243529071,11.020682295775334
506,-0.958551014498293,0.2849209585205926,45.36048676897429,11.020686334095716
507,-0.953886908359623,0.30016623071245074,45.360457978094146,11.020705281118506
508,-0.9579319640177263,0.28699538726805623,45.36042568486157,11.020708118215186
509,-0.9508994456753076,0.30949999065329986,45.36038244212404,11.020721730943437
510,-0.9522300935957497,0.3053814808573529,45.36036389813974,11.020728055180138
511,-0.947342290827721,0.3202227100148983,45.36032278208019,11.020725363828356
512,-0.9602460434007308,0.27915503959850313,45.360290644552016,11.020751816070314
513,-0.9520682035612009,0.305885821455895,45.36026337498293,11.020764303583123
514,-0.9566567259265909,0.29121797461594906,45.36023204950236,11.020770092218513
515,-0.950125834900183,0.31186679505075593,45.3601944469679,11.020789834629348
516,-0.9524762383526743,0.304612894299535,45.36015515100257,11.020777939996142
517,-0.9582939903500743,0.28578423339808573,45.36013002773817,11.020803142539581
518,-0.9567541266475261,0.29089781907558104,45.360095027453276,11.020803276215467
519,-0.9542268132492155,0.2990839161109248,45.36007313701286,11.020810227840174
520,-0.9512577733706366,0.30839690109003787,45.36003228832956,11.020830861834265
521,-0.9472169776836858,0.3205931957914637,45.35999581778524,11.020842041490509
522,-0.9509127067865938,0.30945924460547886,45.359965702619384,11.020857239938893
523,-0.9519777011754805,0.30616736675329626,45.3599250253138,11.02086836659721
524,-0.9543847910001122,0.29857942110546093,45.35991090984756,11.020872712233603
525,-0.9477773376676165,0.31893278007079295,45.359867078294336,11.020879660987497
526,-0.954492136730085,0.29823608252596895,45.359845103897854,11.020891036887017
527,-0.9443981493131356,0.3288040990832148,45.359805922899106,11.020914240663737
528,-0.9520085009532855,0.30607158331455453,45.359769369450206,11.020916670048342
529,-0.9604368673202892,0.2784977987201859,45.35973645363185,11.02093238791882
530,0.133006838888753,0.9911151198568314,45.359708525704335,11.020934990785458
531,0.13528956356058186,0.9908061031259281,45.35970530254152,11.020944898199797
532,0.1488002525938133,0.9888672736156341,45.3597154936647,11.020952859029329
533,0.14038614601740887,0.9900968286013135,45.359714335621426,11.020960122542983
534,0.16822556581547216,0.9857485272654808,45.35971106730989,11.020975491422282
535,0.10563717012993078,0.9944047406800413,45.35971248604863,11.020977798796988
536,0.11452116267501412,0.9934208087711687,45.35972370403053,11.02097965490934
537,0.16637474675237574,0.9860625962093293,45.35971658273682,11.020990460813705
538,0.13201601290611492,0.9912475837732834,45.3597228653297,11.02100872007723
539,0.11731515041832874,0.9930947364085286,45.359716984205924,11.02100172079133
540,0.9613199563795967,-0.27543409641206423,45.359720056380986,11.021014868060245
541,0.9446105324335371,-0.32819345212180795,45.359750036480705,11.021006163098159
542,0.9422501551173964,-0.3349099060661574,45.35978989258614,11.020986116074669
543,0.9468512960842912,-0.3216716075495285,45.359819251552196,11.020980504626843
544,0.9571622560697823,-0.2895520947176941,45.359854920577554,11.020982206332127
545,0.9492582328728937,-0.3144977063875524,45.3598876161155,11.020949086030157
546,0.961582838082667,-0.2745149276540046,45.35992300362972,11.020956483690851
547,0.9482563429581112,-0.31750576064019537,45.359944904950986,11.020941004562442
548,0.9577606862469756,-0.2875664581965748,45.35999118244656,11.020939778274077
549,0.9603584935884177,-0.2787679389610378,45.36001311899889,11.020925474556382
550,0.9573735321267419,-0.2888527652337194,45.36004013295014,11.020918327883642
551,0.9532696083781844,-0.30212092569450205,45.360071592422344,11.020905821111018
552,0.953888096379449,-0.3001624553230983,45.36011158866974,11.020888590945253
553,0.9570593071509829,-0.2898921913327102,45.36014438492673,11.020887636237992
554,0.9588688718318056,-0.2838494083700026,45.360176872525,11.020873002185107
555,0.9452527842876501,-0.3263390473057817,45.36021382257826,11.020860255148426
556,0.9552276260297042,-0.29587190212937686,45.360241092632506,11.020850430583545
557,0.9528000579220284,-0.3035985006942217,45.36027131891554,11.020831351998384
558,0.955612000042667,-0.2946280797453864,45.36031061531119,11.020838889531369
559,0.9568308278267014,-0.2906454316180961,45.36033895749373,11.020821045370838
560,0.9477862170998008,-0.3189063917133823,45.36037604070756,11.02081546559993
561,0.9590499094710729,-0.28323712882234714,45.36040252430733,11.020803454564062
562,0.9495903737133844,-0.31349341643944434,45.360434042147055,11.020794453220638
563,0.9468220095849612,-0.3217578004734239,45.36045919896865,11.02077823472399
564,0.959220492324277,-0.28265888824725055,45.360502978558465,11.020770357534014
565,0.9532263129959079,-0.3022574998444661,45.36053302347029,11.020765148908504
566,0.9505864968065849,-0.3104598397361318,45.36056855558994,11.020751237566902
567,0.9497941387894718,-0.312875524643852,45.36059298538399,11.020730561234881
568,0.9513375450779699,-0.3081507347468469,45.36062768783505,11.020735923134113
569,0.962361349733118,-0.271773126964112,45.360665766852776,11.02071799320643
570,0.9528314966727862,-0.30349981704821216,45.36070004032367,11.02071340176623
571,0.9523826933104469,-0.30490524016936665,45.3607330827158,11.020706087361905
572,0.9568572632355077,-0.2905583896456174,45.36076264073854,11.020682019094851
573,0.9517690367094754,-0.3068154180629083,45.36079237137185,11.020695289489877
574,0.9560816234582478,-0.2931005446693017,45.360826672980814,11.020675403923143
575,0.9595011237274826,-0.2817047986202899,45.360846805801145,11.0206574925236
576,0.9558492429509385,-0.29385749054621296,45.36089646914088,11.020640786425703
577,0.9541077073101142,-0.2994636586489878,45.360931330529915,11.020637181268581
578,0.9526929748256364,-0.3039343608706973,45.360957077344864,11.020632035149175
579,0.9454703811762288,-0.3257080875853046,45.36098937203527,11.020624291812627
580,0.9397501014120512,-0.34186217529296736,45.36101793547035,11.020615449754168
581,0.9531347466712956,-0.3025461199352011,45.36105968652483,11.02059970228427
582,0.9504667519011717,-0.3108262433103688,45.36108109367508,11.020595210928047
583,0.9532507958062495,-0.3021802778057363,45.36111881002321,11.020583732734341
584,0.9571782629775883,-0.2894991759629147,45.36115809706176,11.020562295834486
585,0.9478156401094044,-0.318818933509288,45.36117723128791,11.020563279070586
586,0.9570168440842752,-0.290032343263599,45.36120931952877,11.020547348686911
587,0.9619673245177996,-0.27316454118363576,45.36124764023763,11.02053419175292
588,0.9529463510347573,-0.30313899790284504,45.36127440224744,11.020526694869359
589,0.9544567180828224,-0.2983494147917299,45.361306892387354,11.02051548222394
590,0.9532875803549918,-0.30206421360519525,45.36135099271864,11.020501379745653
591,0.9644141805240443,-0.26439608242963086,45.36137080025752,11.020499295961873
592,0.9508280253033998,-0.3097193347171551,45.361408663860495,11.020495280641187
593,0.9549123149330775,-0.29688797683495194,45.36144713443257,11.020471416315871
594,0.9597537722495108,-0.2808428326534865,45.361472594684905,11.02046799829296
595,0.9515813700472464,-0.30739696839592523,45.361503951525016,11.020457585336109
596,0.954700968781976,-0.2975669003883941,45.36154080987606,11.020447085196327
597,0.9512103350454255,-0.30854318741915115,45.36156767116946,11.020434228331858
598,0.9497560031627953,-0.31299126897763846,45.36160545364223,11.020434281142263
599,0.953335768086643,-0.30191209529704227,45.361632187345876,11.020416575529321
600,0.9619060870046616,-0.2733801012937487,45.361668555213136,11.0204052676416
601,0.9540775376432967,-0.29955976392784095,45.36170651890677,11.020390576571176
602,0.9618271939167671,-0.2736575397137777,45.361737630571696,11.02037439277331
603,0.950366466593161,-0.3111327356213584,45.36175970889842,11.020374116860479
604,0.942159897691583,-0.3351637319009708,45.36179049253166,11.020365136331089
605,0.9556981495286846,-0.2943485127997898,45.361834087304864,11.020355817411183
606,0.9548681489321675,-0.29702999537901204,45.3618658466667,11.020349592401985
607,0.954545069146309,-0.2980666216946611,45.361901758141755,11.02033687169909
608,0.948113404202623,-0.31793233992677383,45.36192966271908,11.020333887839781
609,0.955082551767861,-0.29633987127720596,45.36196064597278,11.020320651946657
610,0.9562572578159376,-0.2925270190501101,45.361996493166096,11.020300247749857
611,0.9592301973335496,-0.28262595160996706,45.36201519258428,11.02029329262666
612,0.9553530737121851,-0.2954665878719287,45.3620606810448,11.020291204283787
613,0.9520460909682212,-0.305954638258892,45.36209263856307,11.020266417195275
614,0.9581354390989993,-0.2863153512170938,45.362121455827946,11.020264229120672
615,0.9604543853235562,-0.27843737844037714,45.3621553180949,11.02025514236512
616,0.9613362800482623,-0.27537711717382923,45.362186858420046,11.020247590616746
617,0.9449262949017161,-0.32728320641810366,45.36222939166454,11.020240868482846
618,0.9535902053566525,-0.30110748952468336,45.362245234059245,11.020224781943671
619,0.9502999591472139,-0.31133581169663666,45.36227449205365,11.020210178106073
620,0.14067214035042466,0.990056235235772,45.36231975189029,11.020202795283872
621,0.13083310543190582,0.991404407153329,45.36233011357384,11.020216161267284
622,0.1489222385511791,0.9888489100286786,45.36232301867772,11.020213407959387
623,0.13693403647958444,0.9905801682112396,45.36232246039704,11.020219553015183
624,0.17004478787820268,0.9854363348869662,45.362322843195564,11.020221460004157
625,0.1543989335991974,0.9880085876668434,45.362324873582374,11.02023002771611
626,0.12930330705793408,0.9916050901361295,45.36231581205383,11.02023450177123
627,0.10316975294222676,0.9946637633280102,45.36232702254154,11.020241798467747
628,0.12575344452317588,0.9920615259098382,45.36232690126589,11.020237076544882
629,0.14811778971813844,0.988969726720193,45.36232708605778,11.02024168527986
630,-0.9504504304450999,0.31087614779317546,45.36232994911998,11.020249218538048
631,-0.9624991993838737,0.2712845207257541,45.36229222694135,11.020255529327004
632,-0.953831468258961,0.3003423549201056,45.36226236072016,11.020269867557932
633,-0.9499344349056672,0.3124493068970562,45.362230780042665,11.020271753964542
634,-0.9460418873934398,0.32404436007599063,45.362200592342376,11.020294093059704
635,-0.954750858688073,0.2974067884806723,45.36217750241807,11.020297298192073
636,-0.9650820987282528,0.2619475953588256,45.36212801381611,11.020318169143904
637,-0.9420534174538582,0.3354629020674371,45.36210415179816,11.020317654559985
638,-0.9587507687402569,0.2842480667303939,45.36207174876204,11.020337838252864
639,-0.955368093703287,0.29541801829568115,45.36204076813844,11.020342822634634
640,-0.9481413467798213,0.3178489995682645,45.36200390181515,11.020349532783923
641,-0.9554851828104494,0.29503909135855555,45.361978297522946,11.020360085057225
642,-0.9531249218306126,0.30257707015798246,45.36194033206172,11.020375526654652
643,-0.9484385835010246,0.31696096498870335,45.36190864774088,11.020389911899594
644,-0.9617458165462865,0.27394339626228725,45.36187620465718,11.020397666956644
645,-0.9512431287505975,0.3084420691228326,45.36184846060611,11.020400961176229
646,-0.9573746253881953,0.28884914170343795,45.3618162263361,11.020415611189078
647,-0.9544555479803168,0.2983531580687442,45.36178576118791,11.020425294292792
648,-0.9481681868408419,0.317768924633845,45.36175355233148,11.020440554904145
649,-0.9497525178856696,0.313001844674805,45.36171661343558,11.020452023689641
650,-0.9507671661871682,0.3099061078785342,45.36168817375022,11.020459704451513
651,-0.9567157783705059,0.29102391554117524,45.361657793797356,11.020468926654527
652,-0.9494367506729507,0.31395836741770267,45.3616193634605,11.020483836961194
653,-0.9490441805146578,0.31514305232903617,45.36157533471481,11.020489479188031
654,-0.9569929597925488,0.2901111423359968,45.36155758440039,11.020508989865796
655,-0.9486728399237513,0.31625913866796734,45.36151578175105,11.020511785263365
656,-0.952453231158692,0.3046848247868069,45.36149021452922,11.020519890772178
657,-0.9545905190361409,0.2979210314266369,45.36145143513624,11.020539365129258
658,-0.9560228786800535,0.2932920991781123,45.3614189570717,11.020543969885955
659,-0.9548565123191212,0.29706740124383224,45.361396940437466,11.020560953266472
660,-0.9535525775538507,0.30122662870405,45.36135862943989,11.020555455553003
661,-0.9470818238690726,0.32099224117855396,45.36132790270964,11.020573011930894
662,-0.9631285500092763,0.26904162532409165,45.361298289215455,11.020583863293412
663,-0.9482890487347373,0.3174080655083721,45.36126708195883,11.020595528459758
664,-0.9531786186537154,0.3024078718244533,45.36122174509706,11.020605987882861
665,-0.9536421899139828,0.30094280788226746,45.36120341642687,11.020606468456638
666,-0.9474982896595052,0.3197608342063053,45.361167602769115,11.020623934646302
667,-0.9560430415560567,0.2932263676619891,45.361131991048104,11.020637876105527
668,-0.9612755076365757,0.27558918414561157,45.36110573683813,11.020645594853308
669,-0.945379267587227,0.3259724534623104,45.36106501072058,11.02066220063403
670,-0.960901029325017,0.2768920581059031,45.36103227243429,11.020667396298457
671,-0.9599516636307194,0.28016567150993743,45.361007632059916,11.02068146112075
672,-0.9516199329974191,0.30727756690326014,45.36096845286502,11.020683658760861
673,-0.9554045333045544,0.2953001485626219,45.36094066270369,11.0206940981102
674,-0.954795868731964,0.2972622563535004,45.36090801031825,11.020713472790419
675,-0.9496364236292631,0.313353894050517,45.36087450850745,11.020722385655052
676,-0.9456272285060981,0.3252524322858719,45.360836125061496,11.020727388754683
677,-0.9464282814786305,0.32291408767256696,45.360807885456445,11.020739602440262
678,-0.9583891647693153,0.2854648995109104,45.360783541475385,11.020744535575524
679,-0.9605037173138644,0.2782671540556809,45.36075591974302,11.020758635236826
680,-0.9566204358361561,0.29133716161973355,45.36071498330033,11.020776910852334
681,-0.9500207605174568,0.31218673031670185,45.36068829250762,11.020791708789472
682,-0.9500311514175247,0.3121551078170789,45.360645979140195,11.02079383070024
683,-0.9528435537983788,0.3034619613475072,45.360618821427,11.020797616544673
684,-0.9642011130468394,0.2651720452823712,45.36059282199644,11.02081356712225
685,-0.9485479480506135,0.31663352672919937,45.360556531793414,11.020823815634762
686,-0.9521328242428239,0.30568461688378096,45.36052229282928,11.020829577311407
687,-0.9554638656668166,0.29510811816184135,45.36048617599242,11.020842758053549
688,-0.9453912645168194,0.32593765811162295,45.36045952597628,11.020855692801865
689,-0.9494872258115807,0.31380568513114654,45.36041932143177,11.02085978795145
690,-0.9489415851725321,0.3154518472449353,45.360384726474464,11.020876234119552
691,-0.9534504540541252,0.30154971673669756,45.36036193217564,11.020890537190322
692,-0.9506009350477445,0.3104156282894822,45.36032300109875,11.020897764455658
693,-0.954575248435841,0.2979699566628364,45.36029278603387,11.020911700839989
694,-0.9575231990457977,0.2883562437144401,45.360265301971225,11.02090948218808
695,-0.9455031441242753,0.3256129672649877,45.36022437916889,11.020927258025718
696,-0.9526807645044052,0.3039726318985019,45.360211148096745,11.02094356736222
697,-0.9506994572053961,0.3101137566593351,45.36016350065227,11.0209512002729
698,-0.956309944912755,0.292354731894258,45.360141728853534,11.020964540494475
699,-0.9535955450014134,0.3010905786527656,45.36010414711401,11.020971901928913
700,-0.9476406179622592,0.31933878434682444,45.360065956015575,11.020984343202075
701,-0.9523647184165278,0.3049613797112804,45.360031583960286,11.020989452764733
702,-0.9464783136181925,0.32276741138234905,45.36000343634576,11.020999360113894
703,-0.9451245671379774,0.3267101966456674,45.35997962591203,11.02102367185952
704,-0.9514877383478714,0.3076866649265981,45.359941406434245,11.021026180119303
705,-0.9546906971602276,0.2975998534201901,45.35990188952503,11.021032842627104
706,-0.9522772769924447,0.3052343160980673,45.359880929114276,11.02104592515988
707,-0.9604683091507196,0.27838934447488795,45.35984406220291,11.021067595281053
708,-0.9617668783070076,0.27386944296798366,45.35980064518958,11.021065091991765
709,-0.955145883101096,0.29613568173225474,45.35977883182252,11.021069790034817
710,0.0920888199019144,0.9957507967604509,45.35974555613938,11.021085800548192
711,0.17523294002565712,0.984527001524064,45.359750768973136,11.02108256452324
712,0.14711169566271395,0.9891198860599463,45.35975081759288,11.021101279008288
713,0.13776526807608164,0.9904649064514731,45.35974541758266,11.021107126456942
714,0.11975154940187266,0.9928038912171179,45.35975090948216,11.021115595671152
715,0.12454815979180975,0.9922135636507262,45.35975576608139,11.021121024850407
716,0.10403169534677709,0.994573982347857,45.35976021076539,11.021131815753579
717,0.11929540701849861,0.9928588045962481,45.359759829376046,11.021132071015025
718,0.14318347045684574,0.9896961623588997,45.35976931696726,11.021149998109802
719,0.14470149217158376,0.9894753550055287,45.359758458058785,11.021161030580744
720,0.948951223204884,-0.3154228526564846,45.35976235776788,11.021164014481121
721,0.9586377656914065,-0.2846289412378651,45.35979449531667,11.021159219789768
722,0.9630672145050635,-0.26926110069123976,45.35982095121765,11.021134969523349
723,0.9501588399580088,-0.31176622467748355,45.359863173453356,11.021128096114225
724,0.949580459539953,-0.313523445470816,45.35988688636693,11.021124505243424
725,0.9544280063461836,-0.298441251676187,45.35992980665482,11.021112257310966
726,0.9478794455795928,-0.31862918360960546,45.35996086753401,11.021099662415182
727,0.9438095581762062,-0.33048981511573766,45.35999108316941,11.021104903267208
728,0.952273783521604,-0.3052452148968913,45.36001904139169,11.021085216577347
729,0.9542774749594684,-0.29892223200187235,45.360047574105515,11.021059845826544
730,0.9529718305095017,-0.30305888908819284,45.36007883766744,11.021061490815967
731,0.9446649855117466,-0.32803668262572633,45.360110504216074,11.0210621322134
732,0.9544623422916,-0.2983314216559036,45.36014161455523,11.021035262476408
733,0.9500437265593568,-0.31211683329357653,45.36018254221929,11.021039197840045
734,0.956384407313433,-0.29211104985558756,45.360212141603604,11.021015795401953
735,0.9510426456869698,-0.3090596804578831,45.360243208249784,11.021004664082735
736,0.959907927625343,-0.28031548384279303,45.36028055701452,11.02100492959603
737,0.9528798789653524,-0.30334787993815815,45.36031109837911,11.020982436714407
738,0.9597259878410724,-0.2809377658174095,45.36034722709261,11.020983377894833
739,0.9542184042267989,-0.2991107437636792,45.360375536018026,11.020964765404385
740,0.9590398576288761,-0.2832711624560202,45.36040567836115,11.020960307182511
741,0.9546198149515513,-0.2978271460123571,45.36044042669078,11.020947210971118
742,0.957751561583586,-0.28759684679113323,45.36047652492648,11.0209349023547
743,0.9528811293009608,-0.30334395234143974,45.36050427468081,11.02093086600284
744,0.9506007630004659,-0.31041615515776877,45.360533760518486,11.020915615896683
745,0.9584791490746882,-0.2851626216548404,45.36056852685985,11.020904032942111
746,0.9448332913153814,-0.32755160146478224,45.360603105989675,11.020898207947065
747,0.9471086684627835,-0.3209130257914957,45.36063082512011,11.02088256340471
748,0.9447876525161637,-0.3276832184488498,45.36067041409521,11.020875323621805
749,0.955319222988948,-0.2955760176127162,45.360704253895136,11.020870973758866
750,0.9520228859989021,-0.3060268362976057,45.36073034878216,11.020853780781632
751,0.9543820976146127,-0.2985880301564884,45.36075970454531,11.020838541459211
752,0.9485732001545701,-0.31655786824610405,45.36080153932742,11.020836685913196
753,0.9581046127282262,-0.28641848939776154,45.36081982773703,11.020826281357522
754,0.9426936803347733,-0.3336594447290233,45.36086178482773,11.020819467830629
755,0.9469277041367542,-0.3214466100899116,45.36089402850441,11.020804400528144
756,0.946265422165527,-0.32339101844964235,45.36093351687898,11.020793797721641
757,0.9585712538505685,-0.2848528590190889,45.36095007607501,11.020779746912073
758,0.9476427417450242,-0.31933248193375713,45.36099260821498,11.020779377921555
759,0.9473624178327489,-0.3201631604012058,45.361020195473905,11.020765468492735
760,0.9531721556070584,-0.30242824235741217,45.3610544036969,11.020751228628288
761,0.9604662955627282,-0.27839629144083444,45.36107412568406,11.020739288511171
762,0.9460885600820536,-0.3239080679480933,45.36112168300396,11.020730978926437
763,0.9475318269939436,-0.31966144095514476,45.36115296934322,11.020714187052555
764,0.9582693111707709,-0.285866974777249,45.3611880834616,11.020719558200406
765,0.9589919407073647,-0.2834333390028813,45.361222428724204,11.020700434227535
766,0.9620648291451952,-0.2728209385692866,45.36124148840988,11.020684930556998
767,0.9582813620170673,-0.28582657541018547,45.36127773478058,11.020675487981416
768,0.9534401960330572,-0.3015821489883733,45.36131683431094,11.020672310450355
769,0.9605800529734722,-0.2780035284478984,45.36134113124616,11.020671780201024
770,0.9539389593819219,-0.30000076962123956,45.36137069965673,11.020641401864719
771,0.9491880298040006,-0.3147095233335015,45.36141101092655,11.020637797456551
772,0.9558775290307003,-0.2937654668169197,45.361441437859014,11.020618725579768
773,0.9434533454949932,-0.331505331592578,45.36147782053155,11.020615212976434
774,0.9500832262521796,-0.31199657561301825,45.361509969068614,11.020609002598038
775,0.9527614757615049,-0.30371955864705075,45.36153362986,11.020604212764527
776,0.9549186920294646,-0.29686746472582093,45.36157020960384,11.020586702962477
777,0.9454816765433006,-0.32567529737588236,45.36159319456247,11.020578071698466
778,0.9534357024283941,-0.301596354976108,45.36162425983372,11.020572011341532
779,0.9493508822433007,-0.3142179218056582,45.3616680244508,11.020551844188251
780,0.9416845706209601,-0.3364969085361974,45.36169629243418,11.02053923311544
781,0.9473983003183618,-0.32005696454518706,45.36172323062986,11.020542674823593
782,0.9549686277375862,-0.2967067913563684,45.36176086677883,11.020523673129889
783,0.9570327392753195,-0.2899798888805536,45.361788980352124,11.02051183208684
784,0.9552000819375911,-0.2959608140724363,45.36183153609483,11.02049747577197
785,0.9513631528577807,-0.30807166598780716,45.36186336829614,11.020495440287139
786,0.9558280080991248,-0.2939265536375702,45.36188813811206,11.020484547710046
787,0.9433161218968407,-0.3318956073368625,45.36192195529336,11.020482311228218
788,0.9514911441679723,-0.3076761325971239,45.361956593583535,11.02045739168195
789,0.962587612531475,-0.2709706408468547,45.361989667161176,11.020454694124703
790,0.9594951264866187,-0.2817252247286841,45.36202069108439,11.020452614211804
791,0.9483442728163536,-0.3172430302093674,45.3620510279568,11.02043126807145
792,0.9545426352479995,-0.2980744160336549,45.362083315842675,11.020415972225125
793,0.9613784054928495,-0.27523001553614457,45.362114830536456,11.020412983199858
794,0.9498211770954659,-0.3127934327011736,45.36214760381336,11.02040237498781
795,0.955696059855845,-0.2943552975164759,45.362175833602116,11.020392456082872
796,0.9401358325744981,-0.3407999652427438,45.36221172520716,11.020380681576068
797,0.9561993313388341,-0.2927163110370972,45.36224216038167,11.020373406097207
798,0.9561040757958909,-0.2930272960774906,45.3622758644219,11.02036233482675
799,0.9436092278098269,-0.33106136167203537,45.362317211000644,11.020353231981096
800,0.12512956534845743,0.9921404093553019,45.36234320204878,11.020340389557017
801,0.13593881279866318,0.9907172347218403,45.362347863259096,11.020337870904546
802,0.10915365617680092,0.9940248886940591,45.36234618404066,11.020348878618673
803,0.09771751765371778,0.9952141913897709,45.36234707503487,11.020358504885502
804,0.15773966163390013,0.9874807335576845,45.36234658571666,11.020364446653609
805,0.1044945100895188,0.9945254634051114,45.36235097910292,11.020369930791482
806,0.15271640514475893,0.9882700539830507,45.36235466450695,11.020374890858754
807,0.12933399831732345,0.991601087574663,45.362353040847395,11.020374998875958
808,0.12584300347955657,0.9920501693338116,45.362354540390896,11.020388872906238
809,0.1517675294973897,0.9884162164747495,45.3623547321017,11.020392425954798
810,-0.9556086609637794,0.294638909669128,45.36235921868375,11.020394771587945
811,-0.9552616158342162,0.2957621431383711,45.36232864538534,11.020401672415257
812,-0.9571172665823099,0.28970077322990956,45.36229889565622,11.02041456011129
813,-0.9533527410263555,0.3018584952879988,45.362261884181336,11.020416519188684
814,-0.9453067482132566,0.3261826969391215,45.36222548129104,11.020431682856954
815,-0.9475881603828984,0.3194944104396108,45.36220057818387,11.020441964909299
816,-0.9446931898028978,0.3279554499318863,45.36216362768213,11.020449315428413
817,-0.9542674321996154,0.29895429055819284,45.36213189791491,11.020467691472696
818,-0.9574533226818143,0.2885881752351502,45.36209580713415,11.020472247324845
819,-0.9547920352539238,0.2972745690698584,45.36206594035245,11.02048789272264
820,-0.9587475459166871,0.28425893688454207,45.36202787543212,11.02049311155272
821,-0.9533230495617567,0.30195225313660506,45.36200662035228,11.02050639991356
822,-0.9497302185343677,0.3130695002753576,45.36196069273665,11.020517721193155
823,-0.9574152337061846,0.2887145134338278,45.36194062137986,11.020525163814481
824,-0.9538976600825654,0.3001320610814622,45.3619005591607,11.020536612001228
825,-0.9523498710477436,0.3050077427137647,45.36187457283438,11.020540668207206
826,-0.9507365931799862,0.3099998877233886,45.36183748453921,11.02055609737866
827,-0.9539797836232904,0.29987092629673195,45.36180902109362,11.020569025746376
828,-0.9539259878723433,0.3000420131611138,45.361773371866505,11.02057110488434
829,-0.9509221960982139,0.3094300841349301,45.36175081767383,11.020575847201037
830,-0.9587912811157819,0.2841113852987196,45.36171407154155,11.020589356127747
831,-0.9567942909644869,0.29076568707081807,45.36167548183989,11.02059911488245
832,-0.9460916586371252,0.32389901737617766,45.36165001226011,11.020614621986262
833,-0.945376733261964,0.32597980337275073,45.361614557677264,11.020626949615782
834,-0.9520728380837782,0.30587139615057163,45.36157459310775,11.020632271970486
835,-0.9527926747981958,0.30362167058841405,45.36155705101062,11.020635761524924
836,-0.955952412322419,0.29352169489655744,45.36151374139185,11.020654867705025
837,-0.9480733873840539,0.31805165010439074,45.36148565540289,11.020657851148739
838,-0.95185613216445,0.3065451086886449,45.36145012095171,11.020671747363279
839,-0.9557877974052048,0.294057284098366,45.36140815799299,11.02068888296937
840,-0.9547994884126043,0.29725062981771655,45.36138799124872,11.020692900341926
841,-0.9437626574118757,0.3306237233999921,45.36135496735378,11.020706950934558
842,-0.9518372487460369,0.30660373758252685,45.36130840846718,11.020714629359798
843,-0.9579810543279605,0.28683148284086435,45.36129459222832,11.020728460416557
844,-0.9511002120567389,0.3088824802827546,45.36125272054985,11.020732239242989
845,-0.9564488173905282,0.2919000851528824,45.36121856522227,11.020745795094015
846,-0.9576893155964398,0.2878040562473414,45.361193237596936,11.020747364892046
847,-0.9498483410104163,0.3127109353376694,45.361157416905804,11.020754225454375
848,-0.9489646544491112,0.31538244181672376,45.361128204799776,11.020779440081247
849,-0.9584884638774664,0.2851313111775253,45.36108319864469,11.020778371005237
850,-0.945465036078902,0.32572360300156405,45.36106156489248,11.020791585422055
851,-0.9463013173623129,0.3232859674627884,45.36102506768671,11.020797539103725
852,-0.9563028192804786,0.29237803925091277,45.36099638883585,11.020811908204438
853,-0.9523025671684132,0.30515540395747526,45.36096586204883,11.020825095564247
854,-0.9490312517008797,0.315181984407519,45.36093492749287,11.020835246000056
855,-0.9525654836393851,0.30433369740938065,45.360891066794814,11.020837440508224
856,-0.9538290180733168,0.30035013614328904,45.360866664533695,11.020846888538816
857,-0.9564549607173652,0.29187995498002817,45.36083397524441,11.020860098207605
858,-0.95184600073054,0.3065765661189335,45.36080055710185,11.020859645921702
859,-0.9430238470420441,0.33272514769704936,45.36077042689369,11.02087463666304
860,-0.9517536963970618,0.3068630010192328,45.36074168129302,11.020883904715028
861,-0.9571872866239273,0.2894693391803763,45.36070686961975,11.020896763933791
862,-0.9524921108477111,0.30456325906594783,45.36066640926805,11.020912727830495
863,-0.946650068690706,0.3222633200472583,45.36062364540831,11.020918990365585
864,-0.9531051547383055,0.30263932991478626,45.360607805505886,11.020929881904612
865,-0.9607138408748339,0.27754083654756884,45.36057071228307,11.020942966901087
866,-0.9502083875081504,0.31161517984392323,45.36053730174518,11.020956971476924
867,-0.948611490164418,0.3164431082012093,45.360508380092604,11.020956418061608
868,-0.9551938541045292,0.29598091337269616,45.3604781582918,11.020966044942243
869,-0.9604033389253939,0.2786133998589355,45.360445511461876,11.0209707239251
870,-0.9548203310641155,0.297183672812981,45.36041468233032,11.02098609882032
871,-0.9551099630656459,0.29625151215266476,45.360378295482576,11.020995195807897
872,-0.9574856412233218,0.28848092978767986,45.36034964036588,11.021019500368794
873,-0.9489558020605975,0.31540907681220604,45.360315763482554,11.02101606755826
874,-0.9464085558855382,0.32297189559875034,45.36029278108703,11.021029258646427
875,-0.941059721144241,0.3382404488524744,45.360253390988554,11.021039013131093
876,-0.95077223324615,0.30989056211528676,45.36022084816021,11.021052971259476
877,-0.9507053722066415,0.3100956227640616,45.3601775415653,11.02105779113797
878,-0.9554532006719587,0.29514264572526583,45.36014087265095,11.021067724644228
879,-0.9508974658618337,0.3095060733128557,45.36011723971713,11.021076363792725
880,-0.9452625821076321,0.3263106661867061,45.3600909163768,11.021087786926197
881,-0.956806872824713,0.2907242819500867,45.36005585718167,11.021094364627281
882,-0.94993243018532,0.31245540174913294,45.36002660700233,11.021113235061742
883,-0.9486325323706849,0.31638002232755075,45.35998959328354,11.021126022103982
884,-0.9464294386885911,0.3229106959882227,45.359956402681675,11.02113317319418
885,-0.9619375261900733,0.2732694562283204,45.35991555428274,11.021143591484245
886,-0.9537830149246477,0.300496190393904,45.35989393342566,11.021149868741983
887,-0.9552170282787668,0.2959061149862938,45.35986189499214,11.02115007587261
888,-0.9504031525679841,0.311020654601647,45.3598241085438,11.021180440823509
889,-0.9631418783878439,0.26899390717177174,45.35979297008643,11.02118280653685
890,0.1460527297296097,0.9892768066312531,45.35976112637239,11.02118800295553
891,0.15345624396589236,0.9881554438386101,45.35975748122809,11.021196924875268
892,0.1395206938088542,0.9902191555403763,45.35976911576824,11.021200500992707
893,0.1513814907161044,0.9884754140941342,45.35976160319449,11.021200419959923
894,0.13610563733058173,0.9906943299963092,45.359774295935175,11.021206801752127
895,0.1550483480148941,0.9879068831513688,45.35976807858595,11.021214068671704
896,0.11648867596338286,0.9931920198895569,45.359768467502505,11.021218713030153
897,0.16552709820146946,0.9862052422092478,45.35976485492532,11.021222503392679
898,0.1130218509330421,0.9935925025943327,45.359761484666336,11.021219836267601
899,0.12454625327479353,0.9922138029654752,45.35976962453193,11.021228641495405
