,Sin,Cosin,Lat,Lon
0,0.9582960681120709,-0.2857772661373629,45.35965996901957,11.020587450577812
1,0.9587222059539571,-0.2843443894483912,45.35969114463635,11.020586342852697
2,0.9525585590684313,-0.3043553704889629,45.35971184057222,11.020564588534903
3,0.9530926241084122,-0.30267878992446884,45.35975042430104,11.020558586049438
4,0.9561926642502336,-0.2927380891411981,45.359793227349996,11.02055110226435
5,0.9634013027196165,-0.26806329461182443,45.35982695455443,11.02053316637808
6,0.955966074762619,-0.2934771948600962,45.359852427263085,11.02052495476492
7,0.9451651270526835,-0.3265928391797417,45.35988585902247,11.020518692386553
8,0.9421388493545693,-0.3352228938137255,45.35992539469883,11.020512783976082
9,0.9510755939533606,-0.3089582732121966,45.359947930768676,11.020504506248635
10,0.9593631707019323,-0.2821742488263858,45.35998687797771,11.020481235017012
11,0.9582157477520219,-0.2860464660855531,45.36001931825082,11.0204788620941
12,0.9487756675126054,-0.315950522607591,45.36004686427057,11.02047074695746
13,0.9484648090073179,-0.31688247991126284,45.36007951356161,11.020459338033557
14,0.9516395933907696,-0.3072166731983318,45.36010475957892,11.020449361270197
15,0.9586946104141993,-0.28443741660120336,45.36014415288199,11.020434417945761
16,0.9621502233270369,-0.27251962819535214,45.36018259439118,11.020434611484886
17,0.9415421009030602,-0.33689534313648745,45.36020722574235,11.020426744648901
18,0.945621105971059,-0.3252702321794467,45.36025219262372,11.02040599234052
19,0.9457603475387663,-0.3248651489823923,45.36026870921351,11.02039962644463
20,0.9580710839531806,-0.28653062330713885,45.360312720001296,11.020385633198561
21,0.9605238244703149,-0.2781977401506338,45.360337545649266,11.020377828644776
22,0.958417040601846,-0.2853712954801159,45.360384705032885,11.020362159072839
23,0.9497608310520765,-0.31297661861434467,45.36040601514309,11.020358506057976
24,0.9475695953899048,-0.31954946705105325,45.36043952430521,11.020350890095635
25,0.9491711242707874,-0.31476050713285086,45.36046887619501,11.02034178821426
26,0.9481613369050376,-0.31778936294100807,45.360509626099685,11.02032657588478
27,0.9526393259437258,-0.3041024739548888,45.36053435682654,11.020314419246004
28,0.9502495320260747,-0.3114896898522104,45.360572382825,11.020308299530983
29,0.9527018691678917,-0.3039064798322098,45.36059785488923,11.020293947685085
30,0.9568849517029063,-0.2904671912704196,45.360642892118236,11.02028242107192
31,0.94244362843843,-0.334365080736321,45.36066874395549,11.020277344055888
32,0.9559800439662479,-0.2934316880268568,45.36069641596241,11.020265210411692
33,0.9501183017237773,-0.3118897445084162,45.36073037739707,11.020263300743471
34,0.9513462652426479,-0.3081238121419141,45.36077066694537,11.020250794216132
35,0.9534516000307034,-0.3015460933238759,45.36078469220838,11.020231311234296
36,0.9527239404793884,-0.3038372808551097,45.3608287265033,11.020242683605751
37,0.9502491211785861,-0.311490943205938,45.36086433847148,11.020226066207046
38,0.9568510177251583,-0.29057895635838593,45.36089645008918,11.020200743713712
39,0.9588248722204136,-0.2839980007174481,45.360928569453556,11.02019703422655
40,0.9555439514468679,-0.29484870163069365,45.36095869262712,11.020187177770804
41,0.9542109806720254,-0.29913442524211686,45.3609937702384,11.02018624678334
42,0.9633026121991788,-0.26841772916526685,45.36102568849108,11.020163978630304
43,0.9503923271838404,-0.31105373238410783,45.36104580533304,11.020155120300553
44,0.9524295536387243,-0.30475883146438987,45.36108880285136,11.020144922934618
45,0.9493840500256467,-0.3141176937978824,45.36112283526629,11.020132477874462
46,0.9521725179868803,-0.305560952987328,45.36115244547131,11.020137060023348
47,0.9614487014994947,-0.2749843529820118,45.361193513543455,11.0201203610083
48,0.9466793939901155,-0.32217716398669194,45.361222785852945,11.020110229228633
49,0.9594171919676998,-0.28199051713987466,45.36124398913416,11.020098261362937
50,0.9615227571412165,-0.2747252946118236,45.36129012624337,11.020084689987245
51,0.9561798266230532,-0.29278001837404816,45.36132545239717,11.020075350742234
52,0.9457982281369673,-0.3247548485442105,45.361361959148354,11.020072199103138
53,0.9584579483192155,-0.285233871242039,45.36137519196665,11.020055060843045
54,0.9489433231418957,-0.3154466190410286,45.361413094729194,11.020052281786182
55,0.9628406731824006,-0.27007006140196566,45.36144232819593,11.020033997919112
56,0.9490941288449434,-0.3149925945035186,45.36148528287652,11.020025028038487
57,0.962428730950206,-0.2715344137334641,45.36151461815046,11.020018728570346
58,0.9517473433336175,-0.30688270472185464,45.361540658913675,11.02001123080248
59,0.9423332447833013,-0.334676046014911,45.36156842395532,11.020006961982952
60,0.952776344567629,-0.30367291158802207,45.36159751387616,11.019985348295094
61,0.9486244271335058,-0.31640432399957485,45.36163937493142,11.01998757571366
62,0.9472502405061162,-0.3204949014588299,45.361665774250675,11.019974710895907
63,0.9475519359056643,-0.31960182847009455,45.36170360615166,11.01996096147653
64,0.9488607961278975,-0.3156947727972898,45.361747263194594,11.019953959478503
65,0.9435838870587266,-0.33113358042207713,45.36177054548265,11.019933468548189
66,0.9517940311183157,-0.3067378723397987,45.361802395303336,11.01993545866882
67,0.9563615741664219,-0.2921857961262381,45.361834876737746,11.019918376421064
68,0.9561968608042328,-0.29272438126697015,45.361879504393066,11.019903073452253
69,0.9473161847912754,-0.32029993136512247,45.361903502688726,11.019900150452964
70,0.9540876094007279,-0.29952768417627773,45.36193573399063,11.019887451736285
71,0.9562678848452111,-0.2924922775282558,45.36197268281596,11.019887718058968
72,0.9450789421383777,-0.3268421532278308,45.36199920410667,11.019858996509273
73,0.9612528756326242,-0.2756681140212097,45.362032356247475,11.019860125272569
74,0.9527968837012025,-0.30360846234793465,45.36206282367018,11.019851371127558
75,0.962273915396987,-0.2720825458322386,45.3620942213052,11.019845693531327
76,0.9546151295277108,-0.2978421636988154,45.362132948215255,11.019830497133265
77,0.9550398430240964,-0.29647748352363845,45.36216379004755,11.019816442840494
78,0.9505346617122156,-0.31061850698830523,45.36220149699144,11.019801419829118
79,0.95074397851528,-0.30997723677221317,45.36222591404425,11.019792473891771
80,0.11924733700660049,0.9928645791933733,45.36225984251132,11.019787827449955
81,0.13702627991509014,0.9905674124523941,45.36226319225621,11.019796914606637
82,0.12259886803397452,0.9924563051121132,45.362254594832606,11.019806626498724
83,0.13949721967953937,0.9902224627333387,45.36226615238056,11.019806911657708
84,0.15102951172629323,0.9885292542902904,45.36226775938331,11.019816070570226
85,0.12525801881864157,0.9921242002499631,45.362270887000875,11.019822124309494
86,0.09517995597773056,0.9954600825648798,45.36226390057916,11.019827824529962
87,0.13290827306035669,0.9911283423210708,45.36227138607032,11.019833778127513
88,0.13421267106824913,0.9909525512983586,45.36226240957061,11.019834746677303
89,0.11551725652965994,0.993305473378588,45.362276942256656,11.01984338695887
90,-0.9557432579089651,0.29420201386387107,45.3622669655166,11.019852423750342
91,-0.9560932904173773,0.2930624848370609,45.362231604154225,11.01986378681734
92,-0.9549050636962507,0.29691129875311145,45.36219360741464,11.019872620254514
93,-0.9526413439708677,0.30409615215812735,45.36217467333567,11.019880808255612
94,-0.9511087096572227,0.3088563135410587,45.36213810408517,11.019890133827252
95,-0.9516787977390145,0.30709520662821127,45.362106800199946,11.019895342317154
96,-0.9609883396490752,0.2765888845534359,45.362075731084424,11.019917566656583
97,-0.9547990022002968,0.29725219157698,45.36204578322314,11.019917623138918
98,-0.9627481595062782,0.2703996696878045,45.36200400693224,11.01993028127561
99,-0.9598646068787994,0.280463788146363,45.36197897228777,11.01994525857994
100,-0.956546855770594,0.29157865613825446,45.36194832140549,11.019946479762313
101,-0.9650945999115141,0.26190153344651207,45.36191402950955,11.019962530813945
102,-0.9628733192772825,0.2699536460652985,45.361873594811655,11.019978245866303
103,-0.9559179000864723,0.2936340720935995,45.36185148173287,11.019977373909137
104,-0.943454509420477,0.33150201908007587,45.36182221396851,11.019994602516999
105,-0.9478305269800722,0.31877467296615414,45.36178455275566,11.020003915289914
106,-0.9551598698393436,0.2960905656188459,45.361743853775174,11.020003654908402
107,-0.9584034271632107,0.2854170121100219,45.36171296773248,11.020035472270884
108,-0.9499392203792332,0.3124347573259011,45.361692025597804,11.02002680626999
109,-0.9559613304649445,0.29349264838440703,45.36165201819245,11.020045540883968
110,-0.9537387475385006,0.3006366601791806,45.3616067622173,11.020055831447578
111,-0.9562653287453087,0.29250063425508444,45.3615860543544,11.02006857280852
112,-0.9462311917787675,0.32349116171069253,45.36155270660325,11.020074494339381
113,-0.9514880382828903,0.3076857374084426,45.361522619433416,11.020090658476274
114,-0.9586529947627463,0.2845776442948706,45.36148943105781,11.020082385467257
115,-0.9481631608345087,0.3177839209845481,45.36146364169669,11.020099901964985
116,-0.9494619914147827,0.31388202697617934,45.36143018672944,11.020121183152124
117,-0.9597326137418329,0.2809151297461027,45.361387951447064,11.020137439457661
118,-0.956723831923198,0.2909974388722218,45.36135823185393,11.02013579656623
119,-0.9559410211710613,0.2935587914582504,45.36133832386625,11.020148960085924
120,-0.9551475986687052,0.2961301483425928,45.36129546548035,11.020152801283944
121,-0.9560332077017579,0.2932584283042643,45.36126842481717,11.020177553662725
122,-0.95738404586709,0.2888179162018202,45.36123052538,11.020172678870873
123,-0.9535662050915603,0.30118348644519066,45.361203593347426,11.020186384296775
124,-0.9448271331378473,0.3275693643894626,45.3611648057303,11.020189475146742
125,-0.9527624959247096,0.3037163583992764,45.36113367513688,11.020211451215689
126,-0.9606143063311307,0.2778851461880622,45.361096608692726,11.020216312302951
127,-0.9641592532508773,0.26532420615298324,45.36107419613333,11.020231005247997
128,-0.9540894793326355,0.2995217278041451,45.36104115444464,11.020245689590647
129,-0.9504216953459922,0.3109639866859987,45.361008868607044,11.020258098981294
130,-0.9509802668057252,0.30925156773428264,45.360979129235524,11.020257073933257
131,-0.9558613483804402,0.2938181115457769,45.360940604019675,11.020277493565704
132,-0.9559989665527319,0.293370032467716,45.36091776069296,11.020284168970782
133,-0.9530843194359235,0.3027049389180204,45.360884081676275,11.020287715883377
134,-0.9516453085654946,0.3071989692126011,45.36084358090206,11.020292578705194
135,-0.9465414398489382,0.3225822416821775,45.36082061169667,11.020308046791662
136,-0.9471345138664549,0.32083673829995574,45.360778990339,11.020321421841409
137,-0.9621070912486376,0.272671863178227,45.36075273244337,11.020336095051675
138,-0.9406482031457224,0.3393832021752457,45.36071817654827,11.020343402263206
139,-0.9442392645822313,0.3292600966124001,45.360686064142534,11.020354419799084
140,-0.9573395640862873,0.2889653249701032,45.3606568798005,11.020359684100608
141,-0.9482563362341768,0.3175057807217622,45.36061886810933,11.020369626669666
142,-0.9481844924596746,0.3177202673091367,45.36058600101257,11.020383194521344
143,-0.9535928256755118,0.30109919099890126,45.360560723783955,11.020391117110696
144,-0.9437949787662477,0.3305314479071817,45.36052425551263,11.020404666043174
145,-0.9533986596324392,0.30171343326253863,45.36048605246008,11.020406408531198
146,-0.9506985158078409,0.31011664263752176,45.360455017181394,11.020418204366234
147,-0.949622716225233,0.3133954320487309,45.360428683280134,11.02043099571234
148,-0.9518009852120074,0.3067162932572252,45.36039374590483,11.020439153142519
149,-0.9516602985916336,0.30715252902179213,45.360353444189656,11.020457244171237
150,-0.9529600693169455,0.30309586979608016,45.36033142866939,11.020457803321516
151,-0.9449971233667062,0.3270786401290222,45.36028908228736,11.020465805972963
152,-0.9469700796373861,0.3213217519427568,45.36027043281427,11.020487394465952
153,-0.954306777879992,0.2988286694617966,45.36023374897559,11.020483817846952
154,-0.9470414256403407,0.3211114107612982,45.36019744364912,11.020505127008311
155,-0.9519427962618562,0.3062758766947834,45.36017138854352,11.020510456090754
156,-0.9579204221982695,0.2870339086858713,45.36012601922702,11.020523788678176
157,-0.9608862325986286,0.27694340216443913,45.36011226222834,11.020530912869924
158,-0.9553951690561002,0.29533044364620725,45.36007280681787,11.02054906564455
159,-0.9575766746875335,0.2881786114449954,45.36003627268044,11.020548299188308
160,-0.9571838688057641,0.2894806406273651,45.36000470323427,11.020564519620015
161,-0.9629291522964879,0.26975442101579566,45.359974037589794,11.020577960285417
162,-0.9550731655637532,0.2963701206600146,45.35994046554193,11.02058219233087
163,-0.9547383863512275,0.2974468248737146,45.359906812886074,11.02059744639928
164,-0.9597043227374643,0.28101176651347715,45.359874848994345,11.020614814824759
165,-0.9442526016662494,0.32922184655110504,45.35983219383166,11.02059953809545
166,-0.9506686158366535,0.31020828948179535,45.35980840664315,11.020621312040735
167,-0.9552079865307453,0.29593530115192324,45.359787349076214,11.020631875407396
168,-0.9494977731005702,0.3137737702183822,45.35974858117287,11.020641706917544
169,-0.9610775945478673,0.2762785863183845,45.35971577126914,11.020650737738434
170,0.10402663566220248,0.9945745115740717,45.359682907968285,11.020666396881515
171,0.1279372526494685,0.9917822641005969,45.3596847551394,11.020667462268962
172,0.12656112772169498,0.9919588101074625,45.3596766817154,11.020674174816728
173,0.11781429604162948,0.9930356447017475,45.359683018261876,11.020688264863164
174,0.12984411262608703,0.9915344201873901,45.359685745414424,11.020694929577154
175,0.09749568595361979,0.9952359475121632,45.35968452403053,11.020697160722092
176,0.12383210734612027,0.9923031841076693,45.359682537710626,11.020711073855544
177,0.14046395735381614,0.990085792587948,45.35968615189726,11.020714280259607
178,0.13108904327608906,0.9913705980777117,45.35969019851102,11.020713103572403
179,0.12227335199870604,0.9924964621554077,45.35968974959172,11.020736779076753
180,0.9545824676907785,-0.29794682810425055,45.35969109841308,11.020737135232734
181,0.9552338549401801,-0.2958517912335887,45.3597229987816,11.020731538361265
182,0.9566687189818978,-0.2911785742830931,45.359757048547344,11.020710158574936
183,0.9529343523138967,-0.3031767144424095,45.359784767462365,11.020704218516407
184,0.9551669274179614,-0.29606779758516605,45.35982017850963,11.020692200952503
185,0.9509044770066408,-0.30948453209930693,45.35985723879408,11.020684634598203
186,0.953262547584737,-0.3021432034189366,45.3598757333552,11.020678003036814
187,0.9497543451182711,-0.3129963001841461,45.359921862684246,11.020669153617703
188,0.9584808469909248,-0.2851569146129185,45.3599460385084,11.020648828616196
189,0.9530561110096238,-0.3027937404690058,45.35997922203272,11.02064107019774
190,0.9530294417536684,-0.3028776702741408,45.36001173023068,11.020636781818336
191,0.9514781861595404,-0.30771620246998865,45.360041804396886,11.020617794423414
192,0.9493005539091582,-0.31436993868333735,45.3600769676299,11.020612342258108
193,0.9369296503101268,-0.34951799720435517,45.360100553696135,11.020602046534123
194,0.9514979725902483,-0.3076550148407257,45.360140957889485,11.020585114755201
195,0.957157790729786,-0.2895668552256546,45.360160414772984,11.020593676547778
196,0.9390412012138468,-0.34380462827433794,45.3602021814507,11.020579605049335
197,0.9440360132049234,-0.32984239535292253,45.36024108151259,11.02056387957412
198,0.9510373908235952,-0.30907585032714596,45.36027912111116,11.020557798567301
199,0.9616570732574069,-0.27425476013006284,45.36030245256532,11.020542381474096
200,0.9621854524943823,-0.2723952184018304,45.3603250022571,11.020520249723788
201,0.9544959260885605,-0.29822395457162926,45.36036393956505,11.020529259392168
202,0.9591797725640079,-0.2827970365899509,45.36040032216243,11.02050882378592
203,0.9553016868301846,-0.2956326895649463,45.36042281079193,11.020505009777906
204,0.950263288352323,-0.3114477208294033,45.36045693997549,11.02048890930617
205,0.9467718766446331,-0.3219052866835206,45.360494509106424,11.020479597425783
206,0.9519347572171385,-0.3063008619020646,45.360519155161306,11.020472572601618
207,0.9633462357808276,-0.2682611228018519,45.36056218952837,11.020457908824914
208,0.9595408103320262,-0.28156958874736193,45.3605796812515,11.020450660235388
209,0.9497876739874662,-0.31289514911784533,45.360623510901405,11.020428913045825
210,0.9519539361729922,-0.3062412503317389,45.36065413310074,11.020423825899405
211,0.9637212680751804,-0.26691069191691497,45.36069132425623,11.020418344323707
212,0.9525019888638785,-0.3045323647994675,45.36072350774098,11.020400197382486
213,0.9545662128686788,-0.2979989014233915,45.360758983366466,11.020388824034184
214,0.9455865468579012,-0.32537068460657326,45.36078003755774,11.020397316663868
215,0.9506783046528938,-0.3101785954289875,45.360813103517714,11.020380329308946
216,0.9555974862832244,-0.29467515030823804,45.36084727126568,11.020367157462282
217,0.9454772570747317,-0.3256881274385691,45.36087959900604,11.020355607527065
218,0.9553529641039378,-0.29546694227581566,45.36091089915629,11.020345733963813
219,0.95522599833789,-0.29587715710980694,45.36095091483546,11.020333897372055
220,0.9598162951140347,-0.280629078382067,45.36097888683838,11.020322534244018
221,0.9576107537869725,-0.2880653471550272,45.36101608319545,11.020315469936047
222,0.9609321496936793,-0.2767840379882557,45.361047786930314,11.020310994320916
223,0.9597963555764144,-0.2806972672154704,45.36107499275518,11.020290554664644
224,0.9441934624137306,-0.32939141691181195,45.361097686563916,11.020276688865865
225,0.9537736925359098,-0.3005257783059813,45.36113278142067,11.02027335723631
226,0.9533747516755088,-0.30178897075218286,45.36117345892595,11.020267337970607
227,0.9548029777264356,-0.297239421552276,45.36120190577991,11.020252126142385
228,0.9550893590677803,-0.29631793093820136,45.361230023667005,11.020247757819153
229,0.9501930434136147,-0.31166196471236696,45.36126384296466,11.020243698923991
230,0.9431292675004468,-0.3324262095323873,45.36129756783005,11.020220389507493
231,0.9536375945619805,-0.30095736946956403,45.361327464184164,11.020203873418518
232,0.9483949046560708,-0.31709163474049956,45.36135353521469,11.020210213949918
233,0.964223624594019,-0.26509017668478835,45.361396804719,11.02019286537273
234,0.9535499518732232,-0.301234940341544,45.361426856610436,11.02018357169874
235,0.9541460338304588,-0.29934152088476623,45.36145619421999,11.020173899681211
236,0.9491999532389576,-0.314673559059481,45.36149170589661,11.020162898875101
237,0.9530603697611902,-0.3027803355415662,45.361528150861176,11.020139691943548
238,0.9538816132504554,-0.3001830573212096,45.361556984098435,11.020141996731853
239,0.9474751922061834,-0.3198292671940074,45.36158793235221,11.020138127573409
240,0.9561199256121433,-0.2929755755134369,45.36162171451385,11.020116094665212
241,0.9464193449924571,-0.3229402784169985,45.36164839671358,11.020099977058889
242,0.9587014808196458,-0.2844142589150873,45.36168146350529,11.020104873933418
243,0.9522200888355415,-0.30541267560144475,45.36171150200194,11.020092768711407
244,0.9605401478732521,-0.27814137470651673,45.36176222590533,11.020078684369867
245,0.9511006369612638,-0.3088811719284267,45.36177741961349,11.02007447181951
246,0.9532297151007935,-0.30224677045232456,45.361812566501484,11.020063309866043
247,0.9432152858192582,-0.33218206543535,45.36184778211912,11.020052697068364
248,0.956772839342502,-0.29083626647391614,45.36188095493737,11.02004368813609
249,0.9547499034847365,-0.29740985490714034,45.361902961675696,11.02003571393669
250,0.9568741969134685,-0.2905026183723733,45.36194005514802,11.020012727307556
251,0.9479776605657991,-0.31833685785374366,45.36198313811048,11.020008692725755
252,0.9506393611125986,-0.31029792958289343,45.362005690180276,11.019993966167538
253,0.9549252742169968,-0.296846291305102,45.36203804554201,11.019990887120535
254,0.9550406053315292,-0.29647502789946095,45.362066695782595,11.01997308450717
255,0.9589635037744298,-0.2835295371362023,45.36210270646869,11.019962675472517
256,0.9598054754723675,-0.2806660814086065,45.36213613490691,11.019960746448573
257,0.9574268704573399,-0.28867592162538297,45.36216688549879,11.01994997408644
258,0.9523337360299464,-0.3050581177730636,45.36220240288639,11.01993662059086
259,0.9445178320742036,-0.3284601420170286,45.36222540927637,11.019922849159643
260,0.12717263600786424,0.9918805979808312,45.36226208447181,11.019914719537592
261,0.10667050607002274,0.9942944247730474,45.36226648535537,11.019923840681457
262,0.17848847311961147,0.9839420028454064,45.36226149483154,11.01993413213262
263,0.1068532987927682,0.9942747972955481,45.36227215048886,11.0199337496648
264,0.12999291002975216,0.9915149234086176,45.36226350991082,11.019941488660924
265,0.11423704112781227,0.9934535210236877,45.362271907893984,11.01995332903149
266,0.14395350716648708,0.9895844520678708,45.362268004229136,11.019962249549469
267,0.14287326107525095,0.9897409920124169,45.362277789117336,11.01997300501909
268,0.1466493024567756,0.9891885472896161,45.36228146474187,11.019982677679907
269,0.09898714622569493,0.9950887120664634,45.362277550150935,11.019983851119155
270,-0.9405100272121729,0.33976593224359286,45.362282852564036,11.019993380362505
271,-0.9576884786346191,0.2878068412851031,45.36225064095148,11.020003620368268
272,-0.9483304048328135,0.3172844831844633,45.36221696663836,11.020018179724296
273,-0.9573874585727824,0.2888066034001801,45.36218432689699,11.02002064057176
274,-0.9413129050753666,0.337535205183954,45.36215148354736,11.020035357488144
275,-0.9469638999136032,0.3213399636839766,45.362123292809784,11.020042987030418
276,-0.9522890366035638,0.3051976257519976,45.36208858422423,11.020056707126683
277,-0.9502120083988222,0.3116041384427949,45.3620625762935,11.020064423501912
278,-0.9482070725792813,0.3176528726623287,45.362035402435886,11.020068112548039
279,-0.9452071126909897,0.32647130673056507,45.361982325752955,11.02009325822833
280,-0.9495008169497933,0.3137645592027169,45.361959224892736,11.020095393760732
281,-0.9432433276631464,0.3321024312150607,45.3619279968124,11.02009879084108
282,-0.9572355804769551,0.2893095979551089,45.36189619599717,11.02011832747544
283,-0.9555506711997829,0.294826923413796,45.36186913902746,11.02012365339312
284,-0.9567900763407623,0.2907795553608235,45.361826426954764,11.020132679295106
285,-0.9613421321488836,0.27535668678177844,45.36178867272459,11.020147092410783
286,-0.9521514178542655,0.30562669627850236,45.36176596476795,11.02015065719523
287,-0.9509343433172507,0.30939275153078366,45.361734040828544,11.020163688100089
288,-0.9599188084445638,0.28027822104895866,45.361701189836104,11.020173114077084
289,-0.9527079598895289,0.30388738565977325,45.36168003047551,11.02017903287038
290,-0.9557444841749344,0.2941980301925705,45.36163881588813,11.020201229664735
291,-0.9569665124921863,0.2901983700308155,45.361597703112785,11.02020812291591
292,-0.9469058587254062,0.3215109558187732,45.361578965248995,11.020216982431192
293,-0.9489719057081613,0.3153606224255349,45.36153536656888,11.020217836278404
294,-0.9467527619704628,0.3219615003401809,45.36150582909457,11.02023338620546
295,-0.9565486094423366,0.291572903017294,45.361477236016356,11.020243843638788
296,-0.9569082247725453,0.2903905118330415,45.36144636224961,11.020261641927993
297,-0.9487660939024357,0.31597926998636244,45.361417208076986,11.020272433284003
298,-0.9563382393253105,0.2922621631415279,45.3613833649355,11.020274311492248
299,-0.9550015472085627,0.29660081731049137,45.36133279195613,11.020293931770306
300,-0.9500353333097752,0.3121423801136021,45.36131302291374,11.0203022028848
301,-0.963159820341126,0.26892965712328903,45.361275199793525,11.02030476244696
302,-0.9516480522442359,0.30719046967598485,45.361255657315,11.020316497285954
303,-0.9535617812245891,0.3011974923331681,45.361211583118,11.020332124095852
304,-0.9586518357431475,0.28458154863991686,45.36118178283635,11.020333626027638
305,-0.9498848127786612,0.31260013188168656,45.36115069778784,11.02034646442905
306,-0.9502436989289749,0.3115074840927258,45.36112835943623,11.020363590644154
307,-0.9535099872382974,0.3013614179632523,45.36108453965774,11.02036347070643
308,-0.9587822848427635,0.2841417432755874,45.36104849448327,11.020381641116476
309,-0.9479481583953083,0.3184246990968877,45.36101612890451,11.020384287093284
310,-0.9598556633948272,0.2804943946835235,45.360991566052355,11.020401436827436
311,-0.9475185900192451,0.31970067495696924,45.36095624753987,11.0204139792486
312,-0.9548350789934407,0.2971362851009449,45.36092662707836,11.020426888235734
313,-0.9567375942113028,0.2909521882075618,45.36088737181256,11.020436807631064
314,-0.957547496607083,0.2882755482893203,45.36085888423151,11.020439577911562
315,-0.9569131851678788,0.2903741656068336,45.36082981992946,11.020447832631243
316,-0.9467755225068487,0.3218945634549977,45.36079392091279,11.02046395309005
317,-0.9503375528198995,0.31122103993831257,45.36076680878094,11.020468558332338
318,-0.9518267498287932,0.3066363290778766,45.36072973494923,11.020489160926457
319,-0.9529022692232114,0.3032775384186148,45.36069369442524,11.020493998388302
320,-0.9464902649708494,0.3227323632910267,45.36066796629387,11.020505514609733
321,-0.960938086829394,0.27676342475237614,45.36063547632947,11.020516408931906
322,-0.945279240444317,0.326262406024683,45.360602405425894,11.020526190458018
323,-0.9584580384838687,0.28523356826582486,45.36058091613193,11.020535466191642
324,-0.9508254000405655,0.30972739407049327,45.36053357562708,11.020543961413377
325,-0.957020526450461,0.2900201923185392,45.36050249170815,11.020552016699169
326,-0.9605925438081832,0.27796036548422465,45.36047091313197,11.020563116590395
327,-0.9554102632207951,0.2952816095397255,45.360444174995514,11.020569842653588
328,-0.9403831888220816,0.34011683019341055,45.36041018732996,11.020574683921277
329,-0.9551220104181097,0.2962126688966363,45.36037233913828,11.020586826036478
330,-0.9543545512714627,0.29867606276272807,45.36033853377146,11.020605249007755
331,-0.9538359417739879,0.3003281474989143,45.360304625764584,11.020611627294677
332,-0.9555309203167617,0.29489092952921164,45.36027354732837,11.02061381306923
333,-0.9520187508614907,0.30603970005234116,45.36024490267853,11.020616262630282
334,-0.9533172351248552,0.30197060985119334,45.36021650007209,11.020640775828149
335,-0.9516562278237817,0.3071651413233776,45.36017620334791,11.020651489038237
336,-0.9582286091431853,0.2860033786854914,45.36015648047273,11.020660717097293
337,-0.9593965813615472,0.28206063119793257,45.36010748723814,11.020672849957414
338,-0.9521660060786841,0.3055812443003782,45.360088600058305,11.020679938995276
339,-0.9555354610802882,0.29487621575515566,45.36005924922345,11.020693967648917
340,-0.9554149668107645,0.2952663902207389,45.36001762924205,11.020707883822784
341,-0.9449280860809763,0.3272780349112096,45.359990329399736,11.020713133977015
342,-0.9542705615146095,0.29894430154560864,45.35995734674018,11.020713642236135
343,-0.9568508746551198,0.29057942747505755,45.35992807577577,11.020728547377361
344,-0.948670010882981,0.31626762472830633,45.35989299959087,11.020747621170488
345,-0.9497203809975712,0.31309934193132405,45.359854539764854,11.020752630139144
346,-0.9473830193596582,0.32010219403961854,45.35984061155386,11.020768316249129
347,-0.9401351819672001,0.34080176001232654,45.35979691933123,11.020778234887866
348,-0.9543052279843172,0.2988336189952537,45.35976179198648,11.020787482633818
349,-0.9570472260462312,0.28993207328133624,45.35973984077821,11.02079827495487
350,0.12661774761940434,0.9919515844978468,45.35969941290789,11.020804846180363
351,0.15072776415294023,0.9885753087718991,45.35970265074477,11.020817371290706
352,0.11534952074198371,0.9933249659927987,45.35970574321344,11.020833275286142
353,0.13604366914931462,0.9907028414637721,45.35970433998823,11.020827785213754
354,0.11008668310556317,0.9939219899986192,45.359703725783106,11.020842356977633
355,0.10457711416889708,0.9945167807493775,45.35971177654543,11.02084937379442
356,0.10955541015925652,0.9939806900060167,45.359718187924166,11.02084859560087
357,0.14544660748831112,0.989366102294869,45.35971369296464,11.020860484956575
358,0.11161584318819767,0.9937514294577833,45.35971084106927,11.020869021424874
359,0.14100934580135896,0.9900082648123059,45.35971234779494,11.020868726668962
