,Sin,Cosin,Lat,Lon
0,0.9537169507482269,0.30070579950427306,45.3596665575,11.020597651
1,0.9558411267610173,0.29388388930363113,45.3597046632953,11.020595366743677
2,0.9560473903272064,0.29321218843789243,45.35972575353316,11.020576276614872
3,0.9562984069864873,0.2923924704829226,45.35978395605116,11.020565664078523
4,0.9566015223609876,0.2913992577489533,45.359794656861105,11.020553236651217
5,0.9569646634256438,0.29020446749601275,45.35983784391849,11.020547653909308
6,0.9573962167275913,0.2887775687197585,45.35988066725206,11.020530079339302
7,0.9579048534430622,0.2870858612858278,45.35990838956389,11.020527159795881
8,0.9584992963595657,0.2850948945144714,45.35993932082597,11.020513688559545
9,0.9591880265008077,0.28276903970817924,45.359963357368,11.020495195583004
10,0.9599789307880304,0.2800722271898268,45.360015997895246,11.020499530318578
11,0.9608788968474452,0.2769688531103032,45.360046607617896,11.020490098294069
12,0.9618933666972481,0.2734248545831805,45.36007929821031,11.020482618927712
13,0.9630258672910138,0.26940894366815427,45.36012508968939,11.020469329398107
14,0.9642775422923616,0.2648939814918466,45.36015626929753,11.02046466323702
15,0.9656467153668691,0.259858463593505,45.360182589437656,11.020452612669718
16,0.967128519909149,0.2542880767522116,45.36022193388723,11.020451208014782
17,0.9687146325935301,0.24817727655686364,45.360259536119834,11.020446764574503
18,0.9703931475696026,0.24153082443025659,45.36029988918308,11.02043962283629
19,0.9721486237771951,0.23436521347696976,45.360335666462674,11.020440706640377
20,0.9739623292715281,0.22670990529745122,45.36036863540988,11.020444780638067
21,0.9758126936067634,0.2186082958076226,45.36040400480664,11.020437096448173
22,0.9776759627663706,0.21011832816023068,45.360443139421385,11.020432458283073
23,0.9795270320274745,0.20131267602276542,45.36048865297898,11.020432024118474
24,0.9813404122987679,0.1922784314198661,45.36052218465732,11.0204231787508
25,0.9830912671685664,0.18311624836945073,45.360566691532476,11.020432607945933
26,0.9847564436880857,0.17393891633212533,45.360593941609196,11.020431136321251
27,0.9863154122578704,0.16486936508213712,45.36062173535291,11.020429583842365
28,0.9877510318604745,0.15603813334748634,45.36067355234351,11.020434090600535
29,0.989050067385198,0.14758036524326482,45.36070926343937,11.020441750085716
30,0.9902034058148673,0.13963242858532982,45.36074533456744,11.020445204063481
31,0.9912059461191655,0.13232827505113978,45.36077042471682,11.020444498746295
32,0.9920561710346312,0.12579568161151847,45.360816563364914,11.020444021087112
33,0.9927554436789872,0.12015252409224413,45.36085576268268,11.020457984913817
34,0.9933071037629356,0.1155032363792837,45.36088745063156,11.020451750671855
35,0.993715462710392,0.11193560278245503,45.360939358933386,11.020458303734125
36,0.9939848106910496,0.10951801730983905,45.360968004080796,11.02044882739167
37,0.9941185491307394,0.108297323485826,45.3610069544976,11.02044567689962
38,0.9941185491307394,0.108297323485826,45.361025577307636,11.02044576995961
39,0.9939848106910496,0.10951801730983905,45.36106777418868,11.020451841184297
40,0.993715462710392,0.11193560278245503,45.36110274611107,11.020440921254075
41,0.9933071037629356,0.11550323637928392,45.361133358021604,11.020429078936116
42,0.9927554436789872,0.12015252409224413,45.36117827956226,11.020415553846137
43,0.9920561710346312,0.12579568161151847,45.361215381401166,11.020402046884417
44,0.9912059461191655,0.13232827505113978,45.361244449659196,11.020382357918859
45,0.9902034058148673,0.13963242858532982,45.36127737243439,11.020367444921206
46,0.989050067385198,0.14758036524326482,45.36131596526663,11.020358228239445
47,0.9877510318604745,0.15603813334748634,45.361344908568114,11.020330962970943
48,0.9863154122578704,0.16486936508213712,45.3613788115595,11.020305120680963
49,0.9847564436880857,0.17393891633212533,45.361412717890204,11.020295194442783
50,0.9830912671685664,0.18311624836945073,45.36144425471879,11.020269969212654
51,0.9813404122987679,0.1922784314198661,45.36147097954482,11.02023949953935
52,0.9795270320274745,0.20131267602276542,45.36151098619385,11.020211793720682
53,0.9776759627663706,0.21011832816023068,45.36154689879918,11.020192601842389
54,0.9758126936067634,0.2186082958076226,45.36157352540774,11.020174154710707
55,0.9739623292715281,0.22670990529745122,45.361613225075516,11.020152799257126
56,0.9721486237771951,0.23436521347696976,45.36163135426959,11.020116222320782
57,0.9703931475696026,0.24153082443025659,45.36166512487111,11.020106426751639
58,0.9687146325935301,0.24817727655686364,45.361700854096185,11.020075011058138
59,0.967128519909149,0.2542880767522116,45.36172985080837,11.020060764053841
60,0.9656467153668691,0.259858463593505,45.361763026656185,11.020041204952143
61,0.9642775422923616,0.2648939814918466,45.36179265834443,11.020011736406637
62,0.9630258672910138,0.26940894366815427,45.36182333150916,11.020003797893793
63,0.9618933666972481,0.2734248545831805,45.361857865748654,11.019970216429728
64,0.9608788968474452,0.2769688531103032,45.36189505118066,11.019949415775042
65,0.9599789307880304,0.2800722271898268,45.36192612258299,11.0199420068334
66,0.9591880265008077,0.28276903970817924,45.361960290336846,11.019921138508197
67,0.9584992963595657,0.2850948945144714,45.36198338414933,11.019902960744034
68,0.9579048534430622,0.2870858612858278,45.36202101339143,11.019887172937196
69,0.9573962167275913,0.2887775687197585,45.36205330343348,11.019883399135965
70,0.9569646634256438,0.29020446749601275,45.36208593881736,11.019870179914763
71,0.9566015223609876,0.2913992577489533,45.36212558272887,11.019853886541485
72,0.9562984069864873,0.2923924704829226,45.36215350298581,11.019834394871948
73,0.9560473903272064,0.29321218843789243,45.36219503102559,11.01982273495733
74,0.9558411267610173,0.29388388930363113,45.362224370566125,11.019812454337227
75,0.9558411267610173,0.29388388930363113,45.36225589,11.01979384
76,0.1871863868101744,0.9823244151465196,45.36225753018641,11.01979951929396
77,0.1871863868101744,0.9823244151465196,45.36226694460789,11.019806206397506
78,0.1871863868101744,0.9823244151465196,45.36225134686944,11.01980123025691
79,0.1871863868101744,0.9823244151465196,45.36224412851132,11.019805787726721
80,0.1871863868101744,0.9823244151465196,45.362255300910476,11.01981251482973
81,0.1871863868101744,0.9823244151465196,45.36225910603091,11.019822075941802
82,0.1871863868101744,0.9823244151465196,45.36226879699462,11.019829473256099
83,0.1871863868101744,0.9823244151465196,45.362257934506324,11.019824239930571
84,0.1871863868101744,0.9823244151465196,45.36225520842474,11.019834181090518
85,0.1871863868101744,0.9823244151465196,45.362257936806174,11.019823642984518
86,0.1871863868101744,0.9823244151465196,45.36226245232031,11.019843043816664
87,0.1871863868101744,0.9823244151465196,45.36226738111832,11.019838891573633
88,0.1871863868101744,0.9823244151465196,45.362255603793656,11.019837129526946
89,0.1871863868101744,0.9823244151465196,45.36226493828101,11.019851588232576
90,0.1871863868101744,0.9823244151465196,45.36226747,11.01985461
91,-0.9542210588206574,0.29910227498831127,45.36223191436727,11.019866118628412
92,-0.9542053224062672,0.2991524739853436,45.36220718246705,11.01987780585454
93,-0.954186421103852,0.29921275671505476,45.36216695009698,11.019885705664857
94,-0.9541638539807507,0.2992847135364595,45.362140519746646,11.01989825537783
95,-0.9541370718117774,0.2993700856706413,45.36210739965337,11.019914381427585
96,-0.9541054791787594,0.2994707575057534,45.362085495433355,11.019915525627574
97,-0.9540684383583444,0.29958874299357435,45.36203733718874,11.019928078150206
98,-0.954025275245445,0.299726165345725,45.36201291040233,11.019928515925326
99,-0.9539752875312093,0.29988522934573913,45.361980033464846,11.019951703406738
100,-0.953917755310724,0.3000681857560872,45.36195640704565,11.019951571484686
101,-0.9538519542359647,0.30027728751977095,45.36192752888426,11.019968563756573
102,-0.9537771712536918,0.30051473773395204,45.361892357432914,11.019969142463172
103,-0.9536927228766032,0.3007826297049257,45.36186017729912,11.019988514123284
104,-0.9535979758305945,0.30108287977198717,45.361842009945285,11.019993910051191
105,-0.9534923698037195,0.30141715400104047,45.36179024180749,11.020007103318255
106,-0.9533754418966143,0.30178679028154226,45.36175898093332,11.020011833202307
107,-0.9532468522438603,0.3021927177930864,45.36173467666037,11.020029899122695
108,-0.9531064101459811,0.30263537621805053,45.36169395497435,11.020033136903267
109,-0.9529540999282096,0.30311463743939515,45.361666468637466,11.020048560851095
110,-0.9527901056313823,0.30362973275181626,45.3616388199833,11.020056925016698
111,-0.9526148335492334,0.30417918880483336,45.36159425540286,11.020070653009435
112,-0.9524289315625002,0.30476077556456355,45.36158162327106,11.02007276699988
113,-0.9522333041910582,0.30537146950784333,45.36154666322498,11.02008088301876
114,-0.952029122298078,0.30600743503443056,45.36151098358663,11.020097242112863
115,-0.951817826441462,0.3066640266941184,45.36147956386251,11.020103908742625
116,-0.9516011229827507,0.30733581427807566,45.361445773815035,11.020120438836972
117,-0.9513809722355022,0.3080166321292253,45.36141672714247,11.020127178688481
118,-0.9511595681642175,0.30869965320625015,45.36138650608979,11.020144262327783
119,-0.9509393094282753,0.30937748751981753,45.361356392446055,11.020144681707551
120,-0.9507227618959123,0.31004230358615326,45.36132233663922,11.020158803891299
121,-0.9505126131196806,0.31068597055611685,45.361286614084015,11.020173588302498
122,-0.9503116196511858,0.31130021772549393,45.361259647964424,11.020183496887949
123,-0.9501225484594891,0.3118768072634544,45.36123610042112,11.020191122720556
124,-0.9499481140815899,0.31240771525817146,45.36119277588619,11.020206178904207
125,-0.9497909134504701,0.3128853156140787,45.361166391844215,11.02020945487335
126,-0.9496533605920697,0.31330256097930054,45.361128678421764,11.020219502075463
127,-0.9495376235354288,0.313653154759665,45.36110005387165,11.020232462984328
128,-0.9494455658225529,0.3139317084015127,45.36106407837105,11.0202480273318
129,-0.9493786949253717,0.3141338785005494,45.36103611250128,11.02026055424097
130,-0.9493381196733782,0.3142564789069824,45.36099914881317,11.020263737333286
131,-0.9493245184730145,0.314297563824442,45.36097058381314,11.020282391416217
132,-0.9493381196733782,0.3142564789069824,45.36095608653847,11.020280972701478
133,-0.9493786949253717,0.3141338785005494,45.36091295811906,11.020300045087627
134,-0.9494455658225529,0.3139317084015127,45.36089144220595,11.020311908533234
135,-0.9495376235354288,0.313653154759665,45.36085878930245,11.020316860519133
136,-0.9496533605920697,0.31330256097930054,45.36082557887017,11.020321111775171
137,-0.9497909134504701,0.3128853156140787,45.36079118856197,11.020346586214382
138,-0.9499481140815899,0.31240771525817146,45.36075908052582,11.02035566530275
139,-0.9501225484594891,0.3118768072634544,45.36073913413744,11.020347463266317
140,-0.9503116196511858,0.31130021772549393,45.36069637073482,11.020370825768266
141,-0.9505126131196806,0.31068597055611685,45.36067079259514,11.020386341959158
142,-0.9507227618959123,0.31004230358615326,45.36062631103662,11.020378205716508
143,-0.9509393094282753,0.30937748751981753,45.360610525943564,11.020393687086463
144,-0.9511595681642175,0.30869965320625015,45.360572400290025,11.020404448118574
145,-0.9513809722355022,0.3080166321292253,45.36052978645362,11.020411700438174
146,-0.9516011229827507,0.30733581427807566,45.360505895371205,11.020418249476304
147,-0.951817826441462,0.3066640266941184,45.36046946516458,11.020432389724789
148,-0.952029122298078,0.30600743503443056,45.36044091289108,11.020436188968304
149,-0.9522333041910582,0.30537146950784333,45.360406344626746,11.020448602726084
150,-0.9524289315625002,0.30476077556456355,45.3603725861801,11.02045413529705
151,-0.9526148335492334,0.30417918880483336,45.36034331281901,11.020467284484317
152,-0.9527901056313823,0.30362973275181626,45.360320371953634,11.020476040321642
153,-0.9529540999282096,0.30311463743939515,45.36028012100633,11.020477848663058
154,-0.9531064101459811,0.30263537621805053,45.36025226278306,11.020491706752853
155,-0.9532468522438603,0.3021927177930864,45.36020824827187,11.02050579602051
156,-0.9533754418966143,0.30178679028154226,45.36018212076628,11.020512980661502
157,-0.9534923698037195,0.30141715400104047,45.360145777969365,11.020521208549358
158,-0.9535979758305945,0.30108287977198717,45.36012338902464,11.020529576321717
159,-0.9536927228766032,0.3007826297049257,45.36008542743681,11.020548827277555
160,-0.9537771712536918,0.30051473773395204,45.360062723766795,11.020543866907465
161,-0.9538519542359647,0.30027728751977095,45.36002374705636,11.020559553292573
162,-0.953917755310724,0.3000681857560872,45.360000044235406,11.020568553266918
163,-0.9539752875312093,0.29988522934573913,45.35996410326378,11.020570236743682
164,-0.954025275245445,0.299726165345725,45.35993165372489,11.020586305832511
165,-0.9540684383583444,0.29958874299357435,45.359896333468726,11.020595487452303
166,-0.9541054791787594,0.2994707575057534,45.35986773341912,11.020603369493015
167,-0.9541370718117774,0.2993700856706413,45.35983212065836,11.02061552582961
168,-0.9541638539807507,0.2992847135364595,45.35980623365377,11.020632977638954
169,-0.954186421103852,0.29921275671505476,45.35978173189406,11.020634351201998
170,-0.9542053224062672,0.2991524739853436,45.359749418913275,11.020648116733687
171,-0.9542210588206574,0.29910227498831127,45.35971143320277,11.020647490769472
172,-0.9542210588206574,0.29910227498831127,45.35967972,11.02066511
173,0.18092866714612515,0.9834962213474573,45.35967572337412,11.020667705872553
174,0.18092866714612515,0.9834962213474573,45.35967714916037,11.020680047909154
175,0.18092866714612515,0.9834962213474573,45.359684486400745,11.020685221612162
176,0.18092866714612515,0.9834962213474573,45.35969156555246,11.020692838225692
177,0.18092866714612515,0.9834962213474573,45.35968929301614,11.02071743494392
178,0.18092866714612515,0.9834962213474573,45.35969010588218,11.020706197379932
179,0.18092866714612515,0.9834962213474573,45.359688017006974,11.020722235590542
180,0.18092866714612515,0.9834962213474573,45.3596990813054,11.020721918851592
181,0.18092866714612515,0.9834962213474573,45.35968665294763,11.020725953796983
